wk_code,wk_naam,jaar,lbm,afw,fys,onv,soc,vrz,won
WK001400,Centrum,2002,4.131519995884998,0.02925514474131304,NA,NA,NA,NA,NA
WK001400,Centrum,2008,4.193557924826729,0.0912930736830444,NA,NA,NA,NA,NA
WK001400,Centrum,2012,4.223619977074176,0.12135512593049028,NA,NA,NA,NA,NA
WK001400,Centrum,2014,4.21829228838692,0.11602743724323462,0.025319426920036525,-0.10912796129673644,-0.03667328965266054,0.22002640966868386,0.016482851603910907
WK001400,Centrum,2016,4.271479714696705,0.16921486355301937,NA,NA,NA,NA,NA
WK001400,Centrum,2018,4.2620291441103815,0.15976429296669586,0.026664397326870034,-0.09026860099158325,-0.03776940633474795,0.2529130177043137,0.008224885261843047
WK001400,Centrum,2020,4.288815740118487,0.18655088897480157,0.02541646521218458,-0.07387398255228587,-0.0366994835261813,0.2696196686375036,0.0020882212035803556
WK001400,Centrum,2022,4.28741697203907,0.18515212089538463,0.02887208611519061,-0.0872510410278506,-0.042043049927552326,0.2808265769471574,0.004747548788439204
WK001401,Oud-Zuid,2002,4.077415908071407,-0.02484894307227799,NA,NA,NA,NA,NA
WK001401,Oud-Zuid,2008,4.132962193035108,0.03069734189142311,NA,NA,NA,NA,NA
WK001401,Oud-Zuid,2012,4.159419770977992,0.057154919834307094,NA,NA,NA,NA,NA
WK001401,Oud-Zuid,2014,4.17102800719409,0.0687631560504052,0.006474978401164278,-0.017859168235467657,-0.03673274104560116,0.15028546527697434,-0.03340537834666486
WK001401,Oud-Zuid,2016,4.17530365802372,0.07303880688003554,NA,NA,NA,NA,NA
WK001401,Oud-Zuid,2018,4.195932826393573,0.0936679752498873,0.0075073360581935575,-0.00892454616933878,-0.039959031389989755,0.16422086163786098,-0.02917664488683899
WK001401,Oud-Zuid,2020,4.231462477600446,0.1291976264567612,0.00678986065337926,9.064389289123598e-5,-0.045529274502967405,0.17730527115765807,-0.009458874744200261
WK001401,Oud-Zuid,2022,4.226063764111776,0.12379891296809149,0.009033819528541898,2.443242627397777e-4,-0.0409613324644146,0.1718430372329615,-0.016360935591737315
WK001402,Oud-West,2002,4.1015414966015715,-7.233545421137104e-4,NA,NA,NA,NA,NA
WK001402,Oud-West,2008,4.158685936077335,0.05642108493364955,NA,NA,NA,NA,NA
WK001402,Oud-West,2012,4.189451984917924,0.0871871337742393,NA,NA,NA,NA,NA
WK001402,Oud-West,2014,4.195755991626582,0.09349114048289646,0.018119601439343724,-0.024101681940219215,-0.04484157717264398,0.13129678974146003,0.013018008414955613
WK001402,Oud-West,2016,4.217786003760428,0.11552115261674242,NA,NA,NA,NA,NA
WK001402,Oud-West,2018,4.207192061948122,0.10492721080443711,0.021952681456920486,-0.022290703576158036,-0.04719126369336555,0.142819366132382,0.009637130484657905
WK001402,Oud-West,2020,4.226043706672487,0.12377885552880262,0.017226647239502946,-0.020146365728065628,-0.04785234015702888,0.15559882869230543,0.018952085482088505
WK001402,Oud-West,2022,4.223437478377736,0.12117262723405116,0.02158094286256855,-0.014384219874884875,-0.04936251883264693,0.15133782228226048,0.012000600796753693
WK001403,Oud-Noord,2002,3.8898121274031188,-0.21245272374056673,NA,NA,NA,NA,NA
WK001403,Oud-Noord,2008,3.9606148947571644,-0.14164995638652086,NA,NA,NA,NA,NA
WK001403,Oud-Noord,2012,3.9821097817200664,-0.12015506942361835,NA,NA,NA,NA,NA
WK001403,Oud-Noord,2014,3.977657515670404,-0.12460733547328105,0.019743698708653497,-0.1288576708406605,-0.06577549792126913,0.10387539909031884,-0.05359326451032404
WK001403,Oud-Noord,2016,4.013265724246856,-0.08899912689682939,NA,NA,NA,NA,NA
WK001403,Oud-Noord,2018,4.021738585049144,-0.0805262660945413,0.014939303836698272,-0.09937308646539875,-0.06876625487199961,0.11151702727738484,-0.038843255871226355
WK001403,Oud-Noord,2020,4.059319170803288,-0.04294568034039687,0.007115929251604364,-0.08329196585886453,-0.07063629676879443,0.11806709687975048,-0.014200443844093013
WK001403,Oud-Noord,2022,4.0655293340186365,-0.036735517125048724,0.014001623608522392,-0.07955390673992617,-0.06454456553799992,0.12167240472680362,-0.02831107318244892
WK001404,Oosterparkwijk,2002,3.9872482957835564,-0.11501655536012867,NA,NA,NA,NA,NA
WK001404,Oosterparkwijk,2008,4.060029154495763,-0.04223569664792208,NA,NA,NA,NA,NA
WK001404,Oosterparkwijk,2012,4.08148059601383,-0.02078425512985466,NA,NA,NA,NA,NA
WK001404,Oosterparkwijk,2014,4.090555398670238,-0.011709452473446768,0.02363319305847178,-0.08346444455025351,-0.05188829282281066,0.12590849338809298,-0.02589840154694764
WK001404,Oosterparkwijk,2016,4.114731415701808,0.012466564558122721,NA,NA,NA,NA,NA
WK001404,Oosterparkwijk,2018,4.093733746055624,-0.008531105088061045,0.025020683746654497,-0.08235053048476432,-0.04765392278153197,0.1231730453585422,-0.02672038092696174
WK001404,Oosterparkwijk,2020,4.133712912486367,0.0314480613426823,0.016297098721139408,-0.06238311050934668,-0.04293170272903605,0.12803441470443305,-0.007568638844507677
WK001404,Oosterparkwijk,2022,4.130213714300525,0.027948863156839816,0.024799326010055914,-0.06097450790740749,-0.04151378031509708,0.13447528275403522,-0.028837457384747005
WK001405,Zuidoost,2002,4.049964599893868,-0.05230025124981674,NA,NA,NA,NA,NA
WK001405,Zuidoost,2008,4.078278641829756,-0.023986209313929228,NA,NA,NA,NA,NA
WK001405,Zuidoost,2012,4.267047839465017,0.16478298832133184,NA,NA,NA,NA,NA
WK001405,Zuidoost,2014,4.264355376181242,0.16209052503755683,-0.0018741974123751412,0.054145468137965995,0.007521830785262854,0.07955936123471646,0.022738062291986504
WK001405,Zuidoost,2016,4.275325278916994,0.1730604277733092,NA,NA,NA,NA,NA
WK001405,Zuidoost,2018,4.316177052859021,0.2139122017153358,0.030340840566940065,0.06750604678176474,0.010742465176485772,0.09489548439453283,0.010427364795612173
WK001405,Zuidoost,2020,4.291306412726842,0.18904156158315663,0.014691566672783605,0.06698587553474535,0.0018828884517703454,0.11089075223379308,-0.005409521309936072
WK001405,Zuidoost,2022,4.279055551425292,0.1767907002816066,0.012299560964492336,0.05503490851791992,-0.014763018130189027,0.1183898827677436,0.005829366161639505
WK001406,Helpman e.o.,2002,4.153155587388032,0.05089073624434707,NA,NA,NA,NA,NA
WK001406,Helpman e.o.,2008,4.167553870534776,0.06528901939109048,NA,NA,NA,NA,NA
WK001406,Helpman e.o.,2012,4.200518620734393,0.09825376959070797,NA,NA,NA,NA,NA
WK001406,Helpman e.o.,2014,4.211840603767281,0.1095757526235954,0.030560549029427394,0.025642137365338817,-0.011288770144017612,0.08308965295646409,-0.01842781658361756
WK001406,Helpman e.o.,2016,4.226784462954956,0.12451961181127055,NA,NA,NA,NA,NA
WK001406,Helpman e.o.,2018,4.213531716957813,0.11126686581412798,0.028830028713846455,0.014644131148334114,-0.010901492621163274,0.09398253310970456,-0.015288334536594169
WK001406,Helpman e.o.,2020,4.234743103711469,0.13247825256778376,0.027218151628584104,0.009121257851851429,-0.012511120389996968,0.10513692348845953,0.003513039988885353
WK001406,Helpman e.o.,2022,4.19922946076564,0.09696460962195452,0.029206279865352472,0.0027092450086979207,-0.020155331456140124,0.09588252285041636,-0.010678106646372407
WK001407,Zuidwest,2002,4.164425885133183,0.0621610339894977,NA,NA,NA,NA,NA
WK001407,Zuidwest,2008,4.198553026660913,0.0962881755172276,NA,NA,NA,NA,NA
WK001407,Zuidwest,2012,4.226305535846603,0.1240406847029174,NA,NA,NA,NA,NA
WK001407,Zuidwest,2014,4.206673422401379,0.10440857125769432,0.03446530023138133,0.03295772816603033,-0.030177550989529386,0.07658989028427564,-0.009426796434463902
WK001407,Zuidwest,2016,4.24158472436089,0.13931987321720513,NA,NA,NA,NA,NA
WK001407,Zuidwest,2018,4.234339936534952,0.1320750853912674,0.03170071264314553,0.04435668681680218,-0.029710995845504018,0.08813261297974799,-0.002403931202924564
WK001407,Zuidwest,2020,4.272434629635466,0.17016977849178078,0.03167967384143665,0.06590331583457586,-0.029629623560913,0.0993941328122247,0.0028222795644562864
WK001407,Zuidwest,2022,4.243866255202304,0.14160140405861862,0.035508817080295275,0.03452146096336238,-0.019346275296893364,0.09551600378029403,-0.00459860246843998
WK001408,Hoogkerk e.o.,2002,4.114102496764931,0.011837645621246212,NA,NA,NA,NA,NA
WK001408,Hoogkerk e.o.,2008,4.142526058726328,0.0402612075826423,NA,NA,NA,NA,NA
WK001408,Hoogkerk e.o.,2012,4.17616213074844,0.0738972796047554,NA,NA,NA,NA,NA
WK001408,Hoogkerk e.o.,2014,4.152610288915345,0.05034543777166025,0.020005325552046954,0.04104778351094142,0.02445112415434262,-0.04110019258763971,0.005941397141968688
WK001408,Hoogkerk e.o.,2016,4.171808344615268,0.06954349347158305,NA,NA,NA,NA,NA
WK001408,Hoogkerk e.o.,2018,4.161396281903172,0.059131430759485994,0.02734511132537719,0.035602336520222336,0.024466560188716086,-0.038907180782121735,0.010624603507291835
WK001408,Hoogkerk e.o.,2020,4.182313981431464,0.08004913028777877,0.020583234652319458,0.02995166919393208,0.0256464768321228,-0.017001189819187443,0.020868939428591606
WK001408,Hoogkerk e.o.,2022,4.204727883883576,0.10246303273989128,0.019067348452414017,0.05265197906442963,0.03068710513862655,-0.024698309168251838,0.02475490925267265
WK001409,Nieuw-West,2002,3.9228621275475755,-0.17940272359610965,NA,NA,NA,NA,NA
WK001409,Nieuw-West,2008,4.029338345160751,-0.07292650598293415,NA,NA,NA,NA,NA
WK001409,Nieuw-West,2012,4.065333177358196,-0.036931673785488575,NA,NA,NA,NA,NA
WK001409,Nieuw-West,2014,4.040535536458545,-0.061729314685139654,0.02834365989408973,-0.04069098065644124,-0.030898990795285075,0.0054211134548992936,-0.023904116582402615
WK001409,Nieuw-West,2016,4.044621867466378,-0.05764298367730767,NA,NA,NA,NA,NA
WK001409,Nieuw-West,2018,4.053484877790293,-0.04877997335339275,0.03325455882714063,-0.035013341767568165,-0.028249326634365485,0.012621901703825524,-0.03139376548242553
WK001409,Nieuw-West,2020,4.086111953483854,-0.016152897659830537,0.028695517395794016,-0.028469468979114388,-0.021325705482216198,0.02039385414503694,-0.015447094739331221
WK001409,Nieuw-West,2022,4.022726171303866,-0.07953867983981953,0.029230921822096217,-0.040451621586386335,-0.03305296172277174,0.01947693548956371,-0.05474195384232169
WK001410,Noordwest,2002,3.960568437585491,-0.14169641355819393,NA,NA,NA,NA,NA
WK001410,Noordwest,2008,3.9479195475257383,-0.15434530361794704,NA,NA,NA,NA,NA
WK001410,Noordwest,2012,4.020984532027314,-0.08128031911637167,NA,NA,NA,NA,NA
WK001410,Noordwest,2014,3.9841798047574195,-0.11808504638626585,0.021636944952828745,-0.0967830472910165,-0.0693049828125236,0.0781166249446969,-0.05175058618025171
WK001410,Noordwest,2016,3.9899572509677887,-0.11230760017589661,NA,NA,NA,NA,NA
WK001410,Noordwest,2018,4.002623074926044,-0.09964177621764099,0.028247958900182092,-0.08174457550837429,-0.061958737432882716,0.07877686446457063,-0.06296328664113697
WK001410,Noordwest,2020,4.040882154474854,-0.061382696668831255,0.021584603045095636,-0.07639287049001263,-0.059821771174790234,0.09367407101676799,-0.04042672906589228
WK001410,Noordwest,2022,4.007866837875487,-0.0943980132681983,0.019435148139650475,-0.08906979484936224,-0.05453122052944115,0.08601372750339216,-0.056245873532437866
WK001411,Noordoost,2002,3.8890829491061982,-0.21318190203748733,NA,NA,NA,NA,NA
WK001411,Noordoost,2008,3.9501193519714626,-0.15214549917222256,NA,NA,NA,NA,NA
WK001411,Noordoost,2012,3.9852006396435717,-0.11706421150011379,NA,NA,NA,NA,NA
WK001411,Noordoost,2014,4.009472969429847,-0.09279188171383827,0.03432034166992555,-0.07068778899947518,-0.014897576925286132,-0.01789114676842711,-0.02363571069057565
WK001411,Noordoost,2016,4.028469629538218,-0.07379522160546731,NA,NA,NA,NA,NA
WK001411,Noordoost,2018,4.0104623052684945,-0.0918025458751905,0.028506100764155853,-0.06797206352814872,-0.01491015097600842,-0.01725242923681803,-0.02017400289837146
WK001411,Noordoost,2020,4.043168146469369,-0.05909670467431671,0.021523918258149727,-0.04998505376358099,-0.017032131382441636,-0.010699545634949409,-0.0029038921514946865
WK001411,Noordoost,2022,3.9816196918151463,-0.12064515932853911,0.019650641505825617,-0.08160950414804866,-0.020269972808269702,-0.03170277125655618,-0.0067135526214904834
WK001412,Noorddijk e.o.,2002,3.9897619887779943,-0.11250286236569064,NA,NA,NA,NA,NA
WK001412,Noorddijk e.o.,2008,4.046075284558101,-0.05618956658558457,NA,NA,NA,NA,NA
WK001412,Noorddijk e.o.,2012,4.065831314788205,-0.03643353635548044,NA,NA,NA,NA,NA
WK001412,Noorddijk e.o.,2014,4.093772089840188,-0.008492761303496651,0.014225518248533764,-0.01349673094661885,0.002142243697933479,-0.004856083125356837,-0.006507709177988512
WK001412,Noorddijk e.o.,2016,4.11698507890996,0.01472022776627494,NA,NA,NA,NA,NA
WK001412,Noorddijk e.o.,2018,4.146365581909258,0.04410073076557289,0.034243186150473684,0.005283941141456621,0.0030646829459926726,0.002568937697424208,-0.0010600171697745788
WK001412,Noorddijk e.o.,2020,4.172021354109133,0.06975650296544793,0.03084139441897173,0.01644745762882341,0.002591451521273374,0.013139093153276205,0.006737106243102944
WK001412,Noorddijk e.o.,2022,4.135707802813034,0.03344295166934839,0.03274276250952576,-0.006247837463130187,4.781927644196121e-4,0.001130160506137305,0.0053396733523956045
WK001413,Meerdorpen,2002,4.229131362123039,0.12686651097935345,NA,NA,NA,NA,NA
WK001413,Meerdorpen,2008,4.230263215072875,0.12799836392918962,NA,NA,NA,NA,NA
WK001413,Meerdorpen,2012,4.310684957706386,0.208420106562701,NA,NA,NA,NA,NA
WK001413,Meerdorpen,2014,4.326826921009812,0.22456206986612673,0.034626546921049044,0.1401948412461377,0.08452845258058043,-0.09371938544876884,0.05893161456712806
WK001413,Meerdorpen,2016,4.358383329335369,0.2561184781916837,NA,NA,NA,NA,NA
WK001413,Meerdorpen,2018,4.3329283912740495,0.23066354013036403,0.028959605228767855,0.13730323249448992,0.09118419865389944,-0.08687432962821848,0.060090833381425054
WK001413,Meerdorpen,2020,4.301860091773415,0.19959524062973014,0.02354662267641021,0.11465407053319014,0.08497782138161306,-0.08355785315746299,0.05997457919597957
WK001413,Meerdorpen,2022,4.306999492191985,0.20473464104829978,0.01944113419558095,0.12744441565539047,0.07854866807506335,-0.0805732948175128,0.05987371793977747
WK001414,Meerstad e.o.,2002,3.7805630665138854,-0.32170178462980004,NA,NA,NA,NA,NA
WK001414,Meerstad e.o.,2008,3.7267532084715445,-0.3755116426721406,NA,NA,NA,NA,NA
WK001414,Meerstad e.o.,2012,3.8441764638041556,-0.25808838733952966,NA,NA,NA,NA,NA
WK001414,Meerstad e.o.,2014,4.2132277198964,0.11096286875271495,0.06140809898742362,0.04958085851681592,0.11539569904515455,-0.15079504184335166,0.03537325404667227
WK001414,Meerstad e.o.,2016,4.0980935489259,-0.004171302217785392,NA,NA,NA,NA,NA
WK001414,Meerstad e.o.,2018,4.3239330481474285,0.22166819700374346,0.051623435085688583,0.10271984910486938,0.15162560911033754,-0.13606505472827765,0.05176435843112527
WK001414,Meerstad e.o.,2020,4.286859382449663,0.18459453130597814,0.04219348317829957,0.08275882072458998,0.14239948047459575,-0.13252503624584538,0.04976778317433784
WK001414,Meerstad e.o.,2022,4.278544189195294,0.1762793380516088,0.04242603990520736,0.09412111747263709,0.12020423238213657,-0.12716719721971273,0.046695145511340214
WK001415,Ten Boer e.o.,2002,4.047304993126517,-0.054959858017168524,NA,NA,NA,NA,NA
WK001415,Ten Boer e.o.,2008,4.036233238875435,-0.06603161226824998,NA,NA,NA,NA,NA
WK001415,Ten Boer e.o.,2012,4.059876730545475,-0.04238812059820976,NA,NA,NA,NA,NA
WK001415,Ten Boer e.o.,2014,4.1586905117563635,0.05642566061267823,0.02675471210677905,0.07587598190616442,0.06557009336909576,-0.13857943062619033,0.026804303856829036
WK001415,Ten Boer e.o.,2016,4.194991215208023,0.09272636406433765,NA,NA,NA,NA,NA
WK001415,Ten Boer e.o.,2018,4.190808705398886,0.08854385425519994,0.02969072526238216,0.08409375148635803,0.06362369443836036,-0.1291037895397994,0.040239472607898515
WK001415,Ten Boer e.o.,2020,4.137657683174493,0.03539283203080792,0.0198345635763785,0.05853357287725221,0.05901017059948016,-0.14048619953013367,0.03850072450783042
WK001415,Ten Boer e.o.,2022,4.137206068085147,0.03494121694146193,0.012261029289175633,0.06287028969898448,0.04966512762359912,-0.13518895757501231,0.04533372790471476
WK001416,Ten Post e.o.,2002,3.9795749890008585,-0.1226898621428268,NA,NA,NA,NA,NA
WK001416,Ten Post e.o.,2008,3.987796118850985,-0.11446873229270044,NA,NA,NA,NA,NA
WK001416,Ten Post e.o.,2012,4.035322708214452,-0.0669421429292331,NA,NA,NA,NA,NA
WK001416,Ten Post e.o.,2014,4.134214947274811,0.03195009613112527,-0.0044378492520590505,0.08795580979466962,0.08525132931491546,-0.2190732011752102,0.08225400744880919
WK001416,Ten Post e.o.,2016,4.150119314023544,0.04785446287985921,NA,NA,NA,NA,NA
WK001416,Ten Post e.o.,2018,4.153518023390873,0.05125317224718823,0.00812455251321866,0.08637441240094376,0.08532490953129657,-0.21258938929359217,0.08401868709532122
WK001416,Ten Post e.o.,2020,4.100611216807956,-0.0016536343357289299,-0.007726422988227426,0.06420733669174283,0.07842561439306045,-0.20969167639937838,0.07313151396707328
WK001416,Ten Post e.o.,2022,4.074121166504034,-0.028143684639650935,-0.006088502720991326,0.07577368729158944,0.07014633411990635,-0.214767708745604,0.046792505415448375
WK001417,Haren-West e.o.,2002,4.253637539023154,0.15137268787946845,NA,NA,NA,NA,NA
WK001417,Haren-West e.o.,2008,4.250614175334553,0.1483493241908672,NA,NA,NA,NA,NA
WK001417,Haren-West e.o.,2012,4.266855194518024,0.1645903433743392,NA,NA,NA,NA,NA
WK001417,Haren-West e.o.,2014,4.315293388800788,0.21302853765710178,0.04118886301553863,0.09075596610446303,0.045612568810267665,-0.0024502896064147865,0.037921429333246943
WK001417,Haren-West e.o.,2016,4.330468429537039,0.2282035783933534,NA,NA,NA,NA,NA
WK001417,Haren-West e.o.,2018,4.324196445926119,0.22193159478243346,0.04081857777204802,0.08966994115686602,0.056920790885883955,7.778303579283779e-4,0.03374445460970681
WK001417,Haren-West e.o.,2020,4.323473642987473,0.22120879184378758,0.0374827800889962,0.08882744910381135,0.051191873079619546,0.006502841704039541,0.037203847867320686
WK001417,Haren-West e.o.,2022,4.327238451442165,0.22497360029847982,0.03874150892461849,0.08936749705802015,0.05135760035552215,0.008568638077321427,0.03693835588299735
WK001418,Haren-Oost e.o.,2002,4.0817052635036335,-0.02055958764005107,NA,NA,NA,NA,NA
WK001418,Haren-Oost e.o.,2008,4.1041848026017345,0.001919951458049132,NA,NA,NA,NA,NA
WK001418,Haren-Oost e.o.,2012,4.128510099401381,0.0262452482576962,NA,NA,NA,NA,NA
WK001418,Haren-Oost e.o.,2014,4.174779546729258,0.07251469558557368,0.041838209366430006,0.06274371802587576,0.022679156795624742,-0.06194905911121173,0.007202670508854584
WK001418,Haren-Oost e.o.,2016,4.200436022973497,0.09817117182981114,NA,NA,NA,NA,NA
WK001418,Haren-Oost e.o.,2018,4.178168050860472,0.07590319971678702,0.03988549138507036,0.05129501369603742,0.02358143938570599,-0.054058049785591235,0.015199305035564215
WK001418,Haren-Oost e.o.,2020,4.193600467144636,0.091335616000951,0.036276263320531084,0.07295723332376819,0.01889045109570816,-0.04852312968099276,0.011734797941936029
WK001418,Haren-Oost e.o.,2022,4.2195853078903625,0.11732045674667678,0.0394707898982653,0.08163185269821471,0.022198753748053374,-0.046896674281918675,0.020915734684061778
WK001419,Glimmen-Onnen-Noordlaren,2002,4.226225906400528,0.12396105525684266,NA,NA,NA,NA,NA
WK001419,Glimmen-Onnen-Noordlaren,2008,4.214915068516706,0.11265021737302051,NA,NA,NA,NA,NA
WK001419,Glimmen-Onnen-Noordlaren,2012,4.2484546757931,0.14618982464941557,NA,NA,NA,NA,NA
WK001419,Glimmen-Onnen-Noordlaren,2014,4.291617445607405,0.18935259446371974,0.028736544211766087,0.11529875935301263,0.08696127118588617,-0.1327555223196327,0.09111154203268725
WK001419,Glimmen-Onnen-Noordlaren,2016,4.318622874685193,0.21635802354150807,NA,NA,NA,NA,NA
WK001419,Glimmen-Onnen-Noordlaren,2018,4.303343632758904,0.2010787816152186,0.03993353335094469,0.11204729993116325,0.09044314997295827,-0.1337114494761985,0.09236624783635063
WK001419,Glimmen-Onnen-Noordlaren,2020,4.270766128758785,0.1685012776151001,0.022923049431167634,0.11316620551009295,0.07429416655651912,-0.13268762527668565,0.09080548139400581
WK001419,Glimmen-Onnen-Noordlaren,2022,4.288942525987452,0.18667767484376727,0.02429362536227636,0.12610707574335436,0.07869274930070672,-0.13862476969376217,0.09620899413119169
WK003401,Centrum Almere Haven,2002,3.909014683092185,-0.1932501680515005,NA,NA,NA,NA,NA
WK003401,Centrum Almere Haven,2008,3.9980490346058852,-0.10421581653779988,NA,NA,NA,NA,NA
WK003401,Centrum Almere Haven,2012,3.995751072388692,-0.10651377875499311,NA,NA,NA,NA,NA
WK003401,Centrum Almere Haven,2014,4.007195746169752,-0.09506910497393269,0.0655330206701964,-0.09920854397860679,-0.027102567111889294,-0.01747628497022712,-0.016814729583406168
WK003401,Centrum Almere Haven,2016,4.000401757812643,-0.10186309333104211,NA,NA,NA,NA,NA
WK003401,Centrum Almere Haven,2018,3.998075343325182,-0.10418950781850296,0.04934755192444414,-0.09746897601483014,-0.03251869922467039,-0.005681715756441376,-0.017867668747005506
WK003401,Centrum Almere Haven,2020,4.013165869015889,-0.08909898212779657,0.05267120278065018,-0.10507365727446155,-0.030736574105202686,0.0121786931152643,-0.01813864664404712
WK003401,Centrum Almere Haven,2022,3.9842284234516194,-0.11803642769206603,0.04438308030492251,-0.10090672070984102,-0.03344012589584617,-0.01448389956445119,-0.013588761826850359
WK003402,De Werven,2002,3.8771287193614206,-0.2251361317822645,NA,NA,NA,NA,NA
WK003402,De Werven,2008,3.8703048085768157,-0.2319600425668695,NA,NA,NA,NA,NA
WK003402,De Werven,2012,3.8852678465528694,-0.21699700459081625,NA,NA,NA,NA,NA
WK003402,De Werven,2014,3.918220481169858,-0.18404436997382742,0.02626427957917766,-0.09888915524805135,-0.03088212051963675,-0.03429326834377914,-0.04624410544153811
WK003402,De Werven,2016,3.913714650444741,-0.18855020069894424,NA,NA,NA,NA,NA
WK003402,De Werven,2018,3.9330476492616393,-0.1692172018820461,0.012778991736089719,-0.07239848869965824,-0.03159123835650626,-0.04244691623808559,-0.03555955032388602
WK003402,De Werven,2020,3.9413146757212276,-0.16095017542245776,0.017374972290564256,-0.08306066273086438,-0.029230906951194277,-0.039216435236703824,-0.026817142794259792
WK003402,De Werven,2022,3.9465742702066513,-0.15569058093703386,0.018986494331944433,-0.07167093495879255,-0.02862583844730052,-0.05508838510851795,-0.019291916754367536
WK003403,De Hoven,2002,3.820332540535502,-0.2819323106081828,NA,NA,NA,NA,NA
WK003403,De Hoven,2008,3.8303713816042597,-0.27189346953942556,NA,NA,NA,NA,NA
WK003403,De Hoven,2012,3.867680997487671,-0.2345838536560145,NA,NA,NA,NA,NA
WK003403,De Hoven,2014,3.8926034669438048,-0.20966138419988023,0.019742326401810797,-0.11749179222884387,-0.03780829276116325,-0.0292174443276626,-0.044886181284021574
WK003403,De Hoven,2016,3.891801941375609,-0.21046290976807613,NA,NA,NA,NA,NA
WK003403,De Hoven,2018,3.8901150421537074,-0.2121498089899776,0.007506555345365085,-0.1214143221007254,-0.044161648208963025,-0.022756125411793372,-0.03132426861386112
WK003403,De Hoven,2020,3.9159813211853725,-0.1862835299583128,0.012234779230564522,-0.11305262366201689,-0.04002417064445665,-0.01809904775040957,-0.027342467131994504
WK003403,De Hoven,2022,3.905815495801174,-0.19644935534251107,0.014827170640960778,-0.10494339202769605,-0.04115837163307779,-0.038524414299498676,-0.02665034802319963
WK003404,De Meenten,2002,3.966374372610811,-0.13589047853287414,NA,NA,NA,NA,NA
WK003404,De Meenten,2008,3.962715778259116,-0.13954907288456916,NA,NA,NA,NA,NA
WK003404,De Meenten,2012,3.972789175213565,-0.12947567593012,NA,NA,NA,NA,NA
WK003404,De Meenten,2014,4.036954956046303,-0.06530989509738223,0.03584960842952037,0.0086812264599072,0.009631956133050628,-0.07002300141512334,-0.04944968470473733
WK003404,De Meenten,2016,4.034763451950694,-0.06750139919299179,NA,NA,NA,NA,NA
WK003404,De Meenten,2018,4.06240359045201,-0.03986126069167522,0.03368406656068682,0.006831688547458416,0.0067421732675311714,-0.061366249604940006,-0.025752939462411896
WK003404,De Meenten,2020,4.0856523369750635,-0.016612514168621174,0.036528787732603,0.01555633760374468,0.00925816470729132,-0.05717885450020031,-0.020776949712060188
WK003404,De Meenten,2022,4.072792789048891,-0.02947206209479407,0.03373095396453559,0.007995262906700829,0.009489313518096416,-0.0777825323529305,-0.002905060131196594
WK003405,De Grienden,2002,3.9745339661943357,-0.12773088494934953,NA,NA,NA,NA,NA
WK003405,De Grienden,2008,3.9414261273949505,-0.16083872374873492,NA,NA,NA,NA,NA
WK003405,De Grienden,2012,3.994598807169734,-0.10766604397395112,NA,NA,NA,NA,NA
WK003405,De Grienden,2014,4.044765377196439,-0.057499473947246166,0.034625065808011384,-0.008933171857646053,0.006929914255901809,-0.07085069129872387,-0.019270590854789715
WK003405,De Grienden,2016,4.002560500510461,-0.09970435063322433,NA,NA,NA,NA,NA
WK003405,De Grienden,2018,4.075031541385528,-0.02723330975815797,0.0301818266722436,0.015213153514654847,-6.184749634055918e-4,-0.04679069999855863,-0.025219114983092462
WK003405,De Grienden,2020,4.078396652237697,-0.02386819890598784,0.031590396908757534,0.005162353746580422,-0.0027555744882669865,-0.0540709365825353,-0.003794438490523763
WK003405,De Grienden,2022,4.075634247467317,-0.026630603676367867,0.038175877048558356,0.0012110097124678253,0.005508950702420308,-0.08059981037503772,0.009073369235223025
WK003406,De Marken,2002,3.985022449914444,-0.11724240122924091,NA,NA,NA,NA,NA
WK003406,De Marken,2008,3.9621576357237998,-0.14010721541988516,NA,NA,NA,NA,NA
WK003406,De Marken,2012,3.9770087211077296,-0.12525613003595523,NA,NA,NA,NA,NA
WK003406,De Marken,2014,3.9980530891440385,-0.10421176199964631,-0.012424118707792843,-0.016901133447624138,4.0860819466221314e-4,-0.0509333025847984,-0.02436181545409347
WK003406,De Marken,2016,4.041769585639888,-0.06049526550379705,NA,NA,NA,NA,NA
WK003406,De Marken,2018,4.065009178751877,-0.03725567239180795,-0.005781102479396916,0.00831189450675015,0.00183809003813486,-0.0367258853751632,-0.004898669082133119
WK003406,De Marken,2020,4.0383379121726115,-0.0639269389710738,-0.0052797288950130784,-0.01097077631561709,-0.0012897969616159465,-0.03785296907814839,-0.00853366772067958
WK003406,De Marken,2022,4.04563694300052,-0.05662790814316482,-0.004490002089749921,0.008147685021770172,-0.005960728662721342,-0.04975595241577959,-0.0045689099966844
WK003407,De Gouwen,2002,4.026690331225596,-0.07557451991808936,NA,NA,NA,NA,NA
WK003407,De Gouwen,2008,4.023106367657891,-0.0791584834857942,NA,NA,NA,NA,NA
WK003407,De Gouwen,2012,4.038714816245385,-0.06355003489829972,NA,NA,NA,NA,NA
WK003407,De Gouwen,2014,4.08078242664568,-0.021482424498005675,0.019813882162037614,0.014654843322677923,0.02152625440078355,-0.039034284298490346,-0.03844312008501473
WK003407,De Gouwen,2016,4.09990202711771,-0.0023628240259751555,NA,NA,NA,NA,NA
WK003407,De Gouwen,2018,4.139214455800675,0.0369496046569905,0.015150441417052995,0.03652836235886061,0.020170378416386397,-0.02080690864078421,-0.014092668894525538
WK003407,De Gouwen,2020,4.113903416600981,0.011638565457295288,0.019812274668554515,0.0077038435685518125,0.018119874879886512,-0.025914855030278048,-0.008082572629419813
WK003407,De Gouwen,2022,4.152200964051408,0.049936112907722964,0.02026174756225505,0.04560964262552734,0.015315738526317853,-0.04399478873840384,0.012743772932026306
WK003408,De Wierden,2002,3.909518004606164,-0.1927468465375208,NA,NA,NA,NA,NA
WK003408,De Wierden,2008,3.896959803314737,-0.20530504782894807,NA,NA,NA,NA,NA
WK003408,De Wierden,2012,3.8886899714342626,-0.2135748797094224,NA,NA,NA,NA,NA
WK003408,De Wierden,2014,3.8995320021982076,-0.2027328489454778,0.03221400555181128,-0.09955581381284843,-0.030053533091245695,-0.05345170123293151,-0.051885806360263714
WK003408,De Wierden,2016,3.948878606274306,-0.1533862448693794,NA,NA,NA,NA,NA
WK003408,De Wierden,2018,3.9440800945398653,-0.15818475660381992,0.020061069312299045,-0.05940974428816977,-0.030768354567920077,-0.04733246924255814,-0.040735257817471233
WK003408,De Wierden,2020,3.9559895460627885,-0.14627530508089648,0.027925500026496214,-0.08138471534946873,-0.03440439410979831,-0.036815967620059634,-0.021595728028066342
WK003408,De Wierden,2022,3.9248140736317514,-0.17745077751193358,0.031476824529136825,-0.08860846014576051,-0.03971869866692131,-0.06061434411964439,-0.01998609910874443
WK003409,De Velden,2002,4.156777890731963,0.05451303958827775,NA,NA,NA,NA,NA
WK003409,De Velden,2008,4.206560029599488,0.10429517845580263,NA,NA,NA,NA,NA
WK003409,De Velden,2012,4.201533473965477,0.09926862282179179,NA,NA,NA,NA,NA
WK003409,De Velden,2014,4.211932044600715,0.10966719345703009,0.0558503945484793,0.04715075519336486,0.06628036059741235,-0.08157272899949991,0.021958412117273254
WK003409,De Velden,2016,4.250120721561517,0.14785587041783183,NA,NA,NA,NA,NA
WK003409,De Velden,2018,4.219307286954169,0.11704243581048351,0.04584221329124322,0.06509242597342899,0.058988975556739924,-0.07969244642153715,0.026811267410608308
WK003409,De Velden,2020,4.242739051593982,0.1404742004502967,0.052115629881105456,0.06056450683779882,0.04895060702355023,-0.07094192422625473,0.049785380934096665
WK003409,De Velden,2022,4.247853691358667,0.14558884021498175,0.06057887443752529,0.07099278890001383,0.05059203340620829,-0.08871975163528423,0.0521448951065183
WK003410,Overgooi,2002,3.9137251166079094,-0.18853973453577574,NA,NA,NA,NA,NA
WK003410,Overgooi,2008,4.184649153932232,0.08238430278854691,NA,NA,NA,NA,NA
WK003410,Overgooi,2012,4.334075176089085,0.2318103249453999,NA,NA,NA,NA,NA
WK003410,Overgooi,2014,4.35415701569313,0.2518921645494457,0.03730352365307857,0.08092546378873453,0.1487415058392074,-0.1318178268124442,0.11673949808086907
WK003410,Overgooi,2016,4.363556483975104,0.26129163283141843,NA,NA,NA,NA,NA
WK003410,Overgooi,2018,4.37057346005236,0.2683086089086746,0.04475105443790635,0.0820459413274625,0.13374575983848366,-0.10468627251449367,0.11245212581931557
WK003410,Overgooi,2020,4.302545156184228,0.20028030504054226,0.0473057611391198,0.05793846766775371,0.09372814827730824,-0.10741460465605696,0.10872253261241709
WK003410,Overgooi,2022,4.3530740887305885,0.2508092375869035,0.0611512484928094,0.12262712414645532,0.101371346386493,-0.14782062610199412,0.11348014466313953
WK003411,De Laren,2016,4.228646804405044,0.12638195326135884,NA,NA,NA,NA,NA
WK003411,De Laren,2018,4.011856471443475,-0.09040837970021011,0.019971762209071927,-0.06373456211782826,0.009766047789910293,-0.06492452515002112,0.00851289756865636
WK003411,De Laren,2020,4.08045585356291,-0.021808997580774866,0.01882402823773907,-0.023842577219836743,0.01523921485393278,-0.04055509701437927,0.008525433561769253
WK003411,De Laren,2022,4.122097943321075,0.01983309217738941,0.026546528899296644,0.018269511082410202,0.030782150013903758,-0.0798628907127617,0.024097792894539956
WK003414,De Steiger,2002,3.9180770762789523,-0.18418777486473298,NA,NA,NA,NA,NA
WK003414,De Steiger,2008,3.9547352914910405,-0.14752955965264483,NA,NA,NA,NA,NA
WK003414,De Steiger,2012,4.039247868524319,-0.06301698261936685,NA,NA,NA,NA,NA
WK003414,De Steiger,2014,4.005026404424082,-0.0972384467196034,-0.09585714481401225,0.003977044398252065,0.06583245914175498,-0.03541164726812077,-0.03577915817747748
WK003414,De Steiger,2016,4.13812556594892,0.0358607148052348,NA,NA,NA,NA,NA
WK003414,De Steiger,2018,4.150514463950125,0.048249612806439315,-0.09216377962900867,0.056422834264344364,0.06149195524376617,-0.008024015801059051,0.030522618728396244
WK003414,De Steiger,2020,4.096239935144921,-0.006024915998763668,-0.08759559969198194,0.04046062346629012,0.03892195550305786,-0.014699646547779333,0.016887751271649043
WK003414,De Steiger,2022,4.075101803268864,-0.027163047874821218,-0.09808764312171565,0.07781596271763634,0.036822928009606896,-0.02574495195413441,-0.017969343526214425
WK003416,Overig Almere Haven,2002,4.258019841762738,0.1557549906190525,NA,NA,NA,NA,NA
WK003416,Overig Almere Haven,2008,4.2703655793435384,0.16810072819985322,NA,NA,NA,NA,NA
WK003416,Overig Almere Haven,2012,4.333003808886826,0.23073895774314046,NA,NA,NA,NA,NA
WK003416,Overig Almere Haven,2014,4.40361891062271,0.30135405947902516,0.09858729874746308,0.08977722339648256,0.07446878826939363,-0.04075839352960742,0.0792791425952929
WK003416,Overig Almere Haven,2016,4.346243863411117,0.2439790122674319,NA,NA,NA,NA,NA
WK003416,Overig Almere Haven,2018,4.455829956258758,0.3535651051150728,0.0914788341765701,0.12976840165256526,0.06670619975768444,-0.015072077698854991,0.08068374722710742
WK003416,Overig Almere Haven,2020,4.446849694079731,0.34458484293604563,0.11784846607158,0.09268521352941961,0.06294004072100812,-0.009563730781071311,0.08067485339510871
WK003416,Overig Almere Haven,2022,4.49284619892025,0.39058134777656495,0.09633159888434883,0.12188524710049296,0.11913202777468479,-0.028838823836990546,0.08207129785402828
WK003417,Centrum Almere Stad,2002,3.9365173956100996,-0.16574745553358547,NA,NA,NA,NA,NA
WK003417,Centrum Almere Stad,2008,3.8301012925825897,-0.27216355856109536,NA,NA,NA,NA,NA
WK003417,Centrum Almere Stad,2012,3.9032411495247863,-0.19902370161889882,NA,NA,NA,NA,NA
WK003417,Centrum Almere Stad,2014,3.885619794121272,-0.21664505702241296,0.017730898297938735,-0.19223967924387264,-0.0797413897117008,0.11195294455829329,-0.07434783092307183
WK003417,Centrum Almere Stad,2016,3.9389194261609743,-0.163345424982711,NA,NA,NA,NA,NA
WK003417,Centrum Almere Stad,2018,3.982370654745976,-0.11989419639770896,0.014907932919142827,-0.17012057765301228,-0.08863073004534336,0.19278930705528066,-0.06884012867377705
WK003417,Centrum Almere Stad,2020,3.986468439250592,-0.11579641189309359,0.02350799567451133,-0.19875084167717746,-0.0791382736443543,0.19215015660610138,-0.053565448852174756
WK003417,Centrum Almere Stad,2022,3.9399853344194034,-0.16227951672428187,0.02397350936455272,-0.20743361444172218,-0.08341566525307154,0.16352516352636495,-0.058928909920406156
WK003418,Filmwijk,2002,4.070779070055097,-0.03148578108858826,NA,NA,NA,NA,NA
WK003418,Filmwijk,2008,4.016288022290312,-0.08597682885337296,NA,NA,NA,NA,NA
WK003418,Filmwijk,2012,3.9971349126308993,-0.10512993851278628,NA,NA,NA,NA,NA
WK003418,Filmwijk,2014,4.003616258542229,-0.09864859260145656,0.012751096096250875,-0.07891176672199891,-0.007665851488528319,0.01751487317428044,-0.042336943661460916
WK003418,Filmwijk,2016,4.03315378006583,-0.06911107107785487,NA,NA,NA,NA,NA
WK003418,Filmwijk,2018,4.039985631335264,-0.06227921980842126,0.006862623609467519,-0.08474098496168732,-0.012220629966185226,0.06349892413797155,-0.03567915262798804
WK003418,Filmwijk,2020,4.056752038489484,-0.045512812654200936,0.011994701335972418,-0.07993947790299653,-0.009358226526012451,0.07378361796135509,-0.0419934275225198
WK003418,Filmwijk,2022,4.082713350490603,-0.019551500653082997,0.017124092498674658,-0.05132003336723195,-0.006692432662298758,0.0468618628957847,-0.02552499001801194
WK003419,Danswijk,2002,3.9773599088975797,-0.12490494224610493,NA,NA,NA,NA,NA
WK003419,Danswijk,2008,3.896572234721549,-0.2056926164221362,NA,NA,NA,NA,NA
WK003419,Danswijk,2012,3.889869905171244,-0.21239494597244093,NA,NA,NA,NA,NA
WK003419,Danswijk,2014,3.852603788286306,-0.2496610628573794,0.007623347448858482,-0.12541750008796224,-0.014467310257967832,-0.0271036449215046,-0.09029595503880357
WK003419,Danswijk,2016,3.905371347879432,-0.1968935032642532,NA,NA,NA,NA,NA
WK003419,Danswijk,2018,3.9216649181314476,-0.18059993301223795,-0.001104534757579931,-0.08982377347750198,-0.01770728355709944,-0.004417951448130621,-0.06754638977192624
WK003419,Danswijk,2020,3.9328395241222753,-0.16942532702140994,0.004047964995236944,-0.0910761264732742,-0.015311866991279326,0.00807831352184074,-0.07516361207393439
WK003419,Danswijk,2022,3.9721922776367578,-0.130072573506927,0.009706491585271612,-0.07660815726577887,-0.01572642746125433,-0.006178979065672762,-0.04126550129949294
WK003420,Parkwijk,2002,4.077676022511787,-0.024588828631897527,NA,NA,NA,NA,NA
WK003420,Parkwijk,2008,3.983755839775323,-0.11850901136836246,NA,NA,NA,NA,NA
WK003420,Parkwijk,2012,3.9587981497011095,-0.14346670144257578,NA,NA,NA,NA,NA
WK003420,Parkwijk,2014,3.96206144673703,-0.14020340440665519,0.0077633273089058544,-0.11459544890187401,-0.008583169436264323,-0.0031284704649311864,-0.0216596429124918
WK003420,Parkwijk,2016,4.006843563756529,-0.09542128738715562,NA,NA,NA,NA,NA
WK003420,Parkwijk,2018,4.0514290284915,-0.05083582265218516,0.004247023902749562,-0.07464282820683367,-0.009211208241920834,0.03846051632857854,-0.009689326434759046
WK003420,Parkwijk,2020,4.059980322395852,-0.0422845287478333,0.009443299347603221,-0.08842451935861431,-0.007202524710900697,0.04990253097463003,-0.006003315000551784
WK003420,Parkwijk,2022,4.082552242799408,-0.019712608344277713,0.012696574410292882,-0.052498066279377704,-0.003973109351182235,0.021605288092274567,0.0024567047837144723
WK003421,Verzetswijk,2002,3.986214565450491,-0.11605028569319464,NA,NA,NA,NA,NA
WK003421,Verzetswijk,2008,3.966540403362609,-0.1357244477810766,NA,NA,NA,NA,NA
WK003421,Verzetswijk,2012,3.9358899363672504,-0.1663749147764349,NA,NA,NA,NA,NA
WK003421,Verzetswijk,2014,3.975877608726857,-0.1263872424168279,0.011542306684839127,-0.07629147609273788,-0.0017968763434072414,-0.01995979083582214,-0.039881405829700005
WK003421,Verzetswijk,2016,4.000143032637101,-0.10212181850658487,NA,NA,NA,NA,NA
WK003421,Verzetswijk,2018,4.065003572828071,-0.037261278315613794,0.008809897416818273,-0.038480373656751186,-0.009373358380526284,0.023488884647254363,-0.02170632834240928
WK003421,Verzetswijk,2020,4.08891685789408,-0.01334799324960479,0.013763630428529247,-0.02641667565372529,-0.013265763481385327,0.03375958487035285,-0.021188769413376555
WK003421,Verzetswijk,2022,4.095322146426387,-0.0069427047172981845,0.016766405383850814,-0.014099415921609538,-0.0034919319311897444,-9.612714551982021e-4,-0.005156490793151821
WK003422,Waterwijk,2002,3.9786791015331016,-0.12358574961058345,NA,NA,NA,NA,NA
WK003422,Waterwijk,2008,3.9010499671928947,-0.20121488395079032,NA,NA,NA,NA,NA
WK003422,Waterwijk,2012,3.9308595912591313,-0.17140525988455402,NA,NA,NA,NA,NA
WK003422,Waterwijk,2014,3.945147851132971,-0.15711700001071366,0.01307146483379048,-0.0764573591058052,5.935170996428164e-4,-0.011125959107561135,-0.0831986637307809
WK003422,Waterwijk,2016,3.991128095099329,-0.11113675604435591,NA,NA,NA,NA,NA
WK003422,Waterwijk,2018,4.025500441755707,-0.07676440938797875,0.006847931733342624,-0.0645990705367712,-0.0051371380052643795,0.03448875801524248,-0.04836489059452854
WK003422,Waterwijk,2020,4.038718631875961,-0.0635462192677246,0.012885227073530988,-0.0729524434119417,-9.460791888758674e-4,0.045216753057789216,-0.04774967679822754
WK003422,Waterwijk,2022,4.089427129923711,-0.012837721219974452,0.015504479414032737,-0.024778954205068156,0.0046891340014938035,0.007867827149981091,-0.016120207580414214
WK003423,Tussen de Vaarten Noord,2002,3.89308384283527,-0.20918100830841527,NA,NA,NA,NA,NA
WK003423,Tussen de Vaarten Noord,2008,3.902709355789624,-0.19955549535406103,NA,NA,NA,NA,NA
WK003423,Tussen de Vaarten Noord,2012,3.8648660242863806,-0.2373988268573048,NA,NA,NA,NA,NA
WK003423,Tussen de Vaarten Noord,2014,3.8772310361897713,-0.22503381495391356,0.012779644817087253,-0.10350738027033633,-0.01742066695386075,-0.049996032563961346,-0.06688937998284268
WK003423,Tussen de Vaarten Noord,2016,3.9230174571484873,-0.17924739399519812,NA,NA,NA,NA,NA
WK003423,Tussen de Vaarten Noord,2018,3.9682739361503705,-0.13399091499331436,0.009840878206807879,-0.04906911127030611,-0.02689756354021307,-0.020230910950505044,-0.04763420743909829
WK003423,Tussen de Vaarten Noord,2020,3.9943018398941876,-0.10796301124949756,0.012373781878176312,-0.043603127251006714,-0.029379259076695873,-0.006451938300213334,-0.04090246849975822
WK003423,Tussen de Vaarten Noord,2022,4.029188732766609,-0.0730761183770769,0.014787430749834997,-0.013114524526957994,-0.019619815750180566,-0.03433720677384398,-0.020792002075929662
WK003424,Tussen de Vaarten Zuid,2002,3.998924909096878,-0.1033399420468074,NA,NA,NA,NA,NA
WK003424,Tussen de Vaarten Zuid,2008,4.010518520578521,-0.09174633056516407,NA,NA,NA,NA,NA
WK003424,Tussen de Vaarten Zuid,2012,3.9733287191597935,-0.12893613198389212,NA,NA,NA,NA,NA
WK003424,Tussen de Vaarten Zuid,2014,3.9813839335925945,-0.12088091755109096,0.012480626073817884,-0.03090307337953019,-7.327823044566364e-5,-0.05157537151041911,-0.05080982050451417
WK003424,Tussen de Vaarten Zuid,2016,4.032773960354842,-0.06949089078884357,NA,NA,NA,NA,NA
WK003424,Tussen de Vaarten Zuid,2018,4.025513606369786,-0.07675124477389958,-0.0013310317264106815,-0.028235815535616108,-7.566218671126947e-4,-0.016122037450113074,-0.030305738194647307
WK003424,Tussen de Vaarten Zuid,2020,4.039574735709589,-0.06269011543409583,0.0036507419608246164,-0.03139492814544031,-0.0026830794656727327,0.002686216036509499,-0.034949065820317184
WK003424,Tussen de Vaarten Zuid,2022,4.119317368763116,0.017052517619430052,0.012280469564528877,0.032174160951723325,0.006172779912138761,-0.025580752870296347,-0.007994139938664827
WK003425,Staatsliedenwijk,2002,3.7530857500757246,-0.3491791010679604,NA,NA,NA,NA,NA
WK003425,Staatsliedenwijk,2008,3.7272939954611815,-0.37497085568250366,NA,NA,NA,NA,NA
WK003425,Staatsliedenwijk,2012,3.747489721132895,-0.3547751300107903,NA,NA,NA,NA,NA
WK003425,Staatsliedenwijk,2014,3.7732698593268172,-0.3289949918168679,-0.004766460985582695,-0.22461389233805748,-0.06864568542228398,0.041819373929338044,-0.07278832700028208
WK003425,Staatsliedenwijk,2016,3.837449235109634,-0.26481561603405174,NA,NA,NA,NA,NA
WK003425,Staatsliedenwijk,2018,3.8688764891838145,-0.23338836195987067,-0.009045616852611302,-0.19539288057891985,-0.06979943641603813,0.11222952946803101,-0.07137995758033265
WK003425,Staatsliedenwijk,2020,3.89508881583105,-0.20717603531263473,-0.0018938077906450982,-0.18352587188503117,-0.06643230203627226,0.10941623116676583,-0.06474028476745233
WK003425,Staatsliedenwijk,2022,3.862940210897826,-0.23932464024585964,-2.5227349070518933e-4,-0.19117796771441126,-0.06356091609302311,0.079616646816336345,-0.0639501297640567
WK003426,Kruidenwijk,2002,3.9433584353833826,-0.15890641576030276,NA,NA,NA,NA,NA
WK003426,Kruidenwijk,2008,3.8764549332401677,-0.22580991790351757,NA,NA,NA,NA,NA
WK003426,Kruidenwijk,2012,3.8626316196694908,-0.2396332314741941,NA,NA,NA,NA,NA
WK003426,Kruidenwijk,2014,3.8709703715614294,-0.23129447958225574,0.0012148562355292984,-0.1250531268645604,-0.019294044061382548,-0.011908238345176556,-0.07625392654666584
WK003426,Kruidenwijk,2016,3.963333631907762,-0.13893121923592275,NA,NA,NA,NA,NA
WK003426,Kruidenwijk,2018,3.9842846171516824,-0.11798023399200287,0.001505305180416471,-0.07860521481455685,-0.019459410123453855,0.038629760054505996,-0.06005067428891492
WK003426,Kruidenwijk,2020,4.018145586361914,-0.08411926478177145,0.0076954633281907416,-0.058692490291605094,-0.02642396726583838,0.04550486491980171,-0.052203135472320715
WK003426,Kruidenwijk,2022,4.01241880516861,-0.08984604597507502,0.007288648302731717,-0.06311321833206963,-0.021188746907749058,0.019115261196667867,-0.0319479902346562
WK003427,Stedenwijk,2002,3.904167513006456,-0.19809733813722896,NA,NA,NA,NA,NA
WK003427,Stedenwijk,2008,3.8778368859139913,-0.22442796522969372,NA,NA,NA,NA,NA
WK003427,Stedenwijk,2012,3.901938813397148,-0.2003260377465372,NA,NA,NA,NA,NA
WK003427,Stedenwijk,2014,3.8519581521069135,-0.25030669903677166,0.013919013957693321,-0.17302591778183643,-0.04159465009369752,0.05676046399693169,-0.10636560911586301
WK003427,Stedenwijk,2016,3.924325553189732,-0.17793929795395366,NA,NA,NA,NA,NA
WK003427,Stedenwijk,2018,3.929700761822628,-0.17256408932105746,0.004185469366633384,-0.1493725915772661,-0.04498790232430693,0.10733142376820871,-0.08972048855432682
WK003427,Stedenwijk,2020,3.9498735185933858,-0.1523913325502995,0.00944441315552312,-0.14838806334321616,-0.04469491872985532,0.09796904326230176,-0.06672180689505314
WK003427,Stedenwijk,2022,3.978154832321265,-0.12411001882241952,0.010811326553382062,-0.09998012838508787,-0.041473591862861904,0.056023329932659204,-0.04949095506051128
WK003428,Muziekwijk Noord,2002,3.9992247742875975,-0.10304007685608822,NA,NA,NA,NA,NA
WK003428,Muziekwijk Noord,2008,3.9511581944911134,-0.15110665665257153,NA,NA,NA,NA,NA
WK003428,Muziekwijk Noord,2012,3.9365715851517753,-0.1656932659919101,NA,NA,NA,NA,NA
WK003428,Muziekwijk Noord,2014,3.9723160670513606,-0.12994878409232458,0.013060912156626336,-0.05665484006078837,-0.008638802692739969,-0.030300462524056868,-0.047415590971365974
WK003428,Muziekwijk Noord,2016,4.0214824713296125,-0.08078237981407214,NA,NA,NA,NA,NA
WK003428,Muziekwijk Noord,2018,4.033678091620563,-0.06858675952312217,0.0064425353799772815,-0.035761553233034475,-0.009310930973589586,-1.7128467531981942e-4,-0.029785526021155855
WK003428,Muziekwijk Noord,2020,4.075693652315953,-0.026571198827733147,0.013278348026419499,-0.015322467876417369,-0.008782813947902854,0.01587042587504576,-0.03161469090487847
WK003428,Muziekwijk Noord,2022,4.072938646050786,-0.02932620509289905,0.015014604190078367,-0.019576569470936736,-0.00482375138016518,-0.008469481649741744,-0.011471006782134023
WK003429,Muziekwijk Zuid,2002,4.02951802775892,-0.07274682338476572,NA,NA,NA,NA,NA
WK003429,Muziekwijk Zuid,2008,3.954911601253828,-0.1473532498898572,NA,NA,NA,NA,NA
WK003429,Muziekwijk Zuid,2012,3.9285835524566695,-0.1736812986870161,NA,NA,NA,NA,NA
WK003429,Muziekwijk Zuid,2014,3.948845453972301,-0.15341939717138425,0.0014134195334626358,-0.08874218108401072,-0.009667222481482957,0.0066413194600057675,-0.06306473259935927
WK003429,Muziekwijk Zuid,2016,4.002482341190413,-0.09978250995327155,NA,NA,NA,NA,NA
WK003429,Muziekwijk Zuid,2018,4.000864934556026,-0.10139991658765894,-0.006894561408770539,-0.06537781075408837,-0.014257061381147202,0.039711118308220425,-0.05458160135187353
WK003429,Muziekwijk Zuid,2020,4.010463409013463,-0.09180144213022248,-0.0032914647139406514,-0.07842265272198355,-0.0189307895625372,0.05392215255357696,-0.045078687685338306
WK003429,Muziekwijk Zuid,2022,4.028752242243499,-0.07351260890018624,-0.0010395044521527375,-0.06069588704379309,-0.015843404565277497,0.0288237476842146,-0.02475756052317776
WK003430,Literatuurwijk,2002,4.055167032929525,-0.04709781821416066,NA,NA,NA,NA,NA
WK003430,Literatuurwijk,2008,4.02350465999926,-0.0787601911444261,NA,NA,NA,NA,NA
WK003430,Literatuurwijk,2012,4.00510492604188,-0.09715992510180566,NA,NA,NA,NA,NA
WK003430,Literatuurwijk,2014,3.98996927940773,-0.11229557173595472,0.0049986723696478046,-0.05426684444398735,0.003314849222669617,-0.009899112512443999,-0.05644313637184107
WK003430,Literatuurwijk,2016,4.040185014964716,-0.06207983617896967,NA,NA,NA,NA,NA
WK003430,Literatuurwijk,2018,4.066322374567866,-0.03594247657581949,-0.0024790718504370647,-0.02514674117886328,-0.0013455328787244363,0.016237311276500212,-0.023208441944295177
WK003430,Literatuurwijk,2020,4.071125895597082,-0.03113895554660333,0.004168755159844378,-0.03386049965973018,0.0025959923853868115,0.028518402595777485,-0.03256160602788208
WK003430,Literatuurwijk,2022,4.081245984681709,-0.02101886646197696,-0.0011340753061081662,-0.023638471976856656,0.004375896482629986,0.012749887454384814,-0.013372103116027236
WK003431,Noorderplassen,2002,4.1071148370296,0.00484998588591425,NA,NA,NA,NA,NA
WK003431,Noorderplassen,2008,4.1219688596001065,0.019704008456421115,NA,NA,NA,NA,NA
WK003431,Noorderplassen,2012,4.156163859730714,0.05389900858702798,NA,NA,NA,NA,NA
WK003431,Noorderplassen,2014,4.123547785606747,0.021282934463062078,0.052745296634312766,0.013451089622622786,0.05367097833983011,-0.11024276421499617,0.01165833408129232
WK003431,Noorderplassen,2016,4.155230849867431,0.05296599872374602,NA,NA,NA,NA,NA
WK003431,Noorderplassen,2018,4.192544093466797,0.09027924232311162,0.047586414152327325,0.038564078581665384,0.058021097268620196,-0.08417672022815664,0.03028437254865514
WK003431,Noorderplassen,2020,4.185611633195936,0.08334678205225098,0.04871914833079973,0.03305775898395067,0.051142583014677834,-0.07862254916689988,0.029049840889722355
WK003431,Noorderplassen,2022,4.197544452739155,0.0952796015954695,0.058493022326312066,0.03653555947113304,0.05564286686490587,-0.0854189824417986,0.030027135374916823
WK003432,Hortus,2002,4.244336267215335,0.14207141607164964,NA,NA,NA,NA,NA
WK003432,Hortus,2008,4.2556147555090025,0.15334990436531726,NA,NA,NA,NA,NA
WK003432,Hortus,2012,4.2613390246108995,0.1590741734672143,NA,NA,NA,NA,NA
WK003432,Hortus,2014,3.870922205886009,-0.23134264525767634,0.23703415549578938,-0.45083127279253865,-0.04876558099367945,-0.002252604725613394,0.03347265775836544
WK003432,Hortus,2016,4.225824120770503,0.12355926962681796,NA,NA,NA,NA,NA
WK003432,Hortus,2018,4.132897410037923,0.030632558894238215,0.25417118161701435,-0.27803033449897624,0.03404885014708953,0.009695906177531577,0.01074695545157861
WK003432,Hortus,2022,4.295106578067093,0.19284172692340817,0.09617371682981474,0.07295038238953083,0.028687043386261935,0.004200450687289803,-0.009169866369489826
WK003434,Randstad,2002,3.952092944984283,-0.1501719061594017,NA,NA,NA,NA,NA
WK003434,Randstad,2008,4.030043289500078,-0.07222156164360705,NA,NA,NA,NA,NA
WK003434,Randstad,2012,4.0487755059501795,-0.05348934519350509,NA,NA,NA,NA,NA
WK003434,Randstad,2014,4.103088740076078,8.238889323930465e-4,0.05059631939332099,-0.05656134476410505,0.023097861742696752,0.02374548564110675,-0.040054433080626894
WK003434,Randstad,2016,4.160069817896137,0.05780496675245169,NA,NA,NA,NA,NA
WK003434,Randstad,2018,4.228343115902524,0.1260782647588381,0.005985902635288337,-0.024618973241781944,0.01773651701452636,0.0904544768816592,0.036520341469145595
WK003434,Randstad,2020,4.054422774871748,-0.04784207627193763,0.05627396933113943,-0.0780155831289397,-0.05240610776196798,0.11474301516093922,-0.08843736987310871
WK003434,Randstad,2022,4.002680901647601,-0.09958394949608412,0.00931080850584063,-0.09285410413959595,-0.046763674774400486,0.09179641872902337,-0.06107339781695191
WK003435,Markerkant,2002,3.9862766907689546,-0.11598816037473103,NA,NA,NA,NA,NA
WK003435,Markerkant,2008,3.9354191431521013,-0.16684570799158407,NA,NA,NA,NA,NA
WK003435,Markerkant,2012,3.9222994064153807,-0.17996544472830456,NA,NA,NA,NA,NA
WK003435,Markerkant,2014,3.8881168388993053,-0.2141480122443801,-0.10559989769715672,-0.07736473065736581,-0.011780797805224305,0.0063119492966050945,-0.025714535381238718
WK003435,Markerkant,2016,3.8749329085904183,-0.22733194255326716,NA,NA,NA,NA,NA
WK003435,Markerkant,2018,3.9492634033948173,-0.15300144774886815,-0.11909094249637789,-0.075384927810202,-0.025514451820013828,0.08781784668229661,-0.020828972304571293
WK003435,Markerkant,2020,3.9411052226305383,-0.16115962851314702,-0.09949824861359333,-0.08177944737235598,-0.02656139895325617,0.07826852889865266,-0.03158906247259439
WK003435,Markerkant,2022,3.8785037453647426,-0.2237611057789426,-0.12490403749918261,-0.10552389004797538,-0.027199989927840937,0.047752503931619644,-0.013885692235563594
WK003437,Gooisekant,2002,4.569217360321971,0.46695250917828535,NA,NA,NA,NA,NA
WK003437,Gooisekant,2008,4.557020044283032,0.45475519313934676,NA,NA,NA,NA,NA
WK003437,Gooisekant,2012,4.448593399618136,0.3463285484744505,NA,NA,NA,NA,NA
WK003437,Gooisekant,2014,4.05987446677911,-0.042390384364574984,-0.033287573531459336,-0.09145813022489196,0.007318155151450567,-0.020862674236255097,0.09589983847658023
WK003437,Gooisekant,2016,4.166094678760232,0.06382982761654699,NA,NA,NA,NA,NA
WK003437,Gooisekant,2018,4.241870434378829,0.13960558323514416,-0.05573699261135301,0.002973945875689152,0.08292959407276734,0.010307826870325498,0.099131209027715
WK003437,Gooisekant,2020,4.451794678626428,0.3495298274827432,-0.056291324403358545,-0.003198053962472469,0.2993161202721099,0.01567322897050638,0.09402985660595764
WK003437,Gooisekant,2022,4.274186861398272,0.17192201025458687,-0.07913816512198929,0.0040623533130755285,0.29548474294658017,-0.024923607038798812,-0.02356331384428134
WK003441,Centrum Almere Buiten,2002,3.8384116651877855,-0.2638531859558995,NA,NA,NA,NA,NA
WK003441,Centrum Almere Buiten,2008,3.821670508543758,-0.28059434259992716,NA,NA,NA,NA,NA
WK003441,Centrum Almere Buiten,2012,3.8239477442787604,-0.27831710686492467,NA,NA,NA,NA,NA
WK003441,Centrum Almere Buiten,2014,3.7716569648878,-0.33060788625588516,0.02269137694531611,-0.19803026830186887,-0.054636083674872916,-0.04188085865952276,-0.05875205256493703
WK003441,Centrum Almere Buiten,2016,3.8423590301225334,-0.2599058210211521,NA,NA,NA,NA,NA
WK003441,Centrum Almere Buiten,2018,3.873079414616058,-0.2291854365276273,0.023951099941233144,-0.1221387531960911,-0.04398067998772373,-0.023472235159558416,-0.0635448681254875
WK003441,Centrum Almere Buiten,2020,3.896759073804693,-0.2055057773389924,0.022989048250570503,-0.141965302922868,-0.05235833567923501,0.007024496291648599,-0.041195683279108775
WK003441,Centrum Almere Buiten,2022,3.8138321160404516,-0.2884327351032336,0.01982414512150985,-0.15646893630840653,-0.05881902537532022,-0.035840582670355385,-0.05712833587066158
WK003442,Oostvaardersbuurt,2002,3.8965872429030886,-0.20567760824059658,NA,NA,NA,NA,NA
WK003442,Oostvaardersbuurt,2008,3.9089510601588646,-0.19331379098482065,NA,NA,NA,NA,NA
WK003442,Oostvaardersbuurt,2012,3.889069691968747,-0.2131951591749385,NA,NA,NA,NA,NA
WK003442,Oostvaardersbuurt,2014,3.897882029405184,-0.2043828217385014,0.029251530541770637,-0.06978609902036174,-0.002079535407638822,-0.09904288011470296,-0.06272583773756882
WK003442,Oostvaardersbuurt,2016,3.941984050033574,-0.16028080111011134,NA,NA,NA,NA,NA
WK003442,Oostvaardersbuurt,2018,3.9550106739323128,-0.14725417721137218,0.0185278190121409,-0.046734874963865906,-0.008037826446742072,-0.080303592630687,-0.030705702182218395
WK003442,Oostvaardersbuurt,2020,3.981295433092692,-0.12096941805099314,0.02331778958647113,-0.04182959429168523,-0.009684472832833864,-0.05716774540803292,-0.03560539510491251
WK003442,Oostvaardersbuurt,2022,3.9665972233636233,-0.13566762778006172,0.02725903569738291,-0.04003296638797433,-0.009380757068096263,-0.08863902644314962,-0.0248739135782247
WK003443,Seizoenenbuurt,2002,3.9253780291782636,-0.1768868219654215,NA,NA,NA,NA,NA
WK003443,Seizoenenbuurt,2008,3.902817891966633,-0.1994469591770519,NA,NA,NA,NA,NA
WK003443,Seizoenenbuurt,2012,3.8953937519151616,-0.20687109922852331,NA,NA,NA,NA,NA
WK003443,Seizoenenbuurt,2014,3.9330200649052154,-0.16924478623846997,0.025973432782536113,-0.049066492362975604,-0.002626867409165012,-0.08935803066308137,-0.05416682858578438
WK003443,Seizoenenbuurt,2016,3.95981855711455,-0.1424462940291354,NA,NA,NA,NA,NA
WK003443,Seizoenenbuurt,2018,3.942473006432199,-0.15979184471148652,0.010243858180000662,-0.04040849929536345,-0.007786019526209378,-0.07262403727563735,-0.04921714679427732
WK003443,Seizoenenbuurt,2020,3.976949205097912,-0.1253156460457735,0.015659587327781565,-0.04458211946470273,-0.006434447908570597,-0.05681605022045294,-0.033142615779829084
WK003443,Seizoenenbuurt,2022,3.966034118080901,-0.13623073306278402,0.02241348193933329,-0.039575911059883555,-0.0062453870084369706,-0.08776127842622206,-0.025061638507575017
WK003444,Molenbuurt,2002,3.8175274311520635,-0.2847374199916216,NA,NA,NA,NA,NA
WK003444,Molenbuurt,2008,3.787835734025485,-0.3144291171182001,NA,NA,NA,NA,NA
WK003444,Molenbuurt,2012,3.7783902355596517,-0.3238746155840334,NA,NA,NA,NA,NA
WK003444,Molenbuurt,2014,3.7964026449809363,-0.30586220616274884,0.016062245598193928,-0.15581139855530243,-0.0325824733994242,-0.0499229529002987,-0.08360762690591773
WK003444,Molenbuurt,2016,3.857789974726125,-0.2444748764175601,NA,NA,NA,NA,NA
WK003444,Molenbuurt,2018,3.8628394410058733,-0.23942541013781182,0.009389606108310534,-0.11459092246242165,-0.03533224572466843,-0.026939258029277293,-0.07195259002975528
WK003444,Molenbuurt,2020,3.907084877203033,-0.1951799739406521,0.014210982009947954,-0.09890128284480362,-0.03117716291123778,-0.010193745216615998,-0.06911876497794298
WK003444,Molenbuurt,2022,3.8938850368183244,-0.2083798143253609,0.017531451782017867,-0.08777518762064014,-0.033124370414022296,-0.04564661097658092,-0.05936509709613569
WK003445,Bouwmeesterbuurt,2002,3.8716398013676323,-0.23062504977605316,NA,NA,NA,NA,NA
WK003445,Bouwmeesterbuurt,2008,3.8273026955376532,-0.2749621556060319,NA,NA,NA,NA,NA
WK003445,Bouwmeesterbuurt,2012,3.844293866671479,-0.25797098447220657,NA,NA,NA,NA,NA
WK003445,Bouwmeesterbuurt,2014,3.835453621077641,-0.26681123006604435,0.0025243972963437497,-0.1229428216541383,-0.015252333403494162,-0.0465832379637631,-0.08455723434099281
WK003445,Bouwmeesterbuurt,2016,3.8875526796977065,-0.21471217144597868,NA,NA,NA,NA,NA
WK003445,Bouwmeesterbuurt,2018,3.9240264487376715,-0.17823840240601369,-0.001962793519359519,-0.06482123283121043,-0.020902641766580812,-0.020709376694149857,-0.06984235759471333
WK003445,Bouwmeesterbuurt,2020,3.9609112039438967,-0.14135364719978816,0.003193768038127632,-0.06406621450669887,-0.013062463583450416,-0.008553213917190846,-0.05886552323057592
WK003445,Bouwmeesterbuurt,2022,3.9475944738318414,-0.15467037731184394,0.006566966787079112,-0.05687031558189254,-0.015891442905821496,-0.042184955983211536,-0.04629062962799781
WK003446,Landgoederenbuurt,2002,3.9706157140091687,-0.1316491371345166,NA,NA,NA,NA,NA
WK003446,Landgoederenbuurt,2008,3.9258235404893114,-0.17644131065437416,NA,NA,NA,NA,NA
WK003446,Landgoederenbuurt,2012,3.9009313315035445,-0.20133351964014065,NA,NA,NA,NA,NA
WK003446,Landgoederenbuurt,2014,3.9355402446764147,-0.1667246064672708,0.013982593466859001,-0.07756180331299839,-0.00418275440088383,-0.05913889708866387,-0.03982374513158394
WK003446,Landgoederenbuurt,2016,3.9747161188530726,-0.12754873229061284,NA,NA,NA,NA,NA
WK003446,Landgoederenbuurt,2018,3.972012269566956,-0.13025258157672887,0.0038868406255228344,-0.05108373208123637,-0.01108604628694783,-0.03941032811555236,-0.03255931571851547
WK003446,Landgoederenbuurt,2020,4.01047475725741,-0.09179009388627477,0.01066330369804923,-0.05491889958515278,-0.009297543153621992,-0.01740991698001823,-0.020827037865531233
WK003446,Landgoederenbuurt,2022,4.006545771629968,-0.0957190795137168,0.017293142629069953,-0.04081111050158235,-0.010818492724231736,-0.04773026659688386,-0.013652352320089104
WK003447,Faunabuurt,2002,4.00917937823927,-0.09308547290441532,NA,NA,NA,NA,NA
WK003447,Faunabuurt,2008,3.9896188331193465,-0.11264601802433856,NA,NA,NA,NA,NA
WK003447,Faunabuurt,2012,3.9534243861756506,-0.14884046496803446,NA,NA,NA,NA,NA
WK003447,Faunabuurt,2014,3.9736171980024544,-0.1286476531412305,0.007068309341651348,-0.0424231231765492,0.00720653223971919,-0.047830083867155135,-0.05266928767889699
WK003447,Faunabuurt,2016,3.9999052895501426,-0.10235956159354248,NA,NA,NA,NA,NA
WK003447,Faunabuurt,2018,4.027436275370809,-0.07482857577287638,0.002748118377193018,-0.015310304297936308,0.0036190898795640703,-0.028698717360475787,-0.037186762371221656
WK003447,Faunabuurt,2020,4.047257520888749,-0.05500733025493574,0.00612829264575944,-0.018014352272241477,6.363012190116992e-4,-0.011058196898077782,-0.0326993749493879
WK003447,Faunabuurt,2022,4.01774678974684,-0.08451806139684478,0.009518954017261211,-0.019093361244643326,0.0029701479659502757,-0.04501593581681617,-0.032897866318597
WK003448,Bloemenbuurt,2002,3.9146263868020967,-0.18763846434158854,NA,NA,NA,NA,NA
WK003448,Bloemenbuurt,2008,3.9023428463995695,-0.1999220047441152,NA,NA,NA,NA,NA
WK003448,Bloemenbuurt,2012,3.8794290873822628,-0.22283576376142286,NA,NA,NA,NA,NA
WK003448,Bloemenbuurt,2014,3.900131903902977,-0.20213294724070788,0.013752573201512987,-0.08449643340013084,-0.020373766070188933,-0.05101018435432911,-0.0600051366175723
WK003448,Bloemenbuurt,2016,3.931551441090292,-0.17071341005339322,NA,NA,NA,NA,NA
WK003448,Bloemenbuurt,2018,3.9835222556325998,-0.11874259551108547,0.004512132324898555,-0.025837107338990948,-0.022737136069834057,-0.034613309400435,-0.040067175026724286
WK003448,Bloemenbuurt,2020,4.002068264491101,-0.1001965866525832,0.008556098817631643,-0.034517099235832925,-0.02543540789492503,-0.014706215314420143,-0.03409396302503702
WK003448,Bloemenbuurt,2022,3.9942139388766638,-0.10805091226702157,0.009392783919218148,-0.03271908286677108,-0.02101626585065128,-0.044734144739755295,-0.018974202729062344
WK003449,Regenboogbuurt,2002,3.969707923971177,-0.13255692717250783,NA,NA,NA,NA,NA
WK003449,Regenboogbuurt,2008,3.924144134911528,-0.17812071623215714,NA,NA,NA,NA,NA
WK003449,Regenboogbuurt,2012,3.8908180490022604,-0.211446802141425,NA,NA,NA,NA,NA
WK003449,Regenboogbuurt,2014,3.8853570961501642,-0.21690775499352097,0.008745495696379025,-0.0457987168307805,-0.004367965698987598,-0.06784759340073625,-0.10763897475939595
WK003449,Regenboogbuurt,2016,3.8967663476555834,-0.20549850348810186,NA,NA,NA,NA,NA
WK003449,Regenboogbuurt,2018,3.957012748003089,-0.1452521031405965,4.921708400185481e-4,-0.012810159781000306,-0.011252792419959,-0.05176702083755359,-0.06991430094210248
WK003449,Regenboogbuurt,2020,3.988616793392115,-0.11364805775157036,0.0029347906208893005,-0.017657395189779927,-0.004903213945013776,-0.03190240123641418,-0.062119838001252085
WK003449,Regenboogbuurt,2022,3.9614952989123844,-0.14076955223130067,0.003633029359145303,-0.034521079500609626,-0.005445495017505157,-0.06565035356388141,-0.03878565350845007
WK003450,Indischebuurt,2002,3.80590835931666,-0.29635649182702506,NA,NA,NA,NA,NA
WK003450,Indischebuurt,2008,3.8775623064412046,-0.2247025447024808,NA,NA,NA,NA,NA
WK003450,Indischebuurt,2012,3.863065877450017,-0.23919897369366847,NA,NA,NA,NA,NA
WK003450,Indischebuurt,2014,3.8532373690106088,-0.24902748213307646,-0.003775764089180992,-0.07758827886681594,-0.028369876280937147,-0.07009267813749584,-0.06920088475864684
WK003450,Indischebuurt,2016,3.8783929795577734,-0.2238718715859117,NA,NA,NA,NA,NA
WK003450,Indischebuurt,2018,3.877315089450825,-0.2249497616928603,-0.0080093938124616,-0.062473726971455965,-0.03336273234259348,-0.05160613248711516,-0.06949777607923437
WK003450,Indischebuurt,2020,3.920633286416428,-0.18163156472725714,-0.008441948190880436,-0.06949691316900487,-0.02896283649415207,-0.024039055024614505,-0.050690811848605605
WK003450,Indischebuurt,2022,3.8965277035264148,-0.20573714761727044,-0.015476824289908932,-0.057159217667370345,-0.03653202311295403,-0.05914074900860575,-0.037428333538431766
WK003451,Eilandenbuurt,2002,3.9589958115588173,-0.14326903958486806,NA,NA,NA,NA,NA
WK003451,Eilandenbuurt,2008,3.984904699520009,-0.11736015162367605,NA,NA,NA,NA,NA
WK003451,Eilandenbuurt,2012,3.9463468007795726,-0.1559180503641127,NA,NA,NA,NA,NA
WK003451,Eilandenbuurt,2014,3.9260520593105386,-0.17621279183314695,0.01704818816380897,-0.05226289455720578,-0.001900885681263452,-0.07254129097753924,-0.06655590878094768
WK003451,Eilandenbuurt,2016,3.95392199898187,-0.14834285216181564,NA,NA,NA,NA,NA
WK003451,Eilandenbuurt,2018,3.97391685941194,-0.12834799173174546,0.011529900555832192,-0.01983043021026558,-0.006974335368769038,-0.05693356333822666,-0.05613956337031663
WK003451,Eilandenbuurt,2020,3.995995016476607,-0.10626983466707843,0.012834078376013094,-0.02784191673804867,-0.006294474498542689,-0.038751112522217926,-0.04621640928428257
WK003451,Eilandenbuurt,2022,4.002975279866814,-0.09928957127687152,0.011301498342184014,-0.022166047848051724,-0.004803207866959478,-0.06583570593642983,-0.017786107967614772
WK003452,Stripheldenbuurt,2002,4.038295123778209,-0.06396972736547626,NA,NA,NA,NA,NA
WK003452,Stripheldenbuurt,2008,3.984523557011118,-0.1177412941325675,NA,NA,NA,NA,NA
WK003452,Stripheldenbuurt,2012,3.9981428596539033,-0.10412199148978234,NA,NA,NA,NA,NA
WK003452,Stripheldenbuurt,2014,3.980717363647632,-0.12154748749605325,0.010381424426660624,-0.01616989296996799,0.021198165540518364,-0.10291486015007656,-0.034042324343188
WK003452,Stripheldenbuurt,2016,4.010978653921191,-0.09128619722249433,NA,NA,NA,NA,NA
WK003452,Stripheldenbuurt,2018,4.012061611572849,-0.09020323957083626,0.014790936242899429,-0.005431112533861639,0.01408501933184621,-0.092064942436587055,-0.021583140175133457
WK003452,Stripheldenbuurt,2020,4.035822982849206,-0.06644186829447918,0.014853869322707125,0.0037116360050368515,0.013725218258676125,-0.07698557370660027,-0.021747018174299318
WK003452,Stripheldenbuurt,2022,4.0309628880600386,-0.07130196308364664,0.015970722963483196,0.002376982668084577,0.013569328111896966,-0.10232105927107685,-8.979375560347883e-4
WK003453,Sieradenbuurt,2002,3.830050617644662,-0.27221423349902335,NA,NA,NA,NA,NA
WK003453,Sieradenbuurt,2008,4.005428655251705,-0.09683619589198088,NA,NA,NA,NA,NA
WK003453,Sieradenbuurt,2012,4.118542766540107,0.01627791539642183,NA,NA,NA,NA,NA
WK003453,Sieradenbuurt,2014,4.106625211623187,0.004360360479501128,0.0286285953977151,0.03400149891961564,0.061410812186700636,-0.11549764395593354,-0.004182902068596891
WK003453,Sieradenbuurt,2016,4.150951036881994,0.048686185738309115,NA,NA,NA,NA,NA
WK003453,Sieradenbuurt,2018,4.189820034135876,0.08755518299219067,0.054271707958977525,0.0488471943961865,0.04465855361127382,-0.10013119868731576,0.03990892571306819
WK003453,Sieradenbuurt,2020,4.1859743147266135,0.08370946358292822,0.060467582071052864,0.041605109681044104,0.04067634831436321,-0.08491732396143771,0.02587774747790542
WK003453,Sieradenbuurt,2022,4.193102197139106,0.0908373459954202,0.06365827374591786,0.05102218384698447,0.04581181440715861,-0.10943338198058092,0.03977845597593983
WK003456,Poldervlak,2002,3.8822292603019837,-0.22003559084170113,NA,NA,NA,NA,NA
WK003456,Poldervlak,2008,3.880528910377935,-0.22173594076575054,NA,NA,NA,NA,NA
WK003456,Poldervlak,2012,3.805750346284142,-0.2965145048595434,NA,NA,NA,NA,NA
WK003456,Poldervlak,2014,3.796359147303957,-0.3059057038397284,-0.1843552855227956,-0.09613951537826582,0.009261076651472562,-0.07343684389964521,0.038764864309505376
WK003456,Poldervlak,2016,3.8095810444768547,-0.2926838066668301,NA,NA,NA,NA,NA
WK003456,Poldervlak,2018,3.8382842648774953,-0.26398058626619025,-0.18910996708372624,-0.10461170198215666,0.03673848209386285,-0.04778818812567581,0.04079078883150507
WK003456,Poldervlak,2020,3.918798601600429,-0.1834662495432561,-0.1753960143644061,-0.055386514708583634,0.024076850258208042,-0.028580705079949652,0.05182013435147524
WK003456,Poldervlak,2022,3.9649953356625196,-0.13726951548116545,-0.18379149226934763,-0.007746405351008845,0.05808742522428778,-0.05778110209822496,0.053962059013128116
WK003457,De Vaart,2002,3.911634199771826,-0.1906306513718589,NA,NA,NA,NA,NA
WK003457,De Vaart,2008,3.894500110803474,-0.20776474034021167,NA,NA,NA,NA,NA
WK003457,De Vaart,2012,3.8574216037629667,-0.2448432473807183,NA,NA,NA,NA,NA
WK003457,De Vaart,2014,3.988573026354359,-0.11369182478932649,-0.009990145607771016,-0.042652796474787646,0.03307941967602275,-0.16475492727339824,0.07062662489060742
WK003457,De Vaart,2016,3.9249431955501124,-0.17732165559357307,NA,NA,NA,NA,NA
WK003457,De Vaart,2018,4.057347075922434,-0.04491777522125151,-0.017526265009638855,0.05961578600756453,0.005214180219657908,-0.15949230385225396,0.06727082741341862
WK003457,De Vaart,2020,4.24869035436995,0.1464255032262653,0.024175053010319907,0.048076977643072893,0.028552911417919442,-0.03313774317680386,0.0787583043317568
WK003457,De Vaart,2022,4.18505250859866,0.08278765745497425,-0.015746071799684395,0.11199635108878607,0.1075627674969185,-0.19961607116000962,0.07859068182896345
WK003458,Buitenvaart,2002,4.202457106292858,0.10019225514917234,NA,NA,NA,NA,NA
WK003458,Buitenvaart,2008,4.375951414580846,0.27368656343716113,NA,NA,NA,NA,NA
WK003458,Buitenvaart,2012,4.328843191736349,0.22657834059266366,NA,NA,NA,NA,NA
WK003458,Buitenvaart,2014,4.30208157161499,0.19981672047130494,-0.05705322207600273,0.09927838902313567,0.2072920878701806,-0.1777861136084295,0.12808557926242062
WK003458,Buitenvaart,2016,4.246785090566166,0.14452023942248116,NA,NA,NA,NA,NA
WK003458,Buitenvaart,2018,4.202205137014765,0.09994028587108006,-0.03634700283216973,0.09809393230513622,0.0968999323675776,-0.1677366838464935,0.10903010787702917
WK003458,Buitenvaart,2020,4.181953857562018,0.07968900641833226,-0.043630746455316206,0.0767609091568905,0.09875607715391894,-0.15905817985272414,0.10686094641556301
WK003458,Buitenvaart,2022,4.157131666790794,0.05486681564710857,-0.051948151673133734,0.07463567417638572,0.09391047890908802,-0.17227037611869203,0.11053919035346042
WK003459,Overig Almere Buiten,2002,4.001590519788654,-0.1006743313550311,NA,NA,NA,NA,NA
WK003459,Overig Almere Buiten,2008,4.048228742606804,-0.054036108536880526,NA,NA,NA,NA,NA
WK003459,Overig Almere Buiten,2012,4.036199324716173,-0.06606552642751214,NA,NA,NA,NA,NA
WK003459,Overig Almere Buiten,2014,4.255236380341162,0.15297152919747703,0.13333162016609346,0.1067960853879361,0.03979872910515056,-0.1958863059938157,0.068931400532112
WK003459,Overig Almere Buiten,2016,4.150152524596477,0.047887673452791914,NA,NA,NA,NA,NA
WK003459,Overig Almere Buiten,2018,4.24024660292175,0.13798175177806424,0.16337279625897336,0.0602425352086701,0.06943079184589421,-0.21551879718977723,0.060454425654303534
WK003459,Overig Almere Buiten,2020,4.3146582043018515,0.21239335315816607,0.1676629954186757,0.12463428443679306,0.08702460515738002,-0.22539600230709322,0.05846747045241039
WK003459,Overig Almere Buiten,2022,4.228735876451655,0.12647102530796908,0.15357889897690735,0.05500091914806039,0.09202816529265169,-0.23314896311740316,0.059012005007752985
WK003460,Europakwartier Oost,2022,4.153927607144725,0.05166275600103999,0.006359943679091405,0.023284580681140952,0.033120249801596086,-0.02607393839002527,0.01497192022923642
WK003461,Europakwartier West,2002,3.9549608831468293,-0.14730396799685636,NA,NA,NA,NA,NA
WK003461,Europakwartier West,2008,4.250127369297889,0.14786251815420415,NA,NA,NA,NA,NA
WK003461,Europakwartier West,2012,3.8765911036049254,-0.22567374753875974,NA,NA,NA,NA,NA
WK003461,Europakwartier West,2014,3.9131590937750076,-0.1891057573686773,-0.041078243902527296,-0.05960135272164605,-0.01991126758599087,-0.0325203690573653,-0.03599452410114811
WK003461,Europakwartier West,2016,3.9401170663814518,-0.16214778476223318,NA,NA,NA,NA,NA
WK003461,Europakwartier West,2018,3.977714149195154,-0.12455070194853057,-0.033768728554593834,-0.03933260780383436,-0.002556789437883564,-0.010684180020758278,-0.03820839613146081
WK003461,Europakwartier West,2020,3.9619559179271677,-0.14030893321651763,-0.031254292831157944,-0.05803180338188025,-0.021579184420247203,-0.005954634081846726,-0.02348901850138581
WK003461,Europakwartier West,2022,4.004050575862932,-0.09821427528075265,-0.014952933079547714,-0.00802455669520685,-0.03223774402824485,-0.01082627393342753,-0.03217276754432599
WK003462,Columbuskwartier,2002,3.942874547084469,-0.15939030405921653,NA,NA,NA,NA,NA
WK003462,Columbuskwartier,2008,4.1960443089693396,0.09377945782565406,NA,NA,NA,NA,NA
WK003462,Columbuskwartier,2012,3.8948547407179497,-0.20741011042573546,NA,NA,NA,NA,NA
WK003462,Columbuskwartier,2014,3.918314273650245,-0.18395057749344026,-0.04304723506777584,-0.03442361879498038,0.012381659699901114,-0.08616853357091682,-0.032692849759668616
WK003462,Columbuskwartier,2016,3.980297925945292,-0.12196692519839335,NA,NA,NA,NA,NA
WK003462,Columbuskwartier,2018,4.016842646821042,-0.08542220432264375,-0.01050110302552789,0.001741145114517847,0.0013587197971563353,-0.054247360214412094,-0.0237736059943782
WK003462,Columbuskwartier,2020,4.014686739820259,-0.0875781113234262,-0.007698827093031398,-0.00527752833635689,0.009346181786702256,-0.04444018270023231,-0.03950775498050809
WK003462,Columbuskwartier,2022,4.058949529537682,-0.043315321606002447,0.006696532420071198,0.009523022567510022,0.004320306472392471,-0.05672543234228318,-0.007129750723693206
WK003463,Homeruskwartier,2002,3.9349886518148134,-0.16727619932887194,NA,NA,NA,NA,NA
WK003463,Homeruskwartier,2008,4.015448095573315,-0.08681675557037027,NA,NA,NA,NA,NA
WK003463,Homeruskwartier,2012,4.0338524506397615,-0.06841240050392353,NA,NA,NA,NA,NA
WK003463,Homeruskwartier,2014,3.9626096319880024,-0.13965521915568316,-0.032017967069344885,-0.019395292558253473,0.026847682289846138,-0.07278849507270296,-0.042301146745228266
WK003463,Homeruskwartier,2016,3.97326142009082,-0.1290034310528653,NA,NA,NA,NA,NA
WK003463,Homeruskwartier,2018,4.063701589005777,-0.03856326213790837,-0.003948270952823557,-0.0016998396769165353,0.024681333548376573,-0.03094092106852391,-0.026655563988021203
WK003463,Homeruskwartier,2020,4.07113971813734,-0.03112513300634439,-0.00537476536060313,0.001792039885419051,0.01963499220113171,-0.024945024951426333,-0.022232374780865958
WK003463,Homeruskwartier,2022,4.104228495997951,0.0019636448542661713,0.014902270864925194,0.004000984781227397,0.013897041194366636,-0.03155863215950002,7.219801732466866e-4
WK003465,Olympiakwartier West,2018,4.2055451814403275,0.10328033029664206,0.028299556899337084,0.013545706918308295,0.02129821801902963,0.02767640419459009,0.012460444265376847
WK003465,Olympiakwartier West,2020,3.9277709155476153,-0.17449393559606943,-0.019323305673308873,-0.11723339498559737,0.015403915935785426,-0.0639755845941691,0.010634433721220284
WK003465,Olympiakwartier West,2022,4.016202140180456,-0.08606271096322905,-0.03354535567196589,-0.03660952960905716,0.06929327753822423,-0.07606776446894448,-0.009133338751486033
WK003466,Duin,2002,3.812465750425251,-0.28979910071843423,NA,NA,NA,NA,NA
WK003466,Duin,2008,4.202964326564574,0.10069947542088889,NA,NA,NA,NA,NA
WK003466,Duin,2012,4.21197696070639,0.10971210956270552,NA,NA,NA,NA,NA
WK003466,Duin,2014,4.2864671339806355,0.18420228283695048,0.08014562526194025,0.10691002075725756,0.05510595652034465,-0.09278421362720511,0.0348248939246128
WK003466,Duin,2016,4.331412070758101,0.22914721961441586,NA,NA,NA,NA,NA
WK003466,Duin,2018,4.137818463335279,0.03555361219159358,0.017332372036762498,0.04650980726765775,0.05269423088791968,-0.08699960395710019,0.006016805956353629
WK003466,Duin,2020,4.084398479326597,-0.017866371817088597,0.006492575993700408,0.026709759596666657,0.006777938059610793,-0.06124983325962395,0.0034031877925573073
WK003466,Duin,2022,4.083558639165167,-0.018706211978518326,0.00242378535077283,0.01749834307323116,0.009425665654627624,-0.06067681427495586,0.012622808217805691
WK003472,Middenkant,2016,4.218738755829092,0.11647390468540664,NA,NA,NA,NA,NA
WK003472,Middenkant,2018,4.255750579868209,0.15348572872452415,0.08638755475872523,0.05915916564554755,0.011162040588069466,-0.02488873083400389,0.021665698566185165
WK003472,Middenkant,2020,3.6765703027138965,-0.4256945484297887,0.021778744015097273,-0.4377705288248688,-0.007161526571450083,-0.011620649011816475,0.00907941196324874
WK003472,Middenkant,2022,4.205018759789633,0.10275390864594769,0.029407139603953414,0.047558569075317726,0.042020377470660675,-0.026069490936580064,0.00983731343259564
WK003475,Vogelhorst,2002,4.184093453722735,0.08182860257904966,NA,NA,NA,NA,NA
WK003475,Vogelhorst,2008,4.182890024289683,0.0806251731459973,NA,NA,NA,NA,NA
WK003475,Vogelhorst,2012,4.213514590058197,0.11124973891451184,NA,NA,NA,NA,NA
WK003475,Vogelhorst,2014,4.229361977845,0.1270971267013147,0.049173420669752485,0.08563099936639709,0.12305958610528678,-0.19281238221261576,0.06204550277249382
WK003475,Vogelhorst,2016,4.245363150186261,0.1430982990425766,NA,NA,NA,NA,NA
WK003475,Vogelhorst,2018,4.236097033477012,0.13383218233332767,0.05191507255829683,0.07546792970839815,0.11768768263025646,-0.17608516163892118,0.06484665907529716
WK003475,Vogelhorst,2020,4.197871386335264,0.09560653519157986,0.05058320408271041,0.04742694887147735,0.10648430905246557,-0.17396479803234213,0.0650768712172683
WK003475,Vogelhorst,2022,4.258662764122301,0.1563979129786157,0.05268487058907112,0.11404988409292656,0.1120710614084912,-0.18261307098235166,0.06020516787047821
WK003476,Nobelhorst,2014,3.7481013586981162,-0.35416349244556883,0.015287947361815189,-0.1647775576554003,-0.009578022815973553,-0.21401389353084133,0.018918034194831127
WK003476,Nobelhorst,2016,3.9883111196549104,-0.113953731488775,NA,NA,NA,NA,NA
WK003476,Nobelhorst,2018,4.026427759803655,-0.0758370913400306,0.01100398213505031,0.0017294139917812732,0.033284625563614736,-0.14607809064723237,0.024222977616755223
WK003476,Nobelhorst,2020,4.072087219220404,-0.03017763192328087,0.01392012874898609,0.008928000952436682,0.06493010115598397,-0.13758999060205032,0.01963412782136242
WK003476,Nobelhorst,2022,4.1073870046724075,0.005122153528722596,0.004978391025825607,0.059032168714700683,0.07509821937278724,-0.1502672191156664,0.01628059353107521
WK003477,Oosterwold,2002,4.134840277237386,0.0325754260937003,NA,NA,NA,NA,NA
WK003477,Oosterwold,2008,4.148897556934599,0.046632705790913304,NA,NA,NA,NA,NA
WK003477,Oosterwold,2012,4.114423944694449,0.012159093550764574,NA,NA,NA,NA,NA
WK003477,Oosterwold,2014,4.207193320373731,0.10492846923004583,-0.032504267225525164,0.09594358103362517,0.1475357362114281,-0.20568358765267938,0.09963700686319668
WK003477,Oosterwold,2016,4.226088214837782,0.12382336369409751,NA,NA,NA,NA,NA
WK003477,Oosterwold,2018,4.233105142462358,0.13084029131867217,0.04674287692937623,0.07185478640668248,0.16009073832918164,-0.20312652585496427,0.05527841550839588
WK003477,Oosterwold,2020,4.173045633040599,0.07078078189691359,0.04204616509686531,0.05657627359164613,0.1405477052356819,-0.1980943589713722,0.02970499694409222
WK003477,Oosterwold,2022,4.185970251531908,0.08370540038822342,0.025881891223732887,0.0899344387335028,0.12758990438854972,-0.19129580520196776,0.0315949712444055
WK003485,Overig Almere Hout,2002,4.073215988888605,-0.029048862255080066,NA,NA,NA,NA,NA
WK003485,Overig Almere Hout,2008,4.198679272906816,0.09641442176313046,NA,NA,NA,NA,NA
WK003485,Overig Almere Hout,2012,4.130663644945905,0.02839879380221982,NA,NA,NA,NA,NA
WK003485,Overig Almere Hout,2014,4.132531624152013,0.030266773008328068,-0.0804106719226388,0.1062675130676004,0.10680743179636426,-0.17562806113477683,0.07323056120177877
WK003485,Overig Almere Hout,2016,4.180925700447685,0.07866084930400012,NA,NA,NA,NA,NA
WK003485,Overig Almere Hout,2018,4.219506305013628,0.11724145386994267,-0.029022039651734912,0.061335913900955115,0.1267670379289708,-0.15331519824869244,0.11147573994044417
WK003485,Overig Almere Hout,2020,4.192875153870024,0.09061030272633948,-0.051949575397625396,-0.019143073120935532,0.22556970538098117,-0.14452782271921616,0.08066106858313508
WK003485,Overig Almere Hout,2022,4.279923071365773,0.17765822022208763,-0.09752742018883949,0.061329838151610715,0.2688595443038572,-0.15507751537340173,0.10007377332886062
WK003496,Overig Almere Pampus,2002,4.186535548376258,0.08427069723257308,NA,NA,NA,NA,NA
WK003496,Overig Almere Pampus,2008,4.144843015710286,0.04257816456660102,NA,NA,NA,NA,NA
WK003496,Overig Almere Pampus,2012,4.116385075911916,0.014120224768230827,NA,NA,NA,NA,NA
WK003496,Overig Almere Pampus,2014,4.057619496684136,-0.04464535445954887,-0.05531923473820877,0.10282881468371283,0.060049798002325794,-0.2127957491561605,0.060591016748782034
WK003496,Overig Almere Pampus,2016,4.012653624183115,-0.08961122696057,NA,NA,NA,NA,NA
WK003496,Overig Almere Pampus,2018,4.06173892691049,-0.040525924233195454,-0.04758001879917967,0.09891207437647612,0.0832806873803576,-0.23725749950357555,0.0621188323127263
WK003496,Overig Almere Pampus,2020,4.110495859961331,0.008231008817645602,-0.03493161373479686,0.0799963069387957,0.09827087271979734,-0.1932403335269921,0.05813577642084139
WK003496,Overig Almere Pampus,2022,4.1159572052928155,0.013692354149130281,-0.03867255594935354,0.1044575870951435,0.09235367619824825,-0.20297138188044916,0.05852502868554105
WK003701,Stadskanaal,2002,4.017452906731672,-0.08481194441201328,NA,NA,NA,NA,NA
WK003701,Stadskanaal,2008,4.002883839879936,-0.09938101126374939,NA,NA,NA,NA,NA
WK003701,Stadskanaal,2012,4.034115080257575,-0.06814977088611085,NA,NA,NA,NA,NA
WK003701,Stadskanaal,2014,4.078883229271186,-0.02338162187249929,0.05588387936068289,0.0065817783940139004,0.019062014346221203,-0.10715935252882414,0.002250058555406606
WK003701,Stadskanaal,2016,4.060590498621693,-0.041674352521992745,NA,NA,NA,NA,NA
WK003701,Stadskanaal,2018,4.089521670651064,-0.012743180492620784,0.058095545651757695,0.016000667127558172,0.02024361326314937,-0.11232440508685218,0.0052413985517658825
WK003701,Stadskanaal,2020,4.094117623876415,-0.008147227267270338,0.05326117621750999,0.015522150677943674,0.018180603587036607,-0.1015642377257284,0.0064530799759675034
WK003701,Stadskanaal,2022,4.104260306699034,0.0019954555553485655,0.056833930030932206,0.018237343286707182,0.015827208162383245,-0.10785664987201225,0.0189536239473379
WK003702,Musselkanaal,2002,4.054815660366027,-0.04744919077765819,NA,NA,NA,NA,NA
WK003702,Musselkanaal,2008,4.028941894245726,-0.07332295689795885,NA,NA,NA,NA,NA
WK003702,Musselkanaal,2012,4.035170322782529,-0.06709452836115669,NA,NA,NA,NA,NA
WK003702,Musselkanaal,2014,4.03670111329624,-0.06556373784744567,0.04851037756010678,0.02384439401362325,0.040561361387948004,-0.1872603044277646,0.008780433618640643
WK003702,Musselkanaal,2016,4.057004229006832,-0.04526062213685309,NA,NA,NA,NA,NA
WK003702,Musselkanaal,2018,4.03661898950179,-0.06564586164189558,0.043398759981456356,0.03008089598962312,0.04135626566764082,-0.1980199154382943,0.01753813215767822
WK003702,Musselkanaal,2020,4.068075198216436,-0.03418965292724982,0.0395354773492242,0.05366336921730244,0.03926783853452438,-0.18291927472859384,0.016262936700292732
WK003702,Musselkanaal,2022,4.022962502507641,-0.07930234863604362,0.04340944431269653,0.01291828142690866,0.03549529682794073,-0.1988157719852578,0.027690400781667963
WK003703,Onstwedde,2002,4.163522682464384,0.061257831320699146,NA,NA,NA,NA,NA
WK003703,Onstwedde,2008,4.1633065337201485,0.061041682576463266,NA,NA,NA,NA,NA
WK003703,Onstwedde,2012,4.194435789280007,0.09217093813632125,NA,NA,NA,NA,NA
WK003703,Onstwedde,2014,4.187446205294152,0.08518135415046647,0.061679760721533645,0.08157536309915593,0.07872483274301997,-0.18532440590190274,0.04852580348865934
WK003703,Onstwedde,2016,4.193228366282414,0.09096351513872872,NA,NA,NA,NA,NA
WK003703,Onstwedde,2018,4.189102516265094,0.08683766512140909,0.06732654089921211,0.08332138969612433,0.07591979052293639,-0.18369408689370315,0.04396403089683913
WK003703,Onstwedde,2020,4.180759085901333,0.07849423475764779,0.0644180650767498,0.09060344388703649,0.0713087792428845,-0.198579904597387,0.05074385114836378
WK003703,Onstwedde,2022,4.118889973356679,0.016625122212994007,0.05913479553778603,0.04485332167988663,0.0658157218449641,-0.21324117038915066,0.060062453539507614
WK003704,Mussel,2002,4.2550574765519995,0.15279262540831423,NA,NA,NA,NA,NA
WK003704,Mussel,2008,4.197806966292734,0.09554211514904914,NA,NA,NA,NA,NA
WK003704,Mussel,2012,4.207444184353943,0.10517933321025791,NA,NA,NA,NA,NA
WK003704,Mussel,2014,4.19544288052006,0.09317802937637483,0.05828052137235779,0.09129246462415712,0.0968555725725637,-0.22796318010643735,0.07471265091373328
WK003704,Mussel,2016,4.216085476468844,0.11382062532515831,NA,NA,NA,NA,NA
WK003704,Mussel,2018,4.175256742930296,0.07299189178661045,0.05798072772458833,0.09145593277623427,0.08822418330610184,-0.23953284089553953,0.07486388887522517
WK003704,Mussel,2020,4.184832568259969,0.08256771711628394,0.05434771446984372,0.09940740557094614,0.07934557270815738,-0.2276482578199918,0.07711528218732816
WK003704,Mussel,2022,4.138845542423581,0.036580691279895966,0.05179663925629362,0.06881361604730696,0.07716659711756108,-0.23497592764870198,0.0737797665074359
WK003705,Alteveer,2002,4.200199629204204,0.09793477806051826,NA,NA,NA,NA,NA
WK003705,Alteveer,2008,4.186192162184001,0.08392731104031481,NA,NA,NA,NA,NA
WK003705,Alteveer,2012,4.193807074521133,0.09154222337744791,NA,NA,NA,NA,NA
WK003705,Alteveer,2014,4.168944418377616,0.06667956723393052,0.046943540271576684,0.09538346284375895,0.08341503137140449,-0.22910992621937443,0.0700474589665646
WK003705,Alteveer,2016,4.199259652403425,0.096994801259739985,NA,NA,NA,NA,NA
WK003705,Alteveer,2018,4.175493168644584,0.0732283175008989,0.036662467794921855,0.10454210240511544,0.09105152232589989,-0.23085342146959012,0.07182564644455158
WK003705,Alteveer,2020,4.1395047673607515,0.03723991621706624,0.03148852460590414,0.08514269041570345,0.07227046269836422,-0.2272508629779793,0.07558910147507343
WK003705,Alteveer,2022,4.083781585584632,-0.018483265559053514,0.038778847499163764,0.04047032360943231,0.06551587810419515,-0.235100217998346,0.07185190322650094
WK004700,Wijk 00 Veendam-kern,2002,4.06535276098381,-0.0369120901598748,NA,NA,NA,NA,NA
WK004700,Wijk 00 Veendam-kern,2008,4.04918049365579,-0.053084357487895466,NA,NA,NA,NA,NA
WK004700,Wijk 00 Veendam-kern,2012,4.052067368963441,-0.050197482180243926,NA,NA,NA,NA,NA
WK004700,Wijk 00 Veendam-kern,2014,4.0465373997639675,-0.055727451379718275,0.04717563248654699,-0.011180742496612361,0.014344101893279376,-0.0834864172180846,-0.022580026044847965
WK004700,Wijk 00 Veendam-kern,2016,4.084495349404581,-0.017769501739103744,NA,NA,NA,NA,NA
WK004700,Wijk 00 Veendam-kern,2018,4.082966467114308,-0.019298384029376548,0.04227456870962312,0.011432747505655675,0.01012823951729282,-0.0765094239685305,-0.00662451579341794
WK004700,Wijk 00 Veendam-kern,2020,4.083342716899893,-0.018922134243792726,0.03689934021276746,0.025064557649098696,0.006992271369399854,-0.07343808997712872,-0.014440213497930275
WK004700,Wijk 00 Veendam-kern,2022,4.127491042292048,0.025226191148362637,0.04276830744598828,0.03557080983749753,0.011523310519364094,-0.07095631034968407,0.006320073695196508
WK004701,Wijk 01 Veendam-buitengebied,2002,4.203274524645148,0.10100967350146288,NA,NA,NA,NA,NA
WK004701,Wijk 01 Veendam-buitengebied,2008,4.1990586392472835,0.09679378810359836,NA,NA,NA,NA,NA
WK004701,Wijk 01 Veendam-buitengebied,2012,4.183619523482285,0.08135467233860004,NA,NA,NA,NA,NA
WK004701,Wijk 01 Veendam-buitengebied,2014,4.164158742849373,0.06189389170568764,-0.009906835122989342,0.07691264452748932,0.09750938843616475,-0.18318107853614138,0.08055977240116405
WK004701,Wijk 01 Veendam-buitengebied,2016,4.200427863810727,0.09816301266704185,NA,NA,NA,NA,NA
WK004701,Wijk 01 Veendam-buitengebied,2018,4.197109792241506,0.09484494109782074,3.509700820341923e-4,0.09877900106322948,0.08968707396874466,-0.17936250092870135,0.08539039691251345
WK004701,Wijk 01 Veendam-buitengebied,2020,4.196209226350091,0.09394437520640621,-0.010361285476476677,0.11140618846475754,0.07711773649932147,-0.17371027134260658,0.08949200706141015
WK004701,Wijk 01 Veendam-buitengebied,2022,4.219391933300057,0.11712708215637142,-0.01392324021729475,0.1221887084450211,0.0868990552412542,-0.16862593140603424,0.09058849009342489
WK004702,Wijk 02 Wildervank,2002,4.122253490095768,0.019988638952083224,NA,NA,NA,NA,NA
WK004702,Wijk 02 Wildervank,2008,4.115492115424047,0.013227264280361823,NA,NA,NA,NA,NA
WK004702,Wijk 02 Wildervank,2012,4.115956104886102,0.013691253742417017,NA,NA,NA,NA,NA
WK004702,Wijk 02 Wildervank,2014,4.113327347880891,0.011062496737205862,0.04293425920560591,0.029465933697369506,0.0547889259424236,-0.15201222585050664,0.035885603742313206
WK004702,Wijk 02 Wildervank,2016,4.123758453894944,0.02149360275125847,NA,NA,NA,NA,NA
WK004702,Wijk 02 Wildervank,2018,4.127493000179451,0.02522814903576599,0.04625996661041211,0.04543811257634153,0.048274082083134835,-0.14636259699731372,0.03161858476319096
WK004702,Wijk 02 Wildervank,2020,4.166233309796352,0.06396845865266676,0.040199288030977234,0.07462643554585797,0.038738311371819545,-0.13483072687444583,0.04523515057845759
WK004702,Wijk 02 Wildervank,2022,4.176040526519897,0.07377567537621285,0.027836150987442326,0.09319272481520315,0.04829305186102158,-0.14553049707791638,0.0499842447904619
WK005000,Wijk 00,2002,4.060320737376055,-0.04194411376762991,NA,NA,NA,NA,NA
WK005000,Wijk 00,2008,4.05594050748047,-0.046324343663215334,NA,NA,NA,NA,NA
WK005000,Wijk 00,2012,4.085009422898591,-0.017255428245094385,NA,NA,NA,NA,NA
WK005000,Wijk 00,2014,4.078941566479723,-0.023323284663961413,0.018646057567326547,0.06442033924464195,0.026302970892893112,-0.13434115542202116,0.0016485030531978328
WK005000,Wijk 00,2016,4.1061279794995125,0.003863128355826774,NA,NA,NA,NA,NA
WK005000,Wijk 00,2018,4.102108770700941,-1.5608044274470197e-4,0.018224150684858813,0.07100832949859799,0.023829434326138266,-0.1291483083707138,0.015930313418373775
WK005000,Wijk 00,2020,4.092606248062525,-0.0096586030811607,0.01834663052197046,0.07423633516082555,0.023163178707812416,-0.14118827990494803,0.015783532433178624
WK005000,Wijk 00,2022,4.097053531839862,-0.0052113193038236414,0.01715437191891633,0.06422392698094032,0.030267574417206046,-0.14171058097167263,0.024853388350786047
WK005900,Wijk 00 Noord,2002,4.050430888394734,-0.051833962748951246,NA,NA,NA,NA,NA
WK005900,Wijk 00 Noord,2008,4.105291813588203,0.0030269624445176434,NA,NA,NA,NA,NA
WK005900,Wijk 00 Noord,2012,4.094718471188811,-0.007546379954874454,NA,NA,NA,NA,NA
WK005900,Wijk 00 Noord,2014,4.079071898458512,-0.023192952685173948,0.03590063968115484,0.05313484288112963,0.048914340920757304,-0.17541975495220596,0.014276978783989931
WK005900,Wijk 00 Noord,2016,4.101680116448636,-5.847346950490962e-4,NA,NA,NA,NA,NA
WK005900,Wijk 00 Noord,2018,4.085451475908317,-0.016813375235368182,0.027963911779453843,0.05510071278070199,0.04687993768283693,-0.17808361692268335,0.03132567944432212
WK005900,Wijk 00 Noord,2020,4.093619469938073,-0.008645381205612295,0.021879728436915297,0.059554880687095246,0.041743393324819564,-0.16242247583716243,0.030599092182719764
WK005900,Wijk 00 Noord,2022,4.118631284988105,0.01636643384441991,0.030882643856784214,0.0780376335864325,0.04422890718615821,-0.17489988929179143,0.038117138506836123
WK005901,Wijk 01 Centrum,2002,4.110455206112253,0.008190354968566816,NA,NA,NA,NA,NA
WK005901,Wijk 01 Centrum,2008,4.138727046746685,0.03646219560300002,NA,NA,NA,NA,NA
WK005901,Wijk 01 Centrum,2012,4.125959274751456,0.02369442360777156,NA,NA,NA,NA,NA
WK005901,Wijk 01 Centrum,2014,4.127871170193239,0.025606319049552996,0.03383391000609125,0.07935266493001598,0.06627625054784915,-0.19387418556882557,0.040017679134421856
WK005901,Wijk 01 Centrum,2016,4.151925849220862,0.04966099807717673,NA,NA,NA,NA,NA
WK005901,Wijk 01 Centrum,2018,4.129437720664518,0.027172869520832525,0.02933153621451967,0.08830022053331948,0.061938568584416376,-0.19709491012551225,0.04469745431408897
WK005901,Wijk 01 Centrum,2020,4.116508191250016,0.014243340106331798,0.023281785152522664,0.0755773804942643,0.059476807311363664,-0.1861378110692113,0.04204517821739215
WK005901,Wijk 01 Centrum,2022,4.110636720548407,0.008371869404721878,0.020283925126173268,0.0855191244314968,0.06102328632041473,-0.20229725936116516,0.043842792887801935
WK005902,Wijk 02 Zuid,2002,4.0906155709982706,-0.011649280145414689,NA,NA,NA,NA,NA
WK005902,Wijk 02 Zuid,2008,4.119888014230197,0.01762316308651217,NA,NA,NA,NA,NA
WK005902,Wijk 02 Zuid,2012,4.112280895442735,0.010016044299050147,NA,NA,NA,NA,NA
WK005902,Wijk 02 Zuid,2014,4.155906300505728,0.05364144936204269,0.03861215468271191,0.07357924135631548,0.0504159297571183,-0.12754739126176,0.018581514827656725
WK005902,Wijk 02 Zuid,2016,4.1326556840347655,0.03039083289107971,NA,NA,NA,NA,NA
WK005902,Wijk 02 Zuid,2018,4.10271520875298,4.503576092949858e-4,0.03512302214019615,0.0565875710485463,0.04376786240101336,-0.16256646934589816,0.027538371365437037
WK005902,Wijk 02 Zuid,2020,4.103235678251752,9.708271080671572e-4,0.029901355160050186,0.05238142426063413,0.037597299528369224,-0.14616611533725948,0.02725686349627284
WK005902,Wijk 02 Zuid,2022,4.103295761818429,0.0010309106747434871,0.033968625181609785,0.05507605194736522,0.039802645478252595,-0.16012511069545377,0.03230869876296939
WK006000,Wijk 00,2002,4.224805927423075,0.1225410762793906,NA,NA,NA,NA,NA
WK006000,Wijk 00,2008,4.251038313159937,0.14877346201625224,NA,NA,NA,NA,NA
WK006000,Wijk 00,2012,4.273795333407563,0.1715304822638774,NA,NA,NA,NA,NA
WK006000,Wijk 00,2014,4.269222766841127,0.16695791569744092,0.1724882019775509,0.09412606687319594,0.07038036095736014,-0.20989831767938907,0.039861603568722696
WK006000,Wijk 00,2016,4.30411340537473,0.20184855423104545,NA,NA,NA,NA,NA
WK006000,Wijk 00,2018,4.2735837350273,0.17131888388361502,0.14764872895264963,0.11884617035215068,0.07312589512810808,-0.21171751863993032,0.043415608090636715
WK006000,Wijk 00,2020,4.277750681512291,0.1754858303686062,0.15386420078610893,0.12793227177324354,0.0724462357525743,-0.21038671767715325,0.031629839733832356
WK006000,Wijk 00,2022,4.270089340769776,0.16782448962609123,0.1584045671602632,0.11711577429271072,0.06153604827808404,-0.21375537869164046,0.04452347858667347
WK007200,Wijk 00 Harlingen,2002,4.018799767992174,-0.08346508315151126,NA,NA,NA,NA,NA
WK007200,Wijk 00 Harlingen,2008,4.054712408171952,-0.047552442971733035,NA,NA,NA,NA,NA
WK007200,Wijk 00 Harlingen,2012,4.0899294538266515,-0.01233539731703322,NA,NA,NA,NA,NA
WK007200,Wijk 00 Harlingen,2014,4.123000247890755,0.02073539674707026,0.04560519115421051,0.045814026196806704,0.01340886282588297,-0.09213637000190705,0.008043686572076863
WK007200,Wijk 00 Harlingen,2016,4.147868035432396,0.045603184288710324,NA,NA,NA,NA,NA
WK007200,Wijk 00 Harlingen,2018,4.147227358620298,0.04496250747661269,0.039680191300866835,0.0631873491862722,0.011611056116322436,-0.08759452922681786,0.018078440099968816
WK007200,Wijk 00 Harlingen,2020,4.147227090625142,0.0449622394814565,0.04221611428728914,0.06729586199006166,0.008775250406424726,-0.08602985468111816,0.012704867478798851
WK007200,Wijk 00 Harlingen,2022,4.166384979523324,0.0641201283796385,0.042719371899878594,0.07013215993868349,0.008482446937791021,-0.08470569025475137,0.0274918398580365
WK007201,Wijk 01 Midlum,2002,4.0503834061377475,-0.051881445005938213,NA,NA,NA,NA,NA
WK007201,Wijk 01 Midlum,2008,4.025202959248369,-0.07706189189531587,NA,NA,NA,NA,NA
WK007201,Wijk 01 Midlum,2012,3.996874130071952,-0.10539072107173318,NA,NA,NA,NA,NA
WK007201,Wijk 01 Midlum,2014,4.028058708450019,-0.07420614269366654,-0.04769252491519091,0.06962612348189837,0.042982884119739044,-0.18214601104782377,0.04302338566771041
WK007201,Wijk 01 Midlum,2016,3.9993003330138595,-0.10296451812982563,NA,NA,NA,NA,NA
WK007201,Wijk 01 Midlum,2018,3.9836728646460915,-0.1185919864975935,-0.05165523890577121,0.033188136186931214,0.03346717644435849,-0.17909035978052412,0.04549829955741181
WK007201,Wijk 01 Midlum,2020,4.025058268763023,-0.07720658238066258,-0.048482393076103185,0.05836108698215844,0.03625678354918529,-0.16969854364571785,0.04635648380981445
WK007201,Wijk 01 Midlum,2022,4.017017018669224,-0.08524783247446162,-0.04102936762160436,0.033587764222007266,0.03344136355897828,-0.16005455982276845,0.04880696718892546
WK007202,Wijk 02 Wijnaldum,2002,3.994227677889011,-0.10803717325467421,NA,NA,NA,NA,NA
WK007202,Wijk 02 Wijnaldum,2008,4.0807858070817264,-0.0214790440619587,NA,NA,NA,NA,NA
WK007202,Wijk 02 Wijnaldum,2012,4.044007040035695,-0.05825781110799018,NA,NA,NA,NA,NA
WK007202,Wijk 02 Wijnaldum,2014,4.097307344891293,-0.0049575062523917034,-0.01598524840203292,0.08823042359925262,0.08118660828774808,-0.2305538756149163,0.07216458587755663
WK007202,Wijk 02 Wijnaldum,2016,4.064581670271766,-0.037683180871919644,NA,NA,NA,NA,NA
WK007202,Wijk 02 Wijnaldum,2018,4.1078103156426495,0.0055454644989642865,-0.014459825038053275,0.08092319187042571,0.10071669904637225,-0.23417883507646464,0.07254423369668396
WK007202,Wijk 02 Wijnaldum,2020,4.09708346886,-0.005181382283685538,-0.02632270145486498,0.10395170256072196,0.08299455077643295,-0.23694837617454018,0.07114344200856443
WK007202,Wijk 02 Wijnaldum,2022,4.073548462100388,-0.028716389043296705,-0.04142080043872855,0.09498348678063749,0.07774518047669476,-0.2319592468662598,0.07193499100435911
WK007401,Wijk 01 Heerenveen,2002,4.0440087807009135,-0.05825607044277213,NA,NA,NA,NA,NA
WK007401,Wijk 01 Heerenveen,2008,4.090990600347895,-0.011274250795791143,NA,NA,NA,NA,NA
WK007401,Wijk 01 Heerenveen,2012,4.084904239565005,-0.017360611578680178,NA,NA,NA,NA,NA
WK007401,Wijk 01 Heerenveen,2014,4.29244202697132,0.1901771758276344,0.023767831339498058,0.12635211984579828,0.08232671913757529,-0.12379906317535942,0.08152956868012226
WK007401,Wijk 01 Heerenveen,2016,4.13799297998233,0.03572812883864403,NA,NA,NA,NA,NA
WK007401,Wijk 01 Heerenveen,2018,4.14326242777873,0.04099757663504411,0.04650335947018784,0.024800833255281002,0.00815374407911248,-0.03552635819111169,-0.0029340019784257986
WK007401,Wijk 01 Heerenveen,2020,4.154325902615748,0.052061051472063094,0.04432958303573119,0.020601069091228254,0.004747415898885422,-0.015801758257949564,-0.0018152582958325047
WK007401,Wijk 01 Heerenveen,2022,4.18958790513142,0.08732305398773507,0.044426244847120135,0.02497454010302878,0.014826798664337816,-0.008415194437681964,0.011510664810930016
WK007402,Wijk 02 Noord-Heerenveen,2002,4.1841356529592675,0.0818708018155817,NA,NA,NA,NA,NA
WK007402,Wijk 02 Noord-Heerenveen,2008,4.19661239146851,0.09434754032482495,NA,NA,NA,NA,NA
WK007402,Wijk 02 Noord-Heerenveen,2012,4.21437478748827,0.11210993634458503,NA,NA,NA,NA,NA
WK007402,Wijk 02 Noord-Heerenveen,2014,4.2716358373427505,0.1693709861990651,0.018834565659149437,0.11801742570448599,0.12786487586078116,-0.17080576643873463,0.07545988541338285
WK007402,Wijk 02 Noord-Heerenveen,2016,4.307168955353511,0.20490410420982547,NA,NA,NA,NA,NA
WK007402,Wijk 02 Noord-Heerenveen,2018,4.287650674032987,0.18538582288930147,0.03510964079655765,0.12566438066101462,0.12011136454056,-0.16938194849724306,0.07388238538841196
WK007402,Wijk 02 Noord-Heerenveen,2020,4.249917145583381,0.14765229443969577,0.01957298279037628,0.12898269904782586,0.090204565788785,-0.16414960034328888,0.07304164715599712
WK007402,Wijk 02 Noord-Heerenveen,2022,4.27480405815087,0.17253920700718473,0.021750421035183327,0.1339369337366261,0.096738148000549,-0.16433337463310604,0.08444707886793207
WK007403,Wijk 03 Hoornsterzwaag,2002,4.255261082170577,0.15299623102689158,NA,NA,NA,NA,NA
WK007403,Wijk 03 Hoornsterzwaag,2008,4.245693641618268,0.14342879047458265,NA,NA,NA,NA,NA
WK007403,Wijk 03 Hoornsterzwaag,2012,4.238559141275363,0.13629429013167843,NA,NA,NA,NA,NA
WK007403,Wijk 03 Hoornsterzwaag,2014,4.260622873850804,0.1583580227071182,0.03657740636990714,0.10974427947377523,0.09606871889979532,-0.15231277109617242,0.06828038905981267
WK007403,Wijk 03 Hoornsterzwaag,2016,4.262096387763487,0.159831536619802,NA,NA,NA,NA,NA
WK007403,Wijk 03 Hoornsterzwaag,2018,4.286494556157683,0.18422970501399724,0.04139912180599514,0.1202403557005684,0.0966373099101262,-0.1463602891395091,0.0723132067368163
WK007403,Wijk 03 Hoornsterzwaag,2020,4.261664350224218,0.1593994990805326,0.03329944837138695,0.11186526670315293,0.08304634082029584,-0.13886347780102357,0.07005192098672013
WK007403,Wijk 03 Hoornsterzwaag,2022,4.282284344192453,0.1800194930487676,0.04096424593015178,0.11494160153009633,0.08624867109433772,-0.1415636475224321,0.07942862201661358
WK007404,Wijk 04 Jubbega,2002,4.134422523876172,0.032157672732485744,NA,NA,NA,NA,NA
WK007404,Wijk 04 Jubbega,2008,4.140501085632212,0.03823623448852627,NA,NA,NA,NA,NA
WK007404,Wijk 04 Jubbega,2012,4.113429515856504,0.011164664712818862,NA,NA,NA,NA,NA
WK007404,Wijk 04 Jubbega,2014,4.163759800863511,0.06149494971982623,0.034660708959407927,0.09038477717629974,0.0701090171945158,-0.17815970716258886,0.04450015355219135
WK007404,Wijk 04 Jubbega,2016,4.174577104302044,0.07231225315835857,NA,NA,NA,NA,NA
WK007404,Wijk 04 Jubbega,2018,4.156469874743653,0.05420502359996768,0.045957943794516044,0.06466364980971748,0.06799231123599156,-0.17264092216351135,0.04823204092325365
WK007404,Wijk 04 Jubbega,2020,4.152836468572591,0.05057161742890549,0.036834213522660954,0.0733599757033268,0.0575708634810357,-0.16567095211849897,0.04847751684038073
WK007404,Wijk 04 Jubbega,2022,4.162969362525903,0.06070451138221759,0.035962048410521655,0.07762562961953047,0.058522533109213654,-0.16814135732027624,0.05673565756322779
WK007406,Wijk 06 Oranjewoud,2002,4.21571244890454,0.1134475977608545,NA,NA,NA,NA,NA
WK007406,Wijk 06 Oranjewoud,2008,4.269674023657046,0.1674091725133608,NA,NA,NA,NA,NA
WK007406,Wijk 06 Oranjewoud,2012,4.266038691138686,0.16377383999500045,NA,NA,NA,NA,NA
WK007406,Wijk 06 Oranjewoud,2014,4.396839726645787,0.29457487550210176,0.056963191636501195,0.13016125289994226,0.10399242778088201,-0.07215651146836766,0.07561451465314373
WK007406,Wijk 06 Oranjewoud,2016,4.33282651924538,0.2305616681016947,NA,NA,NA,NA,NA
WK007406,Wijk 06 Oranjewoud,2018,4.34641103000204,0.24414617885835468,0.045015827619150996,0.12207128634526193,0.08380387274392768,-0.06079991497818554,0.05405510712819931
WK007406,Wijk 06 Oranjewoud,2020,4.349687855735309,0.24742300459162336,0.03885708241140633,0.128152559950888,0.07330579801648492,-0.04608926718697702,0.05319683139982084
WK007406,Wijk 06 Oranjewoud,2022,4.352422607572226,0.2501577564285409,0.0410263253141207,0.11335195068681428,0.07729435490494584,-0.04636764564761962,0.06485277117027945
WK007407,Skarsterlân,2002,4.117197493919564,0.01493264277587846,NA,NA,NA,NA,NA
WK007407,Skarsterlân,2008,4.151732739192998,0.04946788804931343,NA,NA,NA,NA,NA
WK007407,Skarsterlân,2012,4.116439855311859,0.014175004168173995,NA,NA,NA,NA,NA
WK007407,Skarsterlân,2014,4.208547997420111,0.10628314627642613,-0.0014407875997904248,0.13229117958878517,0.09178330082267228,-0.19669761665776403,0.08034707012252282
WK007407,Skarsterlân,2016,4.136103642532838,0.0338387913891528,NA,NA,NA,NA,NA
WK007407,Skarsterlân,2018,4.210910511312922,0.108645660169237,0.013390607036051416,0.11797743677139036,0.09182582642225946,-0.19523464695845583,0.08068643689799135
WK007407,Skarsterlân,2020,4.185696040603163,0.08343118945947697,8.35921306304288e-4,0.10993642503628537,0.08057426991699855,-0.18710456356508787,0.07918913676497635
WK007407,Skarsterlân,2022,4.157838936617455,0.05557408547376945,-0.0016423432204372976,0.08483688136681701,0.07524153242342096,-0.1836616063185371,0.0807996212225056
WK007409,Boarnsterhim,2002,4.136748475119448,0.03448362397576269,NA,NA,NA,NA,NA
WK007409,Boarnsterhim,2008,4.155695001717629,0.053430150573943506,NA,NA,NA,NA,NA
WK007409,Boarnsterhim,2012,4.159464653830253,0.057199802686567554,NA,NA,NA,NA,NA
WK007409,Boarnsterhim,2014,4.161599465541799,0.059334614398113564,0.028440799449434888,0.07457230581209388,0.048832295082653875,-0.14472610528122654,0.05221531933515718
WK007409,Boarnsterhim,2016,4.1496402283829505,0.047375377239265,NA,NA,NA,NA,NA
WK007409,Boarnsterhim,2018,4.1643003264561225,0.06203547531243788,0.03261298913469715,0.07662002283154705,0.05102676072081793,-0.13722344152426094,0.03899914414963642
WK007409,Boarnsterhim,2020,4.169841417290902,0.06757656614721723,0.029456894000855216,0.08460775260222235,0.05284826628584549,-0.14220709740605297,0.04287075066434686
WK007409,Boarnsterhim,2022,4.195414999656512,0.09315014851282688,0.02905010463440201,0.10118315065227614,0.050048680055954246,-0.13842001869421844,0.05128823186441267
WK008010,Binnenstad,2002,4.065243503751538,-0.03702134739214682,NA,NA,NA,NA,NA
WK008010,Binnenstad,2008,4.103266289464227,0.0010014383205421778,NA,NA,NA,NA,NA
WK008010,Binnenstad,2012,4.114091276177968,0.011826425034282328,NA,NA,NA,NA,NA
WK008010,Binnenstad,2014,4.098006966569818,-0.0042578845738676634,0.05300007825929401,-0.17869134178345375,-0.028886379764818032,0.15675377755898817,-0.006434018843878334
WK008010,Binnenstad,2016,4.1248271420364055,0.022562290892719834,NA,NA,NA,NA,NA
WK008010,Binnenstad,2018,4.104890751299038,0.0026259001553527155,0.04161730811134751,-0.18531140082329656,-0.031028064432152176,0.16557546096346856,0.0117725963359851
WK008010,Binnenstad,2020,3.956622607317876,-0.14564224382580962,0.0394251692892462,-0.17669611078854017,-0.004911735077962642,0.10497935887370653,-0.10843892612225979
WK008010,Binnenstad,2022,4.071428874852813,-0.030835976290872466,0.03227720423466706,-0.17859885460139702,-0.032230369959095215,0.19709624948292703,-0.04938020544797461
WK008011,Potmargezone,2002,3.949290112401275,-0.15297473874241013,NA,NA,NA,NA,NA
WK008011,Potmargezone,2008,4.020713053638688,-0.08155179750499714,NA,NA,NA,NA,NA
WK008011,Potmargezone,2012,4.034277906115164,-0.06798694502852116,NA,NA,NA,NA,NA
WK008011,Potmargezone,2014,4.027276139540021,-0.07498871160366445,0.019175061843468465,-0.09486005495907945,-0.035078474069098906,0.06152984953330169,-0.02575509395225654
WK008011,Potmargezone,2016,4.0928340492486806,-0.009430801895003966,NA,NA,NA,NA,NA
WK008011,Potmargezone,2018,4.065970053138444,-0.036294798005241276,0.016448624555881523,-0.07513169122466423,-0.031970993376109445,0.06317717880626167,-0.008817916766611074
WK008011,Potmargezone,2020,4.007316256583277,-0.09494859456040891,0.015303819234962523,-0.0716917984665524,-0.027722188423840822,0.028091477536838803,-0.0389299044418173
WK008011,Potmargezone,2022,4.13313071426682,0.030865863123135155,0.017833372621057667,-0.044779100962608405,-0.023783139382283335,0.08240720291572534,-8.124720687564184e-4
WK008020,Oud-Oost,2002,3.9902429111336266,-0.11202194001005858,NA,NA,NA,NA,NA
WK008020,Oud-Oost,2008,4.0339422035467525,-0.06832264759693266,NA,NA,NA,NA,NA
WK008020,Oud-Oost,2012,4.022663349782191,-0.07960150136149423,NA,NA,NA,NA,NA
WK008020,Oud-Oost,2014,3.9686481396389675,-0.13361671150471782,0.03299814012920653,-0.1315581317126604,-0.048098644942406565,0.07812749552154938,-0.06508557050040703
WK008020,Oud-Oost,2016,3.9822082180091365,-0.12005663313454867,NA,NA,NA,NA,NA
WK008020,Oud-Oost,2018,3.9771212510246636,-0.12514360011902126,0.02696990045727296,-0.13002839374967953,-0.0503942221823831,0.07596287435773813,-0.04765375900196998
WK008020,Oud-Oost,2020,3.8897031997845954,-0.2125616513590898,0.026033822536147215,-0.14611446903952705,-0.054533073921604586,0.03446404052187542,-0.07241197145598113
WK008020,Oud-Oost,2022,3.98887129030351,-0.11339356084017488,0.025989148019676292,-0.15542185366703898,-0.06067576053086008,0.08762756435881965,-0.010912659020772023
WK008030,Sonnenborgh e.o.,2002,4.112391854852698,0.01012700370901225,NA,NA,NA,NA,NA
WK008030,Sonnenborgh e.o.,2008,4.150502542888368,0.048237691744683835,NA,NA,NA,NA,NA
WK008030,Sonnenborgh e.o.,2012,4.131967551201099,0.029702700057414277,NA,NA,NA,NA,NA
WK008030,Sonnenborgh e.o.,2014,4.15075579201796,0.0484909408742739,0.02091388494361355,-0.022228051093684472,-0.012371407983351686,0.08072702828850246,-0.01855051328080621
WK008030,Sonnenborgh e.o.,2016,4.163111557524947,0.06084670638126143,NA,NA,NA,NA,NA
WK008030,Sonnenborgh e.o.,2018,4.167416661902705,0.0651518107590195,0.026777585729270928,-0.009506013862656761,-0.013690242159424916,0.08086423389261767,-0.019293752840787697
WK008030,Sonnenborgh e.o.,2020,4.088326291640615,-0.013938559503070297,0.019640017598764072,-0.0036012121321121375,-0.01309382801959434,0.023273351034631642,-0.040156887984759825
WK008030,Sonnenborgh e.o.,2022,4.190659991882143,0.08839514073845724,0.018188503765201487,0.012921217548350166,-0.0084843545391775025,0.08285967588836417,-0.017089901924281326
WK008031,Westeinde e.o.,2002,4.120998578496647,0.01873372735296163,NA,NA,NA,NA,NA
WK008031,Westeinde e.o.,2008,4.164822017634706,0.06255716649102046,NA,NA,NA,NA,NA
WK008031,Westeinde e.o.,2012,4.162407004285818,0.060142153142132906,NA,NA,NA,NA,NA
WK008031,Westeinde e.o.,2014,4.200984933090984,0.09872008194729887,0.027993603413047373,0.061125422970668544,0.003197512171020676,0.00928237679993955,-0.0028788334073775296
WK008031,Westeinde e.o.,2016,4.207630778979475,0.10536592783578902,NA,NA,NA,NA,NA
WK008031,Westeinde e.o.,2018,4.197347200848457,0.09508234970477121,0.02855438444214898,0.05825952064546056,0.0064370287790919,0.008930692430974597,-0.007099276592905071
WK008031,Westeinde e.o.,2020,4.159264290336856,0.056999439193170874,0.02358618853847792,0.05284651455954367,0.008512843330802664,-0.02997983776792398,0.002033730532270384
WK008031,Westeinde e.o.,2022,4.217447165186129,0.11518231404244386,0.012621328216390178,0.07984537379362613,0.006204988184306168,0.003571172225419432,0.012939451622701655
WK008032,Vossepark & Helicon,2002,4.193120381674633,0.09085553053094776,NA,NA,NA,NA,NA
WK008032,Vossepark & Helicon,2008,4.246657382400112,0.1443925312564272,NA,NA,NA,NA,NA
WK008032,Vossepark & Helicon,2012,4.205681736848708,0.10341688570502248,NA,NA,NA,NA,NA
WK008032,Vossepark & Helicon,2014,4.202172714679649,0.09990786353596309,0.018741495058291945,1.7215926496601735e-4,-0.0022963383805440227,0.09264601927990526,-0.009355471686656378
WK008032,Vossepark & Helicon,2016,4.242285855949197,0.1400210048055116,NA,NA,NA,NA,NA
WK008032,Vossepark & Helicon,2018,4.262037753642698,0.15977290249901244,0.018917479759961137,0.05458224588576516,0.004839346138606907,0.0918806761844527,-0.010446845469773737
WK008032,Vossepark & Helicon,2020,4.190409149039489,0.08814429789580354,0.015790304384437934,0.06358662348885198,0.006400761027872755,0.027392134922204898,-0.02502552592756429
WK008032,Vossepark & Helicon,2022,4.2813338854485945,0.179069034304909,-0.00592658114252202,0.07499003882829763,-0.0011359871708725578,0.09330738961650648,0.017834174173499206
WK008040,Huizum-West,2002,4.098131167334384,-0.004133683809301026,NA,NA,NA,NA,NA
WK008040,Huizum-West,2008,4.123347888596529,0.021083037452843546,NA,NA,NA,NA,NA
WK008040,Huizum-West,2012,4.110844115660001,0.008579264516315641,NA,NA,NA,NA,NA
WK008040,Huizum-West,2014,4.0816380563690675,-0.020626794774617957,0.00634734649742972,-0.05214468625841107,-0.024737334028484395,0.07999841692360753,-0.030090537908759995
WK008040,Huizum-West,2016,4.134274193703303,0.03200934255961729,NA,NA,NA,NA,NA
WK008040,Huizum-West,2018,4.122039658831102,0.019774807687416716,0.011838554775835076,-0.03263369629832652,-0.025281376057361794,0.08229390825417825,-0.016442582986908566
WK008040,Huizum-West,2020,4.06551276689408,-0.036752084249604994,0.005645619844969164,-0.02041120768360079,-0.025345002720886065,0.0370994787405607,-0.0337409724306483
WK008040,Huizum-West,2022,4.185205910780906,0.08294105963722075,8.647483526648963e-4,0.005382405581700956,-0.012775099354738974,0.08634059988723988,0.0031284051703537197
WK008041,Nijlân & De Zwette,2002,3.9961666964129456,-0.10609815473073907,NA,NA,NA,NA,NA
WK008041,Nijlân & De Zwette,2008,4.009410531072666,-0.0928543200710192,NA,NA,NA,NA,NA
WK008041,Nijlân & De Zwette,2012,3.998817773318379,-0.10344707782530604,NA,NA,NA,NA,NA
WK008041,Nijlân & De Zwette,2014,3.9886675969079346,-0.11359725423575073,0.014466929461071452,-0.07053358628842407,-0.021128795574596723,0.032757572090309627,-0.06915937392411131
WK008041,Nijlân & De Zwette,2016,3.9910764709810325,-0.11118838016265323,NA,NA,NA,NA,NA
WK008041,Nijlân & De Zwette,2018,4.032626831827643,-0.06963801931604185,0.015853891309978177,-0.02115981850521747,-0.023647944117484405,0.037763060161970056,-0.0784472081652885
WK008041,Nijlân & De Zwette,2020,3.99037436365506,-0.11189048748862523,0.00936309930487389,-0.03171015967147415,-0.019983169657527534,8.804898509601952e-4,-0.07044074731545792
WK008041,Nijlân & De Zwette,2022,4.06975344632044,-0.032511404823246236,0.013531036294223977,-0.025822877396925664,-0.026765689665442807,0.04080702292415924,-0.03426089697926129
WK008050,Heechterp & Schieringen,2002,3.7065865652388994,-0.3956782859047857,NA,NA,NA,NA,NA
WK008050,Heechterp & Schieringen,2008,3.72918473953343,-0.37308011161025517,NA,NA,NA,NA,NA
WK008050,Heechterp & Schieringen,2012,3.723636728214252,-0.37862812292943315,NA,NA,NA,NA,NA
WK008050,Heechterp & Schieringen,2014,3.7618418730900043,-0.3404229780536811,0.039350348126527414,-0.25685479317390447,-0.07292069966070762,0.031250914932356835,-0.08124874827795348
WK008050,Heechterp & Schieringen,2016,3.78041632510908,-0.3218485260346053,NA,NA,NA,NA,NA
WK008050,Heechterp & Schieringen,2018,3.784658437276168,-0.31760641386751726,0.03179011571962335,-0.22420922740032354,-0.07735001725223398,0.025314427004576548,-0.07315171193915988
WK008050,Heechterp & Schieringen,2020,3.7423567705824503,-0.35990808056123497,0.032619208127432034,-0.24109653255039262,-0.07819213371456268,-0.009182764560230173,-0.0640558578634818
WK008050,Heechterp & Schieringen,2022,3.763759465753677,-0.3385053853900087,0.03342220040364659,-0.2736550150278794,-0.07466091518284645,0.03333312455904076,-0.05694478014197044
WK008051,Camminghaburen e.o.,2002,4.0143736643505195,-0.08789118679316628,NA,NA,NA,NA,NA
WK008051,Camminghaburen e.o.,2008,4.052596407229638,-0.04966844391404707,NA,NA,NA,NA,NA
WK008051,Camminghaburen e.o.,2012,4.043489121200136,-0.05877572994354954,NA,NA,NA,NA,NA
WK008051,Camminghaburen e.o.,2014,4.081930534847998,-0.02033431629568736,0.03241408887097714,0.023377887149839016,0.013449917501540568,-0.0613710420350534,-0.028205167782990998
WK008051,Camminghaburen e.o.,2016,4.115659542237859,0.013394691094173171,NA,NA,NA,NA,NA
WK008051,Camminghaburen e.o.,2018,4.126593365372216,0.024328514228530457,0.03157981061416146,0.06534314568959854,0.010231797374097755,-0.0656313962098029,-0.017194843239524624
WK008051,Camminghaburen e.o.,2020,4.10283458224455,5.697311008651544e-4,0.02803497943275434,0.0765485876117676,0.008168421461571814,-0.08584369830209426,-0.02633855910313462
WK008051,Camminghaburen e.o.,2022,4.1613935511358635,0.059128699992177805,0.026828301548937408,0.06881936308976762,0.013512306193738137,-0.05402468559888212,0.0039934147586164976
WK008060,Bilgaard & Havankpark e.o.,2002,4.0013673110499655,-0.10089754009372007,NA,NA,NA,NA,NA
WK008060,Bilgaard & Havankpark e.o.,2008,3.9808024454253563,-0.12146240571832916,NA,NA,NA,NA,NA
WK008060,Bilgaard & Havankpark e.o.,2012,3.9683795627485106,-0.1338852883951747,NA,NA,NA,NA,NA
WK008060,Bilgaard & Havankpark e.o.,2014,3.989862543873186,-0.11240230727049934,0.04972599821169371,-0.09541181067897127,-0.043528048938240735,0.03529438836310367,-0.058482834228084986
WK008060,Bilgaard & Havankpark e.o.,2016,3.943452391165982,-0.15881245997770344,NA,NA,NA,NA,NA
WK008060,Bilgaard & Havankpark e.o.,2018,4.004309213255333,-0.09795563788835293,0.04395891114259275,-0.07508193830902687,-0.039475024558933446,0.029469697842052403,-0.05682728400503804
WK008060,Bilgaard & Havankpark e.o.,2020,3.950335428442765,-0.15192942270092027,0.040804539987680875,-0.06487269895882977,-0.04093033375140822,-0.01898081412146518,-0.06795011585689824
WK008060,Bilgaard & Havankpark e.o.,2022,3.9684217940731843,-0.1338430570705009,0.04805715814514001,-0.10923962703609874,-0.053321046948488104,0.022880207994233227,-0.042219749225287526
WK008061,Vrijheidswijk,2002,3.821758647527051,-0.2805062036166341,NA,NA,NA,NA,NA
WK008061,Vrijheidswijk,2008,3.8311666309451,-0.27109822019858576,NA,NA,NA,NA,NA
WK008061,Vrijheidswijk,2012,3.8890863872409955,-0.21317846390268969,NA,NA,NA,NA,NA
WK008061,Vrijheidswijk,2014,3.941076428614823,-0.16118842252886229,0.03887033035358813,-0.10230992654699045,-0.05304981671877585,0.008776398892774668,-0.05347540850945907
WK008061,Vrijheidswijk,2016,3.9105153781082844,-0.19174947303540102,NA,NA,NA,NA,NA
WK008061,Vrijheidswijk,2018,3.9820475100075874,-0.12021734113609799,0.03482147626923244,-0.06567382401602453,-0.044976414450954794,-0.0020806813421602086,-0.04230789759619118
WK008061,Vrijheidswijk,2020,3.952974221779494,-0.14929062936419082,0.03637889003391764,-0.06397335938048108,-0.0444148410014033,-0.03589140543577113,-0.04138991358045327
WK008061,Vrijheidswijk,2022,3.9956444634922588,-0.10662038765142651,0.041144240452018546,-0.08234368674341223,-0.05810693657810977,0.003980496266163633,-0.011294501048086915
WK008062,Dokkumer Ie e.o.,2002,4.114441644098852,0.012176792955165968,NA,NA,NA,NA,NA
WK008062,Dokkumer Ie e.o.,2008,4.124766223804838,0.022501372661153037,NA,NA,NA,NA,NA
WK008062,Dokkumer Ie e.o.,2012,4.188511263428618,0.08624641228493177,NA,NA,NA,NA,NA
WK008062,Dokkumer Ie e.o.,2014,4.237016591439991,0.13475174029630543,0.02355375271217064,0.08865872995333893,0.07342830672506871,-0.10669766020964229,0.055808611115369146
WK008062,Dokkumer Ie e.o.,2016,4.25553383330173,0.15326898215804444,NA,NA,NA,NA,NA
WK008062,Dokkumer Ie e.o.,2018,4.266914818749538,0.1646499676058528,0.029215476537787638,0.10628202593296925,0.08171447280890741,-0.10991502600661682,0.05735301833280508
WK008062,Dokkumer Ie e.o.,2020,4.208221574753842,0.1059567236101566,0.018029707759410256,0.1042505985033502,0.0635949629305376,-0.13182285561443394,0.051904310031292186
WK008062,Dokkumer Ie e.o.,2022,4.257182177788412,0.15491732664472643,0.021090629162057287,0.11256510518564834,0.06475832609976598,-0.10421359706789844,0.06071686326515305
WK008063,Stiens e.o.,2002,4.111945126192261,0.009680275048575195,NA,NA,NA,NA,NA
WK008063,Stiens e.o.,2008,4.114809563259512,0.012544712115827094,NA,NA,NA,NA,NA
WK008063,Stiens e.o.,2012,4.125259472146847,0.022994621003161256,NA,NA,NA,NA,NA
WK008063,Stiens e.o.,2014,4.156727531965936,0.054462680822251586,0.03974017439593294,0.06752130115699273,0.050643518442933785,-0.12805651042044838,0.02461419724684019
WK008063,Stiens e.o.,2016,4.182552833423511,0.08028798227982614,NA,NA,NA,NA,NA
WK008063,Stiens e.o.,2018,4.15829669910479,0.05603184796110468,0.043236279322602884,0.0737831032589264,0.04339175552242168,-0.12893471256155514,0.024555422418708565
WK008063,Stiens e.o.,2020,4.122045432467101,0.0197805813234156,0.03862788421643497,0.06616297034273326,0.039115867923745946,-0.14799530063362026,0.023869159474121413
WK008063,Stiens e.o.,2022,4.168498122651956,0.06623327150827019,0.03434996051614468,0.08553614148511571,0.03705674725236351,-0.13536668801634755,0.04465711027099354
WK008070,Aldlân & De Hemrik,2002,4.08103672476186,-0.021228126381824735,NA,NA,NA,NA,NA
WK008070,Aldlân & De Hemrik,2008,4.119711038286599,0.01744618714291391,NA,NA,NA,NA,NA
WK008070,Aldlân & De Hemrik,2012,4.115995127526926,0.013730276383240859,NA,NA,NA,NA,NA
WK008070,Aldlân & De Hemrik,2014,4.168557235454805,0.06629238431111972,0.0324042856026962,0.040808284816830645,0.02235449342541875,0.0029350688121799564,-0.032209748346006095
WK008070,Aldlân & De Hemrik,2016,4.185169785933342,0.0829049347896564,NA,NA,NA,NA,NA
WK008070,Aldlân & De Hemrik,2018,4.186157233961682,0.08389238281799644,0.02792222474819222,0.050611245315101305,0.014832922203247233,0.008406542831580823,-0.017880552280125476
WK008070,Aldlân & De Hemrik,2020,4.125929183738606,0.023664332594920064,0.02273810557793975,0.061023394555851505,0.016587617874340925,-0.0235212053564782,-0.0531635800567342
WK008070,Aldlân & De Hemrik,2022,4.177577724668216,0.07531287352453148,0.019446648949513964,0.06453395530214091,0.009400562402396187,0.013464235613263703,-0.03153252874278362
WK008071,Goutum,2002,4.277177796299893,0.17491294515620723,NA,NA,NA,NA,NA
WK008071,Goutum,2008,4.3326788182554,0.2304139671117149,NA,NA,NA,NA,NA
WK008071,Goutum,2012,4.322741025156713,0.22047617401302771,NA,NA,NA,NA,NA
WK008071,Goutum,2014,4.331621323929928,0.22935647278624247,0.03906537977958313,0.08348373207503032,0.07989980109860952,-0.027605414481985377,0.05451297431500458
WK008071,Goutum,2016,4.314876839002576,0.21261198785889054,NA,NA,NA,NA,NA
WK008071,Goutum,2018,4.34433632130607,0.24207147016238545,0.03202474631399816,0.10607551579156828,0.08591571229968847,-0.03357483172070139,0.051630327477831674
WK008071,Goutum,2020,4.3296566071363145,0.2273917559926292,0.025952438568625738,0.12378158235535854,0.08385979060807036,-0.05415524458555297,0.0479531890461273
WK008071,Goutum,2022,4.355707243324753,0.2534423921810676,0.03185120718792586,0.11421066175080177,0.07698597702172286,-0.022233453913985443,0.052628000134602344
WK008072,Hempens/Teerns & Zuiderburen,2002,4.131294217822084,0.02902936667839959,NA,NA,NA,NA,NA
WK008072,Hempens/Teerns & Zuiderburen,2008,4.2967777739132655,0.19451292276958107,NA,NA,NA,NA,NA
WK008072,Hempens/Teerns & Zuiderburen,2012,4.246551461685168,0.14428661054148248,NA,NA,NA,NA,NA
WK008072,Hempens/Teerns & Zuiderburen,2014,4.255833475646056,0.15356862450237058,0.06317021314632931,0.07242961344585591,0.08075284711309148,-0.09962456017016334,0.036840510967256865
WK008072,Hempens/Teerns & Zuiderburen,2016,4.278513486313585,0.1762486351699003,NA,NA,NA,NA,NA
WK008072,Hempens/Teerns & Zuiderburen,2018,4.297776465344122,0.19551161420043672,0.060722501438986734,0.11009026459929419,0.08073478648869696,-0.10275395233363283,0.04671801400709137
WK008072,Hempens/Teerns & Zuiderburen,2020,4.2718462457817274,0.16958139463804242,0.05550086204067596,0.11581817772532568,0.07632042725638838,-0.11813374503511431,0.04007567265076647
WK008072,Hempens/Teerns & Zuiderburen,2022,4.302052306669877,0.19978745552619126,0.0533975384988734,0.12143506498904037,0.07021466274022772,-0.0989654940821206,0.0537056833801701
WK008073,De Zuidlanden,2002,4.010701436990604,-0.09156341415308102,NA,NA,NA,NA,NA
WK008073,De Zuidlanden,2008,4.073295249282577,-0.02896960186110829,NA,NA,NA,NA,NA
WK008073,De Zuidlanden,2012,4.318183310540151,0.21591845939646617,NA,NA,NA,NA,NA
WK008073,De Zuidlanden,2014,4.24546656807053,0.14320171692684447,0.0031682042022792636,0.08329991024395884,0.11891989815262838,-0.09974657447880612,0.03756027880678398
WK008073,De Zuidlanden,2016,4.2343490056974495,0.1320841545537638,NA,NA,NA,NA,NA
WK008073,De Zuidlanden,2018,4.267147383950115,0.16488253280642962,0.011401350833408827,0.09281765496056356,0.11456568513622034,-0.08735453192306991,0.03345237379930654
WK008073,De Zuidlanden,2020,4.251281611457441,0.14901676031375546,9.393679200869152e-4,0.11790881645695571,0.09741320358311961,-0.09076211895797787,0.02351749131157088
WK008073,De Zuidlanden,2022,4.321298429185682,0.21903357804199688,0.018299217871995097,0.11941278683732263,0.11359350107440652,-0.06423405647821939,0.03196212873649171
WK008074,Middelsee,2002,4.165502136284594,0.0632372851409091,NA,NA,NA,NA,NA
WK008074,Middelsee,2008,4.178672049109512,0.07640719796582651,NA,NA,NA,NA,NA
WK008074,Middelsee,2012,4.23077295822625,0.1285081070825651,NA,NA,NA,NA,NA
WK008074,Middelsee,2014,4.386056546672659,0.2837916955289739,0.037176840743520845,0.12682871276557084,0.14761015533396302,-0.0951680804361642,0.0673440671220828
WK008074,Middelsee,2016,4.329219727458324,0.22695487631463873,NA,NA,NA,NA,NA
WK008074,Middelsee,2018,4.41492043896644,0.3126555878227544,0.060220668298041125,0.10889651047699472,0.1067332125839055,-0.0888710270324069,0.12567622349621976
WK008074,Middelsee,2020,4.472190687609167,0.36992583646548205,0.05211884303950809,0.1317088340327309,0.17986955095408327,-0.12793216930071338,0.13416077773987278
WK008074,Middelsee,2022,4.366268360471751,0.2640035093280663,0.026903274862634757,0.09547955798060939,0.15511120864670153,-0.09842002944916436,0.08492949728728456
WK008080,Dorpen Zuid-Oost,2002,4.141947368809191,0.03968251766550655,NA,NA,NA,NA,NA
WK008080,Dorpen Zuid-Oost,2008,4.1706102426749485,0.06834539153126307,NA,NA,NA,NA,NA
WK008080,Dorpen Zuid-Oost,2012,4.17442334993691,0.0721584987932247,NA,NA,NA,NA,NA
WK008080,Dorpen Zuid-Oost,2014,4.2103824275142845,0.10811757637059952,0.033912152754649455,0.08277962844567185,0.059564302119571234,-0.1262740795634305,0.0581355726141372
WK008080,Dorpen Zuid-Oost,2016,4.200157386052613,0.09789253490892759,NA,NA,NA,NA,NA
WK008080,Dorpen Zuid-Oost,2018,4.19019230218246,0.08792745103877482,0.03583092456486917,0.07769454090941284,0.0501594710272439,-0.13946549025163796,0.06370800478888658
WK008080,Dorpen Zuid-Oost,2020,4.166549380702539,0.06428452955885319,0.030235941860273043,0.08716499711587791,0.05110061538481736,-0.14643570363831637,0.042218678836200965
WK008080,Dorpen Zuid-Oost,2022,4.212475600431916,0.11021074928823082,0.030535012403027906,0.09639686858719174,0.04710473135424937,-0.1324223292504756,0.06859646619423715
WK008081,Dorpen Zuid-West,2002,4.150877111452791,0.048612260309105954,NA,NA,NA,NA,NA
WK008081,Dorpen Zuid-West,2008,4.146376962125169,0.04411211098148396,NA,NA,NA,NA,NA
WK008081,Dorpen Zuid-West,2012,4.163518747081303,0.06125389593761845,NA,NA,NA,NA,NA
WK008081,Dorpen Zuid-West,2014,4.173347721258452,0.07108287011476631,0.02007652107460794,0.10670681861680172,0.08539190001367532,-0.19635850764671345,0.05526613805639453
WK008081,Dorpen Zuid-West,2016,4.19369555751932,0.09143070637563465,NA,NA,NA,NA,NA
WK008081,Dorpen Zuid-West,2018,4.196051041581961,0.09378619043827578,0.03296065075150777,0.1115791355853213,0.08275575854052451,-0.20061904907171899,0.06710969463264094
WK008081,Dorpen Zuid-West,2020,4.193505331732908,0.09124048058922227,0.015512746980402649,0.11201580549871853,0.09139423247041102,-0.20069522429639228,0.07301291993608203
WK008081,Dorpen Zuid-West,2022,4.200524640309121,0.09825978916543533,0.017181089805316737,0.11112052021054304,0.07551784711838741,-0.19604228343022334,0.09048261546141123
WK008082,Grou e.o.,2002,4.084778729125664,-0.017486122018021424,NA,NA,NA,NA,NA
WK008082,Grou e.o.,2008,4.121830351033415,0.019565499889730168,NA,NA,NA,NA,NA
WK008082,Grou e.o.,2012,4.149210167162202,0.04694531601851735,NA,NA,NA,NA,NA
WK008082,Grou e.o.,2014,4.151992814574597,0.04972796343091125,0.04318422792917594,0.06653631440534272,0.03570677126078174,-0.12430077410069124,0.028601423936301794
WK008082,Grou e.o.,2016,4.1400873926132435,0.037822541469558095,NA,NA,NA,NA,NA
WK008082,Grou e.o.,2018,4.152531864677451,0.05026701353376645,0.041974706884492216,0.07180065803994334,0.031816352680665135,-0.12566475807752567,0.030340054006191136
WK008082,Grou e.o.,2020,4.151144954652912,0.04888010350922689,0.03657069818916819,0.07689334924543831,0.03098485965331843,-0.1244972689227079,0.028928465344009634
WK008082,Grou e.o.,2022,4.152179313718583,0.04991446257489777,0.033869164749286876,0.06587650031814145,0.03234913451317517,-0.1221646407288317,0.03998430372312573
WK008501,Appelscha,2002,4.101005683606352,-0.0012591675373330845,NA,NA,NA,NA,NA
WK008501,Appelscha,2008,4.103465905314184,0.0012010541704992159,NA,NA,NA,NA,NA
WK008501,Appelscha,2012,4.117552088947095,0.015287237803410335,NA,NA,NA,NA,NA
WK008501,Appelscha,2014,4.148836715534695,0.04657186439100955,0.06478576421011643,0.0622266640257711,0.0462885482356268,-0.14268700073123922,0.01595788865073412
WK008501,Appelscha,2016,4.144554477737891,0.042289626594206625,NA,NA,NA,NA,NA
WK008501,Appelscha,2018,4.150376490135169,0.04811163899148397,0.06725105343495895,0.06327914760910874,0.04760019593503767,-0.15210777257312041,0.022089014585498726
WK008501,Appelscha,2020,4.1402915239764715,0.038026672832786275,0.061528620921348275,0.06478506664571405,0.043000967952443875,-0.15572537585157306,0.024437393164852873
WK008501,Appelscha,2022,4.144997271601186,0.04273242045750048,0.064092547067435085,0.08482109246984626,0.04329958245552908,-0.17049962458566975,0.021018823050359507
WK008502,Donkerbroek,2002,4.157747739984358,0.05548288884067293,NA,NA,NA,NA,NA
WK008502,Donkerbroek,2008,4.144577526285397,0.042312675141712566,NA,NA,NA,NA,NA
WK008502,Donkerbroek,2012,4.147827419595422,0.04556256845173694,NA,NA,NA,NA,NA
WK008502,Donkerbroek,2014,4.157526312854207,0.05526146171052209,0.04112308907384809,0.06923714572815245,0.0934641840756111,-0.18847627389451832,0.03991331672742852
WK008502,Donkerbroek,2016,4.162005763880786,0.05974091273710104,NA,NA,NA,NA,NA
WK008502,Donkerbroek,2018,4.155195723838913,0.05293087269522815,0.04961031518940249,0.054853823778573764,0.0848212128620564,-0.17962829120964593,0.04327381207484114
WK008502,Donkerbroek,2020,4.148633537907992,0.046368686764306596,0.034623339330561644,0.07142152503620167,0.0740141126353752,-0.1801919608365728,0.04650167059874056
WK008502,Donkerbroek,2022,4.15600393173597,0.05373908059228447,0.04129339516017844,0.08361823487735638,0.06563206648224035,-0.18302276597196848,0.04621815004447752
WK008503,Elsloo,2002,4.200816036839183,0.09855118569549706,NA,NA,NA,NA,NA
WK008503,Elsloo,2008,4.2101587828872615,0.10789393174357573,NA,NA,NA,NA,NA
WK008503,Elsloo,2012,4.167456557493738,0.06519170635005248,NA,NA,NA,NA,NA
WK008503,Elsloo,2014,4.180003351125209,0.07773849998152421,0.04619295762229888,0.11531650477274517,0.10270253802869722,-0.24018929859884264,0.05371579815662525
WK008503,Elsloo,2016,4.188025455275761,0.08576060413207501,NA,NA,NA,NA,NA
WK008503,Elsloo,2018,4.201088734123594,0.0988238829799091,0.05747534597075658,0.11731079846723776,0.10629035805811873,-0.2358954536380067,0.05364283412180245
WK008503,Elsloo,2020,4.167447682142893,0.06518283099920794,0.04941598926827859,0.11009316029361808,0.09959440095630918,-0.2491936246691231,0.05527290515012479
WK008503,Elsloo,2022,4.144302823557264,0.04203797241357855,0.04716764447262619,0.09399706709853413,0.09427268549608163,-0.2496247215766365,0.05622529692297284
WK008504,Fochteloo,2002,4.195788326756725,0.09352347561303968,NA,NA,NA,NA,NA
WK008504,Fochteloo,2008,4.20394710290692,0.10168225176323373,NA,NA,NA,NA,NA
WK008504,Fochteloo,2012,4.2022596642431225,0.09999481309943697,NA,NA,NA,NA,NA
WK008504,Fochteloo,2014,4.268162023750875,0.16589717260719036,0.04363134377560209,0.12828001084145957,0.1251870548728015,-0.20168612636561745,0.07048488948294454
WK008504,Fochteloo,2016,4.290106737811441,0.18784188666775542,NA,NA,NA,NA,NA
WK008504,Fochteloo,2018,4.2525985949261225,0.15033374378243697,0.06393086718470635,0.1323569499881758,0.10260434170459032,-0.21018599841202476,0.06162758331698906
WK008504,Fochteloo,2020,4.237709196108844,0.13544434496515853,0.05509626532409246,0.1080724347810373,0.11203524773251448,-0.21022135470508094,0.07046175183259502
WK008504,Fochteloo,2022,4.2595541719727885,0.15728932082910288,0.05715015758544305,0.13361075150678892,0.1126624102824097,-0.21824862798230865,0.07211462943676955
WK008505,Haule,2002,4.165632645242675,0.06336779409898954,NA,NA,NA,NA,NA
WK008505,Haule,2008,4.150647892238933,0.04838304109524722,NA,NA,NA,NA,NA
WK008505,Haule,2012,4.192787862215641,0.09052301107195583,NA,NA,NA,NA,NA
WK008505,Haule,2014,4.166633432939889,0.06436858179620387,0.018981671548985196,0.09752002361543975,0.11267745877563909,-0.21634164876923936,0.051531076625378876
WK008505,Haule,2016,4.1742712543209795,0.07200640317729413,NA,NA,NA,NA,NA
WK008505,Haule,2018,4.232499735781389,0.1302348846377035,0.04091985531267101,0.11363067615021281,0.14111289840872943,-0.21883695097381908,0.05340840573990905
WK008505,Haule,2020,4.208283202575601,0.10601835143191637,0.03230372036626132,0.10499223300480162,0.13670969935513716,-0.2235375698819255,0.05555026858764158
WK008505,Haule,2022,4.197169642368345,0.0949047912246598,0.028213494494664527,0.11542225564884326,0.12410779093789667,-0.22887192688653607,0.056033177029791215
WK008506,Haulerwijk,2002,4.123103192838413,0.02083834169472784,NA,NA,NA,NA,NA
WK008506,Haulerwijk,2008,4.1358314060626435,0.0335665549189582,NA,NA,NA,NA,NA
WK008506,Haulerwijk,2012,4.121315353211032,0.01905050206734711,NA,NA,NA,NA,NA
WK008506,Haulerwijk,2014,4.106136575143769,0.0038717240000835365,0.06453030041715994,0.04622196310903335,0.052662090015260274,-0.16757309619125368,0.008030466649883385
WK008506,Haulerwijk,2016,4.081056028116511,-0.02120882302717441,NA,NA,NA,NA,NA
WK008506,Haulerwijk,2018,4.110865406266964,0.00860055512327818,0.06478852108918855,0.029140609168096847,0.05996924299249026,-0.16818053503229863,0.022882716905800862
WK008506,Haulerwijk,2020,4.120487485044189,0.018222633900503667,0.05588858553043241,0.05010889670931544,0.05644315747177738,-0.17078156142750248,0.026563555616480675
WK008506,Haulerwijk,2022,4.112946890981545,0.01068203983786041,0.05248896530697109,0.06075200086441116,0.04464833854627196,-0.17493163154706529,0.02772436666727117
WK008507,Langedijke,2002,4.210116974191081,0.10785212304739573,NA,NA,NA,NA,NA
WK008507,Langedijke,2008,4.220939199222922,0.11867434807923759,NA,NA,NA,NA,NA
WK008507,Langedijke,2012,4.186148794888072,0.08388394374438696,NA,NA,NA,NA,NA
WK008507,Langedijke,2014,4.233696212155436,0.13143136101175046,0.060768868893267713,0.11595425589736245,0.1156641607653256,-0.21180596419972145,0.05085003965551582
WK008507,Langedijke,2016,4.232018233362266,0.12975338221858063,NA,NA,NA,NA,NA
WK008507,Langedijke,2018,4.20988948162069,0.10762463047700452,0.0739574767814083,0.11704427471673295,0.0791539927053786,-0.21434494920728633,0.05181383548077078
WK008507,Langedijke,2020,4.164418802002591,0.06215395085890574,0.06595472285092902,0.09949802869589114,0.07098452338322743,-0.22810344821880865,0.053820124147666445
WK008507,Langedijke,2022,4.194729837023971,0.09246498588028561,0.06429697029086318,0.13018324543935672,0.07655101847357684,-0.22949983106431202,0.05093358274080059
WK008508,Makkinga,2002,4.1456314540721415,0.04336660292845688,NA,NA,NA,NA,NA
WK008508,Makkinga,2008,4.18004172821874,0.07777687707505476,NA,NA,NA,NA,NA
WK008508,Makkinga,2012,4.173886971934385,0.0716221207907002,NA,NA,NA,NA,NA
WK008508,Makkinga,2014,4.192814526126895,0.09054967498320987,0.04669944850717589,0.11971206436980075,0.08221044497835017,-0.20040428145473116,0.04233199858261386
WK008508,Makkinga,2016,4.108517908035282,0.006253056891596496,NA,NA,NA,NA,NA
WK008508,Makkinga,2018,4.180703976079153,0.0784391249354674,0.049970037582515614,0.10920520939656805,0.0785851346882813,-0.20373989973585652,0.044418643003958855
WK008508,Makkinga,2020,4.154120228219082,0.051855377075396364,0.04722027799258471,0.10202502036279669,0.07888381414954829,-0.2237604230468718,0.04748668761733817
WK008508,Makkinga,2022,4.165282668251181,0.06301781710749589,0.04584640811311624,0.12115246469864664,0.0768479685875358,-0.22490411916373226,0.044075094871929205
WK008509,Nijeberkoop,2002,4.248627053157537,0.14636220201385214,NA,NA,NA,NA,NA
WK008509,Nijeberkoop,2008,4.252341578594178,0.1500767274504931,NA,NA,NA,NA,NA
WK008509,Nijeberkoop,2012,4.203720895748419,0.10145604460473391,NA,NA,NA,NA,NA
WK008509,Nijeberkoop,2014,4.2026200398482825,0.10035518870459714,0.061699053355017255,0.127657593966623,0.08739713615456199,-0.24875672431203885,0.07235812954043346
WK008509,Nijeberkoop,2016,4.182215040608149,0.07995018946446358,NA,NA,NA,NA,NA
WK008509,Nijeberkoop,2018,4.235002946619471,0.13273809547578566,0.0796570036637114,0.10679890339456362,0.11798756212286637,-0.24017757511739116,0.06847220141203518
WK008509,Nijeberkoop,2020,4.192110154277293,0.08984530313360756,0.059671978936425195,0.09700088713403655,0.10050707626346192,-0.2429770147468575,0.07564237554654114
WK008509,Nijeberkoop,2022,4.201236149332439,0.0989712981887532,0.059282111447161695,0.1192335854524246,0.09707184066457707,-0.24437241852462746,0.06775617914921701
WK008510,Oldeberkoop,2002,4.1683503285454595,0.06608547740177388,NA,NA,NA,NA,NA
WK008510,Oldeberkoop,2008,4.1543694641230555,0.05210461297937071,NA,NA,NA,NA,NA
WK008510,Oldeberkoop,2012,4.138837898059522,0.03657304691583682,NA,NA,NA,NA,NA
WK008510,Oldeberkoop,2014,4.190538281945054,0.08827343080136885,0.05784385084439516,0.09984004167877973,0.06802879443505201,-0.18120820338698237,0.043768947230124054
WK008510,Oldeberkoop,2016,4.231928411197865,0.12966356005418045,NA,NA,NA,NA,NA
WK008510,Oldeberkoop,2018,4.202769058708396,0.10050420756471115,0.0551806772495597,0.10004146024203173,0.06881326386175445,-0.17149120265979312,0.047960008871158026
WK008510,Oldeberkoop,2020,4.184521656331433,0.08225680518774767,0.04791089061255215,0.08613179845154434,0.06157431081349913,-0.1684439623396576,0.05508376764980937
WK008510,Oldeberkoop,2022,4.191029455378287,0.08876460423460217,0.048682257868053094,0.09651375462542448,0.058916052883696356,-0.16850913634592984,0.0531616752033579
WK008511,Oosterwolde,2002,4.073273263433381,-0.028991587710304047,NA,NA,NA,NA,NA
WK008511,Oosterwolde,2008,4.088889667638607,-0.013375183505077945,NA,NA,NA,NA,NA
WK008511,Oosterwolde,2012,4.123633486959727,0.021368635816041752,NA,NA,NA,NA,NA
WK008511,Oosterwolde,2014,4.075318049424231,-0.02694680171945451,0.06251239687188336,0.0030274299379328433,0.02108664958260975,-0.1071312045068384,-0.006442073605042302
WK008511,Oosterwolde,2016,4.110310456705368,0.008045605561682977,NA,NA,NA,NA,NA
WK008511,Oosterwolde,2018,4.115850627616075,0.013585776472389352,0.06203507260319267,0.03758164465786722,0.023694564788059293,-0.1096271904460377,-9.831513069244104e-5
WK008511,Oosterwolde,2020,4.1260120081183915,0.02374715697470623,0.056266281907123614,0.07091074477025557,0.021002395366655813,-0.12064825529796928,-0.0037840097713597535
WK008511,Oosterwolde,2022,4.130011816453686,0.027746965310000687,0.05822305557637551,0.06500810557990215,0.029329781574886898,-0.12999533383206613,0.005181356410902008
WK008512,Ravenswoud,2002,4.2632856960547105,0.1610208449110253,NA,NA,NA,NA,NA
WK008512,Ravenswoud,2008,4.24674053989505,0.14447568875136502,NA,NA,NA,NA,NA
WK008512,Ravenswoud,2012,4.196516231441929,0.09425138029824362,NA,NA,NA,NA,NA
WK008512,Ravenswoud,2014,4.245195113118123,0.14293026197443714,0.10876339356601371,0.1119801553754293,0.09236930383619132,-0.21494306303548105,0.04476047223228361
WK008512,Ravenswoud,2016,4.2156801342601975,0.11341528311651224,NA,NA,NA,NA,NA
WK008512,Ravenswoud,2018,4.243958300571148,0.14169344942746195,0.12187083247067078,0.10115723808896793,0.08937569761633897,-0.22048756780075404,0.04977724905223816
WK008512,Ravenswoud,2020,4.227584407153954,0.12531955601026926,0.11010886027171325,0.0945023677061595,0.09607049675769733,-0.22604552214626997,0.050683353420968795
WK008512,Ravenswoud,2022,4.240951025692827,0.13868617454914278,0.11508845976663878,0.10290340391194534,0.0991680340635173,-0.23197998797468392,0.05350626478172499
WK008513,Waskemeer,2002,4.196717813385945,0.09445296224226031,NA,NA,NA,NA,NA
WK008513,Waskemeer,2008,4.231640424925631,0.1293755737819467,NA,NA,NA,NA,NA
WK008513,Waskemeer,2012,4.211726081779393,0.10946123063570742,NA,NA,NA,NA,NA
WK008513,Waskemeer,2014,4.174092465957075,0.07182761481338906,0.0387075537475181,0.08856123595709925,0.09888962984816776,-0.1882517882874262,0.033920983548029936
WK008513,Waskemeer,2016,4.192166974742067,0.08990212359838165,NA,NA,NA,NA,NA
WK008513,Waskemeer,2018,4.1585097849254815,0.056244933781796076,0.05505968548369354,0.058311028024421424,0.103551095521404,-0.19119046344854887,0.030513588200825666
WK008513,Waskemeer,2020,4.148426043787028,0.04616119264334206,0.038475953854897854,0.08383668617769995,0.08085009344350035,-0.20266814812751602,0.04566660729475965
WK008513,Waskemeer,2022,4.149242053044108,0.0469772019004228,0.03482016407865944,0.09478074961181367,0.07505028061952768,-0.2054209951417338,0.04774700273215552
WK008601,Bakkeveen,2002,4.177605212494099,0.07534036135041439,NA,NA,NA,NA,NA
WK008601,Bakkeveen,2008,4.215868998909139,0.11360414776545356,NA,NA,NA,NA,NA
WK008601,Bakkeveen,2012,4.233603210639183,0.13133835949549802,NA,NA,NA,NA,NA
WK008601,Bakkeveen,2014,4.207404564874939,0.10513971373125383,0.07895585143389612,0.07312460949057946,0.07427721910154274,-0.17794251930637314,0.05672455301160833
WK008601,Bakkeveen,2016,4.192226451348001,0.08996160020431646,NA,NA,NA,NA,NA
WK008601,Bakkeveen,2018,4.230198084472791,0.12793323332910633,0.08416967379399838,0.08155060945319745,0.07549756293401688,-0.17090720070019086,0.057622587848084134
WK008601,Bakkeveen,2020,4.21551645996639,0.11325160882270548,0.07638091901017106,0.09228036639281453,0.0655294697071731,-0.1750487031188819,0.054109556831428415
WK008601,Bakkeveen,2022,4.215859945536585,0.11359509439290011,0.08226763840116692,0.09542535297003309,0.05806520499615181,-0.1794509854289911,0.05728788345453914
WK008602,Beetsterzwaag,2002,4.191789079074072,0.08952422793038659,NA,NA,NA,NA,NA
WK008602,Beetsterzwaag,2008,4.233959593681012,0.13169474253732724,NA,NA,NA,NA,NA
WK008602,Beetsterzwaag,2012,4.228232710900094,0.12596785975640878,NA,NA,NA,NA,NA
WK008602,Beetsterzwaag,2014,4.296310156238694,0.19404530509500872,0.10323823758133817,0.10537847666457689,0.05605577281831317,-0.11065625419074908,0.04002907222152926
WK008602,Beetsterzwaag,2016,4.28080408910899,0.17853923796530508,NA,NA,NA,NA,NA
WK008602,Beetsterzwaag,2018,4.3213565080211795,0.21909165687749432,0.09958632853643515,0.09292143383092479,0.08775208674786245,-0.10321423705300087,0.04204604481527252
WK008602,Beetsterzwaag,2020,4.304923596766466,0.2026587456227808,0.09629097699644455,0.09238037022622236,0.056233549940538974,-0.08419559002232399,0.04194943848189863
WK008602,Beetsterzwaag,2022,4.304705843697872,0.20244099255418652,0.1040480843447537,0.10141428186662006,0.050172081018761874,-0.09307803396935596,0.03988457929340669
WK008604,Frieschepalen,2002,4.172523598512476,0.07025874736879065,NA,NA,NA,NA,NA
WK008604,Frieschepalen,2008,4.239495102160513,0.13723025101682762,NA,NA,NA,NA,NA
WK008604,Frieschepalen,2012,4.222362959089596,0.12009810794591096,NA,NA,NA,NA,NA
WK008604,Frieschepalen,2014,4.229181826611763,0.12691697546807718,0.05549323936576499,0.11919742491092371,0.0875226342324803,-0.18629874624930057,0.05100242320820846
WK008604,Frieschepalen,2016,4.184525428212686,0.08226057706900052,NA,NA,NA,NA,NA
WK008604,Frieschepalen,2018,4.24553526198294,0.14327041083925507,0.05501809759880445,0.11094244791307326,0.096935243020787,-0.17432454289287017,0.05469916519946027
WK008604,Frieschepalen,2020,4.248858270695324,0.14659341955163882,0.0451875415030906,0.12568315057596643,0.08863162370177871,-0.16787034270446943,0.054961446475272215
WK008604,Frieschepalen,2022,4.242530842035911,0.14026599089222525,0.036034042440867366,0.1276994942470582,0.08464540765147363,-0.16463322321832696,0.05652026977115263
WK008605,Gorredijk,2002,4.055112240313705,-0.04715261082998036,NA,NA,NA,NA,NA
WK008605,Gorredijk,2008,4.073741144746606,-0.02852370639707896,NA,NA,NA,NA,NA
WK008605,Gorredijk,2012,4.0760197581572415,-0.026245092986443952,NA,NA,NA,NA,NA
WK008605,Gorredijk,2014,4.095249498664031,-0.007015352479654468,0.057260980207526645,0.03178777671507046,0.01891732516560855,-0.12436747309676618,0.00938603852890576
WK008605,Gorredijk,2016,4.052527021808464,-0.04973782933522138,NA,NA,NA,NA,NA
WK008605,Gorredijk,2018,4.107580389373699,0.005315538230014134,0.05584438608729245,0.036044794484422014,0.01725872924248387,-0.12173554904026644,0.017903177456081998
WK008605,Gorredijk,2020,4.117364787676893,0.015099936533207422,0.05303446142935408,0.02617625656221535,0.019752563606839687,-0.10360691998564744,0.019743574920445473
WK008605,Gorredijk,2022,4.153218386206028,0.05095353506234282,0.0504888833371844,0.061405177178624246,0.023532317016338285,-0.12111648624118908,0.03664364377138472
WK008606,Hemrik,2002,4.2816747067485,0.17940985560481462,NA,NA,NA,NA,NA
WK008606,Hemrik,2008,4.311601239591126,0.20933638844744099,NA,NA,NA,NA,NA
WK008606,Hemrik,2012,4.31412746437865,0.21186261323496466,NA,NA,NA,NA,NA
WK008606,Hemrik,2014,4.298554171808715,0.1962893206650298,0.07843114157026711,0.09288537150150177,0.15543316174407634,-0.21600864887162138,0.08554829472080576
WK008606,Hemrik,2016,4.307764219290675,0.20549936814698974,NA,NA,NA,NA,NA
WK008606,Hemrik,2018,4.2914269346668394,0.1891620835231537,0.08274525707386352,0.07864815862063577,0.15632194268286354,-0.21265381094450353,0.08410053609029408
WK008606,Hemrik,2020,4.199811677310576,0.0975468261668907,0.0692036857250696,0.08347709882065468,0.06793005991751354,-0.21002209493618954,0.0869580766398421
WK008606,Hemrik,2022,4.197324177654717,0.09505932651103177,0.06827472920515743,0.08879414683880105,0.06256087876593174,-0.2100861641393104,0.0855157358404517
WK008607,Jonkerslân,2002,4.192926405413703,0.0906615542700179,NA,NA,NA,NA,NA
WK008607,Jonkerslân,2008,4.239762692051612,0.1374978409079274,NA,NA,NA,NA,NA
WK008607,Jonkerslân,2012,4.241910307560805,0.13964545641711956,NA,NA,NA,NA,NA
WK008607,Jonkerslân,2014,4.274060924230528,0.17179607308684272,0.04563091402868537,0.13598787298514112,0.11464534760077687,-0.20406571404581905,0.07959765251805793
WK008607,Jonkerslân,2016,4.195706534677136,0.09344168353345106,NA,NA,NA,NA,NA
WK008607,Jonkerslân,2018,4.276550388667148,0.17428553752346215,0.05714223841763482,0.13033923278201742,0.10949876845344365,-0.20411762055009644,0.08142291842046229
WK008607,Jonkerslân,2020,4.23027701110337,0.12801215995968493,0.04153217954629629,0.11067385978340712,0.08756329802987416,-0.19612630536425238,0.08436912796435962
WK008607,Jonkerslân,2022,4.255860373816487,0.15359552267280227,0.040207901852196345,0.14270183640685752,0.0865020970909529,-0.20103062369002628,0.08521431101282144
WK008608,Langezwaag,2002,4.176980581282087,0.07471573013840131,NA,NA,NA,NA,NA
WK008608,Langezwaag,2008,4.188161621686647,0.08589677054296167,NA,NA,NA,NA,NA
WK008608,Langezwaag,2012,4.208240062128984,0.10597521098529859,NA,NA,NA,NA,NA
WK008608,Langezwaag,2014,4.212638740520807,0.11037388937712188,0.020973087102351663,0.10450425563736612,0.08518648007136712,-0.18768441986105566,0.08739448642709242
WK008608,Langezwaag,2016,4.172615267014212,0.07035041587052664,NA,NA,NA,NA,NA
WK008608,Langezwaag,2018,4.231266475214101,0.12900162407041593,0.03538262555768954,0.10459971676944574,0.08532341607289051,-0.1834249331593823,0.08712079882977215
WK008608,Langezwaag,2020,4.206137344179542,0.10387249303585665,0.02123856049704616,0.08395119852246005,0.08449283025811431,-0.1726017844151466,0.08679168817338245
WK008608,Langezwaag,2022,4.231449726721493,0.12918487557780775,0.026542997998219502,0.1008322887288604,0.08623400291571359,-0.1733310994882505,0.08890668542326452
WK008609,Lippenhuizen,2002,4.225746199588419,0.12348134844473346,NA,NA,NA,NA,NA
WK008609,Lippenhuizen,2008,4.2314957528001464,0.1292309016564605,NA,NA,NA,NA,NA
WK008609,Lippenhuizen,2012,4.25115895244335,0.1488941012996652,NA,NA,NA,NA,NA
WK008609,Lippenhuizen,2014,4.221386995295399,0.1191221441517134,0.04335303997222826,0.07854928563952812,0.09152878254916512,-0.17169557652828363,0.07738661251907518
WK008609,Lippenhuizen,2016,4.226432765324403,0.12416791418071757,NA,NA,NA,NA,NA
WK008609,Lippenhuizen,2018,4.2319945642493275,0.12972971310564246,0.05418016971402178,0.07198390320045676,0.08722717032514413,-0.16322178719049585,0.07956025705651534
WK008609,Lippenhuizen,2020,4.21028554781126,0.10802069666757501,0.03885587896180979,0.07960892348302462,0.05977480067738651,-0.15702562175480486,0.08680671530015868
WK008609,Lippenhuizen,2022,4.233339203275229,0.1310743521315427,0.04162382183263729,0.10212901213133958,0.06058760785721215,-0.16047378870206527,0.08720769901241861
WK008610,Luxwoude,2002,4.251172046323522,0.14890719517983714,NA,NA,NA,NA,NA
WK008610,Luxwoude,2008,4.294159693499877,0.19189484235619123,NA,NA,NA,NA,NA
WK008610,Luxwoude,2012,4.275852703998847,0.17358785285516193,NA,NA,NA,NA,NA
WK008610,Luxwoude,2014,4.244046303890725,0.1417814527470401,0.027508638386611908,0.10988881052843914,0.11199498477271767,-0.18320118502124194,0.07559020408051297
WK008610,Luxwoude,2016,4.306620802623108,0.20435595147942276,NA,NA,NA,NA,NA
WK008610,Luxwoude,2018,4.2620939152585295,0.15982906411484385,0.03114838356032984,0.1218896073710589,0.11140317832944432,-0.18046300812153432,0.07585090297554481
WK008610,Luxwoude,2020,4.22160941194217,0.11934456079848527,0.024970722016407154,0.09646860592144993,0.09695112917897826,-0.1741768406626789,0.07513094434432868
WK008610,Luxwoude,2022,4.246118856635857,0.14385400549217192,0.025175393996805455,0.11356008166790663,0.10250025419385346,-0.17416274144586408,0.07678101707947015
WK008611,Nij Beets,2002,4.1742285277559406,0.07196367661225596,NA,NA,NA,NA,NA
WK008611,Nij Beets,2008,4.222953277000118,0.12068842585643297,NA,NA,NA,NA,NA
WK008611,Nij Beets,2012,4.195952190394453,0.093687339250768,NA,NA,NA,NA,NA
WK008611,Nij Beets,2014,4.228297607468217,0.12603275632453198,0.048145975998660454,0.10196720581128238,0.10168358545017224,-0.20457397857557064,0.07880996763998721
WK008611,Nij Beets,2016,4.225695373515706,0.12343052237202089,NA,NA,NA,NA,NA
WK008611,Nij Beets,2018,4.226633766578161,0.12436891543447542,0.05680447648702755,0.09636776609264268,0.08997014822460028,-0.1980940312469236,0.07932055587712833
WK008611,Nij Beets,2020,4.223549901998107,0.12128505085442114,0.044329342694849165,0.10489558607129915,0.08770171750143907,-0.19658209448126718,0.08094049906810058
WK008611,Nij Beets,2022,4.228768721473524,0.1265038703298385,0.047074596863719564,0.11146316253021363,0.0862021545640775,-0.19816340815665992,0.07992736452848757
WK008613,Siegerswoude,2002,4.301635978629633,0.1993711274859476,NA,NA,NA,NA,NA
WK008613,Siegerswoude,2008,4.295692170343053,0.19342731919936756,NA,NA,NA,NA,NA
WK008613,Siegerswoude,2012,4.2701152080477485,0.16785035690406344,NA,NA,NA,NA,NA
WK008613,Siegerswoude,2014,4.308408100573919,0.20614324943023318,0.028916073640340503,0.13721328789431111,0.13195648507358612,-0.20401947516971675,0.11207687799171198
WK008613,Siegerswoude,2016,4.3320814042331826,0.22981655308949736,NA,NA,NA,NA,NA
WK008613,Siegerswoude,2018,4.31455067155604,0.2122858204123543,0.053328703315326256,0.11714235665899145,0.12627998123352124,-0.19828211978993673,0.1138168989944518
WK008613,Siegerswoude,2020,4.284104859942062,0.18184000879837675,0.029823559923968502,0.12106533808860252,0.11553313592375791,-0.1982937969484547,0.11371177181050234
WK008613,Siegerswoude,2022,4.270649655169976,0.1683848040262909,0.015858080397774338,0.1341570546949397,0.11356646766139535,-0.20454839122398902,0.10935159249617031
WK008614,Terwispel,2002,4.259182081774089,0.15691723063040375,NA,NA,NA,NA,NA
WK008614,Terwispel,2008,4.272303242574098,0.17003839143041283,NA,NA,NA,NA,NA
WK008614,Terwispel,2012,4.301000828804531,0.19873597766084586,NA,NA,NA,NA,NA
WK008614,Terwispel,2014,4.288893763798018,0.18662891265433273,0.0436977842733135,0.11808079323188553,0.10610493643601948,-0.1721918642195038,0.09093726293261777
WK008614,Terwispel,2016,4.25891847858632,0.1566536274426352,NA,NA,NA,NA,NA
WK008614,Terwispel,2018,4.275858071855442,0.17359322071175676,0.05540424798645377,0.09853575787727521,0.09512543065091116,-0.16751686559222917,0.09204464978934553
WK008614,Terwispel,2020,4.257885698829671,0.1556208476859858,0.04282731685844785,0.10068455076924424,0.08224414366310738,-0.1628141661720768,0.0926790025672627
WK008614,Terwispel,2022,4.243888807627539,0.14162395648385362,0.02906441357936656,0.1139883806011986,0.07571540699898756,-0.16986494306408434,0.09272069836838495
WK008615,Tijnje,2002,4.196050945392456,0.09378609424877112,NA,NA,NA,NA,NA
WK008615,Tijnje,2008,4.1816073922872805,0.07934254114359503,NA,NA,NA,NA,NA
WK008615,Tijnje,2012,4.230564304650948,0.12829945350726318,NA,NA,NA,NA,NA
WK008615,Tijnje,2014,4.255689968263402,0.15342511711971663,0.04776822087210765,0.11423923799165474,0.08106431803123541,-0.16108799021882553,0.07144133044354403
WK008615,Tijnje,2016,4.186543701849264,0.0842788507055792,NA,NA,NA,NA,NA
WK008615,Tijnje,2018,4.235641722426711,0.13337687128302514,0.04956445650650702,0.09498546968606826,0.08110813378717466,-0.16398042746498898,0.07169923876826385
WK008615,Tijnje,2020,4.20474559221646,0.10248074107277463,0.040844215038927545,0.0873453719932872,0.072304934075003,-0.17007864776174422,0.07206486772730072
WK008615,Tijnje,2022,4.191632331100074,0.08936747995638894,0.04234508815890017,0.073144771589756,0.06726346882517521,-0.1716891699609637,0.078303321343521
WK008616,Ureterp,2002,4.136307418418313,0.034042567274627344,NA,NA,NA,NA,NA
WK008616,Ureterp,2008,4.188215825988332,0.08595097484464677,NA,NA,NA,NA,NA
WK008616,Ureterp,2012,4.201684997901666,0.09942014675798097,NA,NA,NA,NA,NA
WK008616,Ureterp,2014,4.219476053703587,0.11721120255990165,0.05312212741892945,0.08937669315468225,0.05945310529767935,-0.11580646819891612,0.031065744887526427
WK008616,Ureterp,2016,4.184736844054398,0.08247199291071244,NA,NA,NA,NA,NA
WK008616,Ureterp,2018,4.240799043353237,0.13853419220955168,0.057152379328414694,0.09666777238025659,0.05493142108311027,-0.10958411290865168,0.03936673232642154
WK008616,Ureterp,2020,4.2473599729540945,0.14509512181040884,0.049800478007259515,0.09423299900107293,0.055942812204588396,-0.0959160929213614,0.041034925518849116
WK008616,Ureterp,2022,4.2385883553680355,0.13632350422435102,0.05493661051021271,0.08677698556000937,0.05134456266483707,-0.10427939771617878,0.04754474320547038
WK008617,Wijnjewoude,2002,4.194918379396915,0.09265352825322982,NA,NA,NA,NA,NA
WK008617,Wijnjewoude,2008,4.184344710651872,0.08207985950818689,NA,NA,NA,NA,NA
WK008617,Wijnjewoude,2012,4.191558740613923,0.0892938894702377,NA,NA,NA,NA,NA
WK008617,Wijnjewoude,2014,4.193514312859638,0.09124946171595327,0.050869341579506205,0.08129793142288455,0.07452884481886116,-0.18225342324917118,0.0668067671438722
WK008617,Wijnjewoude,2016,4.1530978643040655,0.050833013160379616,NA,NA,NA,NA,NA
WK008617,Wijnjewoude,2018,4.214250308916396,0.11198545777271153,0.06021581644190227,0.07767583195125854,0.0751749749476896,-0.17080835331624006,0.06972718774810092
WK008617,Wijnjewoude,2020,4.196494784239337,0.09422993309565164,0.050895182635215794,0.0766318065440123,0.07090733756495315,-0.176114443807086,0.07191005015855606
WK008617,Wijnjewoude,2022,4.211055933717584,0.10879108257389934,0.054195391488825205,0.10225530545169621,0.06810006348123647,-0.18661779118421845,0.07085811333635962
WK008800,Wijk 00,2002,4.113143978193877,0.010879127050191747,NA,NA,NA,NA,NA
WK008800,Wijk 00,2008,4.123618848864367,0.021353997720680893,NA,NA,NA,NA,NA
WK008800,Wijk 00,2012,4.146672828482117,0.04440797733843248,NA,NA,NA,NA,NA
WK008800,Wijk 00,2014,4.3238926040132215,0.2216277528695367,0.18890199042904326,0.15127647437941322,0.06571826775794563,-0.23303137635085833,0.04876239665399269
WK008800,Wijk 00,2016,4.299501234438693,0.19723638329500748,NA,NA,NA,NA,NA
WK008800,Wijk 00,2018,4.214329168222734,0.1120643170790482,0.16161292631623303,0.11684944489426607,0.06247352578149313,-0.27187297414535694,0.04300139423241264
WK008800,Wijk 00,2020,4.236993380491803,0.13472852934811852,0.1757081101943307,0.10915664200881134,0.061222757431484004,-0.24780167374388862,0.036442693457380756
WK008800,Wijk 00,2022,4.230242494706383,0.12797764356269764,0.19368882652225533,0.11336238235612862,0.05633708753131327,-0.2779113110844404,0.04250065823744051
WK009000,Wijk 00 Drachten,2002,4.081334916237557,-0.020929934906127982,NA,NA,NA,NA,NA
WK009000,Wijk 00 Drachten,2008,4.126125090494753,0.023860239351068308,NA,NA,NA,NA,NA
WK009000,Wijk 00 Drachten,2012,4.135748962349414,0.03348411120572857,NA,NA,NA,NA,NA
WK009000,Wijk 00 Drachten,2014,4.160401523363939,0.0581366722202545,0.06068753130285168,0.02452994019633031,0.007229516056665423,-0.026146939094793525,-0.008163376240799675
WK009000,Wijk 00 Drachten,2016,4.173760245159954,0.07149539401626923,NA,NA,NA,NA,NA
WK009000,Wijk 00 Drachten,2018,4.179699191315986,0.07743434017230193,0.0541959516006951,0.02370623293066208,0.0071874800307564915,-0.013625984824529983,0.005970660434717977
WK009000,Wijk 00 Drachten,2020,4.169711374614419,0.06744652347073357,0.04996456450111427,0.020372347479286377,0.004925087082149115,-0.007475124594292869,-3.4035099752359406e-4
WK009000,Wijk 00 Drachten,2022,4.174786533592409,0.0725216824487231,0.054028131443390255,0.022741881647527926,0.004451207726851633,-0.019280332340197933,0.010580793971150922
WK009001,Wijk 01 Overig Smallingerland,2002,4.217551731408894,0.1152868802652085,NA,NA,NA,NA,NA
WK009001,Wijk 01 Overig Smallingerland,2008,4.231362356395638,0.12909750525195302,NA,NA,NA,NA,NA
WK009001,Wijk 01 Overig Smallingerland,2012,4.252867676936284,0.1506028257925983,NA,NA,NA,NA,NA
WK009001,Wijk 01 Overig Smallingerland,2014,4.2537084510952345,0.15144359995154913,0.058970333039454655,0.10056918129214905,0.07619139863708377,-0.15706482812664496,0.07277751510950635
WK009001,Wijk 01 Overig Smallingerland,2016,4.256691318438516,0.15442646729483014,NA,NA,NA,NA,NA
WK009001,Wijk 01 Overig Smallingerland,2018,4.257865485567696,0.15560063442401062,0.05697610314400588,0.10107777541163256,0.07738184094190569,-0.15217708619044276,0.07234200111690897
WK009001,Wijk 01 Overig Smallingerland,2020,4.245269293695145,0.14300444255145975,0.05008245318713933,0.10107961150853452,0.07013531934435237,-0.1486034634131261,0.07031052192455936
WK009001,Wijk 01 Overig Smallingerland,2022,4.233650055584846,0.1313852044411608,0.056678958600788795,0.09922868252105772,0.06414930152105247,-0.1550057982816986,0.06633406007996016
WK009300,Wijk 00 West-Terschelling,2002,4.290330926290653,0.18806607514696827,NA,NA,NA,NA,NA
WK009300,Wijk 00 West-Terschelling,2008,4.341393944034568,0.23912909289088263,NA,NA,NA,NA,NA
WK009300,Wijk 00 West-Terschelling,2012,4.354547611001162,0.2522827598574773,NA,NA,NA,NA,NA
WK009300,Wijk 00 West-Terschelling,2014,4.418007950297471,0.3157430991537862,0.29161854948603744,0.06096281796531428,0.04773958283161194,-0.120448968572346,0.03587111744316827
WK009300,Wijk 00 West-Terschelling,2016,4.4399112484168155,0.33764639727313017,NA,NA,NA,NA,NA
WK009300,Wijk 00 West-Terschelling,2018,4.430340767386275,0.3280759162425896,0.2641115517161725,0.11147301268520139,0.05024322108979825,-0.13098480198830084,0.03323293273971794
WK009300,Wijk 00 West-Terschelling,2020,4.455135208371174,0.3528703572274892,0.2921276598047362,0.10285007825805471,0.04662780455085785,-0.123296734200019,0.034561548813859255
WK009300,Wijk 00 West-Terschelling,2022,4.47099616552017,0.36873131437648576,0.29757234632467994,0.10364053238098835,0.04509026590680628,-0.12464729941021603,0.04707546917422697
WK009301,Wijk 01 Midsland,2002,4.117188826617936,0.014923975474251444,NA,NA,NA,NA,NA
WK009301,Wijk 01 Midsland,2008,4.1391333271711614,0.03686847602747651,NA,NA,NA,NA,NA
WK009301,Wijk 01 Midsland,2012,4.255588353980905,0.15332350283722068,NA,NA,NA,NA,NA
WK009301,Wijk 01 Midsland,2014,4.286149309998671,0.183884458854986,0.17014827737485064,0.04978846727401783,0.069620212360626,-0.1572341637087084,0.0515616655541996
WK009301,Wijk 01 Midsland,2016,4.268181961067636,0.16591710992395062,NA,NA,NA,NA,NA
WK009301,Wijk 01 Midsland,2018,4.299554166519003,0.19728931537531727,0.14039863126216862,0.08953518549427067,0.07827675058976681,-0.16243206794830944,0.05151081597742038
WK009301,Wijk 01 Midsland,2020,4.311481252060078,0.20921640091639312,0.1419169360937255,0.10362657310539033,0.07082335046644495,-0.1572394132738355,0.050088954524667606
WK009301,Wijk 01 Midsland,2022,4.282189483617508,0.17992463247382223,0.1440175008275467,0.09010959945947167,0.0624509950106837,-0.16279177144690404,0.04613830862302391
WK009302,Wijk 02 Formerum,2002,4.324694644146809,0.22242979300312363,NA,NA,NA,NA,NA
WK009302,Wijk 02 Formerum,2008,4.384156804274192,0.2818919531305065,NA,NA,NA,NA,NA
WK009302,Wijk 02 Formerum,2012,4.437598604107076,0.33533375296339135,NA,NA,NA,NA,NA
WK009302,Wijk 02 Formerum,2014,4.379403635080593,0.2771387839369087,0.16667336430448848,0.11560131661861162,0.11649107279060779,-0.19512616139920488,0.07349919162240548
WK009302,Wijk 02 Formerum,2016,4.405306805954207,0.3030419548105209,NA,NA,NA,NA,NA
WK009302,Wijk 02 Formerum,2018,4.407700617560702,0.30543576641701725,0.14423138578318812,0.13029008916768905,0.12853112098062938,-0.19605406567616923,0.09843723616167979
WK009302,Wijk 02 Formerum,2020,4.392964709987269,0.290699858843584,0.15336193427166075,0.12742846535863833,0.1027110818152851,-0.18964218078594686,0.09684055818394653
WK009302,Wijk 02 Formerum,2022,4.346242286658177,0.2439774355144918,0.1439780503956748,0.10719050850281849,0.09457259174989438,-0.1984773624424195,0.09671364730852348
WK009303,Wijk 03 Lies,2002,4.403534463195016,0.3012696120513315,NA,NA,NA,NA,NA
WK009303,Wijk 03 Lies,2008,4.490238422995958,0.387973571852273,NA,NA,NA,NA,NA
WK009303,Wijk 03 Lies,2012,4.484508124127665,0.38224327298398003,NA,NA,NA,NA,NA
WK009303,Wijk 03 Lies,2014,4.461700218807643,0.35943536766395784,0.20999960231407108,0.1394828923966481,0.12199442268362863,-0.20058801275231256,0.08854646302192244
WK009303,Wijk 03 Lies,2016,4.507513155450529,0.405248304306844,NA,NA,NA,NA,NA
WK009303,Wijk 03 Lies,2018,4.485059267163693,0.382794416020008,0.19092805544509867,0.14294339541973058,0.15789687839457023,-0.20394998954833662,0.09497607630894488
WK009303,Wijk 03 Lies,2020,4.452221932029055,0.3499570808853699,0.19486069027781863,0.14768006745479942,0.11690094726182258,-0.20088290914494844,0.09139828503587757
WK009303,Wijk 03 Lies,2022,4.414083686305054,0.3118188351613685,0.18749946099230305,0.13009317257954697,0.10590378899182831,-0.20345235725339292,0.09177476985108281
WK009304,Wijk 04 Hoorn,2002,4.3603245079457285,0.2580596568020428,NA,NA,NA,NA,NA
WK009304,Wijk 04 Hoorn,2008,4.341446429223486,0.23918157807980048,NA,NA,NA,NA,NA
WK009304,Wijk 04 Hoorn,2012,4.3927802258826,0.2905153747389143,NA,NA,NA,NA,NA
WK009304,Wijk 04 Hoorn,2014,4.363459214401661,0.2611943632579751,0.2052657205695157,0.10308554277932037,0.09258775709860968,-0.20435122440621997,0.064606567216749
WK009304,Wijk 04 Hoorn,2016,4.312989484901108,0.21072463375742206,NA,NA,NA,NA,NA
WK009304,Wijk 04 Hoorn,2018,4.385671121467644,0.2834062703239591,0.18588031104135536,0.13478717454105893,0.10188679830558013,-0.20668633698406527,0.06753832342002965
WK009304,Wijk 04 Hoorn,2020,4.381748902446819,0.27948405130313386,0.1851165956584031,0.13400440531248312,0.09548328182899188,-0.20369627025212328,0.0685760387553787
WK009304,Wijk 04 Hoorn,2022,4.350531212316796,0.2482663611731111,0.18536737653165192,0.11937748091620126,0.08473730319073258,-0.2056514320188561,0.06443563255338135
WK009305,Wijk 05 Oosterend,2002,4.482639666167886,0.38037481502420023,NA,NA,NA,NA,NA
WK009305,Wijk 05 Oosterend,2008,4.486612720036897,0.3843478688932115,NA,NA,NA,NA,NA
WK009305,Wijk 05 Oosterend,2012,4.582769569384899,0.4805047182412133,NA,NA,NA,NA,NA
WK009305,Wijk 05 Oosterend,2014,4.432205108517746,0.32994025737406113,0.2819417719882774,0.12293374780491415,0.08645452104436785,-0.2646584174303146,0.10326863396681614
WK009305,Wijk 05 Oosterend,2016,4.578283878294991,0.4760190271513058,NA,NA,NA,NA,NA
WK009305,Wijk 05 Oosterend,2018,4.469524307971279,0.3672594568275949,0.2774610569511882,0.14312868329038422,0.11341609933232347,-0.26308546545888206,0.09633908271258104
WK009305,Wijk 05 Oosterend,2020,4.49086172568432,0.3885968745406356,0.2822761809177656,0.13891659784314897,0.121120412290702,-0.248306867841236,0.0945905513302547
WK009305,Wijk 05 Oosterend,2022,4.421366450543842,0.31910159940015653,0.2709391634418795,0.13356836613332107,0.0984024205377102,-0.26628808440463136,0.0824797336918769
WK009600,Wijk 00,2002,4.554421465294151,0.45215661415046565,NA,NA,NA,NA,NA
WK009600,Wijk 00,2008,4.651825889376027,0.5495610382323415,NA,NA,NA,NA,NA
WK009600,Wijk 00,2012,4.6706043193761175,0.568339468232432,NA,NA,NA,NA,NA
WK009600,Wijk 00,2014,4.6050067960540755,0.5027419449103907,0.38602804589200734,0.06436636881948166,0.047725529630399756,-0.02808358014204489,0.03270558071054646
WK009600,Wijk 00,2016,4.689251806830523,0.5869869556868378,NA,NA,NA,NA,NA
WK009600,Wijk 00,2018,4.579699918871867,0.4774350677281823,0.3538243317449181,0.09055646577495889,0.03476836661905207,-0.023469806525076322,0.021755710114329297
WK009600,Wijk 00,2020,4.599791023867898,0.49752617272421257,0.37649899852532476,0.12263179774932044,0.03374957192338122,-0.043568181876724836,0.00821398640291069
WK009600,Wijk 00,2022,4.505673367525352,0.403408516381667,0.3318588373096928,0.07990359878832787,0.01459779709291139,-0.034488914694227685,0.011537197884962453
WK009800,Wolvega,2002,4.001663699649102,-0.10060115149458321,NA,NA,NA,NA,NA
WK009800,Wolvega,2008,3.9988255627603793,-0.10343928838330584,NA,NA,NA,NA,NA
WK009800,Wolvega,2012,4.011873539782911,-0.09039131136077402,NA,NA,NA,NA,NA
WK009800,Wolvega,2014,4.073221157659342,-0.0290436934843433,0.028108698175138537,0.03131503765333561,0.009950501435180548,-0.0932345351480242,-0.005183395599974076
WK009800,Wolvega,2016,4.096273481650269,-0.005991369493416113,NA,NA,NA,NA,NA
WK009800,Wolvega,2018,4.115508714823513,0.013243863679827935,0.03130362360027603,0.04830333761990061,0.012716276444262401,-0.08700552156160724,0.007926147576995845
WK009800,Wolvega,2020,4.104698304989408,0.002433453845722841,0.02851952879965684,0.03503495934651961,0.011277746665368063,-0.07955069683865784,0.0071519158728358696
WK009800,Wolvega,2022,4.12391248030209,0.021647629158404867,0.029278313038939432,0.05859486938323547,0.008463994630053682,-0.09230076281445648,0.017611214920632494
WK009801,De Wolden-Ter Idzard,2002,4.1554018489753535,0.05313699783166796,NA,NA,NA,NA,NA
WK009801,De Wolden-Ter Idzard,2008,4.186159294820835,0.08389444367715052,NA,NA,NA,NA,NA
WK009801,De Wolden-Ter Idzard,2012,4.179276848549498,0.07701199740581267,NA,NA,NA,NA,NA
WK009801,De Wolden-Ter Idzard,2014,4.193618917410192,0.09135406626650694,-1.4082920751273492e-4,0.09391890700096744,0.08993139544427639,-0.19323526817324668,0.10087986120202222
WK009801,De Wolden-Ter Idzard,2016,4.225523629269249,0.1232587781255641,NA,NA,NA,NA,NA
WK009801,De Wolden-Ter Idzard,2018,4.245552601996068,0.1432877508523827,0.009926342037278591,0.11237373348195459,0.10260919270904964,-0.19053151582479913,0.10890999844889869
WK009801,De Wolden-Ter Idzard,2020,4.280467112820549,0.1782022616768632,-0.01563390904532333,0.11120345704129005,0.15976423780671928,-0.18527202853742844,0.10814050441160537
WK009801,De Wolden-Ter Idzard,2022,4.272143265499927,0.1698784143562414,-0.01514273110431557,0.10533534592213742,0.15930653854042084,-0.18819182761264583,0.10857108861064438
WK009802,De Lamers,2002,4.188040518978182,0.08577566783449675,NA,NA,NA,NA,NA
WK009802,De Lamers,2008,4.184711991729733,0.08244714058604737,NA,NA,NA,NA,NA
WK009802,De Lamers,2012,4.184047502674203,0.08178265153051759,NA,NA,NA,NA,NA
WK009802,De Lamers,2014,4.238930067211592,0.13666521606790677,0.011318832454208286,0.123360566894461,0.15887100574978924,-0.25919208988447773,0.10230690085392566
WK009802,De Lamers,2016,4.231355797162902,0.1290909460192164,NA,NA,NA,NA,NA
WK009802,De Lamers,2018,4.258769846381025,0.15650499523733982,0.02389759010623021,0.14225343338769444,0.13013733847635744,-0.25757528006657476,0.11779191333363216
WK009802,De Lamers,2020,4.225794268683466,0.12352941753978139,-0.0034931284728394497,0.13987848559139712,0.12798481668130968,-0.2539760969039178,0.11313534064383134
WK009802,De Lamers,2022,4.230947335766959,0.12868248462327303,0.007150951209927317,0.1345641969936946,0.12823070848111434,-0.2562410517093686,0.11497767964790495
WK009803,Lange-Nije-Munk,2002,4.005791045478537,-0.0964738056651487,NA,NA,NA,NA,NA
WK009803,Lange-Nije-Munk,2008,4.0493202628425164,-0.05294458830116839,NA,NA,NA,NA,NA
WK009803,Lange-Nije-Munk,2012,4.074064627599846,-0.028200223543839543,NA,NA,NA,NA,NA
WK009803,Lange-Nije-Munk,2014,4.157929447344751,0.055664596201065536,0.07478099753977241,0.07595950030041383,0.1118347967097633,-0.27586179455581705,0.06895109620693272
WK009803,Lange-Nije-Munk,2016,4.162267710321073,0.060002859177387756,NA,NA,NA,NA,NA
WK009803,Lange-Nije-Munk,2018,4.171779039644641,0.06951418850095663,0.07110284404111669,0.09277601660565604,0.10488081762410117,-0.2734245917386964,0.07417910196877882
WK009803,Lange-Nije-Munk,2020,4.166627675525807,0.06436282438212182,0.05720399590556835,0.10394440224938574,0.10031883973884895,-0.27129474790352137,0.07419033439184003
WK009803,Lange-Nije-Munk,2022,4.154752090017841,0.0524872388741557,0.03672449720777027,0.11120880408907066,0.10098949674096622,-0.2741029339805685,0.07766737481691675
WK009804,Scherpenzeel-Spanga,2002,4.193028678841729,0.09076382769804331,NA,NA,NA,NA,NA
WK009804,Scherpenzeel-Spanga,2008,4.158144482238956,0.05587963109527124,NA,NA,NA,NA,NA
WK009804,Scherpenzeel-Spanga,2012,4.133265172247426,0.03100032110374094,NA,NA,NA,NA,NA
WK009804,Scherpenzeel-Spanga,2014,4.129065678379182,0.02680082723549686,0.018551767420596818,0.12542354629222363,0.09836052040165714,-0.26930740630352906,0.053772399424548076
WK009804,Scherpenzeel-Spanga,2016,4.211342167780107,0.10907731663642217,NA,NA,NA,NA,NA
WK009804,Scherpenzeel-Spanga,2018,4.252401886455943,0.15013703531225736,0.037493617630209544,0.12422160971419063,0.18560607870520623,-0.26457676336092983,0.06739249262358046
WK009804,Scherpenzeel-Spanga,2020,4.1371968540224415,0.03493200287875595,0.025893030187120993,0.12410997516410999,0.08789608492245773,-0.2615075237848955,0.05854043638996247
WK009804,Scherpenzeel-Spanga,2022,4.135787864964971,0.03352301382128583,0.036602328373767395,0.10234171323296648,0.08863549024022294,-0.26421352076331023,0.07015700273763889
WK009805,Oldetrijne-Sonnega,2002,4.150593681913575,0.04832883076988993,NA,NA,NA,NA,NA
WK009805,Oldetrijne-Sonnega,2008,4.2034580906129015,0.10119323946921618,NA,NA,NA,NA,NA
WK009805,Oldetrijne-Sonnega,2012,4.199114224599898,0.09684937345621257,NA,NA,NA,NA,NA
WK009805,Oldetrijne-Sonnega,2014,4.220963741698793,0.11869889055510846,-1.4279005754059437e-4,0.1054452895729565,0.1255964102718845,-0.21445212151023454,0.10225210227804234
WK009805,Oldetrijne-Sonnega,2016,4.266307238981131,0.1640423878374466,NA,NA,NA,NA,NA
WK009805,Oldetrijne-Sonnega,2018,4.260042865999672,0.15777801485598705,0.0075901723094713896,0.11422997435026727,0.1265455598100889,-0.20662893432238258,0.11604124270854188
WK009805,Oldetrijne-Sonnega,2020,4.230072650495971,0.1278077993522856,-0.01242677841668964,0.11586239081773421,0.11509109417634969,-0.20380375925408772,0.11308485202897883
WK009805,Oldetrijne-Sonnega,2022,4.227649379473296,0.12538452832961072,-0.014558923195721647,0.12402751343539638,0.11329292223344023,-0.2110993933585037,0.11372240921499907
WK009806,Blesdijke,2002,4.130714530922582,0.028449679778897015,NA,NA,NA,NA,NA
WK009806,Blesdijke,2008,4.143203354588807,0.04093850344512142,NA,NA,NA,NA,NA
WK009806,Blesdijke,2012,4.153942959910357,0.051678108766672226,NA,NA,NA,NA,NA
WK009806,Blesdijke,2014,4.174842585069193,0.07257773392550805,0.017885098391816505,0.10597086405391323,0.08686880006072953,-0.22409514167006422,0.08594811308911274
WK009806,Blesdijke,2016,4.18232916670416,0.08006431556047432,NA,NA,NA,NA,NA
WK009806,Blesdijke,2018,4.201164736787491,0.09889988564380613,0.02902726654661367,0.12584585596804274,0.08479198917798814,-0.23242711937878044,0.09166189332994175
WK009806,Blesdijke,2020,4.218594398452199,0.11632954730851337,0.015269410417807163,0.12421892068409815,0.11021526000890453,-0.2242254752405734,0.09085143143827659
WK009806,Blesdijke,2022,4.219851901718298,0.11758705057461234,0.01732580165690856,0.128213030215035,0.11329539648495568,-0.23550646749246362,0.0942592897101764
WK009807,De Blesse-Peperga,2002,4.094427229597498,-0.007837621546187617,NA,NA,NA,NA,NA
WK009807,De Blesse-Peperga,2008,4.104228549953354,0.0019636988096688834,NA,NA,NA,NA,NA
WK009807,De Blesse-Peperga,2012,4.11550099399545,0.013236142851765408,NA,NA,NA,NA,NA
WK009807,De Blesse-Peperga,2014,4.125274038510821,0.023009187367136683,0.013458124675624654,0.09044684340712161,0.05792381368029637,-0.18350580868839517,0.044686214292488986
WK009807,De Blesse-Peperga,2016,4.141123010628294,0.03885815948460945,NA,NA,NA,NA,NA
WK009807,De Blesse-Peperga,2018,4.112099590836123,0.009834739692437531,0.015198471474476375,0.09400983292928787,0.05696146828136626,-0.2077376732175013,0.05140264022480802
WK009807,De Blesse-Peperga,2020,4.137685700408684,0.03542084926499934,0.010685947581045954,0.1118646219015883,0.06243846893544347,-0.1931904801694713,0.04362229101639263
WK009807,De Blesse-Peperga,2022,4.117554276695338,0.01528942555165299,0.015322177261322106,0.09598625347236096,0.06206875530366268,-0.21234632411991222,0.054258563634219166
WK009808,Steggerda,2002,4.0315166383610395,-0.07074821278264619,NA,NA,NA,NA,NA
WK009808,Steggerda,2008,4.003055050533001,-0.09920980061068442,NA,NA,NA,NA,NA
WK009808,Steggerda,2012,4.058612836316434,-0.043652014827250986,NA,NA,NA,NA,NA
WK009808,Steggerda,2014,4.098598361359559,-0.003666489784126035,0.03599450357549467,0.08788578874096087,0.0675776796775598,-0.235530460534207,0.040405998756065334
WK009808,Steggerda,2016,4.132842947028886,0.030578095885200267,NA,NA,NA,NA,NA
WK009808,Steggerda,2018,4.115269479958312,0.013004628814626839,0.03687894006889184,0.0915504719653267,0.07571499823451769,-0.24660814074456255,0.055468359290452955
WK009808,Steggerda,2020,4.116704614738359,0.014439763594673924,0.02920074728900535,0.09328766044495297,0.07978527448829517,-0.24036060479029275,0.05252668616271297
WK009808,Steggerda,2022,4.121223128291676,0.018958277147990633,0.0372380283282406,0.09492981785646867,0.07813552152585596,-0.25254443594056536,0.061199345377990454
WK009809,De Hoeve-Vinkega,2002,4.167774856674206,0.06551000553052067,NA,NA,NA,NA,NA
WK009809,De Hoeve-Vinkega,2008,4.115050447591289,0.01278559644760377,NA,NA,NA,NA,NA
WK009809,De Hoeve-Vinkega,2012,4.134998264761121,0.03273341361743545,NA,NA,NA,NA,NA
WK009809,De Hoeve-Vinkega,2014,4.1764613753486195,0.07419652420493458,0.020194007983324783,0.11258942769538242,0.11174806962869037,-0.25033692187447215,0.08000194077200894
WK009809,De Hoeve-Vinkega,2016,4.214363462944926,0.11209861180124059,NA,NA,NA,NA,NA
WK009809,De Hoeve-Vinkega,2018,4.202725520072719,0.10046066892903369,0.02974799148853955,0.09075799156193808,0.1378277144825018,-0.2478570039887135,0.0899839753847674
WK009809,De Hoeve-Vinkega,2020,4.187561920596525,0.08529706945283923,0.010740255428580541,0.11170607126452839,0.11740601094991988,-0.24491259165146892,0.09035732346127914
WK009809,De Hoeve-Vinkega,2022,4.175288772980304,0.07302392183661839,0.020080850742067585,0.09724441807620988,0.11235505745474207,-0.2500227255543146,0.09336632111791313
WK009810,Noordwolde,2002,3.971644176438855,-0.13062067470482996,NA,NA,NA,NA,NA
WK009810,Noordwolde,2008,3.9795922637327896,-0.12267258741089557,NA,NA,NA,NA,NA
WK009810,Noordwolde,2012,3.9766126287772745,-0.1256522223664109,NA,NA,NA,NA,NA
WK009810,Noordwolde,2014,3.99697615662556,-0.1052886945181253,0.03725747032091293,0.02115781573599162,0.03685489795540354,-0.2082722618847676,0.007713383354333954
WK009810,Noordwolde,2016,4.014877651630724,-0.08738719951296102,NA,NA,NA,NA,NA
WK009810,Noordwolde,2018,4.021862509901674,-0.08040234124201114,0.036612514790166764,0.03760658323363707,0.03951114761850115,-0.20408180567895062,0.009949218794634227
WK009810,Noordwolde,2020,4.0245471023314865,-0.07771774881219844,0.03577827918022273,0.036636015569275635,0.037419525084967424,-0.20189807528432538,0.014346506637660909
WK009810,Noordwolde,2022,4.03554455243544,-0.06672029870824506,0.036662198147429007,0.047618130256063484,0.035725914211933885,-0.20960355911899806,0.022877017795326346
WK009811,Oosterstreek,2002,4.18953645522363,0.08727160407994448,NA,NA,NA,NA,NA
WK009811,Oosterstreek,2008,4.12123042750103,0.018965576357344225,NA,NA,NA,NA,NA
WK009811,Oosterstreek,2012,4.1068964633181055,0.004631612174420362,NA,NA,NA,NA,NA
WK009811,Oosterstreek,2014,4.168967654391149,0.06670280324746368,0.047774124149753384,0.10117054275444796,0.09765550620287537,-0.2446682111027465,0.06477084124313316
WK009811,Oosterstreek,2016,4.136806644143663,0.034541792999977325,NA,NA,NA,NA,NA
WK009811,Oosterstreek,2018,4.169526683773345,0.06726183262965936,0.051443532316599434,0.10545685189457682,0.0889875276767505,-0.25071804079775145,0.07209196153948379
WK009811,Oosterstreek,2020,4.1397700641166155,0.03750521297292991,0.03843494737684097,0.08702850436384478,0.08983962841867825,-0.2509533095707796,0.07315544238434515
WK009811,Oosterstreek,2022,4.167156330760376,0.06489147961669066,0.04438474156364917,0.1066852168758069,0.09841121252438918,-0.25691226483197344,0.07232257348481853
WK009812,Zandhuizen,2002,4.082589635939722,-0.01967521520396327,NA,NA,NA,NA,NA
WK009812,Zandhuizen,2008,4.0435759340342665,-0.058688917109418696,NA,NA,NA,NA,NA
WK009812,Zandhuizen,2012,4.110842644484655,0.008577793340969657,NA,NA,NA,NA,NA
WK009812,Zandhuizen,2014,4.180158810583858,0.07789395944017381,0.08027054920480921,0.08533090078732714,0.0774177352116831,-0.23121550008690325,0.06609027432325733
WK009812,Zandhuizen,2016,4.184406070687366,0.08214121954368098,NA,NA,NA,NA,NA
WK009812,Zandhuizen,2018,4.158789707165401,0.056524856021715995,0.016644487038612748,0.1060946573757686,0.09725974361102198,-0.23419796032792944,0.07072392832424171
WK009812,Zandhuizen,2020,4.13252271857638,0.03025786743269496,0.004722157677180462,0.10001783713971031,0.08561828860896599,-0.23276522721630474,0.07266481122314257
WK009812,Zandhuizen,2022,4.19808676410876,0.09582191296507483,0.07555846123337612,0.08724914771610012,0.09569921034324487,-0.23640819289264328,0.07372328656499672
WK009813,Boijl,2002,4.164679427667452,0.062414576523767,NA,NA,NA,NA,NA
WK009813,Boijl,2008,4.10273034183923,4.654906955447912e-4,NA,NA,NA,NA,NA
WK009813,Boijl,2012,4.097626025436271,-0.004638825707414341,NA,NA,NA,NA,NA
WK009813,Boijl,2014,4.101824765675201,-4.4008546848426527e-4,0.06064079789005347,0.05932414601228426,0.09363211171130272,-0.2592460593321953,0.04520891825007033
WK009813,Boijl,2016,4.122963890834736,0.020699039691050726,NA,NA,NA,NA,NA
WK009813,Boijl,2018,4.153372218176734,0.05110736703304875,0.06241176686117084,0.1094210013792657,0.08687525335942889,-0.25970278224031407,0.05210212767349712
WK009813,Boijl,2020,4.145962563217335,0.043697712073649364,0.04448034215307829,0.1218490867705145,0.08258105920953507,-0.2660343162576684,0.06082154019818977
WK009813,Boijl,2022,4.129129641160479,0.026864790016793972,0.0533705437994171,0.11867465795462702,0.07528516133796934,-0.26855503227983585,0.04808945920461604
WK009814,Nijeholtpade,2002,4.230984214021011,0.12871936287732594,NA,NA,NA,NA,NA
WK009814,Nijeholtpade,2008,4.210768271511211,0.10850342036752539,NA,NA,NA,NA,NA
WK009814,Nijeholtpade,2012,4.185372620295321,0.08310776915163529,NA,NA,NA,NA,NA
WK009814,Nijeholtpade,2014,4.201339631468194,0.09907478032450918,0.07635586836135493,0.09156234384830493,0.09740072094409928,-0.23790902540758438,0.07166487257833412
WK009814,Nijeholtpade,2016,4.200217701480576,0.0979528503368906,NA,NA,NA,NA,NA
WK009814,Nijeholtpade,2018,4.228708720489241,0.1264438693455554,0.0738074382222529,0.11820799961700278,0.08773227040509521,-0.2326800460710965,0.07937620717230078
WK009814,Nijeholtpade,2020,4.218706796124244,0.11644194498055853,0.06479937053383303,0.10664263090569225,0.09271587402254423,-0.2289224504547419,0.08120651997323068
WK009814,Nijeholtpade,2022,4.216668557967307,0.11440370682362216,0.07257127186859753,0.10167124566738632,0.09090052918967696,-0.2314750190809426,0.08073567917890367
WK009815,Oldeholtpade,2002,4.1354375926763565,0.03317274153267126,NA,NA,NA,NA,NA
WK009815,Oldeholtpade,2008,4.163583870840612,0.06131901969692712,NA,NA,NA,NA,NA
WK009815,Oldeholtpade,2012,4.157238274918256,0.05497342377457095,NA,NA,NA,NA,NA
WK009815,Oldeholtpade,2014,4.210333019415804,0.10806816827211888,0.03147561076393623,0.11504364638468824,0.08444315709482983,-0.1743467882787621,0.05145254230742639
WK009815,Oldeholtpade,2016,4.174828951233176,0.0725641000894911,NA,NA,NA,NA,NA
WK009815,Oldeholtpade,2018,4.2011725112675,0.09890766012381513,0.03192837208451194,0.10311356699934882,0.08010118851187407,-0.17306594183343935,0.056830474361519334
WK009815,Oldeholtpade,2020,4.1848262285443285,0.08256137740064343,0.02192550326854797,0.09612948713431657,0.07568558837827663,-0.16740735378915997,0.05622815240866188
WK009815,Oldeholtpade,2022,4.169119940389625,0.06685508924593961,0.022039942518196437,0.09775519020602204,0.07262220257091584,-0.18233410402318337,0.056771857973988364
WK010600,Wijk 00 Assen centrum,2002,4.079023110393542,-0.02324174075014389,NA,NA,NA,NA,NA
WK010600,Wijk 00 Assen centrum,2008,4.084339549153273,-0.01792530199041209,NA,NA,NA,NA,NA
WK010600,Wijk 00 Assen centrum,2012,4.133512351404069,0.031247500260383684,NA,NA,NA,NA,NA
WK010600,Wijk 00 Assen centrum,2014,4.156970848308517,0.054705997164831585,0.04045655453873645,-0.022720233103666228,0.0012828573079150653,0.026903940541945132,0.00878287787990088
WK010600,Wijk 00 Assen centrum,2016,4.183212934230092,0.08094808308640605,NA,NA,NA,NA,NA
WK010600,Wijk 00 Assen centrum,2018,4.154860770928419,0.05259591978473449,0.03416597053392733,-0.03355068405631792,-0.002438560647346172,0.03754569572727381,0.01687349822719719
WK010600,Wijk 00 Assen centrum,2020,4.140568346808763,0.03830349566507764,0.033215734333086444,-0.04058858695545323,-0.008079732696581394,0.04832426983825854,0.005431811145766968
WK010600,Wijk 00 Assen centrum,2022,4.146883515920767,0.04461866477708248,0.03686257132416208,-0.04226460872184896,-0.00869579814931631,0.04793831086381621,0.010778189460269197
WK010601,Wijk 01 Lariks,2002,3.9551131519273097,-0.14715169921637553,NA,NA,NA,NA,NA
WK010601,Wijk 01 Lariks,2008,3.961304621716734,-0.14096022942695133,NA,NA,NA,NA,NA
WK010601,Wijk 01 Lariks,2012,3.986083111221203,-0.11618173992248187,NA,NA,NA,NA,NA
WK010601,Wijk 01 Lariks,2014,4.002073340515611,-0.10019151062807426,0.04005271207108484,-0.04648759889055622,-0.024145188173030428,-0.013974921891956555,-0.05563651374361615
WK010601,Wijk 01 Lariks,2016,4.011702175828744,-0.09056267531494124,NA,NA,NA,NA,NA
WK010601,Wijk 01 Lariks,2018,3.9819610568070067,-0.12030379433667841,0.03919079616352696,-0.06573160664566854,-0.026706520832201076,-0.022836883831207543,-0.044219579191128476
WK010601,Wijk 01 Lariks,2020,4.038926437740186,-0.06333841340349945,0.041095850427695355,-0.048519492251856616,-0.025798403068669862,-0.00270549109283618,-0.027410877417832446
WK010601,Wijk 01 Lariks,2022,4.0445901435647675,-0.057674707578917635,0.04488759150474211,-0.05937888019875046,-0.02333051857379969,-0.005679119032007414,-0.014173781279102453
WK010602,Wijk 02 Noorderpark,2002,3.997659536818841,-0.10460531432484449,NA,NA,NA,NA,NA
WK010602,Wijk 02 Noorderpark,2008,4.034340343511081,-0.06792450763260358,NA,NA,NA,NA,NA
WK010602,Wijk 02 Noorderpark,2012,4.063118953972862,-0.0391458971708231,NA,NA,NA,NA,NA
WK010602,Wijk 02 Noorderpark,2014,4.082178162012839,-0.020086689130846755,0.0328976143749145,-0.010140342731419892,-0.02248678415491323,-0.009652781409391246,-0.010704395210037196
WK010602,Wijk 02 Noorderpark,2016,4.096153889023012,-0.006110962120673609,NA,NA,NA,NA,NA
WK010602,Wijk 02 Noorderpark,2018,4.070255561515551,-0.032009289628134686,0.034058096121883506,-0.021560158285765275,-0.023473509172095064,-0.014252446797395409,-0.006781271494762724
WK010602,Wijk 02 Noorderpark,2020,4.072184188840009,-0.030080662303676124,0.03385200935603984,-0.03617632997956572,-0.020308270074576373,0.0031068685314350453,-0.010554940137009187
WK010602,Wijk 02 Noorderpark,2022,4.117291110089414,0.015026258945728647,0.03781713920511534,-0.0053069709486946995,-0.021426038574384104,0.0019604589948409397,0.001981670268850867
WK010603,Wijk 03 Assen Oost,2002,4.0128333704294095,-0.08943148071427552,NA,NA,NA,NA,NA
WK010603,Wijk 03 Assen Oost,2008,4.02490720861176,-0.077357642531926,NA,NA,NA,NA,NA
WK010603,Wijk 03 Assen Oost,2012,4.049801058863769,-0.05246379227991595,NA,NA,NA,NA,NA
WK010603,Wijk 03 Assen Oost,2014,4.078033994505344,-0.024230856638341576,0.04235787469333256,-0.030761795855966775,0.01367222161818937,-0.039651518337306464,-0.009847638756590543
WK010603,Wijk 03 Assen Oost,2016,4.1218921415259056,0.01962729038222107,NA,NA,NA,NA,NA
WK010603,Wijk 03 Assen Oost,2018,4.13720243072343,0.034937579579743964,0.04800703834655489,0.016306924273653656,0.021928954473288464,-0.04923109426529135,-0.002074243248461999
WK010603,Wijk 03 Assen Oost,2020,4.1277968757618435,0.025532024618157963,0.044027582034221024,0.02375331989898216,0.011319341971433345,-0.04823890915341413,-0.0053293101330647566
WK010603,Wijk 03 Assen Oost,2022,4.106217486095138,0.003952634951452926,0.045489053146896656,0.015504467742641526,0.004601497791907551,-0.06399713130923199,0.0023547475792389016
WK010604,Wijk 04 Pittelo,2002,3.972997453082778,-0.12926739806090753,NA,NA,NA,NA,NA
WK010604,Wijk 04 Pittelo,2008,3.939796072833528,-0.16246877831015738,NA,NA,NA,NA,NA
WK010604,Wijk 04 Pittelo,2012,3.9778233881431344,-0.12444146300055113,NA,NA,NA,NA,NA
WK010604,Wijk 04 Pittelo,2014,4.002367173953612,-0.09989767719007298,0.03205519418696775,-0.025536624825915795,-0.003942863914078599,-0.06529931655021268,-0.03717406608683396
WK010604,Wijk 04 Pittelo,2016,4.016529502945467,-0.08573534819821825,NA,NA,NA,NA,NA
WK010604,Wijk 04 Pittelo,2018,4.003953930400616,-0.09831092074306912,0.03036136473102714,-0.022367810793072332,-0.008920214154811966,-0.07036471203664033,-0.027019548489571908
WK010604,Wijk 04 Pittelo,2020,4.043660425567743,-0.05860442557594287,0.03150516256217226,-0.006206620640422524,-0.011037172092679895,-0.055906203885123275,-0.016959591519889704
WK010604,Wijk 04 Pittelo,2022,4.033397808405425,-0.06886704273826019,0.03784830130622517,-0.012671180463525795,-0.00515762808675821,-0.06375422950788066,-0.02513230598632098
WK010605,Wijk 05 Assen West,2002,4.100901362752351,-0.0013634883913341675,NA,NA,NA,NA,NA
WK010605,Wijk 05 Assen West,2008,4.111932531755441,0.009667680611755403,NA,NA,NA,NA,NA
WK010605,Wijk 05 Assen West,2012,4.131791734516062,0.029526883372376564,NA,NA,NA,NA,NA
WK010605,Wijk 05 Assen West,2014,4.139343950535205,0.03707909939152012,0.027439575593692537,0.033044516622783265,0.025441084152489163,-0.05971705114819945,0.010870974170754326
WK010605,Wijk 05 Assen West,2016,4.160077590386838,0.057812739243152944,NA,NA,NA,NA,NA
WK010605,Wijk 05 Assen West,2018,4.1900115590903,0.08774670794661577,0.030626367993707916,0.05131646324363417,0.02711516692039855,-0.052620917790888525,0.031309627579763355
WK010605,Wijk 05 Assen West,2020,4.170094487841506,0.06782963669782054,0.027581472455554767,0.04340624677665807,0.02626659597983841,-0.04875726668126239,0.01933258816703142
WK010605,Wijk 05 Assen West,2022,4.17469677219261,0.07243192104892499,0.028934834708152907,0.047001869281970796,0.015486585271666813,-0.05345371429802874,0.03446234608516296
WK010606,Wijk 06 Peelo,2002,3.928801222601834,-0.17346362854185143,NA,NA,NA,NA,NA
WK010606,Wijk 06 Peelo,2008,3.963132289778471,-0.13913256136521449,NA,NA,NA,NA,NA
WK010606,Wijk 06 Peelo,2012,3.976016425949387,-0.12624842519429821,NA,NA,NA,NA,NA
WK010606,Wijk 06 Peelo,2014,4.018125791015805,-0.0841390601278805,0.03329929621021079,-0.015139663591417437,0.0041189918054033,-0.0676155954664683,-0.03880208908560915
WK010606,Wijk 06 Peelo,2016,4.0571966206075665,-0.04506823053611855,NA,NA,NA,NA,NA
WK010606,Wijk 06 Peelo,2018,4.065086856128242,-0.037177995015442965,0.025949579261015463,0.012705281703805901,0.0018734490736091872,-0.07051379369566672,-0.007192511358207086
WK010606,Wijk 06 Peelo,2020,4.096432571214087,-0.005832279929598149,0.025493815573731347,0.03742720802858173,0.0036405685913939484,-0.05904197092104849,-0.013351901202256945
WK010606,Wijk 06 Peelo,2022,4.130397994637811,0.02813314349412572,0.0302477407635837,0.050914314536093463,0.006963421689154937,-0.06703108737640635,0.007038753881699718
WK010607,Wijk 07 Marsdijk,2002,4.08149135376058,-0.02077349738310516,NA,NA,NA,NA,NA
WK010607,Wijk 07 Marsdijk,2008,4.07931442601296,-0.022950425130724712,NA,NA,NA,NA,NA
WK010607,Wijk 07 Marsdijk,2012,4.105847786496122,0.0035829353524369947,NA,NA,NA,NA,NA
WK010607,Wijk 07 Marsdijk,2014,4.1572780005698124,0.05501314942612724,0.036958356830445155,0.05634948595018822,0.03287792904708543,-0.07461296596270087,0.0034403435611089993
WK010607,Wijk 07 Marsdijk,2016,4.1574114506598745,0.055146599516189235,NA,NA,NA,NA,NA
WK010607,Wijk 07 Marsdijk,2018,4.143196273007116,0.04093142186343125,0.03417398790157233,0.05037484449229211,0.026410234490957623,-0.08423711351131076,0.014209468489919694
WK010607,Wijk 07 Marsdijk,2020,4.141223354927203,0.03895850378351757,0.03481135902122527,0.03973591821333207,0.021363781863298344,-0.0765164327645252,0.0195638774501868
WK010607,Wijk 07 Marsdijk,2022,4.170572653480514,0.06830780233682962,0.03719958175775716,0.060351966564180695,0.02658994965505746,-0.08402246569310692,0.02818877005294095
WK010608,Wijk 08 Kloosterveen,2002,4.166882923941564,0.06461807279787919,NA,NA,NA,NA,NA
WK010608,Wijk 08 Kloosterveen,2008,4.229056154943585,0.12679130379989972,NA,NA,NA,NA,NA
WK010608,Wijk 08 Kloosterveen,2012,4.197170049877827,0.09490519873414137,NA,NA,NA,NA,NA
WK010608,Wijk 08 Kloosterveen,2014,4.1666969384910635,0.06443208734737829,0.017993461952260197,0.05576026913070472,0.060813472984118044,-0.08233643523360158,0.012201318513896619
WK010608,Wijk 08 Kloosterveen,2016,4.197408399304638,0.09514354816095258,NA,NA,NA,NA,NA
WK010608,Wijk 08 Kloosterveen,2018,4.187795652022182,0.08553080087849761,0.032761271082661636,0.0655702680284536,0.046803237853930174,-0.0828001615508348,0.02319618546428675
WK010608,Wijk 08 Kloosterveen,2020,4.19243994198715,0.09017509084346442,0.03865508638920191,0.06878262513802703,0.041768013119673715,-0.0800498460619865,0.02101921225854798
WK010608,Wijk 08 Kloosterveen,2022,4.202894311450836,0.10062946030715113,0.04616617085975571,0.05867493878084172,0.04584915400883538,-0.08824323856890286,0.038182435226620896
WK010699,Wijk 99 Buitengebied,2002,4.3151751314788225,0.21291028033513784,NA,NA,NA,NA,NA
WK010699,Wijk 99 Buitengebied,2008,4.319921449453485,0.21765659830979994,NA,NA,NA,NA,NA
WK010699,Wijk 99 Buitengebied,2012,4.319340014600877,0.21707516345719227,NA,NA,NA,NA,NA
WK010699,Wijk 99 Buitengebied,2014,4.3441236812763835,0.24185883013269818,0.032327569092816054,0.11113441106461287,0.10572420312724334,-0.12959264903453277,0.12226529588255858
WK010699,Wijk 99 Buitengebied,2016,4.2879237743856145,0.18565892324192876,NA,NA,NA,NA,NA
WK010699,Wijk 99 Buitengebied,2018,4.3274410410263275,0.2251761898826421,0.04629758846191869,0.11315055702490981,0.09983416762419749,-0.13486292170621975,0.1007567984778356
WK010699,Wijk 99 Buitengebied,2020,4.349612593038167,0.2473477418944813,0.025399986075069315,0.11465531567838776,0.11464758949796078,-0.134097560257005,0.1267424109000682
WK010699,Wijk 99 Buitengebied,2022,4.341533951135206,0.2392690999915213,0.03314881150503144,0.11214208914485735,0.11577808983020284,-0.13962170991715664,0.117821819428586
WK010910,Wijk 10 Coevorden,2002,4.0329703035828715,-0.06929454756081416,NA,NA,NA,NA,NA
WK010910,Wijk 10 Coevorden,2008,4.027024425202677,-0.0752404259410087,NA,NA,NA,NA,NA
WK010910,Wijk 10 Coevorden,2012,4.0491430514516695,-0.05312179969201572,NA,NA,NA,NA,NA
WK010910,Wijk 10 Coevorden,2014,4.066884940975745,-0.03537991016793997,0.020762516001880994,0.009388961665941015,0.026863380438125178,-0.0890881372322035,-0.003306631041683928
WK010910,Wijk 10 Coevorden,2016,4.088100923674086,-0.014163927469598747,NA,NA,NA,NA,NA
WK010910,Wijk 10 Coevorden,2018,4.086115571985262,-0.01614927915842305,0.018480764145633204,0.02459796183440115,0.02361199082070705,-0.08910539110444614,0.006265395145281427
WK010910,Wijk 10 Coevorden,2020,4.073128675106086,-0.02913617603759924,0.018322326948850103,0.02678510312191842,0.02173937949288231,-0.10481628382081834,0.008833298219568015
WK010910,Wijk 10 Coevorden,2022,4.099018204858429,-0.003246646285256777,0.012830550256891487,0.028924214618624624,0.028789475581007067,-0.08912053618405671,0.015329649442276489
WK010911,Wijk 11 Steenwijksmoer,2002,4.138615524214009,0.03635067307032355,NA,NA,NA,NA,NA
WK010911,Wijk 11 Steenwijksmoer,2008,4.095527155712165,-0.006737695431519874,NA,NA,NA,NA,NA
WK010911,Wijk 11 Steenwijksmoer,2012,4.112820619654571,0.01055576851088615,NA,NA,NA,NA,NA
WK010911,Wijk 11 Steenwijksmoer,2014,4.11988676686391,0.017621915720225124,3.9986173614636224e-4,0.08626481992170167,0.09229460611307778,-0.2112954040458792,0.0499580319951783
WK010911,Wijk 11 Steenwijksmoer,2016,4.138620640444258,0.03635578930057295,NA,NA,NA,NA,NA
WK010911,Wijk 11 Steenwijksmoer,2018,4.178318901426004,0.07605405028231876,0.012659698532714656,0.12195959456413816,0.10220121618388531,-0.21059256823105144,0.04982610923263184
WK010911,Wijk 11 Steenwijksmoer,2020,4.147180391279601,0.04491554013591617,0.001206010685030422,0.1333888229643803,0.074764048165182,-0.21460804006191983,0.050164698383243035
WK010911,Wijk 11 Steenwijksmoer,2022,4.145899072496111,0.04363422135242552,3.919828185145119e-4,0.12293589571816291,0.08069820054752608,-0.21116897161243042,0.05077711388065208
WK010912,Wijk 12 Nieuwe Krim,2002,4.082266401203442,-0.019998449940243294,NA,NA,NA,NA,NA
WK010912,Wijk 12 Nieuwe Krim,2008,4.022756917202927,-0.07950793394075822,NA,NA,NA,NA,NA
WK010912,Wijk 12 Nieuwe Krim,2012,4.1332192835831485,0.03095443243946354,NA,NA,NA,NA,NA
WK010912,Wijk 12 Nieuwe Krim,2014,4.138177771539796,0.03591292039611096,0.006770573026716877,0.0811517436112212,0.11321750911156622,-0.23759070741891994,0.07236380206552652
WK010912,Wijk 12 Nieuwe Krim,2016,4.163506807485987,0.06124195634230173,NA,NA,NA,NA,NA
WK010912,Wijk 12 Nieuwe Krim,2018,4.2408369269034925,0.13857207575980718,0.013205021761061008,0.14522275576532384,0.1428095656888954,-0.23373971472209085,0.07107444726661778
WK010912,Wijk 12 Nieuwe Krim,2020,4.20054170568416,0.09827685454047509,0.00558844173673036,0.14128377180235996,0.11767865452480411,-0.2365344855191173,0.07026047199569756
WK010912,Wijk 12 Nieuwe Krim,2022,4.165544191913803,0.06327934077011765,0.007601674622878621,0.11727802942603119,0.10804700144859693,-0.23679591360587834,0.06714854887848908
WK010913,Wijk 13 Weijerswold,2002,4.303075175489796,0.20081032434611057,NA,NA,NA,NA,NA
WK010913,Wijk 13 Weijerswold,2008,4.256710946395039,0.15444609525135355,NA,NA,NA,NA,NA
WK010913,Wijk 13 Weijerswold,2012,4.277770978080865,0.17550612693717893,NA,NA,NA,NA,NA
WK010913,Wijk 13 Weijerswold,2014,4.237177091431847,0.1349122402881622,-0.08909505931163153,0.16147081262240104,0.1535931837885082,-0.21451842957135098,0.12346173276023518
WK010913,Wijk 13 Weijerswold,2016,4.222824108251774,0.12055925710808917,NA,NA,NA,NA,NA
WK010913,Wijk 13 Weijerswold,2018,4.237580034009811,0.1353151828661255,-0.054944147627132574,0.14555492019929084,0.12965321832311885,-0.21294517639602298,0.12799636836687117
WK010913,Wijk 13 Weijerswold,2020,4.230117329472323,0.1278524783286379,-0.06629098455737387,0.14007009215627092,0.14512237165294342,-0.2214129164294092,0.1303639155062062
WK010913,Wijk 13 Weijerswold,2022,4.199599659774023,0.09733480863033796,-0.08565927547181004,0.11764687855064665,0.15661723131175667,-0.21285244614480134,0.12158242038454552
WK010914,Wijk 14 Vlieghuis en Padhuis,2002,4.094413063452601,-0.007851787691084411,NA,NA,NA,NA,NA
WK010914,Wijk 14 Vlieghuis en Padhuis,2008,4.175654363338908,0.07338951219522237,NA,NA,NA,NA,NA
WK010914,Wijk 14 Vlieghuis en Padhuis,2012,4.133132748709505,0.03086789756581937,NA,NA,NA,NA,NA
WK010914,Wijk 14 Vlieghuis en Padhuis,2014,4.178017275265117,0.0757524241214316,-0.07570094104341404,0.10695948298538067,0.1387088743613901,-0.2203152550719829,0.1261002628900574
WK010914,Wijk 14 Vlieghuis en Padhuis,2016,4.17318053214575,0.07091568100206522,NA,NA,NA,NA,NA
WK010914,Wijk 14 Vlieghuis en Padhuis,2018,4.22068447577755,0.11841962463386509,-0.02739659828683307,0.12030768557597302,0.12388589288226295,-0.22273827688082967,0.12436092134329144
WK010914,Wijk 14 Vlieghuis en Padhuis,2020,4.174374602220003,0.07210975107631801,-0.05344329188419589,0.10273276304058386,0.1322683451555015,-0.2302716734473428,0.12082360821177117
WK010914,Wijk 14 Vlieghuis en Padhuis,2022,4.182360738583631,0.0800958874399454,-0.07663447956261953,0.11364281889536242,0.13985814789260012,-0.22054575096334933,0.12377515117795135
WK010920,Wijk 20 Dalen,2002,4.137491007503806,0.03522615636012043,NA,NA,NA,NA,NA
WK010920,Wijk 20 Dalen,2008,4.1436978834191125,0.04143303227542733,NA,NA,NA,NA,NA
WK010920,Wijk 20 Dalen,2012,4.173970676526035,0.07170582538234965,NA,NA,NA,NA,NA
WK010920,Wijk 20 Dalen,2014,4.190554061941607,0.08828921079792207,0.021633694032318344,0.09647520027513372,0.09924364462875697,-0.1815976687684075,0.05253434063012025
WK010920,Wijk 20 Dalen,2016,4.193222391982199,0.09095754083851422,NA,NA,NA,NA,NA
WK010920,Wijk 20 Dalen,2018,4.18256045698036,0.08029560583667496,0.0239219212654555,0.08613175410949445,0.08976687174743364,-0.17572802054541092,0.056203079259702055
WK010920,Wijk 20 Dalen,2020,4.159523937484468,0.05725908634078251,0.018150832995656174,0.0839651747634348,0.07972600639917125,-0.18190530855715153,0.057322380739671525
WK010920,Wijk 20 Dalen,2022,4.204098652198965,0.10183380105527969,0.020338691855307605,0.11412591217466954,0.08717480323344999,-0.1787852774810051,0.058979671272857304
WK010930,Wijk 30 Oosterhesselen,2002,4.127856250676555,0.025591399532869645,NA,NA,NA,NA,NA
WK010930,Wijk 30 Oosterhesselen,2008,4.135186098836189,0.03292124769250357,NA,NA,NA,NA,NA
WK010930,Wijk 30 Oosterhesselen,2012,4.127324544483037,0.02505969333935211,NA,NA,NA,NA,NA
WK010930,Wijk 30 Oosterhesselen,2014,4.156516531503734,0.05425168036004921,0.032673785583982325,0.09766903926503699,0.09064975990532306,-0.21442501234353217,0.04768410794923873
WK010930,Wijk 30 Oosterhesselen,2016,4.171455775605012,0.06919092446132667,NA,NA,NA,NA,NA
WK010930,Wijk 30 Oosterhesselen,2018,4.186305484030765,0.08404063288707939,0.03829828207927041,0.09907878094606871,0.09339146186966188,-0.20276432054441743,0.05603642853649548
WK010930,Wijk 30 Oosterhesselen,2020,4.171640601597483,0.0693757504537975,0.031488523999484486,0.09870684238201512,0.0865514345933631,-0.20177003971548918,0.0543989891944237
WK010930,Wijk 30 Oosterhesselen,2022,4.149018856283322,0.04675400513963722,0.03086987080991309,0.08164822254579653,0.08461222225909287,-0.20605755943911125,0.05568124896394572
WK010940,Wijk 40 Sleen,2002,4.124469069659404,0.022204218515718563,NA,NA,NA,NA,NA
WK010940,Wijk 40 Sleen,2008,4.1361327553677905,0.03386790422410539,NA,NA,NA,NA,NA
WK010940,Wijk 40 Sleen,2012,4.128384454016007,0.02611960287232143,NA,NA,NA,NA,NA
WK010940,Wijk 40 Sleen,2014,4.175606357699052,0.07334150655536652,0.04315056130257902,0.09781612352201832,0.0769933648691721,-0.18850669195245362,0.043888148814050475
WK010940,Wijk 40 Sleen,2016,4.178418509722264,0.07615365857857946,NA,NA,NA,NA,NA
WK010940,Wijk 40 Sleen,2018,4.198495007819183,0.09623015667549772,0.04734274053431048,0.10271710245813925,0.07734971334073983,-0.1770413981731539,0.045861998515461785
WK010940,Wijk 40 Sleen,2020,4.194566416052028,0.09230156490834322,0.042000512459654464,0.0914079852201054,0.07169100380441712,-0.16159000686409541,0.04879207028826135
WK010940,Wijk 40 Sleen,2022,4.173923379914816,0.07165852877113156,0.041153786290759296,0.09704527996332997,0.0655836232844267,-0.17900282442160495,0.04687866365422023
WK010950,Wijk 50 Zweeloo,2002,4.251911598819144,0.14964674767545835,NA,NA,NA,NA,NA
WK010950,Wijk 50 Zweeloo,2008,4.220223722440996,0.11795887129731036,NA,NA,NA,NA,NA
WK010950,Wijk 50 Zweeloo,2012,4.198727616883419,0.0964627657397334,NA,NA,NA,NA,NA
WK010950,Wijk 50 Zweeloo,2014,4.230198312578776,0.12793346143509046,0.04983703738502062,0.09785957562308834,0.09546692163317098,-0.17910966404745493,0.06387959084126515
WK010950,Wijk 50 Zweeloo,2016,4.230097457224013,0.12783260608032795,NA,NA,NA,NA,NA
WK010950,Wijk 50 Zweeloo,2018,4.24419402276388,0.14192917162019422,0.05884061070791196,0.09683099186805413,0.09360230507171043,-0.17427718760775887,0.0669324515802763
WK010950,Wijk 50 Zweeloo,2020,4.243126104821979,0.14086125367829402,0.05177803262251661,0.10861154282353984,0.08717432733301055,-0.1742463704179449,0.06754372131717165
WK010950,Wijk 50 Zweeloo,2022,4.2062237423337985,0.10395889119011317,0.048072482709556316,0.08000790053293234,0.08385935354649825,-0.17481704775386347,0.06683620215498948
WK011401,Wijk 01 Nieuw-Weerdinge,2002,3.9947116362133803,-0.10755321493030469,NA,NA,NA,NA,NA
WK011401,Wijk 01 Nieuw-Weerdinge,2008,4.0006119557620545,-0.10165289538163087,NA,NA,NA,NA,NA
WK011401,Wijk 01 Nieuw-Weerdinge,2012,4.02095265260857,-0.08131219853511498,NA,NA,NA,NA,NA
WK011401,Wijk 01 Nieuw-Weerdinge,2014,4.036623205477159,-0.06564164566652592,0.02938500660022146,0.00666322586216957,0.06108382536411328,-0.20370862985886673,0.04093492636583624
WK011401,Wijk 01 Nieuw-Weerdinge,2016,4.058577532367154,-0.04368731877653197,NA,NA,NA,NA,NA
WK011401,Wijk 01 Nieuw-Weerdinge,2018,4.045527680774889,-0.05673717036879667,0.02399454370907862,0.02636207124800729,0.05956367352254831,-0.2048972191385159,0.03823976029008466
WK011401,Wijk 01 Nieuw-Weerdinge,2020,4.03514029347131,-0.0671245576723759,0.020249416621958508,0.008384489184408558,0.04758322683198585,-0.19671192693757006,0.05337023662684091
WK011401,Wijk 01 Nieuw-Weerdinge,2022,4.079269728215688,-0.02299512292799797,0.02298609239341377,0.04620386177010937,0.05759466266479275,-0.21189764036123693,0.062117900604922796
WK011402,Wijk 02 Roswinkel,2002,4.01143180216498,-0.09083304897870519,NA,NA,NA,NA,NA
WK011402,Wijk 02 Roswinkel,2008,4.0198096398824195,-0.08245521126126606,NA,NA,NA,NA,NA
WK011402,Wijk 02 Roswinkel,2012,4.056759734611135,-0.04550511653254973,NA,NA,NA,NA,NA
WK011402,Wijk 02 Roswinkel,2014,4.119681365990165,0.017416514846479644,0.010526489042320581,0.06819379959065336,0.09165936902236699,-0.22842637072939515,0.0754632279205336
WK011402,Wijk 02 Roswinkel,2016,4.10438399729909,0.0021191461554044373,NA,NA,NA,NA,NA
WK011402,Wijk 02 Roswinkel,2018,4.089070990192259,-0.013193860951426143,0.008496637959181826,0.042559402940996936,0.08565546739942556,-0.22500979970964455,0.07510443045861376
WK011402,Wijk 02 Roswinkel,2020,4.068436584067996,-0.03382826707568951,-0.0017440099457873383,0.03231254523795348,0.07709191031044466,-0.21765595993337405,0.0761672472550735
WK011402,Wijk 02 Roswinkel,2022,4.079573956400593,-0.02269089474309171,-1.25741771076673e-4,0.02481466571179207,0.08510805361858284,-0.22211202386918616,0.089624151566796
WK011403,Wijk 03 Emmer-Compascuum,2002,3.973848053335812,-0.12841679780787346,NA,NA,NA,NA,NA
WK011403,Wijk 03 Emmer-Compascuum,2008,3.954608743073581,-0.147656108070104,NA,NA,NA,NA,NA
WK011403,Wijk 03 Emmer-Compascuum,2012,3.9666141859160144,-0.1356506652276706,NA,NA,NA,NA,NA
WK011403,Wijk 03 Emmer-Compascuum,2014,4.048854673513007,-0.0534101776306789,0.025248325118046595,0.034392907780798454,0.06594265908503617,-0.2052913967051881,0.026297327090627674
WK011403,Wijk 03 Emmer-Compascuum,2016,4.043206276819865,-0.05905857432381922,NA,NA,NA,NA,NA
WK011403,Wijk 03 Emmer-Compascuum,2018,4.039149998334946,-0.06311485280873887,0.022242218666168802,0.029566142674167323,0.055674779457769705,-0.20288550957655618,0.03228751596971126
WK011403,Wijk 03 Emmer-Compascuum,2020,4.03362606457668,-0.06863878656700563,0.01913116474661006,0.022957498138783856,0.04466751443966243,-0.1925469307336247,0.03715196684156241
WK011403,Wijk 03 Emmer-Compascuum,2022,4.06022422451892,-0.04204062662476517,0.01864831714706751,0.04226610616528017,0.048200925691989444,-0.20077304981654762,0.04961707418744502
WK011404,Wijk 04 Barger-Compascuum,2002,3.978482085066348,-0.1237827660773371,NA,NA,NA,NA,NA
WK011404,Wijk 04 Barger-Compascuum,2008,4.025166456725591,-0.0770983944180941,NA,NA,NA,NA,NA
WK011404,Wijk 04 Barger-Compascuum,2012,4.018186040611369,-0.08407881053231536,NA,NA,NA,NA,NA
WK011404,Wijk 04 Barger-Compascuum,2014,4.058464008230384,-0.04380084291330145,0.043348795778425646,0.04491236063532689,0.06894091781571217,-0.19870507370135032,-0.0022978434414161353
WK011404,Wijk 04 Barger-Compascuum,2016,4.015226264005177,-0.08703858713850848,NA,NA,NA,NA,NA
WK011404,Wijk 04 Barger-Compascuum,2018,4.055407619341149,-0.046857231802536106,0.03719110722251748,0.041563424050823125,0.06660496247003718,-0.1974209275080379,0.005204201962123769
WK011404,Wijk 04 Barger-Compascuum,2020,4.107209660558124,0.004944809414438562,0.03405786896241772,0.06748976202803951,0.06990130502359038,-0.1766778818247033,0.010173755225093886
WK011404,Wijk 04 Barger-Compascuum,2022,4.108999071367354,0.006734220223668077,0.03136414729184489,0.0589015173502113,0.07156347901843636,-0.19767983574856085,0.042584912311736146
WK011405,Wijk 05 Nieuw-Dordrecht,2002,4.076178094346783,-0.026086756796901894,NA,NA,NA,NA,NA
WK011405,Wijk 05 Nieuw-Dordrecht,2008,4.0773012583351615,-0.024963592808523626,NA,NA,NA,NA,NA
WK011405,Wijk 05 Nieuw-Dordrecht,2012,4.072271107234275,-0.029993743909409447,NA,NA,NA,NA,NA
WK011405,Wijk 05 Nieuw-Dordrecht,2014,4.075494727699461,-0.026770123444225014,0.02911721591047261,0.017583215818683433,0.06573511667035606,-0.15587532479057706,0.0166696529468396
WK011405,Wijk 05 Nieuw-Dordrecht,2016,4.093128442646215,-0.009136408497469927,NA,NA,NA,NA,NA
WK011405,Wijk 05 Nieuw-Dordrecht,2018,4.103771481030209,0.0015066298865236251,0.030477201475288953,0.0357157188293141,0.06523033761431134,-0.15230454084567838,0.022387912813287312
WK011405,Wijk 05 Nieuw-Dordrecht,2020,4.094127952674015,-0.008136898469670818,0.027690012767982598,0.02605457404515715,0.05643844752494051,-0.13992734174219007,0.021607408934438833
WK011405,Wijk 05 Nieuw-Dordrecht,2022,4.154377515340363,0.052112664196677455,0.03598468089997404,0.05734275019153852,0.06005592298542167,-0.15107515585031736,0.049804465970060344
WK011406,Wijk 06 Nieuw-Amsterdam,2002,4.048098629571104,-0.054166221572580574,NA,NA,NA,NA,NA
WK011406,Wijk 06 Nieuw-Amsterdam,2008,4.0640153442656555,-0.03824950687803026,NA,NA,NA,NA,NA
WK011406,Wijk 06 Nieuw-Amsterdam,2012,4.068298987976917,-0.03396586316676882,NA,NA,NA,NA,NA
WK011406,Wijk 06 Nieuw-Amsterdam,2014,4.077942117638128,-0.02432273350555748,0.026601049475280306,0.022316607122400803,0.058694748057361586,-0.15515622462096357,0.02322108646036311
WK011406,Wijk 06 Nieuw-Amsterdam,2016,4.109855623966179,0.00759077282249335,NA,NA,NA,NA,NA
WK011406,Wijk 06 Nieuw-Amsterdam,2018,4.114640047158258,0.012375196014573273,0.033200557824984434,0.04193619237220765,0.058076749842413976,-0.15353339208868041,0.03269508806364739
WK011406,Wijk 06 Nieuw-Amsterdam,2020,4.125643856313592,0.023379005169906635,0.03481299899551487,0.05042133762228612,0.05409546931168581,-0.14607715443216526,0.030126353672584844
WK011406,Wijk 06 Nieuw-Amsterdam,2022,4.13882520444646,0.03656035330277465,0.03376724997678041,0.05832724009940745,0.05708337492399804,-0.15675526725926767,0.04413775556185611
WK011407,Wijk 07 Erica,2002,4.10788238960757,0.005617538463885555,NA,NA,NA,NA,NA
WK011407,Wijk 07 Erica,2008,4.093381465223836,-0.008883385919848873,NA,NA,NA,NA,NA
WK011407,Wijk 07 Erica,2012,4.104691172722934,0.0024263215792486425,NA,NA,NA,NA,NA
WK011407,Wijk 07 Erica,2014,4.11994851989676,0.01768366875307491,0.03477187165974603,0.07446301415288993,0.06607521202794839,-0.18738864836944644,0.029762219281936703
WK011407,Wijk 07 Erica,2016,4.14618436236289,0.04391951121920489,NA,NA,NA,NA,NA
WK011407,Wijk 07 Erica,2018,4.137260110970414,0.03499525982672817,0.038421062776200304,0.08446264012520187,0.05993213074134839,-0.18528330923640318,0.0374627354203805
WK011407,Wijk 07 Erica,2020,4.151098839752759,0.04883398860907454,0.03488865283774647,0.09334705777829568,0.05999329215540671,-0.17486347799871943,0.035468463836344874
WK011407,Wijk 07 Erica,2022,4.13926224125456,0.036997390110874835,0.0335205217800255,0.0841354581825567,0.05491769178854789,-0.18753831261150247,0.051962030971246936
WK011408,Wijk 08 Klazienaveen,2002,3.9676242414000233,-0.1346406097436616,NA,NA,NA,NA,NA
WK011408,Wijk 08 Klazienaveen,2008,4.014868258447004,-0.08739659269668126,NA,NA,NA,NA,NA
WK011408,Wijk 08 Klazienaveen,2012,4.035720297119102,-0.06654455402458345,NA,NA,NA,NA,NA
WK011408,Wijk 08 Klazienaveen,2014,4.075994486674881,-0.026270364468804278,0.03092337023068409,0.04649582414348914,0.03960879345171432,-0.15599072588102708,0.01269237358633493
WK011408,Wijk 08 Klazienaveen,2016,4.106958985878612,0.0046941347349269925,NA,NA,NA,NA,NA
WK011408,Wijk 08 Klazienaveen,2018,4.10568303619432,0.0034181850506347674,0.03026025341274984,0.06366474070804902,0.03879764842454609,-0.14886305751136297,0.019558600016652498
WK011408,Wijk 08 Klazienaveen,2020,4.117823355644371,0.015558504500686013,0.029325246952492456,0.06224706089558567,0.03843236325199529,-0.13715750139835065,0.022711334798962965
WK011408,Wijk 08 Klazienaveen,2022,4.110620437051438,0.008355585907753097,0.03266154688548369,0.0609323908288011,0.03374794796120742,-0.14577731047078804,0.026791010703048675
WK011409,Wijk 09 Zwartemeer,2002,3.972824822166348,-0.12944002897733703,NA,NA,NA,NA,NA
WK011409,Wijk 09 Zwartemeer,2008,3.9979710309836936,-0.10429382015999153,NA,NA,NA,NA,NA
WK011409,Wijk 09 Zwartemeer,2012,4.006951485816693,-0.09531336532699314,NA,NA,NA,NA,NA
WK011409,Wijk 09 Zwartemeer,2014,3.996013931055912,-0.10625092008777365,0.04084995295193429,0.006621926908996527,0.05129669412730055,-0.20491115366699414,-1.0834040901111208e-4
WK011409,Wijk 09 Zwartemeer,2016,4.016308928950844,-0.08595592219284122,NA,NA,NA,NA,NA
WK011409,Wijk 09 Zwartemeer,2018,4.032230574448435,-0.07003427669524993,0.04367200363647449,0.018279524630009897,0.050372906552852086,-0.1932619932744335,0.01090328175984678
WK011409,Wijk 09 Zwartemeer,2020,4.082330087104022,-0.01993476403966418,0.03964725969582013,0.05602965519142715,0.0503759112136495,-0.17558093483678408,0.009593344696222791
WK011409,Wijk 09 Zwartemeer,2022,4.091482142392904,-0.010782708750781163,0.04894387745596914,0.04842651827652726,0.05166661856420717,-0.1961183860909984,0.03629866304351339
WK011410,Wijk 10 Schoonebeek,2002,4.0584963718888645,-0.04376847925482045,NA,NA,NA,NA,NA
WK011410,Wijk 10 Schoonebeek,2008,4.083190017452768,-0.0190748336909173,NA,NA,NA,NA,NA
WK011410,Wijk 10 Schoonebeek,2012,4.09226847537912,-0.009996375764565168,NA,NA,NA,NA,NA
WK011410,Wijk 10 Schoonebeek,2014,4.1184397178407535,0.016174866697067972,0.02537414899969179,0.07404562290666557,0.0617638995023959,-0.17229693260102139,0.027288127889335805
WK011410,Wijk 10 Schoonebeek,2016,4.075651646105856,-0.02661320503783023,NA,NA,NA,NA,NA
WK011410,Wijk 10 Schoonebeek,2018,4.106340902241232,0.0040760510975472565,0.03328123598012816,0.068737268357538,0.05254463768012975,-0.1856854646364806,0.03519837371623165
WK011410,Wijk 10 Schoonebeek,2020,4.112427960445396,0.010163109301711359,0.031082998386778887,0.07684349850022278,0.0556613917599069,-0.190975724107843,0.03755094476264551
WK011410,Wijk 10 Schoonebeek,2022,4.122925733486023,0.02066088234233818,0.03099089952308503,0.07204477606084983,0.05786742574494738,-0.17738392717544624,0.03714170818890191
WK011413,Wijk 13 Veenoord,2002,4.002978282462623,-0.09928656868106193,NA,NA,NA,NA,NA
WK011413,Wijk 13 Veenoord,2008,4.009419477754962,-0.09284537338872294,NA,NA,NA,NA,NA
WK011413,Wijk 13 Veenoord,2012,4.007926980075981,-0.09433787106770451,NA,NA,NA,NA,NA
WK011413,Wijk 13 Veenoord,2014,3.982766006866206,-0.11949884427747935,0.018539089694457226,0.016138869790900238,0.021744006115132528,-0.16768827231624017,-0.008232537561729437
WK011413,Wijk 13 Veenoord,2016,4.015180779127282,-0.08708407201640293,NA,NA,NA,NA,NA
WK011413,Wijk 13 Veenoord,2018,3.995388931084,-0.10687592005968541,0.012395697894398329,0.010489421955561287,0.020136642907832993,-0.1637778759679226,0.01388019315044428
WK011413,Wijk 13 Veenoord,2020,4.005440661877055,-0.09682418926663115,0.013421886358366122,0.028788714422659126,0.020587816028062415,-0.15649507638482907,-0.0031275296908900786
WK011413,Wijk 13 Veenoord,2022,3.9983012974134957,-0.10396355373018946,0.02099737918385288,-0.0022956876852744178,0.02023947506272195,-0.16685807870594882,0.023953358414458722
WK011421,Wijk 21 Nieuw-Schoonebeek,2002,4.1202996824848315,0.018034831341146643,NA,NA,NA,NA,NA
WK011421,Wijk 21 Nieuw-Schoonebeek,2008,4.123284578862304,0.021019727718618774,NA,NA,NA,NA,NA
WK011421,Wijk 21 Nieuw-Schoonebeek,2012,4.115305570979093,0.013040719835407368,NA,NA,NA,NA,NA
WK011421,Wijk 21 Nieuw-Schoonebeek,2014,4.141556179796091,0.03929132865240573,0.02408588314199476,0.10647785654240122,0.09234444049030345,-0.24104619059902768,0.05742933907673364
WK011421,Wijk 21 Nieuw-Schoonebeek,2016,4.101926237789058,-3.3861335462638715e-4,NA,NA,NA,NA,NA
WK011421,Wijk 21 Nieuw-Schoonebeek,2018,4.116669598636744,0.014404747493059023,0.03300863501480714,0.08778375304873216,0.08982885974208965,-0.25370096074824505,0.05748446043567488
WK011421,Wijk 21 Nieuw-Schoonebeek,2020,4.11352672999609,0.011261878852404174,0.024636451315243,0.10077743698702879,0.08669699837727621,-0.263339873745323,0.06249086591817894
WK011421,Wijk 21 Nieuw-Schoonebeek,2022,4.083717366417907,-0.018547484725778933,0.021670650765560323,0.08649330483048225,0.08606677883270626,-0.2809078487514885,0.06812962959696037
WK011432,Wijk 32 Weiteveen,2002,4.087351836587445,-0.01491301455624034,NA,NA,NA,NA,NA
WK011432,Wijk 32 Weiteveen,2008,4.084837616154403,-0.01742723498928234,NA,NA,NA,NA,NA
WK011432,Wijk 32 Weiteveen,2012,4.125559258101277,0.023294406957591687,NA,NA,NA,NA,NA
WK011432,Wijk 32 Weiteveen,2014,4.123814507858733,0.02154965671504866,0.08577804974613878,0.06472403109421156,0.07541508181356017,-0.24075570580026867,0.036388199861406505
WK011432,Wijk 32 Weiteveen,2016,4.071504398594784,-0.03076045254890106,NA,NA,NA,NA,NA
WK011432,Wijk 32 Weiteveen,2018,4.051402225871505,-0.050862625272180696,0.08330256331778496,0.022159827706468165,0.06416879593362701,-0.25355586682414927,0.03306205459408818
WK011432,Wijk 32 Weiteveen,2020,4.030339616763565,-0.0719252343801205,0.08280137398506686,0.058579568539073146,0.06631382149334006,-0.2528048660058456,-0.026815132391755175
WK011432,Wijk 32 Weiteveen,2022,4.123502570200458,0.021237719056771864,0.07883221828976444,0.07709100813507296,0.0699875633441111,-0.2499166375973514,0.04524356688517444
WK011440,Wijk 40 Emmen-Centrum,2002,4.173591581888554,0.07132673074486928,NA,NA,NA,NA,NA
WK011440,Wijk 40 Emmen-Centrum,2008,4.156602756621969,0.05433790547828358,NA,NA,NA,NA,NA
WK011440,Wijk 40 Emmen-Centrum,2012,4.12910888663038,0.026844035486694545,NA,NA,NA,NA,NA
WK011440,Wijk 40 Emmen-Centrum,2014,4.143372655398809,0.041107804255124655,0.03327586418102711,-0.009763315935456223,0.014393070654282518,0.013751169011810305,-0.010548983656539335
WK011440,Wijk 40 Emmen-Centrum,2016,4.121674519807203,0.019409668663518027,NA,NA,NA,NA,NA
WK011440,Wijk 40 Emmen-Centrum,2018,4.1292546620270265,0.026989810883341504,0.030236093623040125,-0.026953135884057764,0.0029057949436917673,0.01379261794427568,0.0070084402563914084
WK011440,Wijk 40 Emmen-Centrum,2020,4.136876974434531,0.034612123290845904,0.03132374002442289,-0.03188777412755847,0.005436642415545768,0.02786559933182013,0.001873915646615295
WK011440,Wijk 40 Emmen-Centrum,2022,4.13757170914267,0.035306857998985225,0.03173984549036697,-0.028668805404676465,0.009646321267489835,0.019364737665747277,0.0032247589800573537
WK011441,Wijk 41 Emmen-Centrum Oost,2002,4.197064102808845,0.09479925166516019,NA,NA,NA,NA,NA
WK011441,Wijk 41 Emmen-Centrum Oost,2008,4.16997317899173,0.0677083278480442,NA,NA,NA,NA,NA
WK011441,Wijk 41 Emmen-Centrum Oost,2012,4.177702787788029,0.07543793664434384,NA,NA,NA,NA,NA
WK011441,Wijk 41 Emmen-Centrum Oost,2014,4.2379966006524405,0.13573174950875547,0.06686472033905422,0.03653369352959481,0.059490995103746266,-0.04283799056405332,0.015680331100413194
WK011441,Wijk 41 Emmen-Centrum Oost,2016,4.210891608727611,0.10862675758392544,NA,NA,NA,NA,NA
WK011441,Wijk 41 Emmen-Centrum Oost,2018,4.200749317715034,0.09848446657134888,0.07235269448730627,0.0111948167944033,0.04279009736439096,-0.04084574593241485,0.012992603857662911
WK011441,Wijk 41 Emmen-Centrum Oost,2020,4.209677927027399,0.10741307588371414,0.06726784144587428,0.005827026895745688,0.03897975433433157,-0.029771691098378315,0.025110144306140707
WK011441,Wijk 41 Emmen-Centrum Oost,2022,4.223541076148416,0.12127622500472993,0.07231400380714853,0.009258797900376538,0.04779724321935868,-0.041282127931262756,0.03318830800910863
WK011442,Wijk 42 Emmermeer,2002,3.935597059521155,-0.16666779162252965,NA,NA,NA,NA,NA
WK011442,Wijk 42 Emmermeer,2008,3.9549608156330227,-0.1473040355106624,NA,NA,NA,NA,NA
WK011442,Wijk 42 Emmermeer,2012,3.953137251928693,-0.1491275992149923,NA,NA,NA,NA,NA
WK011442,Wijk 42 Emmermeer,2014,3.934802240631467,-0.16746261051221845,0.03690043779234221,-0.08628042680802395,-0.015897480440604662,-0.06155442528470608,-0.04063071577122622
WK011442,Wijk 42 Emmermeer,2016,3.951729298326426,-0.1505355528172592,NA,NA,NA,NA,NA
WK011442,Wijk 42 Emmermeer,2018,3.9587670041446046,-0.14349784699908083,0.036314330096120055,-0.08144064721029322,-0.017336742294325688,-0.05872969024700444,-0.022305097343577798
WK011442,Wijk 42 Emmermeer,2020,3.9595521565724563,-0.14271269457122882,0.03576720712589129,-0.08220563162915616,-0.016851401064888787,-0.04492323820632154,-0.03449963079675389
WK011442,Wijk 42 Emmermeer,2022,3.937482730209678,-0.1647821209340073,0.037697130069902336,-0.1050308214838116,-0.01747510592702835,-0.059886894980545474,-0.02008642861252449
WK011443,Wijk 43 Angelslo,2002,3.920643930846907,-0.18162092029677795,NA,NA,NA,NA,NA
WK011443,Wijk 43 Angelslo,2008,3.8423881252713086,-0.2598767258723764,NA,NA,NA,NA,NA
WK011443,Wijk 43 Angelslo,2012,3.8662387430834664,-0.23602610806021906,NA,NA,NA,NA,NA
WK011443,Wijk 43 Angelslo,2014,3.8664717129393873,-0.23579313820429773,0.03859006692812186,-0.09557191543434441,-0.011882910647571536,-0.07988909460210407,-0.08703928444839987
WK011443,Wijk 43 Angelslo,2016,3.867484768282953,-0.23478008286073232,NA,NA,NA,NA,NA
WK011443,Wijk 43 Angelslo,2018,3.900821752067072,-0.20144309907661348,0.032272143920862174,-0.07279944050164702,-0.015046689848171068,-0.08162867592966025,-0.06424043671799758
WK011443,Wijk 43 Angelslo,2020,3.8970390608454846,-0.20522579029820062,0.03026352172817037,-0.0845084969272174,-0.014684205209400262,-0.0709044988687676,-0.065392111020986
WK011443,Wijk 43 Angelslo,2022,3.927625927168724,-0.17463892397496086,0.03587754551776208,-0.07377681801977976,-0.012636827284015183,-0.07599847731108249,-0.048104346877845795
WK011444,Wijk 44 Emmerhout,2002,3.8977703347789956,-0.2044945163646901,NA,NA,NA,NA,NA
WK011444,Wijk 44 Emmerhout,2008,3.875155565852041,-0.22710928529164356,NA,NA,NA,NA,NA
WK011444,Wijk 44 Emmerhout,2012,3.8767063894992346,-0.2255584616444503,NA,NA,NA,NA,NA
WK011444,Wijk 44 Emmerhout,2014,3.9194446458368333,-0.18282020530685214,0.03744088673828492,-0.054580216886778686,-0.004991130804670856,-0.12295615586273027,-0.037733588490957516
WK011444,Wijk 44 Emmerhout,2016,3.892562374861133,-0.20970247628255198,NA,NA,NA,NA,NA
WK011444,Wijk 44 Emmerhout,2018,3.9465450274017453,-0.15571982374194035,0.04558912335558503,-0.03863850127661592,-0.008039057052680777,-0.1193888603920856,-0.03524252837614333
WK011444,Wijk 44 Emmerhout,2020,3.950785266447386,-0.1514795846962989,0.0432304997730819,-0.04755680125046929,-0.009463713466849825,-0.10256353020783733,-0.03512603954422463
WK011444,Wijk 44 Emmerhout,2022,3.9734927830355096,-0.12877206810817576,0.0456329360200765,-0.03509943534804702,-0.008132882194130442,-0.11579883795068634,-0.015373848635388699
WK011445,Wijk 45 Emmerschans,2002,3.958126246855792,-0.1441386042878932,NA,NA,NA,NA,NA
WK011445,Wijk 45 Emmerschans,2008,3.9593831642235426,-0.14288168692014253,NA,NA,NA,NA,NA
WK011445,Wijk 45 Emmerschans,2012,3.9882092385842753,-0.11405561255940978,NA,NA,NA,NA,NA
WK011445,Wijk 45 Emmerschans,2014,4.018251712515034,-0.08401313862865127,0.04243726628629548,-0.029049404894673815,0.023625338491704447,-0.12878032953863117,0.007753991026653531
WK011445,Wijk 45 Emmerschans,2016,3.9936776994208665,-0.1085871517228187,NA,NA,NA,NA,NA
WK011445,Wijk 45 Emmerschans,2018,4.067734628548642,-0.03453022259504333,0.04586437122919955,0.02968027866295397,0.021924957222082382,-0.1288233517475137,-0.0031764779617657695
WK011445,Wijk 45 Emmerschans,2020,4.053538639164421,-0.04872621197926462,0.04203512243838944,0.012931331400336117,0.015591828878200941,-0.11855247595174552,-7.320187444459068e-4
WK011445,Wijk 45 Emmerschans,2022,4.077610753592101,-0.02465409755158415,0.051697799333065,0.019049813846135525,0.016500012735370245,-0.13812287210896507,0.02622114864280984
WK011446,Wijk 46 Bargeres,2002,3.8820339278768587,-0.22023092326682642,NA,NA,NA,NA,NA
WK011446,Wijk 46 Bargeres,2008,3.891752172098228,-0.21051267904545676,NA,NA,NA,NA,NA
WK011446,Wijk 46 Bargeres,2012,3.8978525515685,-0.20441229957518545,NA,NA,NA,NA,NA
WK011446,Wijk 46 Bargeres,2014,3.936861809049291,-0.1654030420943947,0.02542590226235376,-0.030339222548240428,0.002059150725227307,-0.12648585059377873,-0.03606302193995687
WK011446,Wijk 46 Bargeres,2016,3.9816002351051027,-0.12066461603858271,NA,NA,NA,NA,NA
WK011446,Wijk 46 Bargeres,2018,3.988854797904919,-0.1134100532387667,0.024448552386189887,-0.017606252575070324,0.007729972666330717,-0.12258794672327483,-0.005394378992942442
WK011446,Wijk 46 Bargeres,2020,3.9780924054635376,-0.1241724456801472,0.02118026890818257,-0.019654202672494358,0.004910900813108645,-0.11731309849865446,-0.013296314230289846
WK011446,Wijk 46 Bargeres,2022,3.9985000371763215,-0.10376481396736324,0.02746908176989782,-0.007801189670351751,-0.003066307826508586,-0.11736561697274972,-0.003000781267651298
WK011447,Wijk 47 Rietlanden,2002,4.039832715597867,-0.06243213554581821,NA,NA,NA,NA,NA
WK011447,Wijk 47 Rietlanden,2008,4.044936225566296,-0.057328625577389235,NA,NA,NA,NA,NA
WK011447,Wijk 47 Rietlanden,2012,4.045060385299201,-0.05720446584448436,NA,NA,NA,NA,NA
WK011447,Wijk 47 Rietlanden,2014,4.07153566920902,-0.030729181934665294,0.04540920136437782,0.051924581030300856,0.032780081045420344,-0.15378309863051418,-0.007059946744250385
WK011447,Wijk 47 Rietlanden,2016,4.081141794365938,-0.021123056777746833,NA,NA,NA,NA,NA
WK011447,Wijk 47 Rietlanden,2018,4.102623967814927,3.5911667124165984e-4,0.048240881806763836,0.06823364105345059,0.027517045532909745,-0.14936198511892307,0.005729533397040295
WK011447,Wijk 47 Rietlanden,2020,4.096541356485894,-0.005723494657791318,0.04706910451539548,0.05907960349566067,0.03012150371940068,-0.1454703162643602,0.003476609876111749
WK011447,Wijk 47 Rietlanden,2022,4.13510253645884,0.03283768531515409,0.04825738157439846,0.07766903495002181,0.034524808746364315,-0.14917197931860288,0.021558439362972116
WK011448,Wijk 48 Parc Sandur,2002,4.146563027355712,0.04429817621202656,NA,NA,NA,NA,NA
WK011448,Wijk 48 Parc Sandur,2008,4.14645739718464,0.04419254604095439,NA,NA,NA,NA,NA
WK011448,Wijk 48 Parc Sandur,2012,4.145152249695041,0.04288739855135583,NA,NA,NA,NA,NA
WK011448,Wijk 48 Parc Sandur,2014,4.123738950835479,0.02147409969179366,0.06934511051610472,0.07669875914432438,0.04894276850079494,-0.1880554495552505,0.014542911085819836
WK011448,Wijk 48 Parc Sandur,2016,4.120153118570034,0.017888267426349365,NA,NA,NA,NA,NA
WK011448,Wijk 48 Parc Sandur,2018,4.176238373759877,0.07397352261619171,0.06667029008394829,0.10698235168975577,0.046843029607728466,-0.18461898154631273,0.03809683278107178
WK011448,Wijk 48 Parc Sandur,2020,4.186124278760697,0.08385942761701136,0.06485202561089412,0.1076017573896571,0.05474085944060895,-0.18248201006769968,0.03914679524355064
WK011448,Wijk 48 Parc Sandur,2022,4.2021745109952064,0.09990965985152055,0.07172203945404723,0.11412861590668803,0.05602367162367864,-0.1959691786943648,0.05400451156147114
WK011449,Wijk 49 Delftlanden,2002,3.6880962294808164,-0.414168621662869,NA,NA,NA,NA,NA
WK011449,Wijk 49 Delftlanden,2008,3.7063116387816417,-0.39595321236204345,NA,NA,NA,NA,NA
WK011449,Wijk 49 Delftlanden,2012,4.205156450200517,0.10289159905683266,NA,NA,NA,NA,NA
WK011449,Wijk 49 Delftlanden,2014,4.17849025429386,0.07622540315017517,0.016909075256701104,0.08817590607298165,0.13166485625908722,-0.18154180698136718,0.021017372542772046
WK011449,Wijk 49 Delftlanden,2016,4.119220563244326,0.016955712100641018,NA,NA,NA,NA,NA
WK011449,Wijk 49 Delftlanden,2018,4.129678760242659,0.02741390909897416,0.02447985809162034,0.08099080551649192,0.10429288927923504,-0.18115098911844468,-0.0011986546699287834
WK011449,Wijk 49 Delftlanden,2020,4.091452784303084,-0.01081206684060121,0.014129915905056686,0.06432468209988261,0.08619438628520465,-0.17620365463967363,7.426035089281765e-4
WK011449,Wijk 49 Delftlanden,2022,4.107663044387427,0.005398193243740776,0.005845895440620348,0.05924907386978398,0.09031200112108147,-0.18261639002226704,0.03260761283452176
WK011450,Wijk 50 Barger-Oosterveld,2002,4.072732688135998,-0.02953216300768724,NA,NA,NA,NA,NA
WK011450,Wijk 50 Barger-Oosterveld,2008,4.093783458631179,-0.008481392512505962,NA,NA,NA,NA,NA
WK011450,Wijk 50 Barger-Oosterveld,2012,4.106369547036158,0.004104695892472319,NA,NA,NA,NA,NA
WK011450,Wijk 50 Barger-Oosterveld,2014,4.135840211747878,0.03357536060419232,0.024926981384383855,0.05018587488824075,0.05970135206185135,-0.1261908078477195,0.024951960117435588
WK011450,Wijk 50 Barger-Oosterveld,2016,4.164811105057587,0.06254625391390164,NA,NA,NA,NA,NA
WK011450,Wijk 50 Barger-Oosterveld,2018,4.119070109292739,0.016805258149054255,0.02371416279756297,0.03525056805122973,0.05411909681360246,-0.12891421675922465,0.0326356472458834
WK011450,Wijk 50 Barger-Oosterveld,2020,4.118564277140126,0.016299425996440464,0.024727380023873608,0.018139653123254412,0.04675328621221594,-0.10826703354887939,0.034946140185975604
WK011450,Wijk 50 Barger-Oosterveld,2022,4.132767199715912,0.030502348572226532,0.015715877379787028,0.05055315977731342,0.05252892169295774,-0.13036788823149578,0.04207227795366384
WK011451,Wijk 51 Kern Emmen Noord,2002,4.196893794721183,0.09462894357749843,NA,NA,NA,NA,NA
WK011451,Wijk 51 Kern Emmen Noord,2008,4.194091823025174,0.09182697188148849,NA,NA,NA,NA,NA
WK011451,Wijk 51 Kern Emmen Noord,2012,4.221891711622503,0.11962686047881871,NA,NA,NA,NA,NA
WK011451,Wijk 51 Kern Emmen Noord,2014,4.257117913988013,0.15485306284432765,0.015728106151865855,0.08384893242896461,0.11862255305252059,-0.13962596308159114,0.07627943429256749
WK011451,Wijk 51 Kern Emmen Noord,2016,4.267482190685134,0.16521733954144838,NA,NA,NA,NA,NA
WK011451,Wijk 51 Kern Emmen Noord,2018,4.248197455785039,0.14593260464135333,0.019825136727245563,0.08375809426258965,0.10315818863576856,-0.14093238588735793,0.08012357090310729
WK011451,Wijk 51 Kern Emmen Noord,2020,4.248914730156591,0.14664987901290621,0.012429768566178423,0.08404470088538411,0.09603199378164282,-0.12854838987401476,0.08269180565371527
WK011451,Wijk 51 Kern Emmen Noord,2022,4.23839041998102,0.13612556883733443,0.01664970676029617,0.07926562109397689,0.0987338592390193,-0.14884552024752004,0.09032190199156186
WK011452,Wijk 52 Kern Emmen Zuid,2002,4.2899746718295395,0.18770982068585412,NA,NA,NA,NA,NA
WK011452,Wijk 52 Kern Emmen Zuid,2008,4.302315477593249,0.2000506264495628,NA,NA,NA,NA,NA
WK011452,Wijk 52 Kern Emmen Zuid,2012,4.294946963910093,0.19268211276640654,NA,NA,NA,NA,NA
WK011452,Wijk 52 Kern Emmen Zuid,2014,4.319171286414981,0.21690643527129622,0.039747320562818024,0.08960483696863615,0.09164083238665591,-0.0773267649476068,0.07324021030079271
WK011452,Wijk 52 Kern Emmen Zuid,2016,4.314086357378214,0.21182150623452795,NA,NA,NA,NA,NA
WK011452,Wijk 52 Kern Emmen Zuid,2018,4.334375864041427,0.23211101289774255,0.0393445581764579,0.10290629335590204,0.09721144463179363,-0.077708904453634,0.07035762118722268
WK011452,Wijk 52 Kern Emmen Zuid,2020,4.313438696474326,0.21117384533064049,0.03530886869306196,0.09254013190698702,0.08347551721720829,-0.06856297654988723,0.06841230406327015
WK011452,Wijk 52 Kern Emmen Zuid,2022,4.305791900644142,0.20352704950045647,0.04144803567870317,0.08489511498889236,0.07697214619248356,-0.07356382002964008,0.07377557267001716
WK011453,Wijk 53 Kern Emmen Industrieterreinen,2002,4.245025055555609,0.14276020441192394,NA,NA,NA,NA,NA
WK011453,Wijk 53 Kern Emmen Industrieterreinen,2008,4.243605622724025,0.1413407715803399,NA,NA,NA,NA,NA
WK011453,Wijk 53 Kern Emmen Industrieterreinen,2012,4.262198397374762,0.15993354623107697,NA,NA,NA,NA,NA
WK011453,Wijk 53 Kern Emmen Industrieterreinen,2014,4.296635799951315,0.19437094880762976,-0.011571766177929523,0.05053298270508263,0.11528323189723709,-0.10028457823605705,0.14041107861929633
WK011453,Wijk 53 Kern Emmen Industrieterreinen,2016,4.277584469927311,0.17531961878362665,NA,NA,NA,NA,NA
WK011453,Wijk 53 Kern Emmen Industrieterreinen,2018,4.221448352925619,0.1191835017819338,-0.032110182058817514,0.0716751924967628,0.08231582505829577,-0.14279661192168808,0.14009927820738055
WK011453,Wijk 53 Kern Emmen Industrieterreinen,2020,4.158005189470931,0.05574033832724545,-0.009673814220225566,-0.007988559047691707,0.0862436213247231,-0.11116486212060314,0.09832395239104248
WK011453,Wijk 53 Kern Emmen Industrieterreinen,2022,4.140032989722295,0.03776813857861022,-0.04090824164456544,0.05222783510938981,0.10513510257852257,-0.15246566703448972,0.0737791095697528
WK011850,Wijk 50 Hoogeveen,2002,4.0042924740501755,-0.09797237709350932,NA,NA,NA,NA,NA
WK011850,Wijk 50 Hoogeveen,2008,4.008850617027555,-0.09341423411613034,NA,NA,NA,NA,NA
WK011850,Wijk 50 Hoogeveen,2012,4.030917404513757,-0.07134744662992763,NA,NA,NA,NA,NA
WK011850,Wijk 50 Hoogeveen,2014,4.033604769876449,-0.06866008126723577,0.02233670688975763,-0.01713956606440955,-0.003107413801716985,-0.04511248084276409,-0.025637327448103053
WK011850,Wijk 50 Hoogeveen,2016,4.052742913779212,-0.049521937364474036,NA,NA,NA,NA,NA
WK011850,Wijk 50 Hoogeveen,2018,4.102974456462821,7.096053191356124e-4,0.026640615835437982,-0.016707451136906824,-0.003103371494779793,0.014595691892598057,-0.020715879777214084
WK011850,Wijk 50 Hoogeveen,2020,4.115575217077026,0.013310365933341466,0.027000188698963562,-0.0068680753889077744,-0.005647643801940531,0.010940086433916783,-0.01211419000869083
WK011850,Wijk 50 Hoogeveen,2022,4.102125967029399,-1.3888411428685638e-4,0.025837875718500186,-0.012806816726518278,-0.009563127224205627,0.00430981166351648,-0.007916627545579894
WK011851,Wijk 51 De Weide,2002,4.089337593950869,-0.012927257192815476,NA,NA,NA,NA,NA
WK011851,Wijk 51 De Weide,2008,4.102160224899041,-1.0462624464432845e-4,NA,NA,NA,NA,NA
WK011851,Wijk 51 De Weide,2012,4.134404132423859,0.03213928128017417,NA,NA,NA,NA,NA
WK011851,Wijk 51 De Weide,2014,4.1206786418745365,0.01841379073085084,0.024547724110972786,0.03466237910213743,0.034609295371377136,-0.07216658985320469,-0.0032390180004320626
WK011851,Wijk 51 De Weide,2016,4.1336661493007,0.03140129815701387,NA,NA,NA,NA,NA
WK011851,Wijk 51 De Weide,2018,4.175066951198328,0.07280210005464317,0.02657997847839695,0.04192796129905265,0.02894536928655087,-0.035388147191995546,0.010736938182637965
WK011851,Wijk 51 De Weide,2020,4.169431014875927,0.06716616373224141,0.02125716982184161,0.041896245141296626,0.029524443829582744,-0.03821720923926166,0.012705514178781817
WK011851,Wijk 51 De Weide,2022,4.205138307510083,0.10287345636639741,0.02913793723619585,0.05993383629799621,0.030724427984904643,-0.03926323779517171,0.022340492642472173
WK011852,Wijke 52 Fluitenberg,2002,4.30547290189303,0.20320805074934434,NA,NA,NA,NA,NA
WK011852,Wijke 52 Fluitenberg,2008,4.238537038316616,0.13627218717293033,NA,NA,NA,NA,NA
WK011852,Wijke 52 Fluitenberg,2012,4.269638874807327,0.16737402366364146,NA,NA,NA,NA,NA
WK011852,Wijke 52 Fluitenberg,2014,4.296781095184878,0.194516244041193,0.014201838887099034,0.10667278314492387,0.1068046175363663,-0.1082519481043346,0.07508895257713809
WK011852,Wijke 52 Fluitenberg,2016,4.3352369820926375,0.23297213094895264,NA,NA,NA,NA,NA
WK011852,Wijke 52 Fluitenberg,2018,4.319818297590551,0.21755344644686572,0.03149106764331743,0.1082191597689772,0.10490158652638805,-0.10013669970690876,0.0730783322150916
WK011852,Wijke 52 Fluitenberg,2020,4.302804948559029,0.2005400974153435,0.020936892386647126,0.11298051422252475,0.09566187876291576,-0.09983827219772652,0.0707990842409821
WK011852,Wijke 52 Fluitenberg,2022,4.2711956430853215,0.16893079194163615,0.017879751102239164,0.09278253525119336,0.09058066818215432,-0.10135352978291444,0.06904136718896353
WK011853,Wijk 53 Elim,2002,4.0643590025072935,-0.037905848636391924,NA,NA,NA,NA,NA
WK011853,Wijk 53 Elim,2008,4.007106802548462,-0.09515804859522344,NA,NA,NA,NA,NA
WK011853,Wijk 53 Elim,2012,4.04736300025511,-0.05490185088857506,NA,NA,NA,NA,NA
WK011853,Wijk 53 Elim,2014,4.048496182824774,-0.053768668318910716,0.04297790730899775,0.05171361404646335,0.06682145896441637,-0.22811146514962774,0.012829816510839288
WK011853,Wijk 53 Elim,2016,4.041795782439256,-0.060469068704429425,NA,NA,NA,NA,NA
WK011853,Wijk 53 Elim,2018,4.060155073543294,-0.042109777600390835,0.03840348737051907,0.05165191404745185,0.06442286007812037,-0.2213700522724629,0.024782013175980513
WK011853,Wijk 53 Elim,2020,4.07027359202842,-0.03199125911526502,0.03705819193243464,0.07253108908610019,0.05625072093631066,-0.21364423358103046,0.015812972510919652
WK011853,Wijk 53 Elim,2022,4.067992887472878,-0.03427196367080731,0.041853711655751934,0.06255497934558049,0.04734339591836229,-0.2181225548422365,0.032098504251734265
WK011854,Wijk 54 Hollandscheveld,2002,4.063113175744919,-0.03915167539876636,NA,NA,NA,NA,NA
WK011854,Wijk 54 Hollandscheveld,2008,4.086234783345139,-0.016030067798545943,NA,NA,NA,NA,NA
WK011854,Wijk 54 Hollandscheveld,2012,4.108082668891525,0.005817817747839062,NA,NA,NA,NA,NA
WK011854,Wijk 54 Hollandscheveld,2014,4.106633964709062,0.004369113565377038,0.04087960076294968,0.039509091932494265,0.05919198049505558,-0.16509553011537315,0.029883970490250322
WK011854,Wijk 54 Hollandscheveld,2016,4.143426601632533,0.04116175048884751,NA,NA,NA,NA,NA
WK011854,Wijk 54 Hollandscheveld,2018,4.140188138604501,0.03792328746081601,0.04285721464313579,0.05563019585017826,0.05606425295477912,-0.14829197261391835,0.03166359662664086
WK011854,Wijk 54 Hollandscheveld,2020,4.152003351900615,0.049738500756929906,0.043709768244875165,0.05223785406958343,0.049597222338909806,-0.13048557057663016,0.03467922668019133
WK011854,Wijk 54 Hollandscheveld,2022,4.1387072584203715,0.03644240727668628,0.048641171075612416,0.05966380708529569,0.04023809266451822,-0.1447215763821887,0.032620912833448354
WK011855,Wijk 55 Noordscheschut,2002,4.151309547230299,0.049044696086612986,NA,NA,NA,NA,NA
WK011855,Wijk 55 Noordscheschut,2008,4.131196788020702,0.028931936877016347,NA,NA,NA,NA,NA
WK011855,Wijk 55 Noordscheschut,2012,4.126659024333798,0.024394173190113135,NA,NA,NA,NA,NA
WK011855,Wijk 55 Noordscheschut,2014,4.144434785325202,0.04216993418151684,0.030521165611556787,0.06336979587027797,0.06275497075941686,-0.14804609247435357,0.03357009441461856
WK011855,Wijk 55 Noordscheschut,2016,4.1533040067944,0.05103915565071508,NA,NA,NA,NA,NA
WK011855,Wijk 55 Noordscheschut,2018,4.163259272526219,0.06099442138253417,0.030087006526432068,0.06404312763453614,0.06116873509126433,-0.12654520727744048,0.03224075940774184
WK011855,Wijk 55 Noordscheschut,2020,4.1887126668479295,0.08644781570424476,0.036374106050196024,0.06730674047506266,0.053410778183504794,-0.11179255037515773,0.04114874137063868
WK011855,Wijk 55 Noordscheschut,2022,4.169271485500666,0.06700663435698054,0.0362033089587962,0.05404364962483367,0.048746698763479916,-0.11906532651301403,0.04707830352288452
WK011856,Wijk 56 Nieuwlande,2002,3.9563779301042423,-0.1458869210394433,NA,NA,NA,NA,NA
WK011856,Wijk 56 Nieuwlande,2008,3.966286033763455,-0.13597881738022982,NA,NA,NA,NA,NA
WK011856,Wijk 56 Nieuwlande,2012,3.9888895573671093,-0.11337529377657554,NA,NA,NA,NA,NA
WK011856,Wijk 56 Nieuwlande,2014,4.085963572288685,-0.01630127885500038,0.04351632130271299,0.07094691969213884,0.08045423625640374,-0.22428219382827635,0.013063437722020082
WK011856,Wijk 56 Nieuwlande,2016,4.0900528614387746,-0.012211989704911046,NA,NA,NA,NA,NA
WK011856,Wijk 56 Nieuwlande,2018,4.0902545605702665,-0.012010290573418828,0.048013962345615606,0.07472405135040676,0.0788871210530075,-0.21583470580940864,0.00219928048695963
WK011856,Wijk 56 Nieuwlande,2020,4.0711337510172525,-0.031131100126433185,0.037604439057403405,0.064045596276728,0.05567683243222575,-0.20762848779024634,0.019170519897455718
WK011856,Wijk 56 Nieuwlande,2022,4.115405350918322,0.013140499774636709,0.04514900726826595,0.07476493627242667,0.04940536386213927,-0.21009308191812878,0.053914274289933325
WK011857,Wijk 57 Nieuweroord,2002,4.164994386380486,0.06272953523680089,NA,NA,NA,NA,NA
WK011857,Wijk 57 Nieuweroord,2008,4.136747320265074,0.03448246912138822,NA,NA,NA,NA,NA
WK011857,Wijk 57 Nieuweroord,2012,4.1473851067206375,0.045120255576952775,NA,NA,NA,NA,NA
WK011857,Wijk 57 Nieuweroord,2014,4.179428340987567,0.0771634898438818,0.03594648251336467,0.09060117381422539,0.10428765682382482,-0.21811601868145497,0.06444419537392153
WK011857,Wijk 57 Nieuweroord,2016,4.185404754793713,0.08313990365002802,NA,NA,NA,NA,NA
WK011857,Wijk 57 Nieuweroord,2018,4.217999835635946,0.11573498449226029,0.05038595075669674,0.10539533369023052,0.09852860341832183,-0.2002397653125134,0.06166486193952434
WK011857,Wijk 57 Nieuweroord,2020,4.205960966041074,0.1036961148973882,0.04432322695958447,0.09430032296160283,0.09695650038533483,-0.19373285301249596,0.06184891760336176
WK011857,Wijk 57 Nieuweroord,2022,4.231300437818926,0.1290355866752411,0.040798579980704096,0.12337866176242918,0.09645360873864753,-0.19485473056898026,0.06325946676244029
WK011858,Wijk 58 Tiendeveen,2002,4.167785757773744,0.06552090663005876,NA,NA,NA,NA,NA
WK011858,Wijk 58 Tiendeveen,2008,4.161142176850209,0.05887732570652349,NA,NA,NA,NA,NA
WK011858,Wijk 58 Tiendeveen,2012,4.158516964929124,0.05625211378543865,NA,NA,NA,NA,NA
WK011858,Wijk 58 Tiendeveen,2014,4.185137702748461,0.08287285160477612,0.057025607758813115,0.09736085864505552,0.08400577784428997,-0.20900450097354215,0.053485108330159396
WK011858,Wijk 58 Tiendeveen,2016,4.1452061992010645,0.042941348057379286,NA,NA,NA,NA,NA
WK011858,Wijk 58 Tiendeveen,2018,4.205202210358397,0.10293735921471256,0.07093912312418679,0.09326001516321221,0.06835011871332279,-0.18567577187703332,0.05606387409102384
WK011858,Wijk 58 Tiendeveen,2020,4.191335564754886,0.08907071361120147,0.057300026303407886,0.09151266190039006,0.06706597153950762,-0.18416630849127927,0.05735836235917499
WK011858,Wijk 58 Tiendeveen,2022,4.226262978199435,0.12399812705575022,0.05889762693896477,0.118510458927668,0.07320429805607359,-0.18576318037201908,0.05914892350506263
WK011859,Wijk 59 Stuifzand,2002,4.197873875870512,0.09560902472682659,NA,NA,NA,NA,NA
WK011859,Wijk 59 Stuifzand,2008,4.140135726595546,0.03787087545186059,NA,NA,NA,NA,NA
WK011859,Wijk 59 Stuifzand,2012,4.158980306999004,0.056715455855319084,NA,NA,NA,NA,NA
WK011859,Wijk 59 Stuifzand,2014,4.200919577640619,0.0986547264969334,0.028018465437518986,0.08612044484818653,0.09502543440956397,-0.17379485872052422,0.06328524052218795
WK011859,Wijk 59 Stuifzand,2016,4.191070826932424,0.08880597578873918,NA,NA,NA,NA,NA
WK011859,Wijk 59 Stuifzand,2018,4.224489344013399,0.1222244928697145,0.03633121798212071,0.09036800333836059,0.0790101923404637,-0.14492244406616747,0.061437523274936554
WK011859,Wijk 59 Stuifzand,2020,4.2378498327735254,0.13558498162983965,0.03454512132170289,0.09570252858276265,0.0849845285094557,-0.13990162023384137,0.0602544234497596
WK011859,Wijk 59 Stuifzand,2022,4.238644516734874,0.13637966559118903,0.03438741223092933,0.1157302905132264,0.09118163330564787,-0.14428300399792135,0.039363333539306454
WK011860,Wijk 60 Pesse,2002,4.238630884543885,0.13636603340019987,NA,NA,NA,NA,NA
WK011860,Wijk 60 Pesse,2008,4.221105950627182,0.11884109948349666,NA,NA,NA,NA,NA
WK011860,Wijk 60 Pesse,2012,4.236680593761604,0.13441574261791855,NA,NA,NA,NA,NA
WK011860,Wijk 60 Pesse,2014,4.187556338254663,0.0852914871109782,0.02681567094533548,0.09382703921109414,0.07795246668180865,-0.15617301448517146,0.042869324757911074
WK011860,Wijk 60 Pesse,2016,4.208833249287403,0.106568398143718,NA,NA,NA,NA,NA
WK011860,Wijk 60 Pesse,2018,4.2161469157611435,0.11388206461745841,0.03649587483289663,0.09247161661253693,0.07657102528267531,-0.13363686076014203,0.041980408649491395
WK011860,Wijk 60 Pesse,2020,4.20402711621282,0.10176226506913409,0.024382548216617894,0.08595475002766992,0.07568334189753241,-0.13347684324255477,0.04921846816986834
WK011860,Wijk 60 Pesse,2022,4.204223512584929,0.1019586614412434,0.006388802347762101,0.1083037761445258,0.07550875775748628,-0.13528537352293651,0.04704269871440541
WK011861,Wijk 61 Zuideropgaande Nieuw Moscou,2002,4.068864747825206,-0.033400103318478924,NA,NA,NA,NA,NA
WK011861,Wijk 61 Zuideropgaande Nieuw Moscou,2008,4.088502314282053,-0.01376253686163287,NA,NA,NA,NA,NA
WK011861,Wijk 61 Zuideropgaande Nieuw Moscou,2012,4.15300916630946,0.05074431516577516,NA,NA,NA,NA,NA
WK011861,Wijk 61 Zuideropgaande Nieuw Moscou,2014,4.193440431086783,0.09117557994309791,0.013776274244311671,0.094543457028175,0.11501804632759664,-0.20395969631540195,0.07179749865841635
WK011861,Wijk 61 Zuideropgaande Nieuw Moscou,2016,4.1687778760909815,0.06651302494729576,NA,NA,NA,NA,NA
WK011861,Wijk 61 Zuideropgaande Nieuw Moscou,2018,4.202910980382935,0.10064612923924972,0.0168119101697531,0.0935049743450453,0.11718245584428662,-0.19591046186512262,0.06905725074528707
WK011861,Wijk 61 Zuideropgaande Nieuw Moscou,2020,4.1795672006329605,0.07730234948927497,0.014420887716586837,0.09388658875503883,0.09380710461772915,-0.190530662461342,0.0657184308612619
WK011861,Wijk 61 Zuideropgaande Nieuw Moscou,2022,4.155701225398861,0.05343637425517547,0.009859205779225038,0.08706283191006607,0.08256240545730882,-0.19720301684038563,0.07115494794896096
WK011862,Wijk 62 Industrie- en verspr. gebieden,2002,4.146394613757474,0.04412976261378929,NA,NA,NA,NA,NA
WK011862,Wijk 62 Industrie- en verspr. gebieden,2008,4.230375277743761,0.12811042660007574,NA,NA,NA,NA,NA
WK011862,Wijk 62 Industrie- en verspr. gebieden,2012,4.229530700644812,0.12726584950112593,NA,NA,NA,NA,NA
WK011862,Wijk 62 Industrie- en verspr. gebieden,2014,4.187099367605668,0.08483451646198231,-0.08782834264247932,0.09659933810070216,0.1094060705426544,-0.13798773571921538,0.10464518618032002
WK011862,Wijk 62 Industrie- en verspr. gebieden,2016,4.18666828605005,0.08440343490636537,NA,NA,NA,NA,NA
WK011862,Wijk 62 Industrie- en verspr. gebieden,2018,4.239134176863213,0.1368693257195276,-0.06637821563605814,0.0883907502871466,0.12087207290447315,-0.10632037562489231,0.10030509378885798
WK011862,Wijk 62 Industrie- en verspr. gebieden,2020,4.2332609733073,0.13099612216361536,-0.07381631237341382,0.0971873895079433,0.1130530184382334,-0.10193732083867893,0.096509347429531
WK011862,Wijk 62 Industrie- en verspr. gebieden,2022,4.222510077245361,0.1202452261016762,-0.07431523146716706,0.10362676300313553,0.11225812305112594,-0.10835351536906865,0.08702908688365013
WK011900,Centrum,2002,4.165876614034619,0.06361176289093369,NA,NA,NA,NA,NA
WK011900,Centrum,2008,4.164867074433006,0.06260222328932075,NA,NA,NA,NA,NA
WK011900,Centrum,2012,4.163873839098352,0.06160898795466678,NA,NA,NA,NA,NA
WK011900,Centrum,2014,4.157864843910155,0.05559999276646925,0.027003036533705265,0.005769333952411827,-0.007546967711826521,0.047711842711604446,-0.017337252719425964
WK011900,Centrum,2016,4.163643384937213,0.061378533793527895,NA,NA,NA,NA,NA
WK011900,Centrum,2018,4.168501216120297,0.06623636497661124,0.02428984258945915,0.0076439202644601025,-0.010961625340229125,0.036516456222249645,0.008747771240671217
WK011900,Centrum,2020,4.185656728254281,0.08339187711059554,0.025205529144465,0.0041382215557588704,-0.012776486318118308,0.04867129148206911,0.0181533212464206
WK011900,Centrum,2022,4.196446846861324,0.094181995717639,0.025073399746867155,0.005552978882276228,-0.015471515844918845,0.06016181915608073,0.018865313777333463
WK011901,Watertoren,2002,4.006994277524996,-0.0952705736186898,NA,NA,NA,NA,NA
WK011901,Watertoren,2008,4.004895938978461,-0.0973689121652248,NA,NA,NA,NA,NA
WK011901,Watertoren,2012,4.010164960041369,-0.09209989110231635,NA,NA,NA,NA,NA
WK011901,Watertoren,2014,4.055331812859914,-0.04693303828377061,2.4068903452376228e-4,-0.03296632855367413,-0.013341534984412753,-0.008344678100235594,0.007478814320027785
WK011901,Watertoren,2016,4.058015292008522,-0.04424955913516269,NA,NA,NA,NA,NA
WK011901,Watertoren,2018,4.03490259018054,-0.06736226096314551,-0.0071870412445762,-0.03590310540920837,-0.007101029216557704,-0.01612621084945878,-0.0010448742433447555
WK011901,Watertoren,2020,4.037574412373612,-0.06469043877007298,-0.0077872921683102975,-0.04161675147863113,-0.01690405508044564,-0.0022361227289653444,0.0038537826862790905
WK011901,Watertoren,2022,4.049415136890685,-0.05284971425300029,-0.012180287018509916,-0.056493644826538354,-0.012528103545521417,0.008977126985592063,0.019375194151977044
WK011902,Haveltermade,2002,3.9159900152190423,-0.18627483592464297,NA,NA,NA,NA,NA
WK011902,Haveltermade,2008,3.9523765189849622,-0.14988833215872316,NA,NA,NA,NA,NA
WK011902,Haveltermade,2012,3.987471150193904,-0.11479370094978066,NA,NA,NA,NA,NA
WK011902,Haveltermade,2014,3.989189835999762,-0.11307501514392312,0.024695530669145035,-0.0570434093357888,-0.037064447066854314,-0.0017740143614803183,-0.04188867504894501
WK011902,Haveltermade,2016,4.005709300761458,-0.09655555038222757,NA,NA,NA,NA,NA
WK011902,Haveltermade,2018,4.009589064873235,-0.09267578627045037,0.02343526626543104,-0.0494350886583781,-0.0383197155880751,-0.0023510208323043445,-0.026005227457124115
WK011902,Haveltermade,2020,4.025595866414343,-0.0766689847293417,0.022216948954312456,-0.046031650743684385,-0.04001944704914391,0.00473024987949285,-0.017565085770318983
WK011902,Haveltermade,2022,4.044514527708797,-0.05775032343488751,0.019532663200049552,-0.038003563169527486,-0.03874563782831389,0.014913244594747795,-0.015447030231843824
WK011903,Koedijkslanden,2002,3.966031559748876,-0.13623329139480955,NA,NA,NA,NA,NA
WK011903,Koedijkslanden,2008,4.016680309310406,-0.0855845418332791,NA,NA,NA,NA,NA
WK011903,Koedijkslanden,2012,4.042102116834956,-0.060162734308729746,NA,NA,NA,NA,NA
WK011903,Koedijkslanden,2014,4.0657022818332855,-0.036562569310399376,0.01740308325147179,0.009510822254209197,-0.003710510549681169,-0.0337184940506606,-0.026047470215738833
WK011903,Koedijkslanden,2016,4.075833871312256,-0.0264309798314288,NA,NA,NA,NA,NA
WK011903,Koedijkslanden,2018,4.088469228578984,-0.013795622564701123,0.02266213687671932,0.034671185879356387,-0.00605378683062994,-0.04586191353552078,-0.01921324495462639
WK011903,Koedijkslanden,2020,4.085853594493759,-0.016411256649925803,0.02625054390114528,0.02211250810863892,-0.014012396551439063,-0.038112022591832585,-0.012649889516438608
WK011903,Koedijkslanden,2022,4.139828985624768,0.037564134481083124,0.025613751652793573,0.04326760317049044,-0.009341004309862446,-0.026509487267254144,0.004533271234915413
WK011904,Berggierslanden,2002,3.9026863565455763,-0.1995784945981086,NA,NA,NA,NA,NA
WK011904,Berggierslanden,2008,4.128897705082973,0.02663285393928695,NA,NA,NA,NA,NA
WK011904,Berggierslanden,2012,4.298263380534096,0.19599852939041065,NA,NA,NA,NA,NA
WK011904,Berggierslanden,2014,4.245407879566353,0.14314302842266785,0.020505579846782307,0.08002585419391885,0.10672461290423134,-0.08466357465857359,0.020550556136308646
WK011904,Berggierslanden,2016,4.226757105646904,0.12449225450321867,NA,NA,NA,NA,NA
WK011904,Berggierslanden,2018,4.261860248388165,0.15959539724447977,0.025326803932911358,0.10680224046909224,0.092143006025051,-0.10151997809429607,0.03684332491172098
WK011904,Berggierslanden,2020,4.233274691380067,0.1310098402363814,0.027447222291862854,0.08122833915387744,0.08105277197502465,-0.09559379223864974,0.036875299054265905
WK011904,Berggierslanden,2022,4.270550265332995,0.16828541418930995,0.031861520545608084,0.10720848529384737,0.0799044564017088,-0.08586768642933387,0.03517863837747921
WK011905,Ezinge,2002,3.879289521468479,-0.22297532967520634,NA,NA,NA,NA,NA
WK011905,Ezinge,2008,3.898081748366624,-0.20418310277706134,NA,NA,NA,NA,NA
WK011905,Ezinge,2012,3.974814610881702,-0.1274502402619833,NA,NA,NA,NA,NA
WK011905,Ezinge,2014,4.0023907439534225,-0.09987410719026256,-0.0044295823593885454,0.06710383476943935,0.0023344642835274832,-0.08409053845377608,-0.08079228543006496
WK011905,Ezinge,2016,4.0292076106141135,-0.07305724052957244,NA,NA,NA,NA,NA
WK011905,Ezinge,2018,4.023023571106841,-0.07924128003684458,0.0054458609650665495,0.007199810571450772,-3.4343934770854475e-4,-0.07456864448103806,-0.016974867744615502
WK011905,Ezinge,2020,4.064200607473998,-0.038064243669687116,0.009224674090828656,0.025899844841060237,0.004074667012365063,-0.05390116108254689,-0.023362268531394434
WK011905,Ezinge,2022,4.099647482930093,-0.002617368213591924,0.013129671961477891,0.03801875945044131,0.003485329074992738,-0.04109482478876763,-0.016156303911736572
WK011906,Oosterboer,2002,4.1563599851571755,0.05409513401349055,NA,NA,NA,NA,NA
WK011906,Oosterboer,2008,4.1656529923321335,0.06338814118844792,NA,NA,NA,NA,NA
WK011906,Oosterboer,2012,4.160759424699518,0.058494573555832687,NA,NA,NA,NA,NA
WK011906,Oosterboer,2014,4.219195021408521,0.1169301702648359,0.03667004923628372,0.08592024693097383,0.0370658024721585,-0.053561861937001,0.010835933562420548
WK011906,Oosterboer,2016,4.223900947042995,0.1216360958993099,NA,NA,NA,NA,NA
WK011906,Oosterboer,2018,4.2042061125126,0.10194126136891464,0.03209776550626309,0.08515232236452831,0.026446261531173174,-0.06399356462821994,0.02223847659516972
WK011906,Oosterboer,2020,4.199410276767268,0.0971454256235832,0.029742274501890268,0.08065809521675996,0.02678603082813249,-0.056311841194035345,0.016270866270835568
WK011906,Oosterboer,2022,4.243640775883257,0.1413759247395717,0.03412074636579792,0.1015833211598519,0.02989391540191537,-0.05042239005379954,0.026200331865805775
WK011907,Nieuwveenselanden,2002,4.121646799219404,0.019381948075718865,NA,NA,NA,NA,NA
WK011907,Nieuwveenselanden,2008,4.119872022735309,0.017607171591622867,NA,NA,NA,NA,NA
WK011907,Nieuwveenselanden,2012,4.165035680926026,0.06277082978234058,NA,NA,NA,NA,NA
WK011907,Nieuwveenselanden,2014,4.1786636516212035,0.0763988004775184,-0.001736852650963814,0.05316594222779155,0.07647003691678735,-0.05081168552256983,-6.886404935271527e-4
WK011907,Nieuwveenselanden,2016,4.315442501427781,0.21317765028409616,NA,NA,NA,NA,NA
WK011907,Nieuwveenselanden,2018,4.1700928895465985,0.06782803840291339,-0.004978280577396378,0.07093262009888167,0.05542975587779773,-0.0653571008079346,0.01180104381156459
WK011907,Nieuwveenselanden,2020,4.108461463874366,0.006196612730680859,-0.002269073548533647,0.08773419243990173,0.037823283013169395,-0.12992491245240181,0.012833123278545034
WK011907,Nieuwveenselanden,2022,4.101847495096509,-4.173560471765335e-4,0.001765299131077987,0.08115618971629261,0.03452826890057748,-0.1329678155173726,0.015100701722247655
WK011908,Blankenstein,2002,4.206823449459776,0.10455859831609103,NA,NA,NA,NA,NA
WK011908,Blankenstein,2008,4.23643316156578,0.13416831042209487,NA,NA,NA,NA,NA
WK011908,Blankenstein,2012,4.23842609553799,0.13616124439430485,NA,NA,NA,NA,NA
WK011908,Blankenstein,2014,4.230284717723163,0.12801986657947756,0.048734121676527596,0.06355562866031546,0.0035387406959899795,0.03545709389567808,-0.02326571834903365
WK011908,Blankenstein,2016,4.193309905831968,0.09104505468828261,NA,NA,NA,NA,NA
WK011908,Blankenstein,2018,4.209895226554277,0.10763037541059184,0.01608342659245382,0.06091038223237024,0.002447379228026292,0.030880460220244266,-0.00269127286250348
WK011908,Blankenstein,2020,4.242352057829763,0.14008720668607696,0.020374088314583094,0.04079968217053571,0.03585853900710234,0.033409725951241025,0.009645171242614518
WK011908,Blankenstein,2022,4.345786311527521,0.2435214603838352,0.022919840144311553,0.046014415687289395,0.06116317976020793,0.049924291816034305,0.0634997329759918
WK011909,Industrieterrein Noord,2002,4.058508543084595,-0.04375630805909062,NA,NA,NA,NA,NA
WK011909,Industrieterrein Noord,2008,3.9498795696149975,-0.15238528152868783,NA,NA,NA,NA,NA
WK011909,Industrieterrein Noord,2012,4.053295633370524,-0.04896921777316059,NA,NA,NA,NA,NA
WK011909,Industrieterrein Noord,2014,4.047008371356564,-0.05525647978712064,-0.10794839418032338,0.05040767457187809,0.03466242831639905,-0.07498588676028321,0.04260769826520866
WK011909,Industrieterrein Noord,2016,4.268558844428479,0.1662939932847937,NA,NA,NA,NA,NA
WK011909,Industrieterrein Noord,2018,4.205717888778341,0.1034530376346549,-0.046986270476972604,0.08722075716773775,0.05162479365796224,-0.0758968005460654,0.08749055783199262
WK011909,Industrieterrein Noord,2020,4.239442806092996,0.13717795494931115,-0.031911730125771996,0.09513835354697314,0.07841575459122706,-0.09774354958189801,0.09327912651878083
WK011909,Industrieterrein Noord,2022,4.194591847077221,0.09232699593353581,-0.04007472240933161,0.07561313197461302,0.05125241164384948,-0.08735240395729245,0.09288857868169687
WK011910,Industrie Oevers,2002,4.067535875523184,-0.034728975620501236,NA,NA,NA,NA,NA
WK011910,Industrie Oevers,2008,4.063438521117521,-0.03882633002616453,NA,NA,NA,NA,NA
WK011910,Industrie Oevers,2012,4.031128703348527,-0.07113614779515814,NA,NA,NA,NA,NA
WK011910,Industrie Oevers,2014,4.075734822041135,-0.026530029102549996,-0.09120604277015545,5.021968020511219e-4,0.055201046318253864,-0.0463313600590889,0.05530413060638909
WK011910,Industrie Oevers,2016,4.116517850836762,0.014252999693076742,NA,NA,NA,NA,NA
WK011910,Industrie Oevers,2018,4.062101894851078,-0.040162956292607535,-0.09341525618470334,0.03225475408410945,0.06474110727680268,-0.052979241942294995,0.009235680473478287
WK011910,Industrie Oevers,2020,4.088066683435887,-0.014198167707798814,-0.08453066762478735,0.029215344722641614,0.07331067408642221,-0.050607652003768176,0.018414133111692696
WK011910,Industrie Oevers,2022,4.100594163149996,-0.0016706879936892803,-0.07775529783886422,0.024968220942566028,0.06921634169058354,-0.0363005045448562,0.018200551756881324
WK011911,Verspreid gebied Meppel,2002,4.288521803028197,0.18625695188451147,NA,NA,NA,NA,NA
WK011911,Verspreid gebied Meppel,2008,4.3186447561222225,0.21637990497853726,NA,NA,NA,NA,NA
WK011911,Verspreid gebied Meppel,2012,4.273735838651255,0.1714709875075702,NA,NA,NA,NA,NA
WK011911,Verspreid gebied Meppel,2014,4.3099806302379715,0.2077157790942865,0.02324622966996104,0.11182887151775522,0.08292186212516658,-0.10057474804076166,0.0902935638221651
WK011911,Verspreid gebied Meppel,2016,4.3225631229924675,0.22029827184878167,NA,NA,NA,NA,NA
WK011911,Verspreid gebied Meppel,2018,4.324898727848304,0.2226338767046195,0.041674038958692344,0.10462686572239205,0.09048867744577008,-0.10781121140625557,0.09365550598402037
WK011911,Verspreid gebied Meppel,2020,4.303640020929742,0.20137516978605702,0.01791843975743621,0.09975046097249333,0.09832798579089128,-0.10042008513614391,0.08579836840137983
WK011911,Verspreid gebied Meppel,2022,4.327154837265276,0.22488998612159072,0.020364257551339103,0.11417026563739753,0.09889253581935202,-0.09699646797389018,0.08845939508739187
WK011912,Nijeveen,2002,4.143426748418762,0.04116189727507677,NA,NA,NA,NA,NA
WK011912,Nijeveen,2008,4.172191463462284,0.06992661231859855,NA,NA,NA,NA,NA
WK011912,Nijeveen,2012,4.180524051928031,0.0782592007843462,NA,NA,NA,NA,NA
WK011912,Nijeveen,2014,4.14649506374491,0.04423021260122395,0.016259508993715727,0.09557069780523512,0.06111476079567888,-0.14683924584245595,0.018124490849049903
WK011912,Nijeveen,2016,4.1799925137782665,0.07772766263458149,NA,NA,NA,NA,NA
WK011912,Nijeveen,2018,4.186908234022983,0.08464338287929801,0.024907165361693153,0.10500851042125739,0.06600859605703573,-0.15145089938144632,0.040170010420757817
WK011912,Nijeveen,2020,4.166149826202347,0.06388497505866164,0.019493821853156762,0.10042854314785503,0.05082334399523769,-0.15364330446599916,0.046782570528411005
WK011912,Nijeveen,2022,4.165892702768107,0.0636278516244218,0.016797006874460924,0.1144589097873757,0.04594670930163079,-0.1589640092536954,0.04538923491464947
WK011913,Rogat,2002,4.219449089917291,0.11718423877360658,NA,NA,NA,NA,NA
WK011913,Rogat,2008,4.296977361245465,0.19471251010177937,NA,NA,NA,NA,NA
WK011913,Rogat,2012,4.302001722609971,0.19973687146628527,NA,NA,NA,NA,NA
WK011913,Rogat,2014,4.342683321960722,0.24041847081703752,-0.006171896432091932,0.13700004716455522,0.14848049921814555,-0.14788531244544886,0.10899513331187737
WK011913,Rogat,2016,4.37324343077657,0.2709785796328854,NA,NA,NA,NA,NA
WK011913,Rogat,2018,4.303248502769658,0.20098365162597187,0.0066426469285018885,0.12180084960466836,0.11683216159102308,-0.15458198307590837,0.1102899765776865
WK011913,Rogat,2020,4.294959473272307,0.19269462212862118,0.003810593644571128,0.12673073030063964,0.09133835354205777,-0.13766693886203338,0.10848188350338572
WK011913,Rogat,2022,4.326584090847919,0.22431923970423323,0.010238833536010865,0.13234213809395212,0.09129853520446297,-0.12424772592730042,0.11468745879710744
WK014110,Binnenstad,2002,4.095009408012432,-0.007255443131253531,NA,NA,NA,NA,NA
WK014110,Binnenstad,2008,4.099780877567196,-0.0024839735764895653,NA,NA,NA,NA,NA
WK014110,Binnenstad,2012,4.138094985795784,0.03583013465209934,NA,NA,NA,NA,NA
WK014110,Binnenstad,2014,4.0660908809364935,-0.03617397020719201,0.015769859215674042,-0.09209475312730749,-0.028756323196595476,0.05439758959485222,0.01450965730618436
WK014110,Binnenstad,2016,4.126187351097388,0.023922499953702762,NA,NA,NA,NA,NA
WK014110,Binnenstad,2018,4.065788828216597,-0.03647602292708887,0.013638151584324737,-0.08851041712407845,-0.035702946587046334,0.05728936184648903,0.016809827353221878
WK014110,Binnenstad,2020,4.0790640360209824,-0.02320081512270307,0.021089147028810554,-0.07512175612497934,-0.03388244493524032,0.06532196961798332,-6.077307092775829e-4
WK014110,Binnenstad,2022,4.1000867395116085,-0.002178111632077116,0.028243404603428657,-0.06814545414600036,-0.030282998412996073,0.0490633713806609,0.01894356494282945
WK014111,De Riet,2002,3.9871196515545058,-0.11514519958917943,NA,NA,NA,NA,NA
WK014111,De Riet,2008,3.9710312771002036,-0.13123357404348143,NA,NA,NA,NA,NA
WK014111,De Riet,2012,4.00277551659905,-0.09948933454463471,NA,NA,NA,NA,NA
WK014111,De Riet,2014,3.9573428041323178,-0.1449220470113673,0.0011297102287390276,-0.06653949941528332,-0.022200891296075265,-0.011846695257602865,-0.04546467127114512
WK014111,De Riet,2016,3.9877959046286966,-0.11446894651498847,NA,NA,NA,NA,NA
WK014111,De Riet,2018,3.979013562163134,-0.12325128898055107,-0.0032347197094908563,-0.05219820715478767,-0.027694935610139026,-0.010803394519229695,-0.029320031986904072
WK014111,De Riet,2020,4.016679237929341,-0.08558561321434445,-0.0032400807205692672,-0.029835375206006425,-0.024050714681114395,0.001305776725802283,-0.029765219332456943
WK014111,De Riet,2022,4.0458833353182255,-0.05638151582546012,0.0018008049577232727,-0.03036213675352875,-0.023142356206141773,-0.0013538623008603982,-0.0033239655226527305
WK014112,Noorderkwartier,2002,4.142127029818463,0.03986217867477719,NA,NA,NA,NA,NA
WK014112,Noorderkwartier,2008,4.149117601258838,0.04685275011515217,NA,NA,NA,NA,NA
WK014112,Noorderkwartier,2012,4.170288118275397,0.0680232671317118,NA,NA,NA,NA,NA
WK014112,Noorderkwartier,2014,4.180839967538093,0.07857511639440773,0.004328436133806871,0.06355174539938288,0.0326242681696806,-0.02214913454771791,2.1980123925507904e-4
WK014112,Noorderkwartier,2016,4.183918418503607,0.08165356735992166,NA,NA,NA,NA,NA
WK014112,Noorderkwartier,2018,4.210188569723299,0.1079237185796144,0.0036349432941021652,0.08625614868053318,0.03404226470777725,-0.02245807689617367,0.006448438793375171
WK014112,Noorderkwartier,2020,4.211171059691965,0.10890620854828001,0.008055970985665493,0.07884776852169623,0.03025533611669894,-0.009661833742773473,0.001408966666992561
WK014112,Noorderkwartier,2022,4.213113824998594,0.11084897385490813,0.009716639986321397,0.07593367445334215,0.02151535558747732,-0.018537173719317124,0.022220477547084096
WK014113,Sluitersveld,2002,3.937806869111271,-0.16445798203241457,NA,NA,NA,NA,NA
WK014113,Sluitersveld,2008,3.9895067717568984,-0.11275807938678674,NA,NA,NA,NA,NA
WK014113,Sluitersveld,2012,4.045420758658386,-0.05684409248529983,NA,NA,NA,NA,NA
WK014113,Sluitersveld,2014,4.024364021862238,-0.07790082928144768,0.014278088122136951,-0.055936517433449864,-0.0013672774971158384,-0.03842965046603678,0.0035545279930175432
WK014113,Sluitersveld,2016,4.037993520277141,-0.0642713308665448,NA,NA,NA,NA,NA
WK014113,Sluitersveld,2018,4.0583943587742475,-0.043870492369437374,0.005946960562574067,-0.028766229965854758,0.002818925843413064,-0.03833690798979243,0.014466759180222395
WK014113,Sluitersveld,2020,4.090330331511409,-0.01193451963227621,0.015151601412521854,-0.013181242659553704,0.002758165694767713,-0.03031886072969037,0.013655816649677997
WK014113,Sluitersveld,2022,4.072412429731582,-0.029852421412104094,0.014912408640115947,-0.03042356436685669,-6.8134595018415e-4,-0.03698556419503491,0.02332564445985543
WK014114,Wierdense Hoek,2002,3.928508528643215,-0.17375632250047046,NA,NA,NA,NA,NA
WK014114,Wierdense Hoek,2008,3.924867724661891,-0.17739712648179473,NA,NA,NA,NA,NA
WK014114,Wierdense Hoek,2012,3.9832787805420553,-0.11898607060163002,NA,NA,NA,NA,NA
WK014114,Wierdense Hoek,2014,3.9820474644985175,-0.12021738664516768,-0.004878041532010086,-0.03390076941984355,-0.012242686385921039,-0.012581894048082248,-0.05661399525931107
WK014114,Wierdense Hoek,2016,4.002548548415308,-0.09971630272837681,NA,NA,NA,NA,NA
WK014114,Wierdense Hoek,2018,3.978994897349192,-0.1232699537944929,-0.004380447266693907,-0.04201771744988374,-0.010983657050857515,-0.011129336662677753,-0.0547587953643803
WK014114,Wierdense Hoek,2020,3.994113078100852,-0.10815177304283304,-0.002888772229848208,-0.043325921765191094,-0.011809494397625684,-0.0018914188312308818,-0.048236165818937436
WK014114,Wierdense Hoek,2022,3.996342332933442,-0.10592251821024325,0.00320604717274297,-0.04122506627999036,-0.016596529477748197,-0.009336336574421423,-0.041970633050826524
WK014115,Nieuwstraat-Kwartier,2002,3.823890458454781,-0.2783743926889041,NA,NA,NA,NA,NA
WK014115,Nieuwstraat-Kwartier,2008,3.8461202183676693,-0.2561446327760159,NA,NA,NA,NA,NA
WK014115,Nieuwstraat-Kwartier,2012,3.8909429056358924,-0.21132194550779318,NA,NA,NA,NA,NA
WK014115,Nieuwstraat-Kwartier,2014,3.8093978297437334,-0.2928670213999517,-0.009832637654984475,-0.15155042118335676,-0.03816014577268652,0.002253419412521815,-0.095577236201446
WK014115,Nieuwstraat-Kwartier,2016,3.8617647334507006,-0.24050011769298424,NA,NA,NA,NA,NA
WK014115,Nieuwstraat-Kwartier,2018,3.8635932297494358,-0.23867162139424944,-0.0038578842352473015,-0.12923933492965448,-0.0400253997601183,0.0029593048492439615,-0.06850830731847359
WK014115,Nieuwstraat-Kwartier,2020,3.877491506766201,-0.22477334437748428,-0.004911337531970314,-0.12133284685866243,-0.03739298490946809,0.01717560593715958,-0.0783117810145433
WK014115,Nieuwstraat-Kwartier,2022,3.9090422461323446,-0.19322260501134056,-0.0015270864890855503,-0.09932063963891413,-0.030500261107703375,0.007978580679864875,-0.06985319845550263
WK014116,Ossenkoppelerhoek,2002,3.8737307183723497,-0.22853413277133588,NA,NA,NA,NA,NA
WK014116,Ossenkoppelerhoek,2008,3.8857957581375664,-0.2164690930061184,NA,NA,NA,NA,NA
WK014116,Ossenkoppelerhoek,2012,3.929238515270498,-0.1730263358731871,NA,NA,NA,NA,NA
WK014116,Ossenkoppelerhoek,2014,3.847563194054472,-0.254701657089213,-0.008986944252652937,-0.10957823812527415,-0.03087632026816465,-0.018895355654805338,-0.08636479878831617
WK014116,Ossenkoppelerhoek,2016,3.916086507750984,-0.18617834339270123,NA,NA,NA,NA,NA
WK014116,Ossenkoppelerhoek,2018,3.91161930939752,-0.1906455417461649,-0.01314962167004432,-0.055952113417698505,-0.030260567902498314,-0.02315231287250911,-0.06813092588341492
WK014116,Ossenkoppelerhoek,2020,3.939045382622702,-0.16321946852098296,-0.01077709416598239,-0.044074903813394926,-0.028337255209034913,-0.005577134300658851,-0.07445308103191219
WK014116,Ossenkoppelerhoek,2022,3.94099836937371,-0.1612664817699755,-0.007468677162208277,-0.06028201980905284,-0.024440219119125965,-0.014277972633448524,-0.05479759304614017
WK014117,Hofkamp,2002,4.211949592533768,0.10968474139008298,NA,NA,NA,NA,NA
WK014117,Hofkamp,2008,4.212216579256156,0.10995172811247084,NA,NA,NA,NA,NA
WK014117,Hofkamp,2012,4.237330185267734,0.13506533412404842,NA,NA,NA,NA,NA
WK014117,Hofkamp,2014,4.168995580366325,0.06673072922263958,2.1324216403423982e-4,0.02157342611336384,0.04185871720762354,-0.011069587861929032,0.014154931599546715
WK014117,Hofkamp,2016,4.196551502214084,0.09428665107039845,NA,NA,NA,NA,NA
WK014117,Hofkamp,2018,4.182542646106458,0.08027779496277242,-0.009339103838344798,0.047943706184873154,0.03709549521435354,-0.012407890962311728,0.016985588364201897
WK014117,Hofkamp,2020,4.187674911563199,0.08541006041951327,-0.005682372976660246,0.05042122327071427,0.030519382062491177,-0.002713011867304712,0.012864839930272503
WK014117,Hofkamp,2022,4.231620869489356,0.12935601834566993,1.2051804218561443e-4,0.07053964465692864,0.03408198745588772,6.055982417054822e-4,0.024008269948962217
WK014118,Schelfhorst,2002,3.9977709635334104,-0.104493887610275,NA,NA,NA,NA,NA
WK014118,Schelfhorst,2008,4.009714337951935,-0.09255051319175021,NA,NA,NA,NA,NA
WK014118,Schelfhorst,2012,4.043330703883927,-0.05893414725975811,NA,NA,NA,NA,NA
WK014118,Schelfhorst,2014,4.036499162378752,-0.06576568876493295,0.011459093827616635,0.018802078297151633,0.01228282249895606,-0.07742813330477678,-0.03088155008388081
WK014118,Schelfhorst,2016,4.058522006553395,-0.04374284459029039,NA,NA,NA,NA,NA
WK014118,Schelfhorst,2018,4.057248747952132,-0.04501610319155299,0.011754534609607582,0.0284474335281288,0.01038609089918495,-0.07895543724989662,-0.016648724978577965
WK014118,Schelfhorst,2020,4.07576253605741,-0.026502315086275083,0.014328859512004752,0.03874221659086466,0.010658081718574236,-0.06920010219099745,-0.021031370716721544
WK014118,Schelfhorst,2022,4.075302888261924,-0.026961962881761153,0.019744750738443777,0.03092584251743822,0.004461756406003459,-0.07424913553166013,-0.007845177011986773
WK014119,Windmolenbroek,2002,4.099673261012271,-0.0025915901314145953,NA,NA,NA,NA,NA
WK014119,Windmolenbroek,2008,4.125623696543983,0.023358845400297906,NA,NA,NA,NA,NA
WK014119,Windmolenbroek,2012,4.118522080401621,0.01625722925793642,NA,NA,NA,NA,NA
WK014119,Windmolenbroek,2014,4.084484656952823,-0.01778019419086292,-0.0036177852094335227,0.031103268000704475,0.03499508743887263,-0.06355065543683357,-0.016710108984173196
WK014119,Windmolenbroek,2016,4.115818686775333,0.013553835631646695,NA,NA,NA,NA,NA
WK014119,Windmolenbroek,2018,4.133320758645386,0.031055907501700925,-0.0016560508518411753,0.07016643106127979,0.03186746171977892,-0.06422333413222092,-0.005098600295295954
WK014119,Windmolenbroek,2020,4.1503674988734565,0.04810264772977182,-1.0253057004589793e-4,0.08013711753129953,0.030903026225253805,-0.057672258612197165,-0.005162706844538708
WK014119,Windmolenbroek,2022,4.141355380669294,0.0390905295256094,-0.0015128664372650877,0.05992659965935979,0.03324991436946297,-0.06467984015613916,0.012106722090190595
WK014120,Aadorp,2002,4.119669608717438,0.017404757573752514,NA,NA,NA,NA,NA
WK014120,Aadorp,2008,4.155428634454998,0.05316378331131361,NA,NA,NA,NA,NA
WK014120,Aadorp,2012,4.161303951117912,0.05903909997422697,NA,NA,NA,NA,NA
WK014120,Aadorp,2014,4.160606076032202,0.05834122488851635,-0.013711263187370318,0.08944132947878955,0.05863559835896844,-0.11193172819726352,0.035907288435391954
WK014120,Aadorp,2016,4.160632998131629,0.058368146987943716,NA,NA,NA,NA,NA
WK014120,Aadorp,2018,4.177926200717502,0.0756613495738171,-0.01787190633438532,0.11112003520007414,0.0642953733053061,-0.11869115072294248,0.03680899812576441
WK014120,Aadorp,2020,4.16957359179752,0.06730874065383508,-0.014935648983060304,0.10005022575353285,0.05962994808516832,-0.11561140369422833,0.038175619492422236
WK014120,Aadorp,2022,4.1501407838419135,0.04787593269822764,-0.00802461236322912,0.08213139238315156,0.05222215539182076,-0.11873634475073186,0.0402833420372161
WK014121,Bornerbroek,2002,4.212319148369426,0.11005429722574049,NA,NA,NA,NA,NA
WK014121,Bornerbroek,2008,4.181901802256851,0.07963695111316554,NA,NA,NA,NA,NA
WK014121,Bornerbroek,2012,4.215054683909662,0.11278983276597698,NA,NA,NA,NA,NA
WK014121,Bornerbroek,2014,4.210975256658922,0.10871040551523689,-0.02354682356834356,0.10339571497925175,0.10162504380117438,-0.12838659962469565,0.0556230699278497
WK014121,Bornerbroek,2016,4.243596568712994,0.14133171756930887,NA,NA,NA,NA,NA
WK014121,Bornerbroek,2018,4.260782140868937,0.15851728972525142,-0.0035125292576675318,0.1334902772810162,0.09792918151659818,-0.12504183486319798,0.05565219504850231
WK014121,Bornerbroek,2020,4.256293566119202,0.15402871497551648,-0.008246550492829218,0.13455756783850953,0.08067784382045959,-0.10558378634059552,0.05262364014997182
WK014121,Bornerbroek,2022,4.226241262282996,0.12397641113931099,-0.014770506112648036,0.11969718673858956,0.08008263647622449,-0.11605115976560514,0.055018253802749786
WK014700,Wijk 00 Borne,2002,4.163649708307342,0.06138485716365723,NA,NA,NA,NA,NA
WK014700,Wijk 00 Borne,2008,4.187978669625125,0.0857138184814408,NA,NA,NA,NA,NA
WK014700,Wijk 00 Borne,2012,4.208435236973769,0.10617038583008356,NA,NA,NA,NA,NA
WK014700,Wijk 00 Borne,2014,4.195568430401264,0.09330357925757905,-6.877918630181874e-4,0.06262058114994369,0.03337296663252364,-0.030130231199632086,0.02812805453776169
WK014700,Wijk 00 Borne,2016,4.199109269193642,0.09684441804995604,NA,NA,NA,NA,NA
WK014700,Wijk 00 Borne,2018,4.205955907342718,0.10369105619903225,-0.008376644582213887,0.0765459221472108,0.035422580453060695,-0.032495727349894254,0.032594925530868596
WK014700,Wijk 00 Borne,2020,4.230569824745578,0.12830497360189208,-0.006173353491424924,0.08321837067645989,0.036595672230289394,-0.01736734079722938,0.03203162498379681
WK014700,Wijk 00 Borne,2022,4.224670628010291,0.12240577686660514,-0.007969287973683655,0.08311282818708493,0.03805607212991281,-0.025651736382971746,0.034857900906262514
WK014701,Wijk 01 Buitengebied Borne,2002,4.290665638773058,0.18840078762937298,NA,NA,NA,NA,NA
WK014701,Wijk 01 Buitengebied Borne,2008,4.241931520163059,0.13966666901937402,NA,NA,NA,NA,NA
WK014701,Wijk 01 Buitengebied Borne,2012,4.270794834344941,0.16852998320125576,NA,NA,NA,NA,NA
WK014701,Wijk 01 Buitengebied Borne,2014,4.2557093752268935,0.15344452408320877,-0.007513321790109546,0.10253485782195298,0.09732697753962152,-0.10315840632907476,0.06425441684081828
WK014701,Wijk 01 Buitengebied Borne,2016,4.25189860035573,0.14963374921204434,NA,NA,NA,NA,NA
WK014701,Wijk 01 Buitengebied Borne,2018,4.265978144762755,0.16371329361906964,-0.006031685691945915,0.10985777682382018,0.09292047494958906,-0.09690675487256215,0.06387348241016819
WK014701,Wijk 01 Buitengebied Borne,2020,4.288123116791732,0.18585826564804772,-0.005915128036493114,0.11729121740855739,0.09907628164409794,-0.08521626536653638,0.06062215999842156
WK014701,Wijk 01 Buitengebied Borne,2022,4.29253865967713,0.19027380853344525,-0.009915819074735084,0.1242114329717289,0.09868448611732843,-0.09252882090861758,0.06982252942774031
WK014801,Dalfsen,2002,4.1372593652358445,0.03499451409215939,NA,NA,NA,NA,NA
WK014801,Dalfsen,2008,4.142978523342694,0.04071367219900909,NA,NA,NA,NA,NA
WK014801,Dalfsen,2012,4.161635946004414,0.059371094860728064,NA,NA,NA,NA,NA
WK014801,Dalfsen,2014,4.176907480778837,0.07464262963515192,0.019162281891419056,0.10752947240484349,0.06802840896216389,-0.15287592996097513,0.03279839633770031
WK014801,Dalfsen,2016,4.197977609983075,0.09571275883938933,NA,NA,NA,NA,NA
WK014801,Dalfsen,2018,4.182748646790643,0.08048379564695839,0.025257802205929297,0.1075029654492675,0.06440106229628291,-0.15467690575105353,0.03799887144653192
WK014801,Dalfsen,2020,4.19844351158355,0.09617866043986441,0.02291434097147934,0.10934432395246377,0.06863604724100492,-0.1440795545846343,0.03936350285955042
WK014801,Dalfsen,2022,4.204095239116602,0.10183038797291652,0.019669621872566177,0.11502916919493565,0.06514167215829403,-0.1456903976303569,0.04768032237747726
WK014802,Nieuwleusen,2002,4.137085189436414,0.03482033829272853,NA,NA,NA,NA,NA
WK014802,Nieuwleusen,2008,4.15967822215884,0.057413371015154493,NA,NA,NA,NA,NA
WK014802,Nieuwleusen,2012,4.1642216945500135,0.061956843406328045,NA,NA,NA,NA,NA
WK014802,Nieuwleusen,2014,4.165105064950032,0.06284021380634616,0.012336586140029747,0.07882640912212814,0.06939326292171127,-0.14503963426420882,0.04732358988668554
WK014802,Nieuwleusen,2016,4.190784153810169,0.08851930266648386,NA,NA,NA,NA,NA
WK014802,Nieuwleusen,2018,4.186077522574024,0.0838126714303394,0.019694080901828365,0.09056520265818664,0.06870629378946656,-0.14183135646389103,0.046678450544748604
WK014802,Nieuwleusen,2020,4.1881300649742315,0.08586521383054636,0.019140249257771344,0.09149789272867193,0.06611535184608021,-0.1432164183249465,0.05232813832296912
WK014802,Nieuwleusen,2022,4.172980299901619,0.07071544875793355,0.02035129518282555,0.08496692261676374,0.06559001333975428,-0.15544841248553376,0.05525563010412345
WK014803,Lemelerveld,2002,4.146681981804343,0.04441713066065738,NA,NA,NA,NA,NA
WK014803,Lemelerveld,2008,4.135558224027968,0.03329337288428318,NA,NA,NA,NA,NA
WK014803,Lemelerveld,2012,4.151523066348006,0.04925821520432108,NA,NA,NA,NA,NA
WK014803,Lemelerveld,2014,4.155108218193744,0.052843367050059445,0.012155974779288604,0.08912731290250117,0.07724537297345987,-0.16465743785450496,0.038972144249314465
WK014803,Lemelerveld,2016,4.179176697612134,0.0769118464684489,NA,NA,NA,NA,NA
WK014803,Lemelerveld,2018,4.175159782943389,0.07289493179970323,0.01357868160200928,0.1039024973878507,0.07648920876551714,-0.15727957044645482,0.03620411449078057
WK014803,Lemelerveld,2020,4.185876898673837,0.08361204753015183,0.01063653572002364,0.10188729545655201,0.07636311861006614,-0.1465455901687221,0.041270687912231874
WK014803,Lemelerveld,2022,4.1756250652315465,0.07336021408786171,0.016904398479084336,0.10021080864169445,0.0774429012249674,-0.16868112577231562,0.04748323151443085
WK015001,Binnenstad,2002,4.072410953266716,-0.029853897876969474,NA,NA,NA,NA,NA
WK015001,Binnenstad,2008,4.1517187395478965,0.04945388840421115,NA,NA,NA,NA,NA
WK015001,Binnenstad,2012,4.165291607607,0.06302675646331472,NA,NA,NA,NA,NA
WK015001,Binnenstad,2014,4.162576405547919,0.06031155440423418,0.003494969661347435,-0.09456381320262934,-0.04049413582593998,0.1554330681983697,0.036441465573086036
WK015001,Binnenstad,2016,4.186920035574767,0.08465518443108198,NA,NA,NA,NA,NA
WK015001,Binnenstad,2018,4.185310785789595,0.08304593464590936,-0.0019024257185070257,-0.07544990989263974,-0.043095020282603896,0.15440869675471236,0.049084593784947395
WK015001,Binnenstad,2020,4.188866616534997,0.08660176539131165,0.0033334503584241935,-0.07373349232759978,-0.0366645197667949,0.15915976564637302,0.03450656148090884
WK015001,Binnenstad,2022,4.219514833673436,0.11724998252975152,0.009007010601355458,-0.05772329334994567,-0.03615913992175164,0.1691186626199015,0.03300674258019159
WK015002,De Hoven,2002,4.245669646570007,0.14340479542632165,NA,NA,NA,NA,NA
WK015002,De Hoven,2008,4.201980618730856,0.09971576758717036,NA,NA,NA,NA,NA
WK015002,De Hoven,2012,4.218323287849833,0.11605843670614727,NA,NA,NA,NA,NA
WK015002,De Hoven,2014,4.212968310154957,0.11070345901127168,-0.02535210010727106,0.07885599506528798,0.03230884237109991,0.00559035589271592,0.019300365789438674
WK015002,De Hoven,2016,4.2481169920416715,0.1458521408979856,NA,NA,NA,NA,NA
WK015002,De Hoven,2018,4.202949051135438,0.10068419999175296,-0.01887341404648702,0.054163003854497314,0.03344300196791377,0.016865879856981406,0.015085728358847259
WK015002,De Hoven,2020,4.241268333923854,0.13900348278016914,-0.017349310563672803,0.06718343013603806,0.03706241006899318,0.02332849316785222,0.028778459970958237
WK015002,De Hoven,2022,4.287575694604533,0.18531084346084722,-0.0034293323467309324,0.08193529265128312,0.033871325402795596,0.024195598030628564,0.04873795972287062
WK015003,Zandweerd,2002,4.045100035043463,-0.05716481610022216,NA,NA,NA,NA,NA
WK015003,Zandweerd,2008,4.044468322762579,-0.05779652838110678,NA,NA,NA,NA,NA
WK015003,Zandweerd,2012,4.059516155492215,-0.042748695651469736,NA,NA,NA,NA,NA
WK015003,Zandweerd,2014,4.0252112261956094,-0.07705362494807567,-0.0013240453505444405,-0.022545781307320028,-0.03338811797544097,0.02994055506765283,-0.04973623538242335
WK015003,Zandweerd,2016,4.064880584654553,-0.0373842664891321,NA,NA,NA,NA,NA
WK015003,Zandweerd,2018,4.0625365909075315,-0.03972826023615327,0.0028843690149488173,-0.016500495958594413,-0.03436161138012573,0.032922620540575875,-0.024673142452958097
WK015003,Zandweerd,2020,4.077898770732798,-0.02436608041088717,0.0058842724555676715,-0.015804998562435228,-0.03132051191669904,0.039198005421131284,-0.022322847808452152
WK015003,Zandweerd,2022,4.09133144022143,-0.01093341092225503,0.012585542643949215,-0.013246173528856979,-0.028699060998871564,0.03465454578673445,-0.016228264825210437
WK015004,Voorstad,2002,3.994717744828008,-0.10754710631567693,NA,NA,NA,NA,NA
WK015004,Voorstad,2008,3.9860469960798612,-0.11621785506382358,NA,NA,NA,NA,NA
WK015004,Voorstad,2012,4.003645972236724,-0.09861887890696076,NA,NA,NA,NA,NA
WK015004,Voorstad,2014,3.989973630866893,-0.11229122027679268,-0.014976918811034124,-0.09996743581047669,-0.037337642939211955,0.07703532168447383,-0.03704454440054399
WK015004,Voorstad,2016,4.031511783203772,-0.07075306793991294,NA,NA,NA,NA,NA
WK015004,Voorstad,2018,4.0307929975493515,-0.0714718535943333,-0.011949320369612543,-0.07556308345864574,-0.036463157095763137,0.06794578122917756,-0.015442073899489737
WK015004,Voorstad,2020,4.049933742760033,-0.05233110838365181,-0.009259145775581368,-0.07737969465868196,-0.039048802419653375,0.07987446105112973,-0.006517926580865142
WK015004,Voorstad,2022,4.06108809095468,-0.04117676018900537,-0.0023119647887112986,-0.07645959702919976,-0.038102176752955234,0.0736244898003292,0.002072488581531413
WK015005,Borgele en Platvoet,2002,4.025706022105952,-0.07655882903773285,NA,NA,NA,NA,NA
WK015005,Borgele en Platvoet,2008,4.042001912442131,-0.06026293870155457,NA,NA,NA,NA,NA
WK015005,Borgele en Platvoet,2012,4.063585559801664,-0.038679291342021124,NA,NA,NA,NA,NA
WK015005,Borgele en Platvoet,2014,4.033271581443209,-0.06899326970047569,-0.0013167867054437623,0.0030068609074594696,-0.01771434285020986,-0.02493828771430749,-0.028030713337974328
WK015005,Borgele en Platvoet,2016,4.058686779309235,-0.04357807183445079,NA,NA,NA,NA,NA
WK015005,Borgele en Platvoet,2018,4.053115379090367,-0.04914947205331798,0.006940216436259162,0.0031510993583583917,-0.015284212766435202,-0.02496969793681091,-0.01898687714468973
WK015005,Borgele en Platvoet,2020,4.07465259478172,-0.027612256361965286,0.006664924168850788,0.00500215484325933,-0.014568458469294948,-0.009416054061415038,-0.015294822843365679
WK015005,Borgele en Platvoet,2022,4.108172388251725,0.005907537108040109,0.01757437965773048,0.02070591312271738,-0.00932967631617572,-0.017252809032043123,-0.00579027032418921
WK015006,Keizerslanden,2002,4.041047909265777,-0.06121694187790865,NA,NA,NA,NA,NA
WK015006,Keizerslanden,2008,4.0346544495874195,-0.06761040155626605,NA,NA,NA,NA,NA
WK015006,Keizerslanden,2012,4.034478067577176,-0.067786783566509,NA,NA,NA,NA,NA
WK015006,Keizerslanden,2014,3.9633505373498252,-0.13891431379385993,-0.00830386760880101,-0.06586945438475812,-0.04021100335812492,0.031160945372454767,-0.055690933814630916
WK015006,Keizerslanden,2016,4.013958687602738,-0.08830616354094693,NA,NA,NA,NA,NA
WK015006,Keizerslanden,2018,3.9840654407408067,-0.11819941040287872,-5.360689073386041e-4,-0.05928040239682048,-0.03515666028662049,0.026366416040474894,-0.049592694852574316
WK015006,Keizerslanden,2020,3.993798965917308,-0.10846588522637694,0.0014714601566367836,-0.06870257473636132,-0.032931366191590775,0.03249269982397282,-0.04079610427903472
WK015006,Keizerslanden,2022,4.032089673617082,-0.07017517752660311,0.01086246743138417,-0.04048682251041998,-0.03550177138384505,0.02618873540094759,-0.03123778646467014
WK015007,Rivierenwijk en Bergweide,2002,3.7958274153896805,-0.3064374357540043,NA,NA,NA,NA,NA
WK015007,Rivierenwijk en Bergweide,2008,3.8291320068354437,-0.2731328443082412,NA,NA,NA,NA,NA
WK015007,Rivierenwijk en Bergweide,2012,3.8635960461562444,-0.23866880498744095,NA,NA,NA,NA,NA
WK015007,Rivierenwijk en Bergweide,2014,3.870523454504187,-0.2317413966394984,-0.009011621389579793,-0.07295631921906352,-0.026830463666037703,0.027271519771459377,-0.150214512136277
WK015007,Rivierenwijk en Bergweide,2016,3.9313988794341514,-0.17086597170953371,NA,NA,NA,NA,NA
WK015007,Rivierenwijk en Bergweide,2018,3.8978960791818316,-0.20436877196185407,-0.007243268393891195,-0.07134644915717202,-0.04459606321462944,0.024571141971905013,-0.1057541331680667
WK015007,Rivierenwijk en Bergweide,2020,3.9350987852445494,-0.16716606589913624,-0.009609800510672561,-0.06587275896853896,-0.04927173304036427,0.045109216155098615,-0.08752098953465928
WK015007,Rivierenwijk en Bergweide,2022,3.8919876257411685,-0.21027722540251634,-2.0838924449976447e-4,-0.0939655714964777,-0.05703983616138065,0.033565692878898115,-0.09262912137905659
WK015008,Colmschate-Noord,2002,3.9214184695210377,-0.1808463816226475,NA,NA,NA,NA,NA
WK015008,Colmschate-Noord,2008,3.9332538331064715,-0.16901101803721338,NA,NA,NA,NA,NA
WK015008,Colmschate-Noord,2012,3.9549635131553313,-0.14730133798835393,NA,NA,NA,NA,NA
WK015008,Colmschate-Noord,2014,3.9802996634194074,-0.12196518772427782,-0.019794665954133792,-0.015249222825920833,-0.0019803171676267876,-0.033781316018318484,-0.05115966575827824
WK015008,Colmschate-Noord,2016,4.008620101501227,-0.09364474964245867,NA,NA,NA,NA,NA
WK015008,Colmschate-Noord,2018,3.975390157146617,-0.12687469399706847,-0.026712290227683996,-0.006419646693928065,-0.009973307208262913,-0.05166690470001707,-0.03210254516717671
WK015008,Colmschate-Noord,2020,3.9979182983284027,-0.10434655281528257,-0.016991222878472635,5.808787261895935e-4,-0.012066521749940825,-0.043698191780878706,-0.03217149513218029
WK015008,Colmschate-Noord,2022,4.032631793187236,-0.06963305795644874,-0.011476932630900494,0.02690300059748353,-0.009804505803264618,-0.05319973280423642,-0.022054887315531044
WK015009,Colmschate-Vijfhoek,2002,4.091233428464302,-0.011031422679383661,NA,NA,NA,NA,NA
WK015009,Colmschate-Vijfhoek,2008,4.162587191289583,0.06032234014589748,NA,NA,NA,NA,NA
WK015009,Colmschate-Vijfhoek,2012,4.128261311070203,0.0259964599265179,NA,NA,NA,NA,NA
WK015009,Colmschate-Vijfhoek,2014,4.111893170161948,0.009628319018262835,0.00937159759043592,0.0581345355854613,0.045378454332595075,-0.0924920117088402,-0.010764256781389562
WK015009,Colmschate-Vijfhoek,2016,4.139764128240425,0.03749927709673924,NA,NA,NA,NA,NA
WK015009,Colmschate-Vijfhoek,2018,4.127038012363058,0.024773161219372418,0.012278705571083919,0.06390953840664261,0.03429171045940714,-0.09410383660739875,0.008397043389637222
WK015009,Colmschate-Vijfhoek,2020,4.142220821958357,0.039955970814671574,0.012088289431004965,0.0737622274617501,0.029054319092322377,-0.08035583736763988,0.005406972197233766
WK015009,Colmschate-Vijfhoek,2022,4.128262343749148,0.02599749260546239,0.01812888328073614,0.04991077283783503,0.023664785561385182,-0.08749696226407144,0.021790013189577215
WK015010,Colmschate-Zuid,2002,4.083385254807387,-0.01887959633629843,NA,NA,NA,NA,NA
WK015010,Colmschate-Zuid,2008,4.086338025914677,-0.015926825229007423,NA,NA,NA,NA,NA
WK015010,Colmschate-Zuid,2012,4.08920822109018,-0.013056630053504983,NA,NA,NA,NA,NA
WK015010,Colmschate-Zuid,2014,4.103834743441171,0.0015698922974857728,-0.0010913844965596679,0.03560587417507443,0.016291166214434584,-0.049315772917668234,8.000932220437864e-5
WK015010,Colmschate-Zuid,2016,4.123643654963199,0.0213788038195141,NA,NA,NA,NA,NA
WK015010,Colmschate-Zuid,2018,4.109140059805829,0.006875208662144045,-1.1709564050309353e-4,0.03455870414665716,0.009830418975645138,-0.047918252216081945,0.010521433396426498
WK015010,Colmschate-Zuid,2020,4.123928648997803,0.02166379785411762,-0.0029033643496110145,0.04476182579344697,0.007636067414320669,-0.04252503819988125,0.01469430719584199
WK015010,Colmschate-Zuid,2022,4.1204051732468505,0.018140322103165556,0.0035502293643947685,0.04603455418511635,0.0029811551297095006,-0.053259944301110924,0.018834327725055562
WK015011,Diepenveen,2002,4.224933503793364,0.12266865264967901,NA,NA,NA,NA,NA
WK015011,Diepenveen,2008,4.250443488646405,0.1481786375027203,NA,NA,NA,NA,NA
WK015011,Diepenveen,2012,4.270813910146444,0.16854905900275832,NA,NA,NA,NA,NA
WK015011,Diepenveen,2014,4.247275265540857,0.14501041439717152,0.012084124317211686,0.09319332941355613,0.0662552669256555,-0.07292705341846616,0.04640474715921414
WK015011,Diepenveen,2016,4.274694078947017,0.17242922780333195,NA,NA,NA,NA,NA
WK015011,Diepenveen,2018,4.270836672853341,0.16857182170965587,0.025114058360518655,0.10355823210533079,0.06884889005355793,-0.07637954917803629,0.04743019036828457
WK015011,Diepenveen,2020,4.290939609079776,0.18867475793609015,0.02925258738311376,0.11320169924589417,0.07112030653859809,-0.07328685086888208,0.0483870156373659
WK015011,Diepenveen,2022,4.253387047374328,0.15112219623064269,0.019874926376183967,0.09333926468843408,0.06303456173662488,-0.07495604054411899,0.049829483973518475
WK015012,Schalkhaar,2002,4.189878832432518,0.08761398128883276,NA,NA,NA,NA,NA
WK015012,Schalkhaar,2008,4.201280667498353,0.09901581635466768,NA,NA,NA,NA,NA
WK015012,Schalkhaar,2012,4.225546882635851,0.12328203149216617,NA,NA,NA,NA,NA
WK015012,Schalkhaar,2014,4.222077994292589,0.11981314314890333,-0.0014922624435336012,0.06606978176800499,0.04819900640146409,-0.03782461364329641,0.044861231066264017
WK015012,Schalkhaar,2016,4.264622375196698,0.16235752405301282,NA,NA,NA,NA,NA
WK015012,Schalkhaar,2018,4.249575107062471,0.14731025591878613,0.012720019844976284,0.0703256771851571,0.05894985006830189,-0.03979382311909221,0.04510853193944282
WK015012,Schalkhaar,2020,4.281028240352177,0.17876338920849244,0.016534414558948687,0.08782039301867259,0.06462492860441812,-0.03505083815368057,0.044834491180133294
WK015012,Schalkhaar,2022,4.251304551045643,0.14903969990195848,0.020813325712087265,0.06756144975827949,0.05638560729172295,-0.04099528810754448,0.04527460524741299
WK015013,Okkenbroek,2002,4.1290244112931065,0.026759560149421352,NA,NA,NA,NA,NA
WK015013,Okkenbroek,2008,4.06599833239814,-0.03626651874554528,NA,NA,NA,NA,NA
WK015013,Okkenbroek,2012,4.0602592064551315,-0.04200564468855358,NA,NA,NA,NA,NA
WK015013,Okkenbroek,2014,4.1580782366185565,0.05581338547487129,0.023448574239346515,0.10539463524605944,0.10347023310335657,-0.23617672564779094,0.05967666853389935
WK015013,Okkenbroek,2016,4.107683205454918,0.005418354311232864,NA,NA,NA,NA,NA
WK015013,Okkenbroek,2018,4.117765574109973,0.015500722966287891,0.03828625442219562,0.0720606568268817,0.08299866099179451,-0.2324494651769073,0.05460461590232303
WK015013,Okkenbroek,2020,4.125381297137215,0.023116445993530157,0.03468593748117437,0.08060500167156004,0.08040443208663668,-0.22869526939358234,0.05611634414774101
WK015013,Okkenbroek,2022,4.161544996270582,0.059280145126895785,0.044756650208924144,0.1096275042036664,0.08147001164123738,-0.23383237004530952,0.05725834911837704
WK015014,Lettele,2002,4.284178187112623,0.18191333596893758,NA,NA,NA,NA,NA
WK015014,Lettele,2008,4.220939488798241,0.1186746376545567,NA,NA,NA,NA,NA
WK015014,Lettele,2012,4.238260277560722,0.13599542641703746,NA,NA,NA,NA,NA
WK015014,Lettele,2014,4.222956691695213,0.12069184055152798,0.006886696240917494,0.11440620679143058,0.10704711847451491,-0.18378536167332213,0.07613718071798684
WK015014,Lettele,2016,4.233188239323941,0.130923388180256,NA,NA,NA,NA,NA
WK015014,Lettele,2018,4.252950863470105,0.15068601232641984,0.03011549571831762,0.11417356113098986,0.11037847276493848,-0.17844854139670868,0.07446702410888219
WK015014,Lettele,2020,4.24538576710299,0.1431209159593044,0.019050619615569343,0.11696415776815859,0.1080474122610473,-0.1704230449142471,0.06948177122877594
WK015014,Lettele,2022,4.231060636787452,0.12879578564376723,0.020685436217391977,0.11767476664460641,0.10436931974952285,-0.18844247891953628,0.07450874195178202
WK015015,Bathmen,2002,4.172929680714882,0.07066482957119592,NA,NA,NA,NA,NA
WK015015,Bathmen,2008,4.164395387340226,0.0621305361965407,NA,NA,NA,NA,NA
WK015015,Bathmen,2012,4.178132340776134,0.07586748963244865,NA,NA,NA,NA,NA
WK015015,Bathmen,2014,4.1786280993989084,0.07636324825522361,0.006944041926454611,0.0883769405690624,0.07489073338810269,-0.1451773463775246,0.05132887874912826
WK015015,Bathmen,2016,4.209068024117665,0.10680317297397963,NA,NA,NA,NA,NA
WK015015,Bathmen,2018,4.181883278758917,0.079618427615232,0.01032445697556876,0.08914505210531519,0.07344729682279717,-0.14682460612972512,0.05352622784127571
WK015015,Bathmen,2020,4.185861905792201,0.08359705464851566,0.006839397863867989,0.08668208632027334,0.07526303697656538,-0.1365801638773509,0.05139269736515959
WK015015,Bathmen,2022,4.196765991728263,0.09450114058457815,0.012867429492084791,0.1026125518412827,0.07172350458085555,-0.14686862008562446,0.05416627475597928
WK015300,Wijk 00 Binnensingelgebied,2002,3.994349495817037,-0.10791535532664805,NA,NA,NA,NA,NA
WK015300,Wijk 00 Binnensingelgebied,2008,3.98759312637643,-0.11467172476725508,NA,NA,NA,NA,NA
WK015300,Wijk 00 Binnensingelgebied,2012,3.9951097801955404,-0.10715507094814464,NA,NA,NA,NA,NA
WK015300,Wijk 00 Binnensingelgebied,2014,4.001082205176632,-0.10118264596705301,-0.01176634921542003,-0.10524580579188457,-0.04630014697329971,0.10084898468827029,-0.038719328674719306
WK015300,Wijk 00 Binnensingelgebied,2016,4.032681469863076,-0.06958338128060931,NA,NA,NA,NA,NA
WK015300,Wijk 00 Binnensingelgebied,2018,4.046181019025398,-0.056083832118286985,-0.011491463120395671,-0.09063004428988264,-0.04501656121668681,0.12171540337665632,-0.030661166867978467
WK015300,Wijk 00 Binnensingelgebied,2020,4.0339633544479465,-0.06830149669573876,-0.008841554847462118,-0.09491291614381744,-0.04067960486086764,0.09964034864342525,-0.023507769487017043
WK015300,Wijk 00 Binnensingelgebied,2022,4.028506475166828,-0.0737583759768578,-0.005303933255097613,-0.10295084391670759,-0.04805086955876056,0.09147424631562477,-0.008926975561917114
WK015301,Wijk 01 Hogeland - Velve,2002,4.098354000187828,-0.003910850955857121,NA,NA,NA,NA,NA
WK015301,Wijk 01 Hogeland - Velve,2008,4.04367914770264,-0.058585703441044815,NA,NA,NA,NA,NA
WK015301,Wijk 01 Hogeland - Velve,2012,4.055845211490203,-0.04641963965348246,NA,NA,NA,NA,NA
WK015301,Wijk 01 Hogeland - Velve,2014,4.029663030450212,-0.07260182069347297,-0.00858934750450913,-0.04721470409212352,-0.011220817012071983,0.024764872359295226,-0.030341824444063838
WK015301,Wijk 01 Hogeland - Velve,2016,4.086890375723266,-0.01537447542041936,NA,NA,NA,NA,NA
WK015301,Wijk 01 Hogeland - Velve,2018,4.073685666950693,-0.028579184192991977,-0.00800825518009128,-0.04090097279700638,-0.011016811704623777,0.05015884226758276,-0.018811986778853595
WK015301,Wijk 01 Hogeland - Velve,2020,4.050927842505056,-0.051337008638629604,-0.003585018415051242,-0.04971270828243544,-0.015852254172071506,0.04034092856309996,-0.022527956332171643
WK015301,Wijk 01 Hogeland - Velve,2022,4.046739439505406,-0.05552541163827959,6.624994139788858e-4,-0.05889575926785871,-0.017517009944318006,0.028524174376876512,-0.008299316216958537
WK015302,Wijk 02 Boswinkel - Stadsveld,2002,3.9570120936402926,-0.14525275750339245,NA,NA,NA,NA,NA
WK015302,Wijk 02 Boswinkel - Stadsveld,2008,3.9414440560550013,-0.16082079508868388,NA,NA,NA,NA,NA
WK015302,Wijk 02 Boswinkel - Stadsveld,2012,3.9528690195152336,-0.1493958316284517,NA,NA,NA,NA,NA
WK015302,Wijk 02 Boswinkel - Stadsveld,2014,3.951511262957829,-0.15075358818585669,-0.013548579125756058,-0.07843236578481495,-0.036420700522356096,0.03329184513678031,-0.05564378788971017
WK015302,Wijk 02 Boswinkel - Stadsveld,2016,4.000370531252458,-0.10189431989122645,NA,NA,NA,NA,NA
WK015302,Wijk 02 Boswinkel - Stadsveld,2018,4.016172454177541,-0.08609239696614472,-0.010867890020108642,-0.05273176508269251,-0.03418029271540509,0.05762981279403275,-0.04594226194197153
WK015302,Wijk 02 Boswinkel - Stadsveld,2020,4.01208698606674,-0.09017786507694507,-0.006181985435536246,-0.06693705443687976,-0.030555214439636137,0.05676510927741998,-0.04326872004231319
WK015302,Wijk 02 Boswinkel - Stadsveld,2022,3.9993247390231508,-0.10294011212053435,-0.004144049598063546,-0.07264212738354284,-0.03469164485517045,0.04096250960054342,-0.0324247998843012
WK015303,Wijk 03 Twekkelerveld - T.H.T.,2002,4.040671244626773,-0.06159360651691234,NA,NA,NA,NA,NA
WK015303,Wijk 03 Twekkelerveld - T.H.T.,2008,4.014877361623164,-0.08738748952052139,NA,NA,NA,NA,NA
WK015303,Wijk 03 Twekkelerveld - T.H.T.,2012,4.003900869927468,-0.09836398121621774,NA,NA,NA,NA,NA
WK015303,Wijk 03 Twekkelerveld - T.H.T.,2014,3.9741211185577505,-0.1281437325859348,-0.01926373779465312,-0.035167157626075175,-0.031857720463472204,0.020948979407894284,-0.06280409610962887
WK015303,Wijk 03 Twekkelerveld - T.H.T.,2016,4.015043453706104,-0.08722139743758082,NA,NA,NA,NA,NA
WK015303,Wijk 03 Twekkelerveld - T.H.T.,2018,3.9937196503286785,-0.10854520081500667,-0.017090952716528735,-0.05119498416372085,-0.03125457939062887,0.03378894249037297,-0.04279362703450146
WK015303,Wijk 03 Twekkelerveld - T.H.T.,2020,4.00295225189748,-0.09931259924620471,-0.013575932973131562,-0.04527160600681779,-0.028133980562433387,0.03463746130914226,-0.046968541012964535
WK015303,Wijk 03 Twekkelerveld - T.H.T.,2022,3.9951216049512652,-0.10714324619242013,-0.010410190793643604,-0.052589562238538064,-0.03981808682556932,0.02557149831777654,-0.02989690465244597
WK015304,Wijk 04 Enschede-Noord,2002,4.027430738333622,-0.0748341128100637,NA,NA,NA,NA,NA
WK015304,Wijk 04 Enschede-Noord,2008,4.027862481427861,-0.07440236971582438,NA,NA,NA,NA,NA
WK015304,Wijk 04 Enschede-Noord,2012,4.066804430727074,-0.03546042041661206,NA,NA,NA,NA,NA
WK015304,Wijk 04 Enschede-Noord,2014,4.033590937553319,-0.06867391359036676,0.015551873932108586,-8.876668419565502e-4,-0.009143260199133205,0.029198524423885205,-0.10339338490527109
WK015304,Wijk 04 Enschede-Noord,2016,4.0391762690338116,-0.06308858210987407,NA,NA,NA,NA,NA
WK015304,Wijk 04 Enschede-Noord,2018,4.107187185812323,0.004922334668637093,0.013629137304973225,-0.0033117340320118704,-0.014289215872709904,0.05365015536902273,-0.044756008100637394
WK015304,Wijk 04 Enschede-Noord,2020,4.092244278005338,-0.01002057313834679,0.014741935646848362,-0.011376719057263267,-0.008153485691988791,0.04558511631879714,-0.05081742035474055
WK015304,Wijk 04 Enschede-Noord,2022,4.06942987456587,-0.032834976577815506,0.01903103208365916,-0.030184922497956283,-0.0200922049815513,0.03983822656738843,-0.04142710774935579
WK015305,Wijk 05 Ribbelt - Stokhorst,2002,4.118652073019366,0.01638722187568036,NA,NA,NA,NA,NA
WK015305,Wijk 05 Ribbelt - Stokhorst,2008,4.09324266033778,-0.009022190805905014,NA,NA,NA,NA,NA
WK015305,Wijk 05 Ribbelt - Stokhorst,2012,4.103224378042239,9.595268985547172e-4,NA,NA,NA,NA,NA
WK015305,Wijk 05 Ribbelt - Stokhorst,2014,4.081885130289651,-0.020379720854034392,0.006513598449350635,-0.021397549043249323,-7.842742797546636e-4,0.012316220463333794,-0.017027716443715125
WK015305,Wijk 05 Ribbelt - Stokhorst,2016,4.118253415213175,0.015988564069489827,NA,NA,NA,NA,NA
WK015305,Wijk 05 Ribbelt - Stokhorst,2018,4.094499625766176,-0.0077652253775094115,-0.002683101021739507,-0.017741663890383466,-0.007690805291910875,0.02739313432008856,-0.007042789493564387
WK015305,Wijk 05 Ribbelt - Stokhorst,2020,4.072410491327838,-0.029854359815846998,0.008191657307328825,-0.03153850195074587,-0.01178191341650666,0.0162114774733596,-0.010937079229283175
WK015305,Wijk 05 Ribbelt - Stokhorst,2022,4.099947452697137,-0.0023173984465488895,0.009878461587453364,-0.023133550342151588,-0.006367225251808923,0.01381932877759837,0.003485586782359639
WK015306,Wijk 06 Enschede-Zuid,2002,3.951104604985841,-0.15116024615784426,NA,NA,NA,NA,NA
WK015306,Wijk 06 Enschede-Zuid,2008,3.9300004071712267,-0.1722644439724587,NA,NA,NA,NA,NA
WK015306,Wijk 06 Enschede-Zuid,2012,3.9313572444751568,-0.17090760666852842,NA,NA,NA,NA,NA
WK015306,Wijk 06 Enschede-Zuid,2014,3.9428780752345096,-0.15938677590917566,0.013377712750664359,-0.06013789192142331,-0.016263510009691437,-0.044507210007040346,-0.05185587672168523
WK015306,Wijk 06 Enschede-Zuid,2016,3.9850596391554274,-0.11720521198825785,NA,NA,NA,NA,NA
WK015306,Wijk 06 Enschede-Zuid,2018,3.9957323570166214,-0.10653249412706389,0.007190856752714939,-0.04153920363801871,-0.015005233016647452,-0.019729058488107187,-0.03744985573700578
WK015306,Wijk 06 Enschede-Zuid,2020,3.992843856060421,-0.10942099508326421,0.010512882505528613,-0.045676710713357056,-0.014443820549329113,-0.022514661191623358,-0.037298685134483575
WK015306,Wijk 06 Enschede-Zuid,2022,3.98994985249223,-0.11231499865145549,0.014532123539697132,-0.05814607721611788,-0.020111630899320714,-0.028524180686461054,-0.02006523338925326
WK015307,Wijk 07 Bedrijfsterreinen Enschede-West,2002,4.12211428357633,0.019849432432645513,NA,NA,NA,NA,NA
WK015307,Wijk 07 Bedrijfsterreinen Enschede-West,2008,4.09214814669684,-0.010116704446844512,NA,NA,NA,NA,NA
WK015307,Wijk 07 Bedrijfsterreinen Enschede-West,2012,4.073385476719534,-0.028879374424151318,NA,NA,NA,NA,NA
WK015307,Wijk 07 Bedrijfsterreinen Enschede-West,2014,4.071368352784066,-0.03089649835961949,-0.15852983431980402,0.06510478525165243,0.06783732843832536,-0.041721159969513255,0.03641238223971974
WK015307,Wijk 07 Bedrijfsterreinen Enschede-West,2016,4.100565960143276,-0.0016988910004097704,NA,NA,NA,NA,NA
WK015307,Wijk 07 Bedrijfsterreinen Enschede-West,2018,4.089519826893202,-0.012745024250483563,-0.15147082460233752,0.04910251600617284,0.084413984675179,-0.026294966205619816,0.031504265876121665
WK015307,Wijk 07 Bedrijfsterreinen Enschede-West,2020,4.077989332316725,-0.02427551882695992,-0.14877089801718296,0.0362303399392059,0.10853559840815827,-0.030258060408838237,0.009987501251696815
WK015307,Wijk 07 Bedrijfsterreinen Enschede-West,2022,4.094256358245908,-0.008008492897776737,-0.1461565586691873,0.05515650346484024,0.10340424522212555,-0.03272879444672184,0.012316111531166362
WK015308,Wijk 08 Glanerbrug en omgeving,2002,4.0039513035654855,-0.09831354757819986,NA,NA,NA,NA,NA
WK015308,Wijk 08 Glanerbrug en omgeving,2008,4.029398751255752,-0.07286609988793315,NA,NA,NA,NA,NA
WK015308,Wijk 08 Glanerbrug en omgeving,2012,4.027591364063151,-0.07467348708053426,NA,NA,NA,NA,NA
WK015308,Wijk 08 Glanerbrug en omgeving,2014,3.99777912076811,-0.10448573037557511,0.007274978819487438,-0.00780867063426179,0.018470241650054037,-0.09805504655520147,-0.0243672336556536
WK015308,Wijk 08 Glanerbrug en omgeving,2016,4.0212893842548265,-0.08097546688885826,NA,NA,NA,NA,NA
WK015308,Wijk 08 Glanerbrug en omgeving,2018,4.023414730176696,-0.07885012096698932,0.005542605333117991,-0.001128441873486944,0.011823658494307913,-0.08479580018609043,-0.01029214273483809
WK015308,Wijk 08 Glanerbrug en omgeving,2020,4.024824815059378,-0.07744003608430663,0.009165492464686717,-0.0012637293594859667,0.007512827704553778,-0.07702168720752514,-0.015832939686536308
WK015308,Wijk 08 Glanerbrug en omgeving,2022,4.0552573441889095,-0.04700750695477605,0.014041654615400485,-0.002327074015332266,0.013801695815648569,-0.0848077518014811,0.012283968430988005
WK015309,Wijk 09 Landelijk gebied en kernen,2002,4.2396598058265145,0.1373949546828291,NA,NA,NA,NA,NA
WK015309,Wijk 09 Landelijk gebied en kernen,2008,4.204942732481622,0.10267788133793689,NA,NA,NA,NA,NA
WK015309,Wijk 09 Landelijk gebied en kernen,2012,4.217396699573426,0.11513184842974004,NA,NA,NA,NA,NA
WK015309,Wijk 09 Landelijk gebied en kernen,2014,4.209807302127674,0.10754245098398876,0.01230280673963125,0.07641151112996777,0.07801694390988595,-0.09271191730308147,0.03352310650758501
WK015309,Wijk 09 Landelijk gebied en kernen,2016,4.2337843312513606,0.13151948010767547,NA,NA,NA,NA,NA
WK015309,Wijk 09 Landelijk gebied en kernen,2018,4.272058229172371,0.16979337802868588,0.020968606844257796,0.0925637070245225,0.0867617055409084,-0.07757732855666531,0.04707668717566219
WK015309,Wijk 09 Landelijk gebied en kernen,2020,4.26997372316653,0.1677088720228445,0.01840005122825967,0.09733205261972729,0.08415622609082535,-0.0779058066854814,0.045726348769513335
WK015309,Wijk 09 Landelijk gebied en kernen,2022,4.264968913507135,0.16270406236345022,0.024505300591018978,0.09094751531728547,0.07542069983719416,-0.0786368843919801,0.050467431009931445
WK015800,Wijk 00 Haaksbergen (dorp),2002,4.0522342844177865,-0.05003056672589821,NA,NA,NA,NA,NA
WK015800,Wijk 00 Haaksbergen (dorp),2008,4.105121261679944,0.0028564105362591306,NA,NA,NA,NA,NA
WK015800,Wijk 00 Haaksbergen (dorp),2012,4.135387266019147,0.03312241487546147,NA,NA,NA,NA,NA
WK015800,Wijk 00 Haaksbergen (dorp),2014,4.126129011508606,0.023864160364920447,0.012778414182108476,0.036723421751694026,0.03399170523913112,-0.0688377203149618,0.009208339506948349
WK015800,Wijk 00 Haaksbergen (dorp),2016,4.159172666715482,0.056907815571796444,NA,NA,NA,NA,NA
WK015800,Wijk 00 Haaksbergen (dorp),2018,4.15068388224357,0.048419031099884186,0.013866334923990094,0.0534055839722851,0.036667842438055265,-0.07316071964016313,0.01763998940571659
WK015800,Wijk 00 Haaksbergen (dorp),2020,4.1671605314184905,0.06489568027480515,0.01936168912486287,0.05686785235944725,0.037230857425734856,-0.06343028119515287,0.01486556255991278
WK015800,Wijk 00 Haaksbergen (dorp),2022,4.182659950673366,0.08039509952968092,0.02217025051185337,0.086359287336912,0.03700492758677409,-0.08592739121578553,0.020788025309926707
WK015801,Wijk 01 Haaksbergen (buitengebied),2002,4.198557558625274,0.09629270748158876,NA,NA,NA,NA,NA
WK015801,Wijk 01 Haaksbergen (buitengebied),2008,4.245890108456523,0.1436252573128376,NA,NA,NA,NA,NA
WK015801,Wijk 01 Haaksbergen (buitengebied),2012,4.286788369593555,0.18452351844987058,NA,NA,NA,NA,NA
WK015801,Wijk 01 Haaksbergen (buitengebied),2014,4.245940972650902,0.14367612150721698,3.738054623641799e-5,0.08309073332356558,0.12703151043335653,-0.12009683912058527,0.053613336324643414
WK015801,Wijk 01 Haaksbergen (buitengebied),2016,4.258108395592921,0.15584354444923598,NA,NA,NA,NA,NA
WK015801,Wijk 01 Haaksbergen (buitengebied),2018,4.292089144418648,0.1898242932749633,0.02054499845304915,0.10546314288444811,0.12737955478352173,-0.1161411427958396,0.052577739949783604
WK015801,Wijk 01 Haaksbergen (buitengebied),2020,4.292004319012759,0.18973946786907336,0.016219489335124276,0.10786207879942575,0.1258989941682122,-0.11474345840692705,0.05450236397323797
WK015801,Wijk 01 Haaksbergen (buitengebied),2022,4.288616801912091,0.18635195076840544,0.0166661112743536,0.11763930726954472,0.12249606869960947,-0.1299168578660681,0.05946732139096544
WK015802,Wijk 02 Sint Isidorushoeve,2002,4.053864420815781,-0.0484004303279042,NA,NA,NA,NA,NA
WK015802,Wijk 02 Sint Isidorushoeve,2008,4.069910826235589,-0.032354024908096315,NA,NA,NA,NA,NA
WK015802,Wijk 02 Sint Isidorushoeve,2012,4.114615734157677,0.01235088301399166,NA,NA,NA,NA,NA
WK015802,Wijk 02 Sint Isidorushoeve,2014,4.097094745202647,-0.005170105941037826,-0.08400310037394873,0.07964996149436741,0.11327998290303422,-0.1631321868239772,0.049035236859486214
WK015802,Wijk 02 Sint Isidorushoeve,2016,4.1232040353992385,0.020939184255553536,NA,NA,NA,NA,NA
WK015802,Wijk 02 Sint Isidorushoeve,2018,4.146285111116947,0.04402025997326211,-0.058880622784955754,0.1063200487671852,0.10800844570845616,-0.16250262580257827,0.051075014085154455
WK015802,Wijk 02 Sint Isidorushoeve,2020,4.133797329687222,0.03153247854353693,-0.06566878662593256,0.1053677073534325,0.10393385391000723,-0.15933183016106411,0.04723153406709352
WK015802,Wijk 02 Sint Isidorushoeve,2022,4.1318563872901946,0.029591536146509032,-0.0730723230499933,0.12037932666039004,0.1009438054739721,-0.17145621876602932,0.052796945828169295
WK015803,Wijk 03 Buurse,2002,4.2331263844260585,0.13086153328237263,NA,NA,NA,NA,NA
WK015803,Wijk 03 Buurse,2008,4.20773843911858,0.10547358797489419,NA,NA,NA,NA,NA
WK015803,Wijk 03 Buurse,2012,4.211094316910301,0.10882946576661522,NA,NA,NA,NA,NA
WK015803,Wijk 03 Buurse,2014,4.188396225875828,0.08613137473214326,0.011917911555377044,0.09607257489343048,0.10662061893674485,-0.18594962394715928,0.057469893293749894
WK015803,Wijk 03 Buurse,2016,4.2093437744852515,0.1070789233415662,NA,NA,NA,NA,NA
WK015803,Wijk 03 Buurse,2018,4.227051701305381,0.12478685016169562,0.025732695223085498,0.09953212880837954,0.1248912086771241,-0.18329493653271337,0.05792575398581956
WK015803,Wijk 03 Buurse,2020,4.224003522821334,0.12173867167764948,0.020787926502987927,0.10359799903427212,0.12273459957556786,-0.17544244145926394,0.05006058802408529
WK015803,Wijk 03 Buurse,2022,4.240811649941144,0.13854679879745938,0.026502819278041337,0.11904800140719403,0.11359338702578632,-0.18584659520501143,0.06524918629144877
WK015804,Wijk 04 Rietmolen,2002,4.05842604172915,-0.043838809414535655,NA,NA,NA,NA,NA
WK015804,Wijk 04 Rietmolen,2008,4.082735427222268,-0.01952942392141702,NA,NA,NA,NA,NA
WK015804,Wijk 04 Rietmolen,2012,4.085451460388681,-0.01681339075500452,NA,NA,NA,NA,NA
WK015804,Wijk 04 Rietmolen,2014,4.079783476603285,-0.02248137454040053,-0.09152140603486456,0.06691757540961787,0.1130753266691128,-0.18370398354163145,0.07275111295736462
WK015804,Wijk 04 Rietmolen,2016,4.090747924248454,-0.011516926895231257,NA,NA,NA,NA,NA
WK015804,Wijk 04 Rietmolen,2018,4.162091271063776,0.059826419920090794,-0.03830174191087153,0.09459739693805044,0.11359202908280219,-0.18112466794249396,0.07106340375260341
WK015804,Wijk 04 Rietmolen,2020,4.160841206378984,0.058576355235298784,-0.05836238935088376,0.11490802772788768,0.11546911064556925,-0.18472449742617425,0.07128610363889971
WK015804,Wijk 04 Rietmolen,2022,4.154106323993612,0.051841472849926386,-0.06766820358001038,0.12709043521074934,0.11251809301636784,-0.19610372175917173,0.07600486996199109
WK015805,Wijk 05 Hengevelde,2002,4.364022449999188,0.2617575988555037,NA,NA,NA,NA,NA
WK015805,Wijk 05 Hengevelde,2008,4.244709247139481,0.14244439599579567,NA,NA,NA,NA,NA
WK015805,Wijk 05 Hengevelde,2012,4.1772495787924395,0.0749847276487542,NA,NA,NA,NA,NA
WK015805,Wijk 05 Hengevelde,2014,4.172516933778989,0.07025208263530335,-0.0810359811048672,0.11714226111483289,0.1589850422465797,-0.19127975981253098,0.06644052019128877
WK015805,Wijk 05 Hengevelde,2016,4.196113222494192,0.09384837135050726,NA,NA,NA,NA,NA
WK015805,Wijk 05 Hengevelde,2018,4.191025544792483,0.08876069364879803,-0.053637714474309775,0.1267433289310723,0.1334234659336465,-0.18058783027992442,0.06281944353831315
WK015805,Wijk 05 Hengevelde,2020,4.142043779317156,0.039778928173470965,-0.07521088478003551,0.11237625536070711,0.12074035030653724,-0.1811594803698565,0.06303268765611826
WK015805,Wijk 05 Hengevelde,2022,4.143033809549194,0.040768958405508364,-0.08133715964147416,0.11019947651930495,0.12921564013317735,-0.18370556218427334,0.06639656357877334
WK015806,Wijk 06 Beckum,2002,4.159529922223003,0.05726507107931815,NA,NA,NA,NA,NA
WK015806,Wijk 06 Beckum,2008,4.176278739757212,0.0740138886135267,NA,NA,NA,NA,NA
WK015806,Wijk 06 Beckum,2012,4.209408741859574,0.10714389071588803,NA,NA,NA,NA,NA
WK015806,Wijk 06 Beckum,2014,4.2188647226208404,0.11659987147715586,-0.04308006762706394,0.1144637603338059,0.1536569034938844,-0.1666854653449972,0.05824474062152639
WK015806,Wijk 06 Beckum,2016,4.2336619271533795,0.13139707600969444,NA,NA,NA,NA,NA
WK015806,Wijk 06 Beckum,2018,4.251624876306427,0.14936002516274108,-0.012111064690764058,0.1168068228357556,0.15721911315115306,-0.16981732387725948,0.05726247774385567
WK015806,Wijk 06 Beckum,2020,4.260347971113243,0.1580831199695572,-0.03159725972475372,0.12622383073148735,0.16797688702619296,-0.16455364697213207,0.06003330890876231
WK015806,Wijk 06 Beckum,2022,4.251913584630104,0.14964873348641972,-0.03410826458230393,0.1332061008418713,0.16326846110207424,-0.1771985421198305,0.06448097824460847
WK015809,Wijk 09 Haaksbergen-kern,2002,3.994497235738777,-0.10776761540490803,NA,NA,NA,NA,NA
WK015809,Wijk 09 Haaksbergen-kern,2008,4.0809593186520505,-0.021305532491635106,NA,NA,NA,NA,NA
WK015809,Wijk 09 Haaksbergen-kern,2012,4.0800517072506315,-0.022213143893054288,NA,NA,NA,NA,NA
WK015809,Wijk 09 Haaksbergen-kern,2014,4.0901601288812675,-0.01210472226241713,0.03071412266715378,-0.0204930276664932,-0.00273512789543856,-0.024998935730782268,0.005408246363142902
WK015809,Wijk 09 Haaksbergen-kern,2016,4.097209276728622,-0.00505557441506336,NA,NA,NA,NA,NA
WK015809,Wijk 09 Haaksbergen-kern,2018,4.084510977353211,-0.017753873790474436,0.029514516558765018,-0.017216775476790323,0.0019192021239542482,-0.03804281707700552,0.0060720000806019055
WK015809,Wijk 09 Haaksbergen-kern,2020,4.1207504013094205,0.018485550165735165,0.034957426423231304,-0.00430209266642286,0.004510273827056025,-0.014917545938252123,-0.001762511479877424
WK015809,Wijk 09 Haaksbergen-kern,2022,4.119268990071138,0.017004138927452162,0.03862020460887141,0.0192562693001197,-0.0012901083018198815,-0.04727271521273708,0.007690488533017832
WK016001,Ane,2002,4.318374525448306,0.21610967430462072,NA,NA,NA,NA,NA
WK016001,Ane,2008,4.255093559465273,0.15282870832158763,NA,NA,NA,NA,NA
WK016001,Ane,2012,4.288763579626928,0.18649872848324292,NA,NA,NA,NA,NA
WK016001,Ane,2014,4.277185359775116,0.17492050863142972,0.015657892034563452,0.11938711929313255,0.13604827647878767,-0.18755699906269965,0.09138421988764546
WK016001,Ane,2016,4.239114127240272,0.13684927609658717,NA,NA,NA,NA,NA
WK016001,Ane,2018,4.271963687513244,0.16969883636955918,0.02233717021473255,0.08596685652126525,0.15471123663274036,-0.18612141613327277,0.09280498913409344
WK016001,Ane,2020,4.282149597488507,0.17988474634482143,0.020457782999527687,0.11072613918794505,0.14640600839303422,-0.18381044410478647,0.08610525986910059
WK016001,Ane,2022,4.247857075689358,0.14559222454567275,0.020033021040312102,0.09483943888555028,0.13471835273483498,-0.19052355601740975,0.08652496790238488
WK016002,Anerveen,2002,4.3259015006028125,0.22363664945912756,NA,NA,NA,NA,NA
WK016002,Anerveen,2008,4.283436160840828,0.18117130969714268,NA,NA,NA,NA,NA
WK016002,Anerveen,2012,4.269169950157044,0.16690509901335837,NA,NA,NA,NA,NA
WK016002,Anerveen,2014,4.270576710730726,0.1683118595870414,0.021656321187051016,0.10838542532888752,0.15979008964803515,-0.22477235507380258,0.10325237849687013
WK016002,Anerveen,2016,4.322290267376923,0.22002541623323751,NA,NA,NA,NA,NA
WK016002,Anerveen,2018,4.272669800996898,0.17040494985321272,0.02682920468157941,0.11715646808656638,0.14898507078262807,-0.22331154383538876,0.10074575013782731
WK016002,Anerveen,2020,4.30525789145947,0.202993040315785,0.01848103226907931,0.13190770342387215,0.16801315544099005,-0.21887677609879008,0.10346792528063324
WK016002,Anerveen,2022,4.278205897945344,0.1759410468016583,0.018680501145196052,0.12892140420599293,0.15328223237189598,-0.22487222917952357,0.0999291382580966
WK016003,Anevelde,2002,4.394666196682104,0.2924013455384191,NA,NA,NA,NA,NA
WK016003,Anevelde,2008,4.338946314167497,0.23668146302381193,NA,NA,NA,NA,NA
WK016003,Anevelde,2012,4.318174782698199,0.21590993155451416,NA,NA,NA,NA,NA
WK016003,Anevelde,2014,4.268527162211853,0.16626231106816752,-0.060081157166886404,0.15669651770458976,0.14646043373775808,-0.1884394465166831,0.1116259633093893
WK016003,Anevelde,2016,4.123783660162639,0.02151880901895371,NA,NA,NA,NA,NA
WK016003,Anevelde,2018,4.308452017422371,0.2061871662786862,-0.027700189101311855,0.15595643475355062,0.15596365389762054,-0.18965869658056309,0.1116259633093893
WK016003,Anevelde,2020,4.526192195685374,0.4239273445416888,-0.0525646867897139,0.14967526036766193,0.40881558246236177,-0.1904313648969914,0.1084325533983704
WK016003,Anevelde,2022,4.453475148207618,0.35121029706393314,-0.05235746867336701,0.10783989161924268,0.3917748911871222,-0.20794503252686017,0.11189801545779489
WK016004,Balkbrug,2002,4.185182677827236,0.08291782668355145,NA,NA,NA,NA,NA
WK016004,Balkbrug,2008,4.152446799886184,0.0501819487424992,NA,NA,NA,NA,NA
WK016004,Balkbrug,2012,4.164329607758665,0.062064756614979615,NA,NA,NA,NA,NA
WK016004,Balkbrug,2014,4.20208831327397,0.09982346213028491,0.02704143996512144,0.07459167572184307,0.08012242678242816,-0.1482515897451216,0.06631950940601355
WK016004,Balkbrug,2016,4.219254140497753,0.11698928935406808,NA,NA,NA,NA,NA
WK016004,Balkbrug,2018,4.212905405565324,0.1106405544216378,0.03399369461705711,0.07385487470831677,0.07827638110220765,-0.1453820118799813,0.0698976158740373
WK016004,Balkbrug,2020,4.217376365974022,0.11511151483033712,0.028487475557868555,0.0847605551107596,0.07770753375876559,-0.13728764583271083,0.06144359623565393
WK016004,Balkbrug,2022,4.21622497394125,0.11396012279756468,0.025073362920405694,0.08362761427266137,0.07849804922537867,-0.1417043667037878,0.06846546308290646
WK016005,Bergentheim,2002,4.1633829741803225,0.06111812303663759,NA,NA,NA,NA,NA
WK016005,Bergentheim,2008,4.133189629221019,0.0309247780773337,NA,NA,NA,NA,NA
WK016005,Bergentheim,2012,4.1433356115827475,0.04107076043906291,NA,NA,NA,NA,NA
WK016005,Bergentheim,2014,4.117775067923208,0.015510216779523682,0.0038578516047100535,0.09940072249523337,0.08190341996293886,-0.1843595086508257,0.014707731367466772
WK016005,Bergentheim,2016,4.132265224456309,0.030000373312623292,NA,NA,NA,NA,NA
WK016005,Bergentheim,2018,4.130873782994478,0.028608931850793246,0.01895753778949793,0.08924058601314597,0.0827988458978135,-0.18161118502791285,0.01922314717824841
WK016005,Bergentheim,2020,4.1079687632276425,0.005703912083957783,0.016671992059017933,0.07985957107914633,0.06943742056121184,-0.1757654908031819,0.015500419187763296
WK016005,Bergentheim,2022,4.0961855172405395,-0.006079333903145181,0.01793569090515901,0.07750688648993809,0.0670777717090258,-0.1816039815044522,0.013004298497183849
WK016006,Brucht,2002,4.413784219085199,0.3115193679415134,NA,NA,NA,NA,NA
WK016006,Brucht,2008,4.32062847343834,0.21836362229465497,NA,NA,NA,NA,NA
WK016006,Brucht,2012,4.339827207042321,0.23756235589863578,NA,NA,NA,NA,NA
WK016006,Brucht,2014,4.338211075999106,0.23594622485542055,0.032388984169099765,0.1340875741796464,0.15256095518800633,-0.17688699347085127,0.09379570478951924
WK016006,Brucht,2016,4.338526872250737,0.23626202110705194,NA,NA,NA,NA,NA
WK016006,Brucht,2018,4.3315794540439745,0.22931460290028902,0.03813062938031159,0.11934344119841245,0.15320354155696783,-0.17385965048843258,0.09249664125302952
WK016006,Brucht,2020,4.301824907448285,0.19956005630460041,0.031601471564054504,0.12494988573983128,0.1326028451293976,-0.17787561302097896,0.08828146689229553
WK016006,Brucht,2022,4.254544261871678,0.1522794107279935,0.03388804208660913,0.08986173831872567,0.12720722882903227,-0.1841916319121886,0.08551403340581487
WK016007,Collendoorn,2002,4.437615248578657,0.33535039743497247,NA,NA,NA,NA,NA
WK016007,Collendoorn,2008,4.418269292708648,0.31600444156496277,NA,NA,NA,NA,NA
WK016007,Collendoorn,2012,4.373854298372624,0.2715894472289392,NA,NA,NA,NA,NA
WK016007,Collendoorn,2014,4.374489434570946,0.2722245834272612,0.014633316687276965,0.11800525715668966,0.22029446274478756,-0.16703634187583827,0.08632788871434505
WK016007,Collendoorn,2016,4.380071389699521,0.2778065385558357,NA,NA,NA,NA,NA
WK016007,Collendoorn,2018,4.3546983274245195,0.25243347628083423,0.03782635371469928,0.12557775470374558,0.16989808108898047,-0.1654031538389638,0.08453444061237242
WK016007,Collendoorn,2020,4.290449073382243,0.18818422223855827,0.025636039615844024,0.1172098130572788,0.1568002625221548,-0.1678761001836017,0.056414207226882125
WK016007,Collendoorn,2022,4.284768776302635,0.18250392515894978,0.02004281962624004,0.09569132860640565,0.15515653035283059,-0.17280957213120865,0.08442281870468189
WK016008,De Krim,2002,4.031174922001142,-0.07108992914254351,NA,NA,NA,NA,NA
WK016008,De Krim,2008,4.02400829349623,-0.07825655764745461,NA,NA,NA,NA,NA
WK016008,De Krim,2012,4.064392570461418,-0.037872280682267265,NA,NA,NA,NA,NA
WK016008,De Krim,2014,4.050630538300164,-0.051634312843520644,0.012707450738875962,0.04295239891522363,0.07400971266473699,-0.20020344329711223,0.018899568134754775
WK016008,De Krim,2016,4.074588523310465,-0.02767632783322067,NA,NA,NA,NA,NA
WK016008,De Krim,2018,4.079165247729113,-0.023099603414571922,0.02463191489082553,0.03834954364954777,0.07901536603303246,-0.19462350279094645,0.02952707480296842
WK016008,De Krim,2020,4.074799791289707,-0.027465059853977528,0.016536310933098406,0.05084328707568268,0.07359368407623675,-0.18995508456748483,0.021516742628489224
WK016008,De Krim,2022,4.090334341836617,-0.011930509307067586,0.01712030623826887,0.05267245055196516,0.07342884102654756,-0.2096836461124297,0.05453153898858029
WK016009,Dedemsvaart,2002,4.063887966016975,-0.0383768851267104,NA,NA,NA,NA,NA
WK016009,Dedemsvaart,2008,4.0513916234334175,-0.050873227710268164,NA,NA,NA,NA,NA
WK016009,Dedemsvaart,2012,4.083648262295653,-0.018616588848031673,NA,NA,NA,NA,NA
WK016009,Dedemsvaart,2014,4.098052577983822,-0.004212273159863462,0.035756436511330224,0.026702671161736073,0.041288253467411454,-0.1317453308068267,0.023785696506485206
WK016009,Dedemsvaart,2016,4.1322158177468715,0.029950966603186344,NA,NA,NA,NA,NA
WK016009,Dedemsvaart,2018,4.138614207125771,0.03634935598208652,0.0368153902839344,0.048860436175585546,0.0401928095022791,-0.12748043116639896,0.03796115118668615
WK016009,Dedemsvaart,2020,4.145129764044013,0.04286491290032747,0.03445317440254815,0.051506050872130386,0.03919126762343117,-0.11374303193064303,0.03145745193286055
WK016009,Dedemsvaart,2022,4.142875907451503,0.04061105630781823,0.03630145938326016,0.04639108683023311,0.04322054228449081,-0.12426470239266797,0.03896267020250186
WK016010,Den Velde,2002,4.301738461597331,0.1994736104536459,NA,NA,NA,NA,NA
WK016010,Den Velde,2008,4.284967860042655,0.18270300889896995,NA,NA,NA,NA,NA
WK016010,Den Velde,2012,4.336969375991137,0.23470452484745108,NA,NA,NA,NA,NA
WK016010,Den Velde,2014,4.342869357153238,0.24060450600955258,0.028862937328393085,0.12689080908949046,0.23750186429296027,-0.2289827297816965,0.07633162508040485
WK016010,Den Velde,2016,4.286864228140564,0.18459937699687862,NA,NA,NA,NA,NA
WK016010,Den Velde,2018,4.328126665920241,0.22586181477655554,0.04392595524160714,0.09096667972465916,0.23365581562335125,-0.22078542524300904,0.07809878942994679
WK016010,Den Velde,2020,4.2225945898967785,0.12032973875309357,0.03607202259677286,0.07268207174200676,0.14819344160086573,-0.21783255130910925,0.08121475412255705
WK016010,Den Velde,2022,4.211253260126107,0.10898840898242117,0.042389705358499785,0.0563280276813651,0.14740659190571026,-0.22080336797476632,0.08366745201161198
WK016011,Diffelen,2002,4.30530186736375,0.2030370162200644,NA,NA,NA,NA,NA
WK016011,Diffelen,2008,4.393286469888555,0.29102161874487015,NA,NA,NA,NA,NA
WK016011,Diffelen,2012,4.2665453681830146,0.16428051703932972,NA,NA,NA,NA,NA
WK016011,Diffelen,2014,4.234801970798302,0.13253711965461648,0.013428681982241914,0.09159724023952596,0.13444589457080774,-0.2125732809929964,0.1056385838550369
WK016011,Diffelen,2016,4.224813291499644,0.12254844035595903,NA,NA,NA,NA,NA
WK016011,Diffelen,2018,4.307964504595613,0.2056996534519287,0.034450351994912,0.12484929554004054,0.15273765427815295,-0.20484927721779136,0.09851162885661449
WK016011,Diffelen,2020,4.2218508073518235,0.11958595620813853,0.01205651210161234,0.09581368262633856,0.12801216957908473,-0.2066537069862906,0.0903572988873932
WK016011,Diffelen,2022,4.273974683150335,0.17170983200665021,0.026370086214571615,0.1040404461167617,0.1393112910664097,-0.19017855657013433,0.09216656517904108
WK016012,Gramsbergen,2002,4.146047113056992,0.0437822619133058,NA,NA,NA,NA,NA
WK016012,Gramsbergen,2008,4.110985253910157,0.008720402766471912,NA,NA,NA,NA,NA
WK016012,Gramsbergen,2012,4.148320356564973,0.046055505421287536,NA,NA,NA,NA,NA
WK016012,Gramsbergen,2014,4.164601930565023,0.06233707942133699,0.0216894670229613,0.08263505699372908,0.07094182824316377,-0.1477163569350176,0.03478708409650015
WK016012,Gramsbergen,2016,4.143227051251641,0.04096220010795544,NA,NA,NA,NA,NA
WK016012,Gramsbergen,2018,4.165852952466233,0.06358810132254762,0.02359622580481223,0.07906060514465336,0.07056180853543176,-0.14328884878083992,0.033658310618489846
WK016012,Gramsbergen,2020,4.17128980445525,0.0690249533115646,0.02055598914550581,0.08228540141159572,0.06586935590840956,-0.13390796463658197,0.03422217148263511
WK016012,Gramsbergen,2022,4.165524882671366,0.06326003152768064,0.03052584637222519,0.07855770072449209,0.06120290868196398,-0.14210018446922434,0.03507376021822346
WK016013,Heemserveen,2002,4.180291252621533,0.07802640147784812,NA,NA,NA,NA,NA
WK016013,Heemserveen,2008,4.169667675561626,0.06740282441794018,NA,NA,NA,NA,NA
WK016013,Heemserveen,2012,4.178252331179932,0.0759874800362472,NA,NA,NA,NA,NA
WK016013,Heemserveen,2014,4.21244702792702,0.11018217678333493,0.013402429725544828,0.0989817158184534,0.1353118695281134,-0.17136700087714526,0.03385316258836829
WK016013,Heemserveen,2016,4.193864913513828,0.0916000623701426,NA,NA,NA,NA,NA
WK016013,Heemserveen,2018,4.204094717296196,0.10182986615251119,0.01900037605666918,0.09921379372578944,0.12149521542953526,-0.1689011537350877,0.031021634675604773
WK016013,Heemserveen,2020,4.215973637225615,0.11370878608193039,0.015732999999953073,0.098432719715329,0.11025327554953235,-0.17258717816997302,0.061876968987088575
WK016013,Heemserveen,2022,4.214815059926659,0.11255020878297306,0.01798858940233092,0.10223438737187354,0.10084508901227127,-0.17476804900632237,0.0662501920028194
WK016014,Holtheme,2002,4.232388213680607,0.13012336253692136,NA,NA,NA,NA,NA
WK016014,Holtheme,2008,4.188412424419975,0.08614757327628955,NA,NA,NA,NA,NA
WK016014,Holtheme,2012,4.2149679258992325,0.11270307475554768,NA,NA,NA,NA,NA
WK016014,Holtheme,2014,4.281140133064243,0.1788752819205573,0.011994498523915539,0.14621483751377223,0.14665190888628574,-0.2287527081989531,0.10276674519553669
WK016014,Holtheme,2016,4.301755717075101,0.19949086593141524,NA,NA,NA,NA,NA
WK016014,Holtheme,2018,4.258782698685849,0.1565178475421635,0.030274856958344944,0.11057721621352987,0.13856838039659045,-0.22747473926317413,0.10457213323687212
WK016014,Holtheme,2020,4.247468078395865,0.14520322725218002,0.016705202299009635,0.10598455973017346,0.14665266902690177,-0.22515249660883535,0.1010132928049302
WK016014,Holtheme,2022,4.251092761059855,0.1488279099161697,0.021060295195759183,0.10997589985300889,0.14113090818118565,-0.228638134497771,0.10529894118398671
WK016015,Holthone,2002,4.19521111374441,0.09294626260072497,NA,NA,NA,NA,NA
WK016015,Holthone,2008,4.176176757472006,0.07391190632832034,NA,NA,NA,NA,NA
WK016015,Holthone,2012,4.198463174852538,0.09619832370885333,NA,NA,NA,NA,NA
WK016015,Holthone,2014,4.242686337693249,0.14042148654956416,-0.02441327613855362,0.16025599799010357,0.06718540488428752,-0.2225906228112483,0.15998398262497487
WK016015,Holthone,2016,4.197761493641688,0.09549664249800283,NA,NA,NA,NA,NA
WK016015,Holthone,2018,4.1705607518248575,0.06829590068117224,0.011062098736958667,0.06551997688245913,0.05513198328189363,-0.2206577420196933,0.15723958379955405
WK016015,Holthone,2020,4.192659509627946,0.09039465848426083,-0.0052313019541098274,0.11370290681044223,0.06166648062751208,-0.22198503248020207,0.1422416054806181
WK016015,Holthone,2022,4.264520061317509,0.16225521017382394,0.001618328835485392,0.11299472752035167,0.13617204560975008,-0.22246488823096106,0.13393499643919754
WK016016,Hoogenweg,2002,4.216674508233227,0.1144096570895417,NA,NA,NA,NA,NA
WK016016,Hoogenweg,2008,4.187241678815366,0.0849768276716813,NA,NA,NA,NA,NA
WK016016,Hoogenweg,2012,4.218181309352491,0.11591645820880513,NA,NA,NA,NA,NA
WK016016,Hoogenweg,2014,4.229462201358084,0.12719735021439849,0.0073849185417828745,0.10415258670084498,0.12748940164247513,-0.17352774876381963,0.0616981920931149
WK016016,Hoogenweg,2016,4.242135917331351,0.13987106618766515,NA,NA,NA,NA,NA
WK016016,Hoogenweg,2018,4.24651898475624,0.1442541336125555,0.013570887443618484,0.11056339184135262,0.13222797024978333,-0.17054719658787804,0.0584390806656789
WK016016,Hoogenweg,2020,4.208041636766282,0.10577678562259651,0.0051423305951083355,0.09640555421914634,0.12103439382421982,-0.17451557048955404,0.05771007747367575
WK016016,Hoogenweg,2022,4.207471075700327,0.10520622455664148,0.02275945304381912,0.08825419459608981,0.12517650294441898,-0.179639221260295,0.0486552952326084
WK016017,Kloosterhaar,2002,4.101373713390387,-8.911377532976683e-4,NA,NA,NA,NA,NA
WK016017,Kloosterhaar,2008,4.054396737649188,-0.04786811349449816,NA,NA,NA,NA,NA
WK016017,Kloosterhaar,2012,4.095264394379135,-0.007000456764550212,NA,NA,NA,NA,NA
WK016017,Kloosterhaar,2014,4.098855472176019,-0.0034093789676664554,0.02107453783822965,0.06584480391192152,0.08339115800009182,-0.19723670533455895,0.023516826616649146
WK016017,Kloosterhaar,2016,4.112631171682885,0.010366320539199336,NA,NA,NA,NA,NA
WK016017,Kloosterhaar,2018,4.081960971123783,-0.020303880019902548,0.02169559718717716,0.06960662358405696,0.07590974465972541,-0.20894146807240127,0.02142562262153898
WK016017,Kloosterhaar,2020,4.084035975454278,-0.01822887568940717,0.018828311346068428,0.06605434231386763,0.06338279971330878,-0.19971127302442418,0.0332169439617718
WK016017,Kloosterhaar,2022,4.063013893583904,-0.03925095755978056,0.018752015542710686,0.05760665197141332,0.06108768143769435,-0.20969634211499638,0.032999035603397224
WK016018,Loozen,2002,4.2287384375420896,0.1264735863984044,NA,NA,NA,NA,NA
WK016018,Loozen,2008,4.2369232148267475,0.13465836368306225,NA,NA,NA,NA,NA
WK016018,Loozen,2012,4.278250746468431,0.17598589532474618,NA,NA,NA,NA,NA
WK016018,Loozen,2014,4.274856070403395,0.17259121925970922,0.009152143946132434,0.13536817558185996,0.13806776143320698,-0.19729475445632347,0.08729789275483293
WK016018,Loozen,2016,4.2353834954461105,0.13311864430242504,NA,NA,NA,NA,NA
WK016018,Loozen,2018,4.281519327944981,0.17925447680129628,0.029548445011415698,0.11871282843753986,0.1298367832834157,-0.18286128133839705,0.08401770140732176
WK016018,Loozen,2020,4.2972860293535735,0.1950211782098876,0.02241323675708026,0.12820922767701212,0.1409823360944893,-0.18347202225660741,0.08688839993791315
WK016018,Loozen,2022,4.270727754236585,0.16846290309290043,0.025751849939269295,0.11325112576889813,0.12748680915404076,-0.18571095739497168,0.0876840756256636
WK016019,Lutten,2002,4.120837048860448,0.018572197716762596,NA,NA,NA,NA,NA
WK016019,Lutten,2008,4.0870522156577955,-0.015212635485889973,NA,NA,NA,NA,NA
WK016019,Lutten,2012,4.131213932178401,0.028949081034715468,NA,NA,NA,NA,NA
WK016019,Lutten,2014,4.13679935043955,0.03453449929586488,0.007476067524471293,0.06708954793045444,0.09778666776363017,-0.18015126783105442,0.04233348390836316
WK016019,Lutten,2016,4.1501937551066215,0.047928903962936434,NA,NA,NA,NA,NA
WK016019,Lutten,2018,4.176490217888184,0.07422536674449909,0.02579291821337229,0.07848382189162086,0.10105548378536759,-0.17880135307783082,0.047694495931968894
WK016019,Lutten,2020,4.138852652937367,0.0365878017936818,0.017027100331741932,0.08277891313747998,0.090705062191719,-0.18383770958424506,0.02991443571698552
WK016019,Lutten,2022,4.1673351559940945,0.06507030485040909,0.017648950363278886,0.07685572410182707,0.08724602623866315,-0.16844992317528168,0.05176952732192126
WK016020,Marienberg,2002,4.250367868350608,0.1481030172069228,NA,NA,NA,NA,NA
WK016020,Marienberg,2008,4.17859746952276,0.076332618379075,NA,NA,NA,NA,NA
WK016020,Marienberg,2012,4.1777190934584665,0.07545424231478112,NA,NA,NA,NA,NA
WK016020,Marienberg,2014,4.147000771072622,0.04473591992893656,5.743162741545125e-4,0.09274870760866614,0.09666715486962293,-0.17300120508278224,0.027746946259275023
WK016020,Marienberg,2016,4.168415539252622,0.06615068810893669,NA,NA,NA,NA,NA
WK016020,Marienberg,2018,4.178879107687433,0.07661425654374775,0.005768432199161764,0.1111148642230039,0.10097115264825661,-0.16447549448992788,0.02323530196325317
WK016020,Marienberg,2020,4.179815544164552,0.0775506930208666,0.006699700727057966,0.09611024142804506,0.08804548346063847,-0.1502521912435032,0.03694745864862812
WK016020,Marienberg,2022,4.177866641205769,0.07560179006208403,0.004534422632429918,0.09101154338209091,0.08600587574102067,-0.14785661666511646,0.04190656497165868
WK016021,Radewijk,2002,4.298929467833164,0.1966646166894793,NA,NA,NA,NA,NA
WK016021,Radewijk,2008,4.232609111540021,0.13034426039633587,NA,NA,NA,NA,NA
WK016021,Radewijk,2012,4.22306874249615,0.12080389135246498,NA,NA,NA,NA,NA
WK016021,Radewijk,2014,4.231851906243624,0.12958705509993856,0.04032849406837372,0.13250387436803818,0.1482722445619645,-0.26197147978128965,0.07045392188285146
WK016021,Radewijk,2016,4.227499573670189,0.1252347225265035,NA,NA,NA,NA,NA
WK016021,Radewijk,2018,4.271563321701697,0.16929847055801156,0.05336774129839139,0.12357168919764826,0.1768713985822874,-0.25732731665482644,0.07281495813451062
WK016021,Radewijk,2020,4.225227977228204,0.12296312608451934,0.04792182487713257,0.10105717667113907,0.15558890572374234,-0.2552551185950271,0.07365033740753225
WK016021,Radewijk,2022,4.220128950076125,0.11786409893243978,0.04563042566956643,0.10402064413306011,0.14878379583556803,-0.2564714021802556,0.07590063547450049
WK016022,Rheeze,2002,4.240652146717151,0.13838729557346546,NA,NA,NA,NA,NA
WK016022,Rheeze,2008,4.2393565841876075,0.13709173304392205,NA,NA,NA,NA,NA
WK016022,Rheeze,2012,4.261226151310897,0.15896130016721197,NA,NA,NA,NA,NA
WK016022,Rheeze,2014,4.247212667924515,0.14494781678083002,0.029193514092710846,0.11562595452225401,0.13762652705551012,-0.18192149881358066,0.044423319923935466
WK016022,Rheeze,2016,4.228627824093856,0.1263629729501708,NA,NA,NA,NA,NA
WK016022,Rheeze,2018,4.305321947102638,0.2030570959589529,0.04373616032097813,0.10075500132271971,0.14951489008201163,-0.1724728265860551,0.08152387081929814
WK016022,Rheeze,2020,4.297440496041243,0.19517564489755795,0.042282401283313016,0.11021650026187566,0.13692825244038778,-0.17552887719065396,0.08127736810263506
WK016022,Rheeze,2022,4.278808444559507,0.1765435934158222,0.04186978483728827,0.09679153518991396,0.1308435334982327,-0.17627927531414503,0.08331801520453207
WK016023,Rheezerveen,2002,4.271341333389478,0.16907648224579258,NA,NA,NA,NA,NA
WK016023,Rheezerveen,2008,4.215546982434805,0.11328213129112008,NA,NA,NA,NA,NA
WK016023,Rheezerveen,2012,4.277457337482263,0.17519248633857745,NA,NA,NA,NA,NA
WK016023,Rheezerveen,2014,4.223239207105945,0.12097435596226001,0.043829638522033906,0.10511536113191905,0.11293184055106546,-0.2038706618331957,0.06296817759043695
WK016023,Rheezerveen,2016,4.236061623569944,0.1337967724262594,NA,NA,NA,NA,NA
WK016023,Rheezerveen,2018,4.2253565363332495,0.12309168518956423,0.048709582118500815,0.1012492947245414,0.11682643523422,-0.2063163069402204,0.06262268005252203
WK016023,Rheezerveen,2020,4.209434324671298,0.10716947352761311,0.04425507896936622,0.09762322278234373,0.11165140693128577,-0.20902472714438192,0.06266449198899907
WK016023,Rheezerveen,2022,4.209366287874987,0.107101436731302,0.049602468850246925,0.09780879740785221,0.09833774720382638,-0.20270623714322702,0.06405866041260322
WK016024,Schuinesloot,2002,4.22070823163606,0.11844338049237495,NA,NA,NA,NA,NA
WK016024,Schuinesloot,2008,4.187235176896357,0.08497032575267253,NA,NA,NA,NA,NA
WK016024,Schuinesloot,2012,4.186098971705616,0.08383412056192995,NA,NA,NA,NA,NA
WK016024,Schuinesloot,2014,4.1461492125565895,0.04388436141290447,-0.0022129796506931555,0.08230672154062178,0.14366172916435493,-0.2170689083045641,0.03719779866318473
WK016024,Schuinesloot,2016,4.171614528946346,0.069349677802661,NA,NA,NA,NA,NA
WK016024,Schuinesloot,2018,4.200810406081672,0.09854555493798704,0.001354937811672632,0.12293421916029565,0.15201932928114184,-0.21660445778062862,0.03884152646550521
WK016024,Schuinesloot,2020,4.172968749564747,0.07070389842106131,-0.005041624417328871,0.12022845561672345,0.12240078132541014,-0.2240392619732681,0.05715554786952443
WK016024,Schuinesloot,2022,4.153618897348658,0.051354046204973,-0.009061000335490742,0.10860448539253191,0.11674878314056461,-0.22101626417443443,0.056078042181801374
WK016025,Sibculo,2002,4.158624383478704,0.05635953233501829,NA,NA,NA,NA,NA
WK016025,Sibculo,2008,4.145459357221001,0.043194506077315765,NA,NA,NA,NA,NA
WK016025,Sibculo,2012,4.153692458482156,0.0514276073384707,NA,NA,NA,NA,NA
WK016025,Sibculo,2014,4.1528949380854625,0.050630086941777425,0.027650201558127273,0.0770182037926542,0.09993886627620067,-0.18609405498184953,0.03211687029664447
WK016025,Sibculo,2016,4.21420794012211,0.1119430889784242,NA,NA,NA,NA,NA
WK016025,Sibculo,2018,4.189983962086032,0.08771911094234634,0.04249607689432429,0.08984765729183825,0.10072605305536916,-0.18193016298892972,0.03657948668974403
WK016025,Sibculo,2020,4.1744931055585806,0.07222825441489544,0.04207135364815181,0.08034382529631781,0.08616437856885045,-0.17072486864782271,0.0343735655493978
WK016025,Sibculo,2022,4.135114641464544,0.03284979032085973,0.03211442540664775,0.06953922130490389,0.07844047240650949,-0.18525891892671806,0.03801459012951636
WK016026,Slagharen,2002,4.079241128408774,-0.023023722734910795,NA,NA,NA,NA,NA
WK016026,Slagharen,2008,4.05849685998004,-0.04376799116364458,NA,NA,NA,NA,NA
WK016026,Slagharen,2012,4.093696368212154,-0.008568482931531325,NA,NA,NA,NA,NA
WK016026,Slagharen,2014,4.112171893863177,0.009907042719492259,0.00647248357892125,0.05017553523076128,0.06511400900224315,-0.13879101049451006,0.02693602540207645
WK016026,Slagharen,2016,4.115283395769265,0.01301854462557987,NA,NA,NA,NA,NA
WK016026,Slagharen,2018,4.131653907016308,0.029389055872623127,0.014444967493544625,0.06436219515960878,0.06566055142802242,-0.137285962137242,0.02220730392868907
WK016026,Slagharen,2020,4.119956786924405,0.01769193578071946,0.00928783953157502,0.0700259522981894,0.0650177818878749,-0.15412528901845302,0.02748565108153287
WK016026,Slagharen,2022,4.098628423829757,-0.003636427313927829,0.0019798409119075305,0.05935172805496407,0.06050954768126756,-0.1510219038085322,0.025544359846464946
WK016027,Venebrugge,2002,4.288901127846378,0.1866362767026927,NA,NA,NA,NA,NA
WK016027,Venebrugge,2008,4.278408785366028,0.17614393422234265,NA,NA,NA,NA,NA
WK016027,Venebrugge,2012,4.195860504493987,0.09359565335030154,NA,NA,NA,NA,NA
WK016027,Venebrugge,2014,4.242616711650875,0.14035186050718954,0.027170803155409883,0.08964381146939612,0.13308324237090827,-0.22326924835086615,0.1137232518623412
WK016027,Venebrugge,2016,4.232582737532615,0.13031788638893058,NA,NA,NA,NA,NA
WK016027,Venebrugge,2018,4.278509690405581,0.1762448392618964,0.034503902622312524,0.09182729117709347,0.16094960566525013,-0.22307692692621967,0.11204096672345991
WK016027,Venebrugge,2020,4.2070995992798945,0.10483474813620954,0.02730884062263163,0.05354649113203804,0.1465957120250862,-0.2249706363092245,0.1023543406656779
WK016027,Venebrugge,2022,4.2025453898177165,0.10028053867403064,0.03182630260121099,0.06299534501895523,0.12441736634667958,-0.2268322725722164,0.10787379727940091
WK016028,Hardenberg,2002,4.087590628014304,-0.014674223129381478,NA,NA,NA,NA,NA
WK016028,Hardenberg,2008,4.1157201500805725,0.013455298936887076,NA,NA,NA,NA,NA
WK016028,Hardenberg,2012,4.136503083457311,0.03423823231362536,NA,NA,NA,NA,NA
WK016028,Hardenberg,2014,4.1318881896779285,0.029623338534243475,0.01602818622954713,0.048884928225111333,0.03262179813680114,-0.06641534858755385,-0.001496225469662538
WK016028,Hardenberg,2016,4.103530507871515,0.001265656727829846,NA,NA,NA,NA,NA
WK016028,Hardenberg,2018,4.148389658958981,0.04612480781529567,0.020332643354065587,0.056054388344604925,0.03266981159322993,-0.06645941568280597,0.0035273802062009453
WK016028,Hardenberg,2020,4.140858728917199,0.038593877773514106,0.020322689397597304,0.05156846783585196,0.035605459396276073,-0.07475603843908289,0.005853299582871418
WK016028,Hardenberg,2022,4.135381990615978,0.033117139472292945,0.024907535642069486,0.049689470272958995,0.03547348792484981,-0.08993041723736943,0.012977062869783782
WK016029,Bruchterveld,2002,4.164184629479328,0.06191977833564262,NA,NA,NA,NA,NA
WK016029,Bruchterveld,2008,4.143121288713249,0.04085643756956291,NA,NA,NA,NA,NA
WK016029,Bruchterveld,2012,4.17021428287039,0.06794943172670392,NA,NA,NA,NA,NA
WK016029,Bruchterveld,2014,4.182538081464992,0.08027323032130718,6.937720546726804e-4,0.1320292381756601,0.12516748534325436,-0.23578164177296076,0.058164376520680516
WK016029,Bruchterveld,2016,4.154912558776755,0.05264770763307026,NA,NA,NA,NA,NA
WK016029,Bruchterveld,2018,4.184957521751776,0.08269267060809048,0.02030308461359238,0.11713144702520384,0.11719605936408686,-0.228212277603909,0.05627435720911609
WK016029,Bruchterveld,2020,4.190960636763446,0.08869578561976031,0.0171518881704272,0.11796582854203924,0.12370126179448913,-0.22866471965463034,0.058541526767434716
WK016029,Bruchterveld,2022,4.176780418693641,0.07451556754995518,0.028882281487592396,0.10560461115074916,0.11667880653485416,-0.23442623092619946,0.05777609930295858
WK016301,Wijk 01 Hellendoorn,2002,4.178088159342084,0.07582330819839889,NA,NA,NA,NA,NA
WK016301,Wijk 01 Hellendoorn,2008,4.181764438798139,0.07949958765445425,NA,NA,NA,NA,NA
WK016301,Wijk 01 Hellendoorn,2012,4.193805306993706,0.09154045585002134,NA,NA,NA,NA,NA
WK016301,Wijk 01 Hellendoorn,2014,4.212215829862027,0.10995097871834159,0.018746069500891627,0.08616118112943962,0.054173051068947375,-0.08730257842215816,0.03817325544122079
WK016301,Wijk 01 Hellendoorn,2016,4.228882046175919,0.1266171950322333,NA,NA,NA,NA,NA
WK016301,Wijk 01 Hellendoorn,2018,4.239603821394262,0.13733897025057645,0.021130348902361176,0.10960846743309108,0.05730447735374501,-0.0887308713488893,0.038026547910268244
WK016301,Wijk 01 Hellendoorn,2020,4.244746989024591,0.1424821378809061,0.021850663866063897,0.11897439073438229,0.055680298320088965,-0.09550461112752112,0.04148139608789178
WK016301,Wijk 01 Hellendoorn,2022,4.196551133129043,0.09428628198535846,0.026354894357770418,0.08616246498032319,0.052635296299272036,-0.1121017506122724,0.04123537696026493
WK016302,Wijk 02 Nijverdal Noord,2002,4.197132199624671,0.09486734848098645,NA,NA,NA,NA,NA
WK016302,Wijk 02 Nijverdal Noord,2008,4.204064684307008,0.10179983316332297,NA,NA,NA,NA,NA
WK016302,Wijk 02 Nijverdal Noord,2012,4.238007396685218,0.13574254554153256,NA,NA,NA,NA,NA
WK016302,Wijk 02 Nijverdal Noord,2014,4.247547996203004,0.1452831450593185,0.016435281058042414,0.08484219581197203,0.06959521467545912,-0.04969550277577387,0.024105956289618518
WK016302,Wijk 02 Nijverdal Noord,2016,4.287117110619924,0.18485225947623923,NA,NA,NA,NA,NA
WK016302,Wijk 02 Nijverdal Noord,2018,4.294721217736467,0.1924563665927822,0.016252334917912052,0.11410080180066934,0.07440691467438476,-0.041099841744421974,0.02879615694423776
WK016302,Wijk 02 Nijverdal Noord,2020,4.2867591318103475,0.18449428066666212,0.01778742129183377,0.1107111030887216,0.06938975526527028,-0.05106520832771376,0.03767120934854998
WK016302,Wijk 02 Nijverdal Noord,2022,4.246566219011936,0.14430136786825107,0.02421302797418783,0.09944999320101508,0.06204198170383568,-0.08532171032956229,0.04391807531877447
WK016303,Wijk 03 Nijverdal West,2002,4.165771974052151,0.06350712290846537,NA,NA,NA,NA,NA
WK016303,Wijk 03 Nijverdal West,2008,4.159558928110331,0.057294076966646,NA,NA,NA,NA,NA
WK016303,Wijk 03 Nijverdal West,2012,4.166926660909808,0.06466180976612208,NA,NA,NA,NA,NA
WK016303,Wijk 03 Nijverdal West,2014,4.178445555530295,0.07618070438660912,0.010764115046973603,0.04156866549020173,0.034380636609602555,-0.02494836246747658,0.014415649707307533
WK016303,Wijk 03 Nijverdal West,2016,4.209627784311031,0.10736293316734578,NA,NA,NA,NA,NA
WK016303,Wijk 03 Nijverdal West,2018,4.21642052800196,0.11415567685827499,0.009105812796625302,0.0689750852019318,0.03764784979111153,-0.02237703078971162,0.020803959858317712
WK016303,Wijk 03 Nijverdal West,2020,4.219732918271365,0.11746806712768013,0.012193840299133077,0.08249091056626674,0.03647493145083751,-0.03159247649125708,0.017900861302699588
WK016303,Wijk 03 Nijverdal West,2022,4.160076892014276,0.05781204087059058,0.017669105225965782,0.050913566602284153,0.033761550851034564,-0.07063196788082834,0.026099786072134118
WK016304,Wijk 04 Nijverdal Oost,2002,4.050319727815516,-0.05194512332816909,NA,NA,NA,NA,NA
WK016304,Wijk 04 Nijverdal Oost,2008,4.053389764186771,-0.04887508695691422,NA,NA,NA,NA,NA
WK016304,Wijk 04 Nijverdal Oost,2012,4.093088234185713,-0.009176616957971976,NA,NA,NA,NA,NA
WK016304,Wijk 04 Nijverdal Oost,2014,4.082428580345601,-0.019836270798083918,3.324144075979846e-4,0.015712419274287622,0.027812159571468365,-0.06802057919245626,0.004327315141018084
WK016304,Wijk 04 Nijverdal Oost,2016,4.153151115484008,0.05088626434032278,NA,NA,NA,NA,NA
WK016304,Wijk 04 Nijverdal Oost,2018,4.1261702227563335,0.023905371612648454,-0.0011908854629661284,0.04975365905428127,0.02656942576855409,-0.062145725835009796,0.010918898087788788
WK016304,Wijk 04 Nijverdal Oost,2020,4.136036075181221,0.03377122403753584,0.001943895066985203,0.06401296146037462,0.026586421763419722,-0.07009066270936379,0.011318608456119837
WK016304,Wijk 04 Nijverdal Oost,2022,4.08911355792028,-0.01315129322340528,0.004654149682797449,0.040733387312614326,0.0229076374767143,-0.10380950276109413,0.022363035065562486
WK016305,Wijk 05 Buitengebied,2002,4.2105772680649896,0.10831241692130461,NA,NA,NA,NA,NA
WK016305,Wijk 05 Buitengebied,2008,4.1972175133789635,0.09495266223527835,NA,NA,NA,NA,NA
WK016305,Wijk 05 Buitengebied,2012,4.2138354135336105,0.11157056238992505,NA,NA,NA,NA,NA
WK016305,Wijk 05 Buitengebied,2014,4.217989032144695,0.11572418100100963,-0.018209268779216626,0.1159702080993178,0.12939497440310616,-0.17414877069368118,0.06271703797148317
WK016305,Wijk 05 Buitengebied,2016,4.24290374986145,0.1406388987177655,NA,NA,NA,NA,NA
WK016305,Wijk 05 Buitengebied,2018,4.271399488034728,0.16913463689104216,0.0059206820813808856,0.1304763961794602,0.14437819895279064,-0.1739310562535593,0.062290415930969505
WK016305,Wijk 05 Buitengebied,2020,4.2417311278140994,0.1394662766704142,-0.006794258626966258,0.12775566384601525,0.12799166367584155,-0.1746078754438742,0.06512108321939761
WK016305,Wijk 05 Buitengebied,2022,4.206175521451775,0.10391067030809016,-0.0033842709512768164,0.10443265106943299,0.12142037425199022,-0.18483582109784466,0.0662777370357882
WK016306,Wijk 06 Kruidenwijk,2002,4.0558456786866195,-0.046419172457066,NA,NA,NA,NA,NA
WK016306,Wijk 06 Kruidenwijk,2008,4.058086712589316,-0.04417813855436909,NA,NA,NA,NA,NA
WK016306,Wijk 06 Kruidenwijk,2012,4.06668700129851,-0.035577849845175404,NA,NA,NA,NA,NA
WK016306,Wijk 06 Kruidenwijk,2014,4.105307328113898,0.003042476970212484,0.001136162198402403,0.04930000619127472,0.03708539048462494,-0.10136376566724206,0.016884683763152216
WK016306,Wijk 06 Kruidenwijk,2016,4.096152640190486,-0.0061122109531986275,NA,NA,NA,NA,NA
WK016306,Wijk 06 Kruidenwijk,2018,4.125168800076174,0.02290394893248777,-0.0015980340205190046,0.07244335567398105,0.03763230226032786,-0.09939933085182645,0.0138256558705241
WK016306,Wijk 06 Kruidenwijk,2020,4.125424510768643,0.023159659624957498,8.73521439051722e-4,0.06939980654691094,0.03459945126410909,-0.10540682520517432,0.02369370558005979
WK016306,Wijk 06 Kruidenwijk,2022,4.081917106826362,-0.020347744317323058,0.008006383815614559,0.04302370610771103,0.03153366433871057,-0.12780028088266487,0.02488878230330536
WK016307,Wijk 07 Haarle,2002,4.126084408878225,0.023819557734539736,NA,NA,NA,NA,NA
WK016307,Wijk 07 Haarle,2008,4.150083128027475,0.047818276883789874,NA,NA,NA,NA,NA
WK016307,Wijk 07 Haarle,2012,4.145714528346625,0.04344967720293943,NA,NA,NA,NA,NA
WK016307,Wijk 07 Haarle,2014,4.173213093196003,0.07094824205231845,0.004173833372112153,0.09939749010092849,0.05621218778040972,-0.11327339709532586,0.0244381278941937
WK016307,Wijk 07 Haarle,2016,4.204824601411231,0.10255975026754573,NA,NA,NA,NA,NA
WK016307,Wijk 07 Haarle,2018,4.1991987951759535,0.09693394403226872,0.009272071152733348,0.12057840908814989,0.05576412788319213,-0.11560730240747696,0.026926638315669965
WK016307,Wijk 07 Haarle,2020,4.203733867363768,0.10146901622008253,0.011170105434014723,0.12484674848481793,0.05013583521567896,-0.11782410286109446,0.033140429946665204
WK016307,Wijk 07 Haarle,2022,4.194512661703669,0.09224781055998456,0.021180968745242088,0.11331857672530583,0.048447689390424105,-0.12400571090983907,0.033306286608851314
WK016308,Wijk 08 Daarle,2002,4.0614460911533845,-0.04081875999030028,NA,NA,NA,NA,NA
WK016308,Wijk 08 Daarle,2008,4.074011556364584,-0.028253294779100754,NA,NA,NA,NA,NA
WK016308,Wijk 08 Daarle,2012,4.092522796756872,-0.009742054386813052,NA,NA,NA,NA,NA
WK016308,Wijk 08 Daarle,2014,4.0945579832507395,-0.0077068678929455466,0.014093435882771049,0.082202242616286,0.07436378548404836,-0.1930680619697037,0.01470173009365234
WK016308,Wijk 08 Daarle,2016,4.148001371371053,0.045736520227367294,NA,NA,NA,NA,NA
WK016308,Wijk 08 Daarle,2018,4.143998448785313,0.04173359764162702,0.01623889974027852,0.12084289091522775,0.0813566500883237,-0.19162377816448314,0.014918935062279856
WK016308,Wijk 08 Daarle,2020,4.141907577809629,0.03964272666594391,0.015569718623198009,0.11061714351002633,0.07059406293120273,-0.18720148143918625,0.030063283040702785
WK016308,Wijk 08 Daarle,2022,4.108088086137445,0.0058232349937603735,0.01784721492867311,0.0755854619299273,0.0639873289293892,-0.18399703906356205,0.03240026826933248
WK016309,Wijk 09 Daarlerveen,2002,4.034087944442657,-0.06817690670102773,NA,NA,NA,NA,NA
WK016309,Wijk 09 Daarlerveen,2008,4.091179992720641,-0.011084858423043647,NA,NA,NA,NA,NA
WK016309,Wijk 09 Daarlerveen,2012,4.115111768438925,0.012846917295238952,NA,NA,NA,NA,NA
WK016309,Wijk 09 Daarlerveen,2014,4.070684405889271,-0.03158044525441437,2.7210192691065e-4,0.053786880148265916,0.06256085449959566,-0.1776177055235407,0.02941742369435379
WK016309,Wijk 09 Daarlerveen,2016,4.1097556551957695,0.00749080405208432,NA,NA,NA,NA,NA
WK016309,Wijk 09 Daarlerveen,2018,4.140783200015728,0.03851834887204276,0.007410342005799133,0.09835529173528504,0.07447645620124636,-0.1728763536234667,0.031152612553178628
WK016309,Wijk 09 Daarlerveen,2020,4.16759516853415,0.06533031739046449,0.007675585585973052,0.12037466774932166,0.06960897137232631,-0.1681138956323049,0.03578498831514813
WK016309,Wijk 09 Daarlerveen,2022,4.126404938598054,0.024140087454368728,0.0049526124883620395,0.09431988285094221,0.06255019201597559,-0.164283274797373,0.026600674896461535
WK016400,Wijk 00 Binnenstad,2002,4.119978827030713,0.01771397588702755,NA,NA,NA,NA,NA
WK016400,Wijk 00 Binnenstad,2008,4.18736559537481,0.08510074423112446,NA,NA,NA,NA,NA
WK016400,Wijk 00 Binnenstad,2012,4.1412887353851495,0.039023884241464184,NA,NA,NA,NA,NA
WK016400,Wijk 00 Binnenstad,2014,4.142440419086672,0.04017556794298621,0.0077244919548752865,-0.10674513536168466,-0.0074342899150061145,0.1413565334339872,0.005273967830814171
WK016400,Wijk 00 Binnenstad,2016,4.131688971202794,0.029424120059108994,NA,NA,NA,NA,NA
WK016400,Wijk 00 Binnenstad,2018,4.147911993284142,0.045647142140457064,0.007761661059526729,-0.11113790937101005,-0.012374885001871548,0.14600904890294925,0.015389226550862372
WK016400,Wijk 00 Binnenstad,2020,4.1672146621692,0.06494981102551463,0.008213774767094563,-0.0756718224441002,-0.004683714780481046,0.15652035477958315,-0.019428781296582154
WK016400,Wijk 00 Binnenstad,2022,4.2027641398868285,0.10049928874314369,0.010309174555858428,-0.0645870770343056,-0.011186179927681908,0.15458177877307736,0.01138159237619516
WK016401,Wijk 01 Hengelose Es,2002,4.112486110772801,0.010221259629116011,NA,NA,NA,NA,NA
WK016401,Wijk 01 Hengelose Es,2008,4.143649968942852,0.04138511779916713,NA,NA,NA,NA,NA
WK016401,Wijk 01 Hengelose Es,2012,4.159332682889951,0.057067831746265583,NA,NA,NA,NA,NA
WK016401,Wijk 01 Hengelose Es,2014,4.133242332358799,0.030977481215114306,-0.0014327966099362962,-0.02093257490530741,-0.014644221265968583,0.07133304775490383,-0.003345973758577537
WK016401,Wijk 01 Hengelose Es,2016,4.142447760112804,0.04018290896911826,NA,NA,NA,NA,NA
WK016401,Wijk 01 Hengelose Es,2018,4.176359046216745,0.07409419507305909,0.0021266817130255636,0.003783668439664643,-0.006412411762163285,0.07410805644611114,4.88200236420735e-4
WK016401,Wijk 01 Hengelose Es,2020,4.2117347372339875,0.10946988609030175,0.004233980118447257,0.017139462610052912,-0.008334339578917908,0.08642562827742252,0.010005154663296666
WK016401,Wijk 01 Hengelose Es,2022,4.208849651341786,0.10658480019810065,0.004345091748331006,0.021456076767544973,-0.012644343751153224,0.07748621726295686,0.01594175817042076
WK016402,Wijk 02 Noord,2002,4.033065418350094,-0.06919943279359152,NA,NA,NA,NA,NA
WK016402,Wijk 02 Noord,2008,4.059273242312893,-0.042991608830791415,NA,NA,NA,NA,NA
WK016402,Wijk 02 Noord,2012,4.047976631285006,-0.054288219858679716,NA,NA,NA,NA,NA
WK016402,Wijk 02 Noord,2014,4.02095450998417,-0.08131034115951473,-0.005036186770512966,-0.06428162538952575,-0.03335475853283132,0.045552950307735346,-0.024190720774380316
WK016402,Wijk 02 Noord,2016,4.017387057422566,-0.08487779372112,NA,NA,NA,NA,NA
WK016402,Wijk 02 Noord,2018,4.0470436850626585,-0.05522116608102608,-0.005320733473236564,-0.04863374935603195,-0.029919745671746552,0.04662943728483203,-0.01797637486484332
WK016402,Wijk 02 Noord,2020,4.0724126405844805,-0.029852210559205047,-0.0028783509287542038,-0.035903878280233566,-0.0317968848986697,0.05827160970365314,-0.017544706155200963
WK016402,Wijk 02 Noord,2022,4.073948768581375,-0.0283160825623103,-0.002444503413676101,-0.028793766298581564,-0.03894628054347029,0.05019280447535939,-0.008324336781942
WK016403,Wijk 03 Hasseler Es,2002,4.080289815732989,-0.021975035410695683,NA,NA,NA,NA,NA
WK016403,Wijk 03 Hasseler Es,2008,4.084082828010489,-0.0181820231331961,NA,NA,NA,NA,NA
WK016403,Wijk 03 Hasseler Es,2012,4.1039885451374705,0.0017236939937849238,NA,NA,NA,NA,NA
WK016403,Wijk 03 Hasseler Es,2014,4.09940985264225,-0.0028549985014355906,0.011306177400273534,0.04445792689426146,0.010457298823425464,-0.059752818391829395,-0.00932358322756693
WK016403,Wijk 03 Hasseler Es,2016,4.111687697770055,0.009422846626370204,NA,NA,NA,NA,NA
WK016403,Wijk 03 Hasseler Es,2018,4.121603012735933,0.019338161592247684,0.014216411636194538,0.04815430639985878,0.008845004927484008,-0.05149509006508274,-3.824713062071585e-4
WK016403,Wijk 03 Hasseler Es,2020,4.119673492527346,0.017408641383660807,0.013945055741418402,0.045380469252610404,0.008891424020497436,-0.045381016521674915,-0.0054272911091908065
WK016403,Wijk 03 Hasseler Es,2022,4.140224708202072,0.03795985705838664,0.017110968710197426,0.05806568727571949,0.007989240601985425,-0.05131077130168334,0.006104731772167365
WK016404,Wijk 04 Groot Driene,2002,4.154450341474271,0.052185490330586344,NA,NA,NA,NA,NA
WK016404,Wijk 04 Groot Driene,2008,4.135452968082437,0.03318811693875206,NA,NA,NA,NA,NA
WK016404,Wijk 04 Groot Driene,2012,4.126139483460238,0.023874632316553283,NA,NA,NA,NA,NA
WK016404,Wijk 04 Groot Driene,2014,4.115186785045991,0.012921933902306249,0.015542024037189727,0.014071259071568074,0.002665357604993303,-0.002988872109707143,-0.016367834701737947
WK016404,Wijk 04 Groot Driene,2016,4.0964083226831605,-0.005856528460524344,NA,NA,NA,NA,NA
WK016404,Wijk 04 Groot Driene,2018,4.144083019947226,0.04181816880354105,0.015120290084223262,0.029622686825360928,0.0018537724494960188,0.005577055134288587,-0.010355635689828013
WK016404,Wijk 04 Groot Driene,2020,4.161261242820484,0.058996391676799625,0.016684897238635716,0.03517360433398939,-0.002764826072877785,0.022960139601081918,-0.013057423424029836
WK016404,Wijk 04 Groot Driene,2022,4.1535310177854905,0.05126616664180518,0.014561592096332104,0.02725841297336584,-0.004642490197752875,0.01311862306919466,9.700287006651864e-4
WK016405,Wijk 05 Berflo Es,2002,4.0721882417306,-0.030076609413085497,NA,NA,NA,NA,NA
WK016405,Wijk 05 Berflo Es,2008,4.080719096885464,-0.021545754258221358,NA,NA,NA,NA,NA
WK016405,Wijk 05 Berflo Es,2012,4.085980530548809,-0.0162843205948766,NA,NA,NA,NA,NA
WK016405,Wijk 05 Berflo Es,2014,4.052949412427049,-0.049315438716636156,-0.025560820376039236,-0.03950412711606395,-0.026684750755316847,0.04910494474279093,-0.0066706852120073275
WK016405,Wijk 05 Berflo Es,2016,4.0683583006883,-0.03390655045538464,NA,NA,NA,NA,NA
WK016405,Wijk 05 Berflo Es,2018,4.075923646577559,-0.02634120456612605,-0.023975744640232253,-0.03162604116722545,-0.02793273228662016,0.04999390876119352,0.007199404766758031
WK016405,Wijk 05 Berflo Es,2020,4.126210566834999,0.023945715691313176,-0.016557658696155053,-2.7907127544636662e-5,-0.027548083924754312,0.06497378888614007,0.0031055765536268025
WK016405,Wijk 05 Berflo Es,2022,4.126937260030471,0.024672408886785797,-0.013697400471250202,-0.0020381982534689257,-0.030453431244770256,0.05820314555358517,0.012658293302689779
WK016406,Wijk 06 Wilderinkshoek,2002,4.1431947862308585,0.04092993508717308,NA,NA,NA,NA,NA
WK016406,Wijk 06 Wilderinkshoek,2008,4.14673727350579,0.04447242236210551,NA,NA,NA,NA,NA
WK016406,Wijk 06 Wilderinkshoek,2012,4.144811293514398,0.04254644237071317,NA,NA,NA,NA,NA
WK016406,Wijk 06 Wilderinkshoek,2014,4.152569852288034,0.050305001144348375,-0.015737135211723697,0.013357534268492061,2.1741164247413228e-4,0.042028515822827545,0.010438674622278071
WK016406,Wijk 06 Wilderinkshoek,2016,4.137550692863385,0.03528584171970087,NA,NA,NA,NA,NA
WK016406,Wijk 06 Wilderinkshoek,2018,4.157563606005106,0.05529875486142078,-0.013047307158182454,0.007107067831062367,2.0669900010746563e-4,0.04157297489543184,0.019459320293001327
WK016406,Wijk 06 Wilderinkshoek,2020,4.192324736736124,0.09005988559243859,-0.008798885115570417,0.025799822272039166,0.0012813747490139377,0.05494668138237736,0.016830892304578272
WK016406,Wijk 06 Wilderinkshoek,2022,4.207381215587738,0.10511636444405272,-0.006714322049507309,0.030021490074479053,4.946172153424991e-4,0.051132995770521585,0.030181583433216617
WK016407,Wijk 07 Woolde,2002,4.1435735319655045,0.04130868082181958,NA,NA,NA,NA,NA
WK016407,Wijk 07 Woolde,2008,4.170575037578662,0.06831018643497729,NA,NA,NA,NA,NA
WK016407,Wijk 07 Woolde,2012,4.172467935344734,0.07020308420104951,NA,NA,NA,NA,NA
WK016407,Wijk 07 Woolde,2014,4.180605144120649,0.07834029297696374,-0.01905037422242969,0.02120339212270015,0.002283857582376257,0.06470318389526378,0.009200233599052941
WK016407,Wijk 07 Woolde,2016,4.171821446761595,0.06955659561790956,NA,NA,NA,NA,NA
WK016407,Wijk 07 Woolde,2018,4.203123585458919,0.10085873431523454,-0.01411290148173309,0.03209461141304817,0.004434014894053801,0.06274898573526147,0.015694023754603943
WK016407,Wijk 07 Woolde,2020,4.222749513488165,0.12048466234447977,-0.011675807423049297,0.028450937421187584,0.0020986261441543878,0.08001278655198944,0.02159811965019741
WK016407,Wijk 07 Woolde,2022,4.231444980396077,0.12918012925239142,-0.009233381616093096,0.04214594448493404,-6.358950946503945e-4,0.07157444853686028,0.02532901294134032
WK016408,Wijk 08 Slangenbeek,2002,4.242349432722852,0.14008458157916648,NA,NA,NA,NA,NA
WK016408,Wijk 08 Slangenbeek,2008,4.260284725712399,0.1580198745687132,NA,NA,NA,NA,NA
WK016408,Wijk 08 Slangenbeek,2012,4.211521232256534,0.10925638111284863,NA,NA,NA,NA,NA
WK016408,Wijk 08 Slangenbeek,2014,4.212966451272684,0.11070160012899809,0.019970925500733643,0.08858045509528968,0.055281018271518205,-0.06659570180305772,0.013464903064514
WK016408,Wijk 08 Slangenbeek,2016,4.200396528682583,0.0981316775388974,NA,NA,NA,NA,NA
WK016408,Wijk 08 Slangenbeek,2018,4.198337034371509,0.09607218322782393,0.02477463610443808,0.0701093525783193,0.04833580001905184,-0.08131171689500469,0.03416411142101908
WK016408,Wijk 08 Slangenbeek,2020,4.208638475981336,0.10637362483765096,0.02390708121366456,0.07838440749130725,0.04551669038251015,-0.0742034059732395,0.03276885172340825
WK016408,Wijk 08 Slangenbeek,2022,4.208056581559068,0.10579173041538181,0.02915076965496362,0.07308884252836921,0.04434761460154323,-0.07986656547209228,0.03907106910259774
WK016409,Wijk 09 Buitengebied,2002,4.271492864313739,0.16922801317005423,NA,NA,NA,NA,NA
WK016409,Wijk 09 Buitengebied,2008,4.234150858154175,0.13188600701049025,NA,NA,NA,NA,NA
WK016409,Wijk 09 Buitengebied,2012,4.237215192263663,0.1349503411199775,NA,NA,NA,NA,NA
WK016409,Wijk 09 Buitengebied,2014,4.250668161492219,0.14840331034853313,-0.006222907789815834,0.09056089287935998,0.10351053121314985,-0.11218808767506933,0.0727428817209082
WK016409,Wijk 09 Buitengebied,2016,4.267857959338425,0.16559310819473969,NA,NA,NA,NA,NA
WK016409,Wijk 09 Buitengebied,2018,4.279252178267259,0.17698732712357376,0.00975150065853849,0.10156955869491104,0.09889648189581554,-0.108623194505643,0.07539298037995137
WK016409,Wijk 09 Buitengebied,2020,4.277632221830017,0.17536737068633187,0.004925832127327436,0.097102250214912,0.09553562786585178,-0.09702926963902146,0.07483293011726178
WK016409,Wijk 09 Buitengebied,2022,4.285901767800439,0.1836369166567539,7.053467532061067e-4,0.11447291816799579,0.09720042312223114,-0.10392230541107048,0.07518053402439104
WK016600,Kampen,2002,4.074222283195441,-0.028042567948244383,NA,NA,NA,NA,NA
WK016600,Kampen,2008,4.080953138680905,-0.02131171246278036,NA,NA,NA,NA,NA
WK016600,Kampen,2012,4.081398611234377,-0.020866239909308245,NA,NA,NA,NA,NA
WK016600,Kampen,2014,4.128195646430488,0.02593079528680224,0.02317345521567812,0.031311314907542166,-4.502039425940109e-5,-0.03961320008602679,0.011104245643867862
WK016600,Kampen,2016,4.144936098196469,0.04267124705278406,NA,NA,NA,NA,NA
WK016600,Kampen,2018,4.128762391500914,0.026497540357229097,0.020750770086403636,0.03580011209758313,-0.0020730578898934316,-0.035503083499756054,0.007522799562891549
WK016600,Kampen,2020,4.148663145883827,0.04639829474014172,0.020308329396427866,0.0346133476601207,-0.0037056583018435863,-0.02275778085542776,0.017940056840864225
WK016600,Kampen,2022,4.144939273976562,0.042674422832876896,0.024887223542563917,0.022742188953005046,-0.0031839814230308545,-0.025619187717900352,0.023848179478238862
WK016602,Reeve,2022,4.2467507203121535,0.14448586916846828,0.07671113228055615,0.071822664224299,0.007925431363818236,-0.043547859699054614,0.0315745009988489
WK016603,IJsselmuiden,2002,4.130177028607357,0.027912177463671896,NA,NA,NA,NA,NA
WK016603,IJsselmuiden,2008,4.137060396152964,0.034795545009278915,NA,NA,NA,NA,NA
WK016603,IJsselmuiden,2012,4.150320349661107,0.04805549851742161,NA,NA,NA,NA,NA
WK016603,IJsselmuiden,2014,4.171990276352563,0.06972542520887763,0.018096864016228197,0.08858160604350564,0.04435925368988161,-0.08645599194013752,0.005143693399399416
WK016603,IJsselmuiden,2016,4.202043629495611,0.09977877835192592,NA,NA,NA,NA,NA
WK016603,IJsselmuiden,2018,4.194333482836587,0.09206863169290137,0.010803993699377332,0.09763943784384468,0.048535735928408895,-0.08241578169589751,0.017505245917167688
WK016603,IJsselmuiden,2020,4.1960784764250665,0.09381362528138149,0.008781333111596665,0.09542820811391506,0.046966078310233944,-0.07114723162544172,0.013785237371077268
WK016603,IJsselmuiden,2022,4.216130529282003,0.11386567813831784,0.014673073358842891,0.09858147110909746,0.0449513258689605,-0.07492601275917832,0.030585820560595053
WK016604,Zalk,2002,4.193254312163214,0.09098946101952919,NA,NA,NA,NA,NA
WK016604,Zalk,2008,4.180347800298358,0.07808294915467245,NA,NA,NA,NA,NA
WK016604,Zalk,2012,4.201340856317675,0.09907600517398947,NA,NA,NA,NA,NA
WK016604,Zalk,2014,4.238757417227509,0.13649256608382335,0.01965238848522613,0.13769739659738078,0.09813610605364417,-0.18232650583881374,0.06333318078638574
WK016604,Zalk,2016,4.251366282663297,0.149101431519612,NA,NA,NA,NA,NA
WK016604,Zalk,2018,4.243137419438406,0.14087256829472025,0.024544653327448145,0.13233581524705645,0.09917189639497291,-0.1793765895563503,0.06419679288159276
WK016604,Zalk,2020,4.22347128727617,0.12120643613248416,0.01785670374443173,0.12622837526629524,0.09585564156220454,-0.1832858653488052,0.06455158090835762
WK016604,Zalk,2022,4.225448872190775,0.12318402104708988,0.01859108801844899,0.12957220289750854,0.09411476454893461,-0.1844850037903479,0.06539096937254545
WK016605,Wilsum,2002,4.177376533792043,0.07511168264835758,NA,NA,NA,NA,NA
WK016605,Wilsum,2008,4.171733944229425,0.0694690930857393,NA,NA,NA,NA,NA
WK016605,Wilsum,2012,4.208603848756782,0.10633899761309777,NA,NA,NA,NA,NA
WK016605,Wilsum,2014,4.141168926624031,0.038904075480346134,0.024853727184933547,0.09115634250534206,0.07218995047716349,-0.18817014926116768,0.038874204574074464
WK016605,Wilsum,2016,4.173050220908762,0.07078536976507725,NA,NA,NA,NA,NA
WK016605,Wilsum,2018,4.145022290955621,0.042757439811935985,0.02916231273878371,0.10142789421555097,0.06788219432183963,-0.19885972263710217,0.043144761172863436
WK016605,Wilsum,2020,4.186266068433031,0.08400121728934515,0.016914894361065323,0.12546055806788187,0.06693842875212,-0.18175665049098236,0.056443986599260115
WK016605,Wilsum,2022,4.18080690332478,0.07854205218109432,0.017354189641380566,0.11272424024683401,0.07181505933888908,-0.1832313044032495,0.05987986735724009
WK016606,Grafhorst,2002,4.122861499658558,0.020596648514873545,NA,NA,NA,NA,NA
WK016606,Grafhorst,2008,4.14319433102873,0.040929479885044764,NA,NA,NA,NA,NA
WK016606,Grafhorst,2012,4.128359125720722,0.026094274577037033,NA,NA,NA,NA,NA
WK016606,Grafhorst,2014,4.181280835931117,0.07901598478743183,0.026180404532940266,0.11326162567546053,0.08700933867101088,-0.1552560622357968,0.007820678143816706
WK016606,Grafhorst,2016,4.179523717400339,0.077258866256653,NA,NA,NA,NA,NA
WK016606,Grafhorst,2018,4.18378357659236,0.08151872544867404,0.018940219851732762,0.10465384254102167,0.08040263644535801,-0.15146696659400025,0.02898899320456151
WK016606,Grafhorst,2020,4.14448293608338,0.04221808493969454,0.015582409575806162,0.10693179491330619,0.06591950087541738,-0.1367945796377742,-0.009421040787061328
WK016606,Grafhorst,2022,4.2144840980286675,0.11221924688498174,0.02397692548538079,0.10874269255921108,0.06675546627997649,-0.13828382924823668,0.05102799180864979
WK016607,Kamperveen,2002,4.233557747030333,0.1312928958866477,NA,NA,NA,NA,NA
WK016607,Kamperveen,2008,4.197890407712823,0.09562555656913793,NA,NA,NA,NA,NA
WK016607,Kamperveen,2012,4.1798864978926495,0.07762164674896403,NA,NA,NA,NA,NA
WK016607,Kamperveen,2014,4.216549602968318,0.11428475182463214,-0.02055760544397242,0.1274549166899994,0.14123882462908602,-0.21094921116696666,0.07709782711648547
WK016607,Kamperveen,2016,4.220441932371659,0.1181770812279736,NA,NA,NA,NA,NA
WK016607,Kamperveen,2018,4.232122887901822,0.1298580367581368,0.002906393268524762,0.12895503991705473,0.128958106674868,-0.20729586243393527,0.07633435933162441
WK016607,Kamperveen,2020,4.18757051341136,0.08530566226767422,-0.004383192048879761,0.12216058474078538,0.10640986858092465,-0.2119558156533544,0.07307421664819799
WK016607,Kamperveen,2022,4.198470061717846,0.09620521057416107,3.2040056478860996e-4,0.13080090182458595,0.1110369509089139,-0.21157119490049175,0.06561815217636398
WK016608,s-Heerenbroek,2002,4.204306679268734,0.10204182812504858,NA,NA,NA,NA,NA
WK016608,s-Heerenbroek,2008,4.189608516217181,0.08734366507349531,NA,NA,NA,NA,NA
WK016608,s-Heerenbroek,2012,4.197877466460335,0.09561261531665056,NA,NA,NA,NA,NA
WK016608,s-Heerenbroek,2014,4.225445708262135,0.12318085711845016,-0.020973749228443885,0.11280720028086103,0.11606729843716437,-0.15453971188972063,0.06981981951858884
WK016608,s-Heerenbroek,2016,4.246798063988982,0.14453321284529702,NA,NA,NA,NA,NA
WK016608,s-Heerenbroek,2018,4.253358745081292,0.15109389393760736,-0.011953425726373323,0.12303408123090487,0.11603047804047141,-0.14552528929119818,0.06950804968380243
WK016608,s-Heerenbroek,2020,4.2379451650851045,0.1356803139414193,-0.01979605979901282,0.11392930602630147,0.0979219984825364,-0.1264302584226151,0.07005532765420902
WK016608,s-Heerenbroek,2022,4.24751666117431,0.14525181003062454,-0.017625144834936723,0.12832562755182375,0.10273194849525014,-0.14397836968508573,0.07579774850357289
WK016609,Mastenbroek,2002,4.221584587461127,0.11931973631744204,NA,NA,NA,NA,NA
WK016609,Mastenbroek,2008,4.146764866478493,0.044500015334807,NA,NA,NA,NA,NA
WK016609,Mastenbroek,2012,4.1423240736649465,0.040059222521260485,NA,NA,NA,NA,NA
WK016609,Mastenbroek,2014,4.250591764786589,0.1483269136429033,-0.11230770429401508,0.1536508261798969,0.229680855714542,-0.22208120092420175,0.09938413696668112
WK016609,Mastenbroek,2016,4.240554063364914,0.13828921222122798,NA,NA,NA,NA,NA
WK016609,Mastenbroek,2018,4.215687633177936,0.1134227820342507,-0.06853416053735907,0.14279503853445907,0.1563461489569748,-0.22400067088971462,0.10681642596989006
WK016609,Mastenbroek,2020,4.193189536731044,0.09092468558735832,-0.10333537543377759,0.11606748397822364,0.17914660967977744,-0.2155602573903007,0.11460622475343536
WK016609,Mastenbroek,2022,4.203095933830273,0.10083108268658825,-0.10882212548050382,0.14202630979904432,0.17785643329482162,-0.21764912498274466,0.10741959005597042
WK016800,Wijk 00 Losser,2002,4.12896030780386,0.02669545666017453,NA,NA,NA,NA,NA
WK016800,Wijk 00 Losser,2008,4.159058253838111,0.056793402694426454,NA,NA,NA,NA,NA
WK016800,Wijk 00 Losser,2012,4.170105905963029,0.06784105481934444,NA,NA,NA,NA,NA
WK016800,Wijk 00 Losser,2014,4.1440031751021555,0.04173832395846971,0.010281669104323496,0.051511544746787485,0.03881827098743938,-0.08354624460478353,0.024673083724702567
WK016800,Wijk 00 Losser,2016,4.155986052143649,0.053721200999963435,NA,NA,NA,NA,NA
WK016800,Wijk 00 Losser,2018,4.166112823587166,0.06384797244347973,0.014472479576713333,0.06614392212770062,0.037015054243152684,-0.0862304593551402,0.032446975851052995
WK016800,Wijk 00 Losser,2020,4.159682393028363,0.05741754188467766,0.018288240521796242,0.07637482321529555,0.03455473956546404,-0.10489852740226205,0.03309826598438361
WK016800,Wijk 00 Losser,2022,4.158382631602727,0.05611778045904176,0.02268504502249625,0.0656307228771966,0.03209869919865353,-0.0997629401914027,0.03546625355209783
WK016801,Wijk 01 Glane,2002,4.349054073626554,0.2467892224828691,NA,NA,NA,NA,NA
WK016801,Wijk 01 Glane,2008,4.319849907548779,0.217585056405094,NA,NA,NA,NA,NA
WK016801,Wijk 01 Glane,2012,4.330893947711714,0.22862909656802863,NA,NA,NA,NA,NA
WK016801,Wijk 01 Glane,2014,4.244744128292647,0.14247927714896194,0.007051702569668976,0.09550434730786994,0.11796414401850767,-0.16023871992372216,0.08219780317663702
WK016801,Wijk 01 Glane,2016,4.310704804282726,0.20843995313904048,NA,NA,NA,NA,NA
WK016801,Wijk 01 Glane,2018,4.270213749359888,0.16794889821620318,0.013314683999707493,0.10415398706549667,0.1231728537016348,-0.15563733102919464,0.08294470447855856
WK016801,Wijk 01 Glane,2020,4.247091675712467,0.14482682456878077,0.010363973106467637,0.12373072930640276,0.10246083560481485,-0.16083678994879402,0.06910807649988922
WK016801,Wijk 01 Glane,2022,4.258624124875269,0.156359273731584,0.012674636295753206,0.133000033653782,0.1006353886790243,-0.16134364844561294,0.07139286354863715
WK016802,Wijk 02 Overdinkel,2002,4.09379999904913,-0.008464852094554972,NA,NA,NA,NA,NA
WK016802,Wijk 02 Overdinkel,2008,4.079156032693799,-0.02310881844988678,NA,NA,NA,NA,NA
WK016802,Wijk 02 Overdinkel,2012,4.087322704534686,-0.014942146608999243,NA,NA,NA,NA,NA
WK016802,Wijk 02 Overdinkel,2014,4.036041306592055,-0.06622354455163063,-8.130714293679642e-4,0.01568584662253234,0.04378749733365535,-0.15931311600145456,0.034429298923003906
WK016802,Wijk 02 Overdinkel,2016,4.066176743797509,-0.03608810734617566,NA,NA,NA,NA,NA
WK016802,Wijk 02 Overdinkel,2018,4.039885605527736,-0.06237924561594859,-1.782518307615017e-4,0.032756232297400885,0.03855151592791463,-0.16142859261199252,0.02791985060148963
WK016802,Wijk 02 Overdinkel,2020,4.089308020242555,-0.012956830901130275,0.01167210771646745,0.059900910565351635,0.03840141216369166,-0.16207274135667737,0.03914148001003607
WK016802,Wijk 02 Overdinkel,2022,4.072874495007771,-0.02939035613591354,0.01550433926805477,0.05080686271223894,0.03654397210013115,-0.17101634910772368,0.03877081889138495
WK016803,Wijk 03 De Lutte,2002,4.160471932696623,0.05820708155293797,NA,NA,NA,NA,NA
WK016803,Wijk 03 De Lutte,2008,4.161357973066019,0.059093121922333645,NA,NA,NA,NA,NA
WK016803,Wijk 03 De Lutte,2012,4.207241603780174,0.10497675263648906,NA,NA,NA,NA,NA
WK016803,Wijk 03 De Lutte,2014,4.190656615214399,0.08839176407071356,0.007207416187025277,0.08563683580074714,0.08717905306451484,-0.14415938129642658,0.052527840314852595
WK016803,Wijk 03 De Lutte,2016,4.223709723170254,0.12144487202656833,NA,NA,NA,NA,NA
WK016803,Wijk 03 De Lutte,2018,4.223351532926556,0.12108668178287081,0.017388744460699233,0.10564454141931015,0.08425413224742491,-0.13940968375430343,0.05320894740973961
WK016803,Wijk 03 De Lutte,2020,4.226577169848738,0.1243123187050538,0.015254312854635448,0.11328514376521646,0.08310498651607853,-0.14390407920184392,0.05657195477096699
WK016803,Wijk 03 De Lutte,2022,4.218362218287549,0.11609736714386312,0.01769431303807799,0.10185662225922379,0.07868155042906169,-0.14400283361156743,0.061867715029066836
WK016804,Wijk 04 Beuningen,2002,4.253695436562977,0.15143058541929164,NA,NA,NA,NA,NA
WK016804,Wijk 04 Beuningen,2008,4.25297686912996,0.15071201798627495,NA,NA,NA,NA,NA
WK016804,Wijk 04 Beuningen,2012,4.247932778292142,0.14566792714845714,NA,NA,NA,NA,NA
WK016804,Wijk 04 Beuningen,2014,4.216173251417291,0.11390840027360584,-0.004807662372426003,0.10260892243332433,0.15709354128935546,-0.2074961045606289,0.06650970348398068
WK016804,Wijk 04 Beuningen,2016,4.276911637259223,0.1746467861155381,NA,NA,NA,NA,NA
WK016804,Wijk 04 Beuningen,2018,4.271141019754526,0.16887616861084115,0.026916613682757575,0.11839955236643755,0.16266163153342864,-0.20278061213077112,0.06367898315898833
WK016804,Wijk 04 Beuningen,2020,4.283894865458271,0.18163001431458656,0.00922238385636468,0.12076742398414297,0.1965031005890112,-0.20345997634068055,0.05859708222574804
WK016804,Wijk 04 Beuningen,2022,4.267177446408029,0.1649125952643437,0.01172377325391575,0.10365072892083133,0.19336764660755945,-0.2040225953225055,0.06019304180454241
WK017101,Wijk 01 Emmeloord,2002,4.080665287226749,-0.021599563916936154,NA,NA,NA,NA,NA
WK017101,Wijk 01 Emmeloord,2008,4.073200126442027,-0.029064724701658,NA,NA,NA,NA,NA
WK017101,Wijk 01 Emmeloord,2012,4.08097165889304,-0.021293192250645906,NA,NA,NA,NA,NA
WK017101,Wijk 01 Emmeloord,2014,4.063896498631032,-0.038368352512653116,0.0476944151686152,0.025494087146185927,0.012698006249901774,-0.10668291129188415,-0.017571949785472163
WK017101,Wijk 01 Emmeloord,2016,4.112020463484913,0.009755612341227075,NA,NA,NA,NA,NA
WK017101,Wijk 01 Emmeloord,2018,4.079754023266408,-0.022510827877277453,0.04831743058462691,0.03804547415841156,0.013553523990403138,-0.10917265349048523,-0.013254603120234123
WK017101,Wijk 01 Emmeloord,2020,4.11367674958039,0.011411898436704327,0.04710238715329561,0.0504724620046971,0.01277295848971352,-0.0956515235976491,-0.0032843856133530965
WK017101,Wijk 01 Emmeloord,2022,4.100852498232064,-0.0014123529116205683,0.05213197621054239,0.023688955992677407,0.012154203710656614,-0.0946240305916433,0.005236541766146056
WK017102,Wijk 02 Bant,2002,4.121358318270221,0.019093467126535667,NA,NA,NA,NA,NA
WK017102,Wijk 02 Bant,2008,4.1182829408493165,0.016018089705630803,NA,NA,NA,NA,NA
WK017102,Wijk 02 Bant,2012,4.157747465180222,0.05548261403653662,NA,NA,NA,NA,NA
WK017102,Wijk 02 Bant,2014,4.112267391812193,0.010002540668506798,-0.003285366908354567,0.08183783372986175,0.0900631364616104,-0.22073162961599407,0.06211856700138298
WK017102,Wijk 02 Bant,2016,4.147706506081119,0.04544165493743315,NA,NA,NA,NA,NA
WK017102,Wijk 02 Bant,2018,4.1178548211681685,0.015589970024482955,0.01895860713454042,0.05391848010440365,0.09351259513446068,-0.20324296468354747,0.05244325233462537
WK017102,Wijk 02 Bant,2020,4.115996720827242,0.013731869683557189,4.414864520435485e-4,0.05483793137621385,0.08943561922770087,-0.19138553334206518,0.060402365969663876
WK017102,Wijk 02 Bant,2022,4.1028258300972515,5.609789535666022e-4,0.0019436213588858808,0.0394034041776975,0.08568681823300323,-0.18902033840198287,0.06254747358596259
WK017103,Wijk 03 Luttelgeest,2002,4.014827230165535,-0.08743762097814979,NA,NA,NA,NA,NA
WK017103,Wijk 03 Luttelgeest,2008,3.9499209423891757,-0.1523439087545098,NA,NA,NA,NA,NA
WK017103,Wijk 03 Luttelgeest,2012,3.9712185227219496,-0.13104632842173536,NA,NA,NA,NA,NA
WK017103,Wijk 03 Luttelgeest,2014,3.9711284065103203,-0.13113644463336466,-0.021940404654615598,0.053259813273125164,0.05928595413026648,-0.24464712125429325,0.022905313872152302
WK017103,Wijk 03 Luttelgeest,2016,4.060928773665018,-0.041336077478667035,NA,NA,NA,NA,NA
WK017103,Wijk 03 Luttelgeest,2018,4.105022998252671,0.0027581471089858246,0.024598285795761045,0.056159294173198065,0.0711715187572595,-0.2450677810700351,0.09589682945280192
WK017103,Wijk 03 Luttelgeest,2020,4.100209923879827,-0.002054927263857914,-0.012853406367010354,0.05377158614876647,0.08566253290006867,-0.2369662465532805,0.10833060660759744
WK017103,Wijk 03 Luttelgeest,2022,4.104126363242915,0.0018615120992289758,-5.816448620131048e-4,0.08489447710554518,0.07578175951697498,-0.2367131124658677,0.07848003280458944
WK017104,Wijk 04 Marknesse,2002,4.062020738609598,-0.040244112534087315,NA,NA,NA,NA,NA
WK017104,Wijk 04 Marknesse,2008,4.059707457441119,-0.04255739370256644,NA,NA,NA,NA,NA
WK017104,Wijk 04 Marknesse,2012,4.072183170725927,-0.030081680417758716,NA,NA,NA,NA,NA
WK017104,Wijk 04 Marknesse,2014,4.050855976445973,-0.051408874697711965,0.019294224618221178,0.07824044671235567,0.050196768063934395,-0.20780956973614165,0.008669255643918135
WK017104,Wijk 04 Marknesse,2016,4.094499859942749,-0.007764991200935999,NA,NA,NA,NA,NA
WK017104,Wijk 04 Marknesse,2018,4.069766589141467,-0.03249826200221812,0.026825410475327258,0.07813796249323464,0.05169715179751982,-0.20253583180367732,0.013377045035377209
WK017104,Wijk 04 Marknesse,2020,4.0828577582387915,-0.019407092904893904,0.014916071155337303,0.07524845947689783,0.052796394111403355,-0.1859179535705061,0.023549935921973467
WK017104,Wijk 04 Marknesse,2022,4.126492724172686,0.024227873029000903,0.024030443081998122,0.06814194046239001,0.04924266557329496,-0.1625410346115482,0.04535385852286574
WK017105,Wijk 05 Kraggenburg,2002,4.072029426928979,-0.030235424214706513,NA,NA,NA,NA,NA
WK017105,Wijk 05 Kraggenburg,2008,4.072315627274593,-0.02994922386909302,NA,NA,NA,NA,NA
WK017105,Wijk 05 Kraggenburg,2012,4.068806679067062,-0.033458172076624285,NA,NA,NA,NA,NA
WK017105,Wijk 05 Kraggenburg,2014,4.092353235116723,-0.009911616026962743,0.011167197734840003,0.08798627829853384,0.07894244086382284,-0.23873231501669215,0.050724782092532394
WK017105,Wijk 05 Kraggenburg,2016,4.100975882220764,-0.001288968922920829,NA,NA,NA,NA,NA
WK017105,Wijk 05 Kraggenburg,2018,4.113879398626523,0.01161454748283732,0.02591820761171169,0.10158514632620287,0.0713852891707113,-0.23833747668445907,0.05106338105867026
WK017105,Wijk 05 Kraggenburg,2020,4.105287922899368,0.003023071755682981,0.005316963153370908,0.09548275416506316,0.07645793178705747,-0.23054333251335068,0.05630875516354186
WK017105,Wijk 05 Kraggenburg,2022,4.126097495042275,0.023832643898590224,0.014943453107562562,0.09661656271308162,0.0846131644027777,-0.22802328846964515,0.05568275214481321
WK017106,Wijk 06 Ens,2002,4.013750350291849,-0.08851450085183633,NA,NA,NA,NA,NA
WK017106,Wijk 06 Ens,2008,4.011534047586911,-0.09073080355677461,NA,NA,NA,NA,NA
WK017106,Wijk 06 Ens,2012,4.016568917502885,-0.08569593364080086,NA,NA,NA,NA,NA
WK017106,Wijk 06 Ens,2014,4.028775581992368,-0.07348926915131702,-0.0041202207830554555,0.054212821238712544,0.056958651315374954,-0.20380586445065657,0.023265343528307204
WK017106,Wijk 06 Ens,2016,4.063472440599251,-0.038792410544434615,NA,NA,NA,NA,NA
WK017106,Wijk 06 Ens,2018,4.081906436518191,-0.020358414625493877,0.012401033639890556,0.08222902540598664,0.05509117243007182,-0.19743728771219782,0.027357641610754643
WK017106,Wijk 06 Ens,2020,4.083801776944581,-0.018463074199104413,-0.006301375502347138,0.0808117705782749,0.057731258687097664,-0.18198898302794955,0.03128425506581946
WK017106,Wijk 06 Ens,2022,4.083076173485049,-0.01918867765863701,-0.00869968930047505,0.09001863498307285,0.05556631200228396,-0.19834419278560841,0.04227025744208934
WK017107,Wijk 07 Nagele,2002,4.118181989459321,0.01591713831563543,NA,NA,NA,NA,NA
WK017107,Wijk 07 Nagele,2008,4.09585642725377,-0.006408423889915754,NA,NA,NA,NA,NA
WK017107,Wijk 07 Nagele,2012,4.13768181708316,0.03541696593947445,NA,NA,NA,NA,NA
WK017107,Wijk 07 Nagele,2014,4.05769678524972,-0.044568065893965475,-0.004228140267512041,0.05624199074155156,0.07719588386616072,-0.22019331906387563,0.04641551882970958
WK017107,Wijk 07 Nagele,2016,3.9978826752128507,-0.10438217593083443,NA,NA,NA,NA,NA
WK017107,Wijk 07 Nagele,2018,4.033844249429483,-0.06842060171420264,0.021445831486285365,0.01982011530118862,0.07486317958412526,-0.21984297521542145,0.03529324712961924
WK017107,Wijk 07 Nagele,2020,3.9814932239595837,-0.12077162718410152,0.006976721767704905,-0.014008169889955542,0.056477861389486676,-0.21307872032626582,0.04286067987492793
WK017107,Wijk 07 Nagele,2022,4.019249748878937,-0.08301510226474816,0.006074662494419662,0.028417139724504322,0.05806292995627837,-0.2147097173499527,0.03913988291000189
WK017108,Wijk 08 Tollebeek,2002,4.098416498846217,-0.0038483522974678444,NA,NA,NA,NA,NA
WK017108,Wijk 08 Tollebeek,2008,4.070217173134601,-0.032047678009083515,NA,NA,NA,NA,NA
WK017108,Wijk 08 Tollebeek,2012,4.0520468400222995,-0.05021801112138585,NA,NA,NA,NA,NA
WK017108,Wijk 08 Tollebeek,2014,4.044025011734027,-0.05823983940965842,0.006925154359174899,0.08512743188507288,0.09207075912286702,-0.2146408840722007,-0.027722300704572794
WK017108,Wijk 08 Tollebeek,2016,4.102908519657362,6.436685136766091e-4,NA,NA,NA,NA,NA
WK017108,Wijk 08 Tollebeek,2018,4.052863733608264,-0.04940111753542059,0.025293192660799876,0.08233731871915202,0.07364410153577834,-0.212425258636417,-0.018250471814734066
WK017108,Wijk 08 Tollebeek,2020,4.083631314420041,-0.018633536723644623,0.014590278305434804,0.07867120570867388,0.07038647502565769,-0.19875522893083358,0.01647373316742229
WK017108,Wijk 08 Tollebeek,2022,4.064053927873143,-0.03821092327054192,0.020327015734440044,0.08483824639528381,0.06472155636746517,-0.20635375544397946,-0.00174398632375182
WK017109,Wijk 09 Espel,2002,4.086310778470467,-0.015954072673218925,NA,NA,NA,NA,NA
WK017109,Wijk 09 Espel,2008,4.095845498955735,-0.006419352187949981,NA,NA,NA,NA,NA
WK017109,Wijk 09 Espel,2012,4.111692493688719,0.009427642545033156,NA,NA,NA,NA,NA
WK017109,Wijk 09 Espel,2014,4.043832696464824,-0.058432154678862105,-0.013746130233227863,0.07746416988304265,0.08108687017247894,-0.23879179947351895,0.03555473497236286
WK017109,Wijk 09 Espel,2016,4.066335460071762,-0.03592939107192353,NA,NA,NA,NA,NA
WK017109,Wijk 09 Espel,2018,4.081511937756822,-0.020752913386863026,-0.010335795142516833,0.08830300225579724,0.0775861680324302,-0.23686008013770898,0.06055379160513504
WK017109,Wijk 09 Espel,2020,4.029967394239429,-0.07229745690425667,-0.027299600261378325,0.07966225497725059,0.07025211529820262,-0.2277345388903034,0.03282231197197157
WK017109,Wijk 09 Espel,2022,4.062388027424365,-0.039876823719319617,-0.012596533846828177,0.09204025776403252,0.06332867220525552,-0.23969427556931117,0.05704505572753137
WK017110,Wijk 10 Creil,2002,4.064047775064712,-0.03821707607897281,NA,NA,NA,NA,NA
WK017110,Wijk 10 Creil,2008,4.115248882712433,0.012984031568748286,NA,NA,NA,NA,NA
WK017110,Wijk 10 Creil,2012,4.129578666178079,0.027313815034394413,NA,NA,NA,NA,NA
WK017110,Wijk 10 Creil,2014,4.054583251686194,-0.047681599457492035,-0.0040839037959799936,0.10478247935871138,0.07988658664909196,-0.24965939071409468,0.02139262904477907
WK017110,Wijk 10 Creil,2016,4.054668962354451,-0.047595888789234375,NA,NA,NA,NA,NA
WK017110,Wijk 10 Creil,2018,4.066292409674814,-0.0359724414688712,0.019539716614566407,0.08276908977740235,0.07447215614313418,-0.24033708032451653,0.02758367632054217
WK017110,Wijk 10 Creil,2020,4.054206958553416,-0.04805789259026958,0.004599154901757743,0.06776661258684667,0.06263370808749721,-0.2338053472565418,0.0507479790901703
WK017110,Wijk 10 Creil,2022,4.048211335139043,-0.05405351600464221,0.0030693270833625883,0.06195021620547402,0.05311700009527649,-0.23584832686494522,0.06365826747618965
WK017111,Wijk 11 Rutten,2002,4.186692613779868,0.08442776263618187,NA,NA,NA,NA,NA
WK017111,Wijk 11 Rutten,2008,4.137865868571723,0.03560101742803791,NA,NA,NA,NA,NA
WK017111,Wijk 11 Rutten,2012,4.146757158488705,0.04449230734502035,NA,NA,NA,NA,NA
WK017111,Wijk 11 Rutten,2014,4.111306683302782,0.009041832159096435,-0.007707654018464602,0.08376049504812765,0.07726425673247353,-0.2211970264830651,0.07692176088002474
WK017111,Wijk 11 Rutten,2016,4.11135312576922,0.009088274625534935,NA,NA,NA,NA,NA
WK017111,Wijk 11 Rutten,2018,4.139505785453004,0.037240934309318324,0.016351454732116202,0.09745309378413311,0.08074850361931134,-0.22680653429056288,0.06949441646432027
WK017111,Wijk 11 Rutten,2020,4.107414933020125,0.0051500818764394895,-0.004324577790815267,0.08186718194373613,0.0800060340241078,-0.22629788111208687,0.07389932481149748
WK017111,Wijk 11 Rutten,2022,4.066284646495715,-0.035980204647969825,-1.56998690590904e-4,0.05543754077668174,0.06828674881559577,-0.2305612567681191,0.07101376121846244
WK017112,Wijk 12 Schokland,2002,4.248148624956147,0.14588377381246165,NA,NA,NA,NA,NA
WK017112,Wijk 12 Schokland,2008,4.181358170674491,0.07909331953080523,NA,NA,NA,NA,NA
WK017112,Wijk 12 Schokland,2012,4.2311342696268195,0.12886941848313427,NA,NA,NA,NA,NA
WK017112,Wijk 12 Schokland,2014,4.2154498583102376,0.11318500716655233,0.07190882271793228,0.13376081107491805,0.06095023662302568,-0.2387061818070475,0.0852713185577236
WK017112,Wijk 12 Schokland,2016,4.155580973705103,0.053316122561417156,NA,NA,NA,NA,NA
WK017112,Wijk 12 Schokland,2018,4.210463322858056,0.10819847171437091,0.07181084018422106,0.15126886120730917,0.04685372480922892,-0.23567446351225274,0.07393950902586413
WK017112,Wijk 12 Schokland,2020,4.212769661608443,0.11050481046475813,0.06310627115590238,0.12671409228414737,0.05501999110856268,-0.22319369604154504,0.08885815195769023
WK017112,Wijk 12 Schokland,2022,4.247070041524913,0.14480519038122833,0.051917274436188585,0.1348952559092491,0.08044373774031002,-0.22476624054101366,0.1023151628364938
WK017301,Wijk 01 Binnenstad,2002,4.010066001221366,-0.09219884992231825,NA,NA,NA,NA,NA
WK017301,Wijk 01 Binnenstad,2008,4.065653718857938,-0.03661113228574756,NA,NA,NA,NA,NA
WK017301,Wijk 01 Binnenstad,2012,4.059609045521854,-0.04265580562183121,NA,NA,NA,NA,NA
WK017301,Wijk 01 Binnenstad,2014,4.101654530387988,-6.103207556978178e-4,0.010162599239234104,-0.026995918556262207,-0.0182775986184946,0.009093334757417951,0.025407262422406623
WK017301,Wijk 01 Binnenstad,2016,4.123634281942089,0.021369430798404244,NA,NA,NA,NA,NA
WK017301,Wijk 01 Binnenstad,2018,4.115746351719157,0.013481500575471473,-2.2740664490789644e-4,-0.013098537023559752,-0.017849849788820003,0.018500895839574143,0.026156398193184726
WK017301,Wijk 01 Binnenstad,2020,4.14561061330496,0.04334576216127497,2.482794282126142e-4,0.006456255665456141,-0.019186156878541128,0.023088130006437474,0.03273925393970956
WK017301,Wijk 01 Binnenstad,2022,4.164074435934772,0.0618095847910869,0.003187742954933755,0.022427744320436694,-0.010728980085696173,0.02098594691001478,0.025937130691397556
WK017302,Wijk 02 Het Inslag-De Kleies,2002,4.109406292080956,0.00714144093727006,NA,NA,NA,NA,NA
WK017302,Wijk 02 Het Inslag-De Kleies,2008,4.1210906020848475,0.018825750941162785,NA,NA,NA,NA,NA
WK017302,Wijk 02 Het Inslag-De Kleies,2012,4.108130153117609,0.0058653019739236464,NA,NA,NA,NA,NA
WK017302,Wijk 02 Het Inslag-De Kleies,2014,4.1502525625034465,0.047987711359761036,-0.008800798843997823,0.029566075006730808,5.024219445594148e-4,-0.014457989504728304,0.04117800275719668
WK017302,Wijk 02 Het Inslag-De Kleies,2016,4.180748384458724,0.07848353331503882,NA,NA,NA,NA,NA
WK017302,Wijk 02 Het Inslag-De Kleies,2018,4.163828056646701,0.061563205503015896,-0.01505531660084676,0.04157159573171362,1.8459515407506826e-4,-0.00496776858065913,0.03983009979873283
WK017302,Wijk 02 Het Inslag-De Kleies,2020,4.202615832940517,0.10035098179683141,-0.013826134404574237,0.07035181005864724,0.0020591405983225223,0.002903252661097619,0.03886291288333803
WK017302,Wijk 02 Het Inslag-De Kleies,2022,4.215937936711195,0.11367308556750932,-0.007731282786516609,0.0754230539575593,0.009074467630452778,3.4291133946858106e-4,0.03656393542654494
WK017303,Wijk 03 Glinde-Hooiland,2002,3.9879235432529656,-0.11434130789071964,NA,NA,NA,NA,NA
WK017303,Wijk 03 Glinde-Hooiland,2008,4.026995677607697,-0.07526917353598771,NA,NA,NA,NA,NA
WK017303,Wijk 03 Glinde-Hooiland,2012,4.02706464449545,-0.0752002066482345,NA,NA,NA,NA,NA
WK017303,Wijk 03 Glinde-Hooiland,2014,4.064840447201626,-0.03742440394205949,-0.002440228884803613,-0.01930503519510306,-0.010060235841501904,-0.027808012853934975,0.02218910883328382
WK017303,Wijk 03 Glinde-Hooiland,2016,4.081857286186197,-0.020407564957488303,NA,NA,NA,NA,NA
WK017303,Wijk 03 Glinde-Hooiland,2018,4.070927428608501,-0.03133742253518378,-0.009539356599711354,-0.01609271091900206,-0.010559032484525038,-0.018216585363249584,0.023070262831303957
WK017303,Wijk 03 Glinde-Hooiland,2020,4.103205575200761,9.407240570754033e-4,-0.010749155614430283,0.007322501791674268,-0.011832469047292026,-0.006850395388069615,0.023050242315192836
WK017303,Wijk 03 Glinde-Hooiland,2022,4.139980390567692,0.03771553942400716,-0.0032911837648101983,0.02911838433339834,-0.0015251325999118164,-0.008922411817824652,0.02233588327315521
WK017304,Wijk 04 De Meijbree,2002,4.1236412926192525,0.02137644147556762,NA,NA,NA,NA,NA
WK017304,Wijk 04 De Meijbree,2008,4.1696108628586925,0.06734601171500723,NA,NA,NA,NA,NA
WK017304,Wijk 04 De Meijbree,2012,4.189890965114827,0.08762611397114244,NA,NA,NA,NA,NA
WK017304,Wijk 04 De Meijbree,2014,4.203818079595904,0.1015532284522186,0.002788023841850228,0.06488034190452822,0.032684991013422045,-0.03081628033106988,0.03201615202348764
WK017304,Wijk 04 De Meijbree,2016,4.237406414443723,0.13514156330003824,NA,NA,NA,NA,NA
WK017304,Wijk 04 De Meijbree,2018,4.222056288283205,0.11979143713951879,0.003100590515225547,0.07321723840446692,0.03032699016801633,-0.019587708413397728,0.03273432646520742
WK017304,Wijk 04 De Meijbree,2020,4.246844064665622,0.1445792135219356,0.003404916299549318,0.08990594823398534,0.030989182120702917,-0.01520097669723137,0.035480143564929095
WK017304,Wijk 04 De Meijbree,2022,4.271191081833342,0.16892623068965712,0.010839098327375288,0.09940672956834196,0.03992575341899034,-0.016623217231486985,0.03537786660643613
WK017305,Wijk 05 Haerbroek-Scholtenhoek,2002,4.261034181906871,0.15876933076318586,NA,NA,NA,NA,NA
WK017305,Wijk 05 Haerbroek-Scholtenhoek,2008,4.273959736766131,0.1716948856224463,NA,NA,NA,NA,NA
WK017305,Wijk 05 Haerbroek-Scholtenhoek,2012,4.279624733759909,0.1773598826162238,NA,NA,NA,NA,NA
WK017305,Wijk 05 Haerbroek-Scholtenhoek,2014,4.29993275063011,0.19766789948642502,0.015372313293960866,0.10693056011449247,0.05977121769525287,-0.03978978730193829,0.05538359568465679
WK017305,Wijk 05 Haerbroek-Scholtenhoek,2016,4.299217041216395,0.1969521900727103,NA,NA,NA,NA,NA
WK017305,Wijk 05 Haerbroek-Scholtenhoek,2018,4.310038221536181,0.20777337039249572,0.018587039173824607,0.11038572058662945,0.05653374763829429,-0.030673520185735877,0.05294038317948304
WK017305,Wijk 05 Haerbroek-Scholtenhoek,2020,4.31161000071274,0.20934514956905448,0.01815919541895707,0.1133066886309508,0.05316511527316093,-0.028625513868490896,0.0533396641144763
WK017305,Wijk 05 Haerbroek-Scholtenhoek,2022,4.333678685717185,0.23141383457350034,0.02562658150223256,0.12621078194897692,0.06250499467107128,-0.03000091093840348,0.04707238738962272
WK017306,Wijk 06 Zuid-Berghuizen,2002,4.048783871579,-0.0534809795646846,NA,NA,NA,NA,NA
WK017306,Wijk 06 Zuid-Berghuizen,2008,4.057736353582277,-0.044528497561408927,NA,NA,NA,NA,NA
WK017306,Wijk 06 Zuid-Berghuizen,2012,4.053494585851811,-0.04877026529187351,NA,NA,NA,NA,NA
WK017306,Wijk 06 Zuid-Berghuizen,2014,4.053327882658202,-0.04893696848548336,0.0029614080313093137,0.02484941752042389,-0.0024297653207425757,-0.06297971175979183,-0.011338316956682457
WK017306,Wijk 06 Zuid-Berghuizen,2016,4.1005524169109915,-0.0017124342326937975,NA,NA,NA,NA,NA
WK017306,Wijk 06 Zuid-Berghuizen,2018,4.087060259292715,-0.01520459185096975,0.014523358159552163,0.023619971806127637,4.970699456542991e-4,-0.05018919052125148,-0.003655801241052628
WK017306,Wijk 06 Zuid-Berghuizen,2020,4.112092239648731,0.00982738850504592,0.01795234494884295,0.03810438019215739,0.0015527768379162102,-0.04650941268331168,-0.0012727007905592668
WK017306,Wijk 06 Zuid-Berghuizen,2022,4.127978148820268,0.025713297676582404,0.009295334262502905,0.048219094568554215,0.010106040812332667,-0.050555293816768536,0.008648121849960794
WK017307,Wijk 07 Hanzepoort,2002,4.138091893989437,0.03582704284575261,NA,NA,NA,NA,NA
WK017307,Wijk 07 Hanzepoort,2008,4.357898604811476,0.25563375366779106,NA,NA,NA,NA,NA
WK017307,Wijk 07 Hanzepoort,2012,4.321443168764549,0.21917831762086445,NA,NA,NA,NA,NA
WK017307,Wijk 07 Hanzepoort,2014,4.304240652704946,0.20197580156126083,-0.02586994023405384,0.149843934843287,0.13481685241423164,-0.1421520267807088,0.08533698131850462
WK017307,Wijk 07 Hanzepoort,2016,4.33836095667683,0.23609610553314514,NA,NA,NA,NA,NA
WK017307,Wijk 07 Hanzepoort,2018,4.3319403664197855,0.2296755152760995,-0.005615853831221111,0.14552621998219026,0.13902291283442764,-0.13815502000253793,0.0888972562932401
WK017307,Wijk 07 Hanzepoort,2020,4.29668719826707,0.19442234712338477,-0.022944048538574815,0.1400685077515373,0.11779650237438348,-0.13155367115166672,0.09105505668770526
WK017307,Wijk 07 Hanzepoort,2022,4.269050123410132,0.1667852722664467,-0.027637214166988684,0.1345048490953681,0.1162051360127146,-0.1406656377988906,0.08437813912424315
WK017308,Wijk 08 Eekte-Hazewinkel,2002,4.166248296397158,0.0639834452534722,NA,NA,NA,NA,NA
WK017308,Wijk 08 Eekte-Hazewinkel,2008,4.255494449022419,0.15322959787873328,NA,NA,NA,NA,NA
WK017308,Wijk 08 Eekte-Hazewinkel,2012,4.214049130674903,0.11178427953121794,NA,NA,NA,NA,NA
WK017308,Wijk 08 Eekte-Hazewinkel,2014,4.1950087330921155,0.09274388194843007,-0.08248401844474669,0.0862400210045798,0.09799274173123243,-0.08391155929549673,0.07490669695286077
WK017308,Wijk 08 Eekte-Hazewinkel,2016,4.225788477037206,0.12352362589352017,NA,NA,NA,NA,NA
WK017308,Wijk 08 Eekte-Hazewinkel,2018,4.232549918282838,0.13028506713915258,-0.08753725186408098,0.11528985144327042,0.10126564725236309,-0.07117875781929574,0.07244557812689548
WK017308,Wijk 08 Eekte-Hazewinkel,2020,4.244668183649473,0.14240333250578793,-0.08357353989202118,0.11745915182830413,0.10137477717279464,-0.06856237874328634,0.07570532213999644
WK017308,Wijk 08 Eekte-Hazewinkel,2022,4.219207278665547,0.1169424275218613,-0.08506403474126226,0.10756591606000249,0.10344967358414803,-0.07552036155367278,0.06651123417264546
WK017309,Wijk 09 Jufferbeek,2002,4.139224904954038,0.03696005381035361,NA,NA,NA,NA,NA
WK017309,Wijk 09 Jufferbeek,2008,4.232642760120438,0.1303779089767531,NA,NA,NA,NA,NA
WK017309,Wijk 09 Jufferbeek,2012,4.208947245467972,0.10668239432428697,NA,NA,NA,NA,NA
WK017309,Wijk 09 Jufferbeek,2014,4.298107472224282,0.19584262108059686,-0.003911680974328384,0.12055897294658871,0.09855795345298232,-0.10048912614352175,0.08112650179887541
WK017309,Wijk 09 Jufferbeek,2016,4.287190491771892,0.18492564062820752,NA,NA,NA,NA,NA
WK017309,Wijk 09 Jufferbeek,2018,4.289121005859401,0.18685615471571584,-0.02513741768279561,0.13407600782233398,0.10028761760614179,-0.10074644238591882,0.07837638935595424
WK017309,Wijk 09 Jufferbeek,2020,4.3210413109202515,0.21877645977656587,-0.022555305088013063,0.13033253717996823,0.12137210460511624,-0.08726662402843514,0.07689374710792903
WK017309,Wijk 09 Jufferbeek,2022,4.321698545577491,0.2194336944338062,-0.013975470455753473,0.1194122989040939,0.11716046249903056,-0.08884953077159931,0.08568593425803439
WK017310,Wijk 10 Het Hulsbeek,2002,4.34100333018395,0.23873847904026477,NA,NA,NA,NA,NA
WK017310,Wijk 10 Het Hulsbeek,2008,4.326018620140882,0.22375376899719676,NA,NA,NA,NA,NA
WK017310,Wijk 10 Het Hulsbeek,2012,4.324236241091585,0.22197138994789983,NA,NA,NA,NA,NA
WK017310,Wijk 10 Het Hulsbeek,2014,4.319455221880225,0.21719037073653946,0.066549803853676745,0.11540517711552771,0.10660168524792665,-0.12655437586156412,0.05518808038097216
WK017310,Wijk 10 Het Hulsbeek,2016,4.299448795577482,0.197183944433797,NA,NA,NA,NA,NA
WK017310,Wijk 10 Het Hulsbeek,2018,4.337458930961549,0.23519407981786436,0.07663642434865774,0.11633932205277023,0.1170457246941491,-0.12643644428532683,0.05160905300761387
WK017310,Wijk 10 Het Hulsbeek,2020,4.340479764972021,0.2382149138283357,0.07741878081866489,0.11004262537964453,0.1040405091379838,-0.10835474097045489,0.05506773946249701
WK017310,Wijk 10 Het Hulsbeek,2022,4.321551169803889,0.21928631866020395,0.08023931668970748,0.10740995824411878,0.12307650744842286,-0.10732719010282436,0.01588772638077915
WK017311,Wijk 11 De Thij,2002,4.008444087739706,-0.09382076340397902,NA,NA,NA,NA,NA
WK017311,Wijk 11 De Thij,2008,4.023428179016619,-0.07883667212706652,NA,NA,NA,NA,NA
WK017311,Wijk 11 De Thij,2012,4.042698370818069,-0.05956648032561634,NA,NA,NA,NA,NA
WK017311,Wijk 11 De Thij,2014,4.050927169491763,-0.051337681651923164,0.021134019870784088,0.022953074849403614,0.01795797394882948,-0.08212990458470822,-0.031252845736232396
WK017311,Wijk 11 De Thij,2016,4.098237284866905,-0.0040275662767800076,NA,NA,NA,NA,NA
WK017311,Wijk 11 De Thij,2018,4.114071358889632,0.011806507745946417,0.024005268540064496,0.0509258844481805,0.019180039867500224,-0.0765529959189664,-0.005751689190832646
WK017311,Wijk 11 De Thij,2020,4.11612798102081,0.013863129877125294,0.01904118511702579,0.05119377715765108,0.015756958746619715,-0.06429307079269084,-0.007835720351480786
WK017311,Wijk 11 De Thij,2022,4.161232395943517,0.05896754479983196,0.022340839800730657,0.0748986423676963,0.027873002390805434,-0.06737812019564483,0.0012331804362441217
WK017312,Wijk 12 De Graven Es,2002,4.200666296418575,0.09840144527489009,NA,NA,NA,NA,NA
WK017312,Wijk 12 De Graven Es,2008,4.225967379338362,0.12370252819467724,NA,NA,NA,NA,NA
WK017312,Wijk 12 De Graven Es,2012,4.211944853506936,0.10968000236325069,NA,NA,NA,NA,NA
WK017312,Wijk 12 De Graven Es,2014,4.217270803277639,0.11500595213395418,0.02185377431035015,0.08094212393191114,0.06709650426917338,-0.09736455747622196,0.04247810709874115
WK017312,Wijk 12 De Graven Es,2016,4.2401186120693035,0.13785376092561882,NA,NA,NA,NA,NA
WK017312,Wijk 12 De Graven Es,2018,4.219222505646254,0.11695765450256962,0.01632246395726232,0.100823276518331,0.05711467132790389,-0.10176948668369414,0.04446672938276621
WK017312,Wijk 12 De Graven Es,2020,4.222457379914372,0.12019252877068773,0.018118540298922035,0.09588920820787984,0.050984439045608905,-0.09226455147764509,0.047464892695921794
WK017312,Wijk 12 De Graven Es,2022,4.241859300149898,0.1395944490062131,0.02376851671528856,0.10903459195920696,0.06085694302035379,-0.09337716355492896,0.039311560866292415
WK017313,Wijk 13 De Essen,2002,4.0983206020120395,-0.003944249131645364,NA,NA,NA,NA,NA
WK017313,Wijk 13 De Essen,2008,4.1327304003362935,0.03046554919260777,NA,NA,NA,NA,NA
WK017313,Wijk 13 De Essen,2012,4.121511374188192,0.01924652304450675,NA,NA,NA,NA,NA
WK017313,Wijk 13 De Essen,2014,4.142577659766003,0.040312808622318085,0.009886797680519479,0.0658485399027783,0.040967377128471906,-0.10154016494315031,0.025150258853698433
WK017313,Wijk 13 De Essen,2016,4.164807588701189,0.0625427375575036,NA,NA,NA,NA,NA
WK017313,Wijk 13 De Essen,2018,4.143683523973634,0.04141867282994863,0.0020120218646807195,0.07340078849119429,0.035848157163172856,-0.09752548800809234,0.027683193318992827
WK017313,Wijk 13 De Essen,2020,4.1628557455646344,0.060590894420949205,0.006213356487810113,0.08178591744902702,0.03034562806178837,-0.09293300649824088,0.0351789989205643
WK017313,Wijk 13 De Essen,2022,4.172372503579966,0.07010765243628059,0.011183378027210353,0.09107780854673944,0.040469518752315546,-0.09464701467153758,0.022023961781552543
WK017314,Wijk 14 Bekspring,2002,4.411730653153815,0.30946580201012985,NA,NA,NA,NA,NA
WK017314,Wijk 14 Bekspring,2008,4.3120399516012355,0.20977510045755057,NA,NA,NA,NA,NA
WK017314,Wijk 14 Bekspring,2012,4.290644504319127,0.18837965317544206,NA,NA,NA,NA,NA
WK017314,Wijk 14 Bekspring,2014,4.305736737604279,0.203471886460595,6.403224293723166e-4,0.10780777688711185,0.11513702417002138,-0.08426314336147579,0.06414990633556492
WK017314,Wijk 14 Bekspring,2016,4.332623416258058,0.23035856511437303,NA,NA,NA,NA,NA
WK017314,Wijk 14 Bekspring,2018,4.275630415916125,0.17336556477244003,-0.010172473228055865,0.11640973016752348,0.10704614701659927,-0.07486177875175645,0.03494393956812943
WK017314,Wijk 14 Bekspring,2020,4.305491633532055,0.20322678238836975,-0.008890229185899464,0.1164397947256222,0.1013779098507376,-0.06787584671567015,0.0621751537135792
WK017314,Wijk 14 Bekspring,2022,4.340326866579692,0.2380620154360064,2.3292379827928263e-4,0.12907196648040917,0.1112451140703672,-0.06386660151257623,0.06137861259952655
WK017501,Ommen,2002,4.135042744008425,0.03277789286473973,NA,NA,NA,NA,NA
WK017501,Ommen,2008,4.1354601779532345,0.033195326809549244,NA,NA,NA,NA,NA
WK017501,Ommen,2012,4.142504049341711,0.040239198198025294,NA,NA,NA,NA,NA
WK017501,Ommen,2014,4.170113087531915,0.0678482363882297,0.018394447635623666,0.07546995897009696,0.050932386996168734,-0.09812574146840701,0.021177184254747065
WK017501,Ommen,2016,4.152808678676689,0.050543827533004404,NA,NA,NA,NA,NA
WK017501,Ommen,2018,4.178788286796534,0.07652343565284855,0.018142759432766994,0.07853440494225464,0.051742339388630244,-0.09324915742074383,0.02135308930994021
WK017501,Ommen,2020,4.187894335070486,0.08562948392680104,0.014954135891746977,0.08062438567478929,0.04858704765856761,-0.08397114132568856,0.025435056027385425
WK017501,Ommen,2022,4.208745645043729,0.10648079390004404,0.01424338839831424,0.09888070811632417,0.05012695120622788,-0.08686373778152127,0.03009348396069875
WK017502,Arrien,2002,4.278127087350169,0.17586223620648467,NA,NA,NA,NA,NA
WK017502,Arrien,2008,4.281296586704345,0.17903173556065902,NA,NA,NA,NA,NA
WK017502,Arrien,2012,4.3002350921687205,0.19797024102503508,NA,NA,NA,NA,NA
WK017502,Arrien,2014,4.2449245101400095,0.14265965899632435,0.011001603634235343,0.11166653927404688,0.13207470787518066,-0.1937721273239969,0.081688935536858
WK017502,Arrien,2016,4.283316305349374,0.18105145420568866,NA,NA,NA,NA,NA
WK017502,Arrien,2018,4.300924792061941,0.1986599409182555,0.021541679867621063,0.14915876659101143,0.1368095783014728,-0.19088256203023565,0.08203247818838562
WK017502,Arrien,2020,4.267020068087658,0.16475521694397208,0.0024976590578894156,0.1376123725516538,0.1333967729193784,-0.1884515631136874,0.07969997552873759
WK017502,Arrien,2022,4.2711165957014225,0.16885174455773666,0.006699844466777872,0.14324249325172567,0.12959228147571783,-0.18992935622659302,0.07924648159010804
WK017503,Beerze,2002,4.457989803550011,0.35572495240632557,NA,NA,NA,NA,NA
WK017503,Beerze,2008,4.365473332007672,0.26320848086398674,NA,NA,NA,NA,NA
WK017503,Beerze,2012,4.306077563387037,0.20381271224335115,NA,NA,NA,NA,NA
WK017503,Beerze,2014,4.286013081937676,0.18374823079399039,0.04839434196596975,0.1426474183043939,0.12277030358194434,-0.21786321262485117,0.0877993795665331
WK017503,Beerze,2016,4.327167908306227,0.22490305716254136,NA,NA,NA,NA,NA
WK017503,Beerze,2018,4.253696542051085,0.15143169090739889,0.06979788134802568,0.08323861798159175,0.1232101960140748,-0.2064342036502853,0.08161919921399181
WK017503,Beerze,2020,4.260047016737758,0.15778216559407268,0.05618653653062475,0.10076884215747134,0.11302178828069766,-0.19476330205550996,0.08256830068078833
WK017503,Beerze,2022,4.2897622442508005,0.18749739310711558,0.05886966845848942,0.12699543065532842,0.11243865655529722,-0.19551047985859515,0.08470411729659551
WK017504,Beerzerveld,2002,4.162965327648136,0.06070047650445099,NA,NA,NA,NA,NA
WK017504,Beerzerveld,2008,4.1210279130419165,0.018763061898231567,NA,NA,NA,NA,NA
WK017504,Beerzerveld,2012,4.112144185266726,0.009879334123041003,NA,NA,NA,NA,NA
WK017504,Beerzerveld,2014,4.123170371872187,0.020905520728501735,-0.011090934414228629,0.08519665707790613,0.10612188279461526,-0.1902549608394417,0.030932876109650433
WK017504,Beerzerveld,2016,4.108380889459689,0.006116038316004421,NA,NA,NA,NA,NA
WK017504,Beerzerveld,2018,4.170186099491559,0.06792124834787394,0.00835477451229246,0.10580696703898332,0.10306958723783806,-0.18170491764876373,0.03239483720752353
WK017504,Beerzerveld,2020,4.17547469468563,0.07320984354194518,4.603683323462386e-4,0.11084701757021166,0.08787769730442647,-0.16748882129561063,0.04151358163057118
WK017504,Beerzerveld,2022,4.204733609263437,0.10246875811975155,-0.0014095618364617175,0.12910978382586893,0.09061909526507893,-0.15698805518203907,0.04113749604730413
WK017505,Dalmsholte,2002,4.232070897622802,0.1298060464791171,NA,NA,NA,NA,NA
WK017505,Dalmsholte,2008,4.161826476963435,0.05956162581975038,NA,NA,NA,NA,NA
WK017505,Dalmsholte,2012,4.1588683493094525,0.05660349816576708,NA,NA,NA,NA,NA
WK017505,Dalmsholte,2014,4.122366905896763,0.020102054753077903,-0.10076169909244087,0.14210066932325852,0.12423778823218726,-0.22746380874886182,0.0819891050389347
WK017505,Dalmsholte,2016,4.133049320913807,0.03078446977012252,NA,NA,NA,NA,NA
WK017505,Dalmsholte,2018,4.201715074129673,0.09945022298598752,-0.03474057221664471,0.13741677587403267,0.1384993043852116,-0.22192732308915838,0.08020203803254616
WK017505,Dalmsholte,2020,4.183835470702027,0.08157061955834206,-0.05667094362781861,0.14303644300383672,0.13049579481864224,-0.21540365546764695,0.08011298083132837
WK017505,Dalmsholte,2022,4.170247982263656,0.0679831311199704,-0.06304719805287982,0.13952114399244758,0.12731817648738783,-0.21870983910529956,0.08290084779831408
WK017506,Giethmen,2002,4.275319326252584,0.17305447510889854,NA,NA,NA,NA,NA
WK017506,Giethmen,2008,4.144179491944781,0.04191464080109566,NA,NA,NA,NA,NA
WK017506,Giethmen,2012,4.163088923225807,0.060824072082121636,NA,NA,NA,NA,NA
WK017506,Giethmen,2014,4.2347503104807585,0.132485459337073,0.039319113914170235,0.11314300485142342,0.1257858977325038,-0.22412913304033003,0.07836657587930525
WK017506,Giethmen,2016,4.249973978103464,0.14770912695977845,NA,NA,NA,NA,NA
WK017506,Giethmen,2018,4.286774501250719,0.18450965010703366,0.06913319774168386,0.12135506329570667,0.1380420487295809,-0.22142898060424196,0.077408320944304
WK017506,Giethmen,2020,4.260792795467874,0.1585279443241888,0.053684250068998005,0.13099878348767865,0.11852642390217664,-0.2152522579835119,0.07057074484884714
WK017506,Giethmen,2022,4.276105250941893,0.17384039979820806,0.0479714694217994,0.1338869403671919,0.12392260970173533,-0.20929017895607793,0.07734955926355902
WK017507,Lemele,2002,4.168479230149545,0.06621437900585991,NA,NA,NA,NA,NA
WK017507,Lemele,2008,4.20794324366565,0.10567839252196365,NA,NA,NA,NA,NA
WK017507,Lemele,2012,4.195780127542065,0.09351527639837987,NA,NA,NA,NA,NA
WK017507,Lemele,2014,4.196215506043431,0.09395065489974513,0.01595650206646721,0.12161300576349639,0.10620828775212054,-0.211789313023906,0.06196217234156669
WK017507,Lemele,2016,4.19545416224679,0.09318931110310498,NA,NA,NA,NA,NA
WK017507,Lemele,2018,4.222462049248173,0.1201971981044876,0.037725481218933425,0.1275155866972226,0.10958249947305952,-0.2134510544672666,0.058824685182538285
WK017507,Lemele,2020,4.203262763566253,0.10099791242256732,0.029698682624168474,0.12542491075196083,0.09627303693514631,-0.21002936112092313,0.05963064323221458
WK017507,Lemele,2022,4.189256099979804,0.08699124883611858,0.019567310763472536,0.1427750972913321,0.09403454512431969,-0.2292842466869154,0.05989854234390941
WK017508,Stegeren,2002,4.363272559755503,0.2610077086118173,NA,NA,NA,NA,NA
WK017508,Stegeren,2008,4.261469803953929,0.15920495281024372,NA,NA,NA,NA,NA
WK017508,Stegeren,2012,4.123324454437618,0.021059603293933006,NA,NA,NA,NA,NA
WK017508,Stegeren,2014,4.199397717017196,0.09713286587351046,-0.041805053071583435,0.1222450377756554,0.1537822063432518,-0.2300339367602594,0.09294461158644582
WK017508,Stegeren,2016,4.124538790086071,0.022273938942385916,NA,NA,NA,NA,NA
WK017508,Stegeren,2018,4.209376560965198,0.10711170982151243,-0.023521064316342107,0.1274696147937052,0.1378944138330082,-0.22812353001862476,0.0933922755297656
WK017508,Stegeren,2020,4.2159230877735006,0.11365823662981554,-0.043472157995498716,0.12683579810981718,0.16142721118783834,-0.22447628666329483,0.09334367199095339
WK017508,Stegeren,2022,4.205115316690121,0.10285046554643573,-0.04342074396533984,0.13561414955874354,0.13986230623531298,-0.22457175347755357,0.0953665071952724
WK017509,Vilsteren,2002,4.188514865003571,0.08625001385988589,NA,NA,NA,NA,NA
WK017509,Vilsteren,2008,4.326611178414983,0.22434632727129825,NA,NA,NA,NA,NA
WK017509,Vilsteren,2012,4.239315305317056,0.1370504541733708,NA,NA,NA,NA,NA
WK017509,Vilsteren,2014,4.261672753347311,0.15940790220362588,0.05568196728716194,0.13042163573615945,0.12679021531173998,-0.22982474773912262,0.0763388316076869
WK017509,Vilsteren,2016,4.342100345174623,0.23983549403093862,NA,NA,NA,NA,NA
WK017509,Vilsteren,2018,4.337446226942818,0.2351813757991332,0.07710315181043713,0.14343710165288576,0.14348266681410102,-0.19917789385587006,0.07033634937757909
WK017509,Vilsteren,2020,4.28710788656981,0.18484303542612535,0.0678858857762719,0.12986508585859846,0.11555239004933981,-0.19297966261967178,0.06451933636158681
WK017509,Vilsteren,2022,4.305227264110709,0.20296241296702341,0.07608416910006358,0.1416781369843104,0.11171820006942143,-0.19427282261659964,0.0677547294298271
WK017510,Vinkenbuurt,2002,4.349631757968078,0.2473669068243929,NA,NA,NA,NA,NA
WK017510,Vinkenbuurt,2008,4.329040785560495,0.2267759344168095,NA,NA,NA,NA,NA
WK017510,Vinkenbuurt,2012,4.348096038526376,0.2458311873826907,NA,NA,NA,NA,NA
WK017510,Vinkenbuurt,2014,4.331818595121705,0.22955374397801961,-0.013459561709626398,0.13663491680704598,0.22625903797421218,-0.20796069916915982,0.08808005007554737
WK017510,Vinkenbuurt,2016,4.323951481436345,0.22168663029265984,NA,NA,NA,NA,NA
WK017510,Vinkenbuurt,2018,4.38180507222359,0.2795402210799042,0.013084333948077877,0.14780510302140387,0.23120203978952136,-0.2019986974001012,0.08944744172100215
WK017510,Vinkenbuurt,2020,4.257028137018683,0.15476328587499738,-0.010843340904925742,0.14036670637328685,0.13582377720469843,-0.20121740572327826,0.0906335489252158
WK017510,Vinkenbuurt,2022,4.259262988544043,0.1569981374003574,-0.008401199089843088,0.14249405364496032,0.13659118689350835,-0.2048819696012483,0.09119606555297978
WK017511,Witharen,2002,4.193793841850516,0.0915289907068308,NA,NA,NA,NA,NA
WK017511,Witharen,2008,4.122550799939453,0.020285948795767908,NA,NA,NA,NA,NA
WK017511,Witharen,2012,4.135025460896211,0.03276060975252537,NA,NA,NA,NA,NA
WK017511,Witharen,2014,4.174511881250324,0.0722470301066389,-0.029694755106236613,0.1021953668730643,0.1523792338235772,-0.21966663261198163,0.06703381712821546
WK017511,Witharen,2016,4.205535717316824,0.10327086617313877,NA,NA,NA,NA,NA
WK017511,Witharen,2018,4.257397303154875,0.1551324520111895,-0.0025582082777509843,0.11803350252607625,0.1862792196925093,-0.2132533441784956,0.06663128224885018
WK017511,Witharen,2020,4.17590983459831,0.07364498345462496,-0.01927993798372352,0.1130590643372988,0.1170284200144552,-0.20427772294727753,0.06711516003387166
WK017511,Witharen,2022,4.204389148948666,0.10212429780498072,-0.01842709912895465,0.14020023465692455,0.1260899901153784,-0.21393295542334312,0.06819412758497528
WK017701,Raalte,2002,4.088848842482559,-0.013416008661126595,NA,NA,NA,NA,NA
WK017701,Raalte,2008,4.1303293088960356,0.028064457752350617,NA,NA,NA,NA,NA
WK017701,Raalte,2012,4.136656892257573,0.034392041113887425,NA,NA,NA,NA,NA
WK017701,Raalte,2014,4.174451799905996,0.07218694876231059,0.004510137713042333,0.06732125997223225,0.036821078104370075,-0.06914226595649951,0.032676738929165186
WK017701,Raalte,2016,4.197345844564985,0.09508099342130019,NA,NA,NA,NA,NA
WK017701,Raalte,2018,4.179314346275319,0.07704949513163417,0.005939961875521854,0.068754129819305,0.038062031874628324,-0.07064161743138148,0.034934988993560186
WK017701,Raalte,2020,4.187716566934059,0.0854517157903737,0.006274979974622825,0.07367950712574017,0.034592217641375426,-0.06354247558318045,0.03444748663181543
WK017701,Raalte,2022,4.175153056849611,0.07288820570592627,0.004295200521787242,0.06529591960661103,0.033542389767920705,-0.06516357804343739,0.03491827385304443
WK017702,Luttenberg,2002,4.275909223094237,0.1736443719505516,NA,NA,NA,NA,NA
WK017702,Luttenberg,2008,4.2714795721061405,0.16921472096245527,NA,NA,NA,NA,NA
WK017702,Luttenberg,2012,4.255324312053696,0.1530594609100107,NA,NA,NA,NA,NA
WK017702,Luttenberg,2014,4.221197401192366,0.11893255004868057,0.020521421217323484,0.12239033139621809,0.10357351652984416,-0.18141882838423923,0.05386610928953378
WK017702,Luttenberg,2016,4.183335115464638,0.08107026432095352,NA,NA,NA,NA,NA
WK017702,Luttenberg,2018,4.220262451480396,0.11799760033671074,0.031725473380279395,0.10909229745727729,0.10499018931319405,-0.18092692116625614,0.053116561352215846
WK017702,Luttenberg,2020,4.210364978630682,0.10810012748699654,0.026207475496760464,0.10827057384584467,0.10099664659538231,-0.17869523950709418,0.05132067105610295
WK017702,Luttenberg,2022,4.221946919300417,0.11968206815673184,0.026517904139095327,0.11335948341967528,0.1006172257498477,-0.17801741746283625,0.057204872310949555
WK017703,Mariënheem,2002,4.209220002005408,0.10695515086172229,NA,NA,NA,NA,NA
WK017703,Mariënheem,2008,4.178197358078774,0.07593250693508892,NA,NA,NA,NA,NA
WK017703,Mariënheem,2012,4.189672197674614,0.0874073465309294,NA,NA,NA,NA,NA
WK017703,Mariënheem,2014,4.208984871736717,0.10672002059303114,-0.022400170268365487,0.10806808195431504,0.11782980141176842,-0.15657549272221796,0.059797800217530894
WK017703,Mariënheem,2016,4.189810266384127,0.08754541524044196,NA,NA,NA,NA,NA
WK017703,Mariënheem,2018,4.22042737515795,0.118162524014265,-0.005298424588076373,0.10137197752085265,0.11576746939057159,-0.15473542642835955,0.0610569281192764
WK017703,Mariënheem,2020,4.233399276208629,0.13113442506494366,-0.009630566147131302,0.10024711352399497,0.12624974366721545,-0.1511549118221744,0.0654230458430387
WK017703,Mariënheem,2022,4.233074791840593,0.1308099406969079,-0.011245923367921257,0.11008007107144725,0.12383408724799319,-0.1581337936418544,0.06627549938724288
WK017704,Nieuw Heeten,2002,4.16664626413253,0.06438141298884487,NA,NA,NA,NA,NA
WK017704,Nieuw Heeten,2008,4.1348460418342,0.03258119069051382,NA,NA,NA,NA,NA
WK017704,Nieuw Heeten,2012,4.19513294667919,0.09286809553550503,NA,NA,NA,NA,NA
WK017704,Nieuw Heeten,2014,4.18956370165223,0.08729885050854423,0.014104130748204364,0.10860616261464534,0.11124909461402367,-0.20487491615627362,0.05821437868794425
WK017704,Nieuw Heeten,2016,4.191877486157463,0.089612635013777,NA,NA,NA,NA,NA
WK017704,Nieuw Heeten,2018,4.170902941359478,0.06863809021579322,0.016546673851499005,0.10313420955925419,0.09316442674466675,-0.1968912438422652,0.052684023902638315
WK017704,Nieuw Heeten,2020,4.174124087090514,0.07185923594682937,0.016879233680790404,0.10679170138168767,0.08838251161323105,-0.19362580877403313,0.05343159804515307
WK017704,Nieuw Heeten,2022,4.169326353856197,0.06706150271251171,0.015018895489587304,0.1102828062957398,0.08475040817666289,-0.19948779841258946,0.05649719116311099
WK017705,Heeten,2002,4.235623937471955,0.13335908632826948,NA,NA,NA,NA,NA
WK017705,Heeten,2008,4.225277631251637,0.12301278010795166,NA,NA,NA,NA,NA
WK017705,Heeten,2012,4.229714216603277,0.12744936545959157,NA,NA,NA,NA,NA
WK017705,Heeten,2014,4.208782311073352,0.10651745992966757,0.010504710257669156,0.11295616579397952,0.11361495300008279,-0.18836582317130102,0.05780745404923689
WK017705,Heeten,2016,4.236284443253914,0.1340195921102284,NA,NA,NA,NA,NA
WK017705,Heeten,2018,4.208771662511872,0.1065068113681863,0.026896080996910116,0.10245595827751447,0.10913769382153217,-0.1916529825707435,0.059670060842972744
WK017705,Heeten,2020,4.186809548694639,0.08454469755095398,0.02062425824265637,0.09650034690886143,0.09980036650487256,-0.18817741056482765,0.05579713645939099
WK017705,Heeten,2022,4.183973113432494,0.08170826228880859,0.02005242448116714,0.10040307093194628,0.0958329130925108,-0.18926697348090787,0.05468682726409198
WK017706,Broekland,2002,4.2331929439914875,0.13092809284780274,NA,NA,NA,NA,NA
WK017706,Broekland,2008,4.205418984273416,0.10315413312973117,NA,NA,NA,NA,NA
WK017706,Broekland,2012,4.239954327752224,0.13768947660853825,NA,NA,NA,NA,NA
WK017706,Broekland,2014,4.195940414032236,0.09367556288855099,0.016414623798091273,0.11060039804947075,0.12320633639866659,-0.20456583109810345,0.04802003574042553
WK017706,Broekland,2016,4.195894753157229,0.09362990201354335,NA,NA,NA,NA,NA
WK017706,Broekland,2018,4.202623700574179,0.10035884943049408,0.02682893534790422,0.10880335099288294,0.112724226710426,-0.19603210886843755,0.04803444524771826
WK017706,Broekland,2020,4.201804417546324,0.09953956640263878,0.024381555842790448,0.10531237801339398,0.1005304766002662,-0.1860838453491686,0.055399001295356486
WK017706,Broekland,2022,4.189521367940982,0.0872565167972962,0.023815075417584725,0.11023476096938738,0.09573799553372378,-0.19459914199328784,0.052067826869887826
WK017707,Heino,2002,4.1120815715633094,0.009816720419623844,NA,NA,NA,NA,NA
WK017707,Heino,2008,4.152645747897128,0.050380896753443,NA,NA,NA,NA,NA
WK017707,Heino,2012,4.166309150266454,0.0640442991227694,NA,NA,NA,NA,NA
WK017707,Heino,2014,4.168301054394382,0.06603620325069694,0.02581890166152413,0.0833428224706252,0.06631703804940846,-0.15241629622576833,0.04297373729490719
WK017707,Heino,2016,4.20190390085974,0.09963904971605483,NA,NA,NA,NA,NA
WK017707,Heino,2018,4.188526320608549,0.08626146946486395,0.025020681238323003,0.08666959389826404,0.061568232009604734,-0.13025838339750848,0.04326134571618038
WK017707,Heino,2020,4.213093529972728,0.11082867882904252,0.024579331115479535,0.0993663788768577,0.057130832150951084,-0.11603526232302824,0.04578739900878222
WK017707,Heino,2022,4.217674517714462,0.115409666570777,0.0246886809642105,0.10524408347952245,0.06171691289903007,-0.12474762442328612,0.04850761365129984
WK017708,Lierderholthuis,2002,4.170188364508314,0.06792351336462898,NA,NA,NA,NA,NA
WK017708,Lierderholthuis,2008,4.087092385608542,-0.015172465535142924,NA,NA,NA,NA,NA
WK017708,Lierderholthuis,2012,4.137420791571946,0.03515594042826094,NA,NA,NA,NA,NA
WK017708,Lierderholthuis,2014,4.1517981783829665,0.04953332723928121,-0.005857569346297202,0.08696108268150227,0.10424615304831265,-0.20574615480842764,0.06992981566419078
WK017708,Lierderholthuis,2016,4.2156561822109735,0.11339133106728842,NA,NA,NA,NA,NA
WK017708,Lierderholthuis,2018,4.187528287924684,0.08526343678099818,0.010100131912873718,0.10597559499444455,0.09479200981123141,-0.19395333115044103,0.06834903121288916
WK017708,Lierderholthuis,2020,4.177272506356462,0.07500765521277629,4.936882195287984e-4,0.1102367703127543,0.07857612165116137,-0.18692793646843345,0.07262901149776496
WK017708,Lierderholthuis,2022,4.184875517309173,0.08261066616548764,-0.004754311064827441,0.11931665281547738,0.08794785409136165,-0.19150495192295133,0.07160542224642716
WK017709,Laag Zuthem,2002,4.299940583449611,0.19767573230592522,NA,NA,NA,NA,NA
WK017709,Laag Zuthem,2008,4.247306996188671,0.14504214504498583,NA,NA,NA,NA,NA
WK017709,Laag Zuthem,2012,4.233226378739559,0.13096152759587418,NA,NA,NA,NA,NA
WK017709,Laag Zuthem,2014,4.243607973423311,0.1413431222796258,0.0090803433017876585,0.13435601628522648,0.12626992586779054,-0.20925863735183015,0.08089547417665088
WK017709,Laag Zuthem,2016,4.258570986798394,0.15630613565470888,NA,NA,NA,NA,NA
WK017709,Laag Zuthem,2018,4.234830284836284,0.13256543369259857,0.015852802857271836,0.11401381034694566,0.12874813422632847,-0.2039806364795233,0.07793132274157578
WK017709,Laag Zuthem,2020,4.221806934976237,0.11954208383255124,0.012392199330239972,0.1173163136822892,0.10931565866528954,-0.19663587539631827,0.0771537875510505
WK017709,Laag Zuthem,2022,4.212582559893173,0.1103177087494873,0.01674353063742592,0.11051217799916689,0.10449109987147999,-0.20182698351932257,0.08039788376073681
WK018000,Wijk 00 Staphorst (kern),2002,4.255145543502616,0.1528806923589311,NA,NA,NA,NA,NA
WK018000,Wijk 00 Staphorst (kern),2008,4.249746487698338,0.1474816365546529,NA,NA,NA,NA,NA
WK018000,Wijk 00 Staphorst (kern),2012,4.23890074654991,0.1366358954062253,NA,NA,NA,NA,NA
WK018000,Wijk 00 Staphorst (kern),2014,4.246458146648285,0.14419329550460014,-6.111175048082764e-4,0.09388393034324684,0.07952651969541438,-0.06735912544846266,0.03875308841920959
WK018000,Wijk 00 Staphorst (kern),2016,4.25355318250251,0.15128833135882483,NA,NA,NA,NA,NA
WK018000,Wijk 00 Staphorst (kern),2018,4.232984771120962,0.13071991997727625,4.49745709619815e-4,0.08873434223913997,0.0707375969707124,-0.077111896875801,0.0479101319336048
WK018000,Wijk 00 Staphorst (kern),2020,4.226610817472003,0.12434596632831713,-0.004154969779263096,0.08327630376368936,0.06572296022325402,-0.0630596296841052,0.042561301804741776
WK018000,Wijk 00 Staphorst (kern),2022,4.258582363167238,0.15631751202355232,-0.0011679950733558403,0.09144306681432121,0.0655504586282645,-0.05716226208068892,0.05765424373501108
WK018001,Wijk 01 Rouveen (kern),2002,4.2670550724266745,0.16479022128298967,NA,NA,NA,NA,NA
WK018001,Wijk 01 Rouveen (kern),2008,4.262329781962896,0.16006493081921022,NA,NA,NA,NA,NA
WK018001,Wijk 01 Rouveen (kern),2012,4.259118821756515,0.15685397061283032,NA,NA,NA,NA,NA
WK018001,Wijk 01 Rouveen (kern),2014,4.279854565114823,0.17758971397113774,-0.005674850480078472,0.1319913542339255,0.1125499504760326,-0.1320946234815757,0.07081788322283349
WK018001,Wijk 01 Rouveen (kern),2016,4.285158227546713,0.18289337640302772,NA,NA,NA,NA,NA
WK018001,Wijk 01 Rouveen (kern),2018,4.247219062611205,0.1449542114675199,0.0073223627721809344,0.1160333690454171,0.10512489692299629,-0.15478527900742928,0.07125886173435461
WK018001,Wijk 01 Rouveen (kern),2020,4.2137901625494125,0.11152531140572748,-0.0029209264751521163,0.10524267543775831,0.07806078785799876,-0.14417076310186494,0.07531353768698729
WK018001,Wijk 01 Rouveen (kern),2022,4.23336840979732,0.13110355865363463,-0.0010182695860433833,0.11748376947049505,0.07924300773338847,-0.14438745063591368,0.07978250167170793
WK018002,Wijk 02 Rouveen (buitengebied),2002,4.169809506662933,0.06754465551924788,NA,NA,NA,NA,NA
WK018002,Wijk 02 Rouveen (buitengebied),2008,4.162781313238816,0.060516462095130626,NA,NA,NA,NA,NA
WK018002,Wijk 02 Rouveen (buitengebied),2012,4.161186772170814,0.05892192102712911,NA,NA,NA,NA,NA
WK018002,Wijk 02 Rouveen (buitengebied),2014,4.1554746281473145,0.05320977700362903,-0.09361796623180667,0.11909084715907674,0.12061174285156741,-0.18135360687134158,0.08847876009613274
WK018002,Wijk 02 Rouveen (buitengebied),2016,4.18476801814591,0.08250316700222488,NA,NA,NA,NA,NA
WK018002,Wijk 02 Rouveen (buitengebied),2018,4.191490510994237,0.08922565985055196,-0.049352564656292015,0.11929333109726734,0.1242013081284223,-0.19030825390671932,0.08539183918787337
WK018002,Wijk 02 Rouveen (buitengebied),2020,4.164223662263296,0.06195881111961135,-0.08279972892707894,0.11394227956575997,0.12383844451786546,-0.18089793580776964,0.08787575177083409
WK018002,Wijk 02 Rouveen (buitengebied),2022,4.174517637583605,0.07225278643991985,-0.08391615135902275,0.12946490539112906,0.1262441400030441,-0.18663792264726473,0.0870978150520338
WK018003,Wijk 03 Staphorst (buitengebied),2002,4.218698610255935,0.11643375911224968,NA,NA,NA,NA,NA
WK018003,Wijk 03 Staphorst (buitengebied),2008,4.209583116585633,0.10731826544194749,NA,NA,NA,NA,NA
WK018003,Wijk 03 Staphorst (buitengebied),2012,4.253376850379614,0.15111199923592877,NA,NA,NA,NA,NA
WK018003,Wijk 03 Staphorst (buitengebied),2014,4.271312203331844,0.16904735218815886,-0.06737651871079824,0.13269424758862508,0.15003886083220905,-0.12732869055205898,0.08101945303018156
WK018003,Wijk 03 Staphorst (buitengebied),2016,4.2897805774467015,0.1875157263030163,NA,NA,NA,NA,NA
WK018003,Wijk 03 Staphorst (buitengebied),2018,4.2986663437111705,0.1964014925674857,-0.028773604302592997,0.13167021748104119,0.14367706851925147,-0.13519324728702334,0.08502105815680902
WK018003,Wijk 03 Staphorst (buitengebied),2020,4.254330648772392,0.15206579762870584,-0.05829662873942853,0.11228511818938859,0.14316620205471395,-0.12750947629202183,0.08242058241605346
WK018003,Wijk 03 Staphorst (buitengebied),2022,4.290483322439317,0.1882184712956317,-0.05675326954752431,0.12652379213672896,0.1496395301642789,-0.12141999254203131,0.09022841108417931
WK018004,Wijk 04 IJhorst,2002,4.27656504194072,0.17430019079703485,NA,NA,NA,NA,NA
WK018004,Wijk 04 IJhorst,2008,4.249326569505629,0.14706171836194418,NA,NA,NA,NA,NA
WK018004,Wijk 04 IJhorst,2012,4.219065480340811,0.11680062919712599,NA,NA,NA,NA,NA
WK018004,Wijk 04 IJhorst,2014,4.212505768478768,0.11024091733508301,0.030269826404997386,0.10782021065658294,0.09287181904236055,-0.18224191999072437,0.06152098122186621
WK018004,Wijk 04 IJhorst,2016,4.245235072463871,0.1429702213201863,NA,NA,NA,NA,NA
WK018004,Wijk 04 IJhorst,2018,4.17894880852773,0.07668395738404442,0.03912640198288554,0.08003371709415373,0.0877064281362828,-0.19022400139035084,0.06004141156107291
WK018004,Wijk 04 IJhorst,2020,4.1859205172966645,0.08365566615297963,0.03125870361128883,0.07534341641102338,0.08198345269313954,-0.16690913016907932,0.06197922360660693
WK018004,Wijk 04 IJhorst,2022,4.22876692462121,0.12650207347752443,0.037737894624053005,0.10950690437859673,0.08095834335547492,-0.16535863379172566,0.06365756491112512
WK018005,Wijk 05 Punthorst,2002,4.190894856479403,0.08863000533571763,NA,NA,NA,NA,NA
WK018005,Wijk 05 Punthorst,2008,4.183717992305041,0.08145314116135563,NA,NA,NA,NA,NA
WK018005,Wijk 05 Punthorst,2012,4.176025684701988,0.07376083355830178,NA,NA,NA,NA,NA
WK018005,Wijk 05 Punthorst,2014,4.191478233981128,0.08921338283744272,-0.07083567096876259,0.14573282516879058,0.14598585322697993,-0.2060338116804542,0.07436418709088871
WK018005,Wijk 05 Punthorst,2016,4.190303758804179,0.08803890766049376,NA,NA,NA,NA,NA
WK018005,Wijk 05 Punthorst,2018,4.187539547386933,0.08527469624324881,-0.04294249245777908,0.12595905718087796,0.13532687239564714,-0.20910877256089871,0.07604003168540119
WK018005,Wijk 05 Punthorst,2020,4.135100981748314,0.03283613060462902,-0.06951714118132074,0.11820381175030976,0.11594464982511392,-0.2076383425805291,0.07584315279105491
WK018005,Wijk 05 Punthorst,2022,4.150572835513054,0.04830798436936842,-0.06524710434858572,0.1278792878524003,0.11234335837925746,-0.209328485611123,0.08266092809741914
WK018006,Wijk 06 Lankhorst,2002,4.240243183094123,0.13797833195043835,NA,NA,NA,NA,NA
WK018006,Wijk 06 Lankhorst,2008,4.222275918778923,0.12001106763523763,NA,NA,NA,NA,NA
WK018006,Wijk 06 Lankhorst,2012,4.23429267858044,0.1320278274367541,NA,NA,NA,NA,NA
WK018006,Wijk 06 Lankhorst,2014,4.246092767392089,0.1438279162484042,-0.11297791319342786,0.13886719062500105,0.13552981045002227,-0.128760191436645,0.11116901980345335
WK018006,Wijk 06 Lankhorst,2016,4.325847991190582,0.22358314004689592,NA,NA,NA,NA,NA
WK018006,Wijk 06 Lankhorst,2018,4.302101795990685,0.1998369448469999,-0.06930088594662512,0.1451642953448755,0.14933161536265982,-0.13802745814625458,0.11266937823234416
WK018006,Wijk 06 Lankhorst,2020,4.192678779297213,0.09041392815352728,-0.10508024702054418,0.11820192186087441,0.11242990339100009,-0.1247555973960103,0.08961794731820709
WK018006,Wijk 06 Lankhorst,2022,4.246370355227499,0.14410550408381417,-0.09812484964952631,0.12688954316350862,0.1200584977162779,-0.12223439915359453,0.11751671200714807
WK018007,Wijk 07 Klooster,2002,4.21702612375255,0.11476127260886532,NA,NA,NA,NA,NA
WK018007,Wijk 07 Klooster,2008,4.188021446347328,0.08575659520364283,NA,NA,NA,NA,NA
WK018007,Wijk 07 Klooster,2012,4.190044459247112,0.0877796081034268,NA,NA,NA,NA,NA
WK018007,Wijk 07 Klooster,2014,4.240869340839652,0.13860448969596656,-0.03425502423143222,0.1631266535084492,0.13947749274278032,-0.20767173458284482,0.07792710225901373
WK018007,Wijk 07 Klooster,2016,4.242084399655715,0.13981954851202988,NA,NA,NA,NA,NA
WK018007,Wijk 07 Klooster,2018,4.243367179217834,0.1411023280741486,-0.00871446530715529,0.1531025293252895,0.1340469711328364,-0.21450311796120528,0.07717041088438317
WK018007,Wijk 07 Klooster,2020,4.182486129376202,0.08022127823251729,-0.029972689473510294,0.10730540024563019,0.1295376772064509,-0.20542763391198504,0.0787785241659314
WK018007,Wijk 07 Klooster,2022,4.194524890599348,0.09226003945566312,-0.02421906656755318,0.11862996714279125,0.12865224218847576,-0.22044427565382488,0.08964117234577366
WK018300,Wijk 00 Tubbergen,2002,4.160840384399075,0.05857553325538947,NA,NA,NA,NA,NA
WK018300,Wijk 00 Tubbergen,2008,4.166694240697952,0.06442938955426716,NA,NA,NA,NA,NA
WK018300,Wijk 00 Tubbergen,2012,4.2157177639532515,0.11345291280956625,NA,NA,NA,NA,NA
WK018300,Wijk 00 Tubbergen,2014,4.223590013073892,0.12132516193020634,0.020730999426397553,0.08559542394074525,0.07921204492336059,-0.09767851796524356,0.03346521160494623
WK018300,Wijk 00 Tubbergen,2016,4.242598521901287,0.14033367075760125,NA,NA,NA,NA,NA
WK018300,Wijk 00 Tubbergen,2018,4.266050821353595,0.1637859702099095,0.021594151596621914,0.10936964133456605,0.08745486257083553,-0.09338962567001,0.03875694037789577
WK018300,Wijk 00 Tubbergen,2020,4.241787285666225,0.1395224345225402,0.019567102639375982,0.10758631869933324,0.08114513044649366,-0.1050013249283333,0.03622520766567038
WK018300,Wijk 00 Tubbergen,2022,4.241717005191744,0.1394521540480588,0.02066715455063879,0.10943424243519424,0.07298782030394123,-0.1037610254742413,0.04012396223252561
WK018301,Wijk 01 Albergen,2002,4.233257022713709,0.13099217157002374,NA,NA,NA,NA,NA
WK018301,Wijk 01 Albergen,2008,4.238642957629614,0.13637810648592905,NA,NA,NA,NA,NA
WK018301,Wijk 01 Albergen,2012,4.24192845845117,0.13966360730748464,NA,NA,NA,NA,NA
WK018301,Wijk 01 Albergen,2014,4.2202939277153195,0.11802907657163418,0.007662457997063298,0.0906568503000205,0.10170562409905805,-0.13324679425509914,0.05125093843059117
WK018301,Wijk 01 Albergen,2016,4.234692930104151,0.13242807896046635,NA,NA,NA,NA,NA
WK018301,Wijk 01 Albergen,2018,4.2496337360204,0.14736888487671515,0.010682965608156984,0.1133815382691074,0.10293061982752871,-0.12990897380746574,0.05028273497938748
WK018301,Wijk 01 Albergen,2020,4.252431217953219,0.15016636680953352,0.0036169812497393082,0.12363459680255143,0.10219060698584567,-0.1313487098227358,0.05207289159413269
WK018301,Wijk 01 Albergen,2022,4.250466504641923,0.14820165349823772,0.013766120290697008,0.11108327728264347,0.09395027663559899,-0.12389588722718231,0.05329786651648023
WK018302,Wijk 02 Harbrinkhoek,2002,4.259217286035305,0.15695243489162003,NA,NA,NA,NA,NA
WK018302,Wijk 02 Harbrinkhoek,2008,4.234575350202973,0.1323104990592874,NA,NA,NA,NA,NA
WK018302,Wijk 02 Harbrinkhoek,2012,4.241641697766077,0.1393768466223926,NA,NA,NA,NA,NA
WK018302,Wijk 02 Harbrinkhoek,2014,4.252552133610782,0.15028728246709624,-0.0013919223470509818,0.12182686308166842,0.1076927124050423,-0.1238303457763967,0.045989975103832924
WK018302,Wijk 02 Harbrinkhoek,2016,4.235433656609254,0.1331688054655687,NA,NA,NA,NA,NA
WK018302,Wijk 02 Harbrinkhoek,2018,4.275302711702558,0.1730378605588731,0.006699286711690234,0.1254816769982109,0.11377692562041526,-0.11877719633767808,0.045857167566234584
WK018302,Wijk 02 Harbrinkhoek,2020,4.27244620961628,0.1701813584725952,0.0018331655671701562,0.13349222169261338,0.10463220417883902,-0.11315551253477595,0.04337927956874824
WK018302,Wijk 02 Harbrinkhoek,2022,4.25227239913481,0.15000754799112448,0.002338570444313709,0.12301103316811166,0.09752616329305136,-0.11884589753042972,0.045977678616077156
WK018303,Wijk 03 Geesteren,2002,4.151126192497284,0.0488613413535992,NA,NA,NA,NA,NA
WK018303,Wijk 03 Geesteren,2008,4.198973605952015,0.09670875480833029,NA,NA,NA,NA,NA
WK018303,Wijk 03 Geesteren,2012,4.204798486286136,0.10253363514245031,NA,NA,NA,NA,NA
WK018303,Wijk 03 Geesteren,2014,4.190692945390233,0.08842809424654817,-0.005655884052418932,0.09565731926957369,0.10641557783543737,-0.16725081297425984,0.059261894168215534
WK018303,Wijk 03 Geesteren,2016,4.236272426344138,0.13400757520045356,NA,NA,NA,NA,NA
WK018303,Wijk 03 Geesteren,2018,4.247661703819652,0.14539685267596733,0.011011962434981207,0.12444157658313934,0.10331183734594657,-0.15003066317045313,0.05666213948235305
WK018303,Wijk 03 Geesteren,2020,4.241834946211454,0.13957009506776843,0.0020758649777424688,0.1288989998458629,0.09673073654294437,-0.14152606574387736,0.05339055944509574
WK018303,Wijk 03 Geesteren,2022,4.234403206519379,0.1321383553756933,0.0035570735068960625,0.1247326161006058,0.08943843089913475,-0.14399278497918697,0.058403019848243386
WK018304,Wijk 04 Langeveen,2002,4.142546992592944,0.04028214144925917,NA,NA,NA,NA,NA
WK018304,Wijk 04 Langeveen,2008,4.165165264863067,0.06290041371938139,NA,NA,NA,NA,NA
WK018304,Wijk 04 Langeveen,2012,4.163982267053042,0.06171741590935624,NA,NA,NA,NA,NA
WK018304,Wijk 04 Langeveen,2014,4.1347658979029855,0.03250104675930009,-0.03008546217486123,0.10161934329601284,0.12486702803764843,-0.23037308384873956,0.06647322144923934
WK018304,Wijk 04 Langeveen,2016,4.1348926137418225,0.032627762598137634,NA,NA,NA,NA,NA
WK018304,Wijk 04 Langeveen,2018,4.198209883574732,0.09594503243104688,0.0010799180102235495,0.12401273277850951,0.12741411823141316,-0.2220721443372835,0.06551040774818385
WK018304,Wijk 04 Langeveen,2020,4.183410951906602,0.08114610076291624,-0.011328349514897562,0.13622709520551674,0.10978843554349099,-0.2175199045150356,0.06397882404384138
WK018304,Wijk 04 Langeveen,2022,4.155087782007165,0.05282293086347948,-0.008773875323077475,0.13168661388591116,0.10102758103305491,-0.23135781653527673,0.0602404278028673
WK018305,Wijk 05 Vasse,2002,4.1815518835291225,0.07928703238543679,NA,NA,NA,NA,NA
WK018305,Wijk 05 Vasse,2008,4.215358159885959,0.11309330874227357,NA,NA,NA,NA,NA
WK018305,Wijk 05 Vasse,2012,4.22610658532347,0.12384173417978543,NA,NA,NA,NA,NA
WK018305,Wijk 05 Vasse,2014,4.229038434472249,0.12677358332856378,0.025827764899981,0.10485003048822399,0.11534470389256626,-0.1867931653916781,0.06754424943947039
WK018305,Wijk 05 Vasse,2016,4.275292006529646,0.17302715538596028,NA,NA,NA,NA,NA
WK018305,Wijk 05 Vasse,2018,4.29506484123228,0.19279999008859516,0.03826588576376645,0.13541546718387734,0.13132931371078416,-0.1777609896489402,0.06555031307910712
WK018305,Wijk 05 Vasse,2020,4.26896932909591,0.16670447795222434,0.029713226335363198,0.1311834245730663,0.12229499447980526,-0.18318806922492223,0.06670090178891158
WK018305,Wijk 05 Vasse,2022,4.277158580954169,0.1748937298104839,0.035126061036154996,0.13418307218969272,0.11263247497837352,-0.18155438972060511,0.07450651132686742
WK018306,Wijk 06 Reutum,2002,4.132252979275998,0.029988128132313427,NA,NA,NA,NA,NA
WK018306,Wijk 06 Reutum,2008,4.134907138401346,0.032642287257660815,NA,NA,NA,NA,NA
WK018306,Wijk 06 Reutum,2012,4.166861368478797,0.06459651733511144,NA,NA,NA,NA,NA
WK018306,Wijk 06 Reutum,2014,4.179911829906059,0.07764697876237364,0.009622215845043315,0.10473218945726735,0.11746427597468832,-0.21278376187273026,0.05861205935810462
WK018306,Wijk 06 Reutum,2016,4.209328283022713,0.10706343187902802,NA,NA,NA,NA,NA
WK018306,Wijk 06 Reutum,2018,4.219962795275917,0.11769794413223189,0.030649386864455334,0.13312045836759528,0.12423951614716999,-0.2046425342915489,0.034331117044559954
WK018306,Wijk 06 Reutum,2020,4.1897946706809845,0.08752981953729894,0.02028104259322868,0.13185759956060136,0.10447865713503693,-0.20514928201017588,0.03606180225860744
WK018306,Wijk 06 Reutum,2022,4.208694741407559,0.10642989026387391,0.01908329956204668,0.13263192081206937,0.09499660248058792,-0.20638982720019214,0.06610789460936178
WK018307,Wijk 07 Fleringen,2002,4.216583826897132,0.11431897575344682,NA,NA,NA,NA,NA
WK018307,Wijk 07 Fleringen,2008,4.209754455746451,0.10748960460276479,NA,NA,NA,NA,NA
WK018307,Wijk 07 Fleringen,2012,4.207514810121148,0.10524995897746273,NA,NA,NA,NA,NA
WK018307,Wijk 07 Fleringen,2014,4.234874616578221,0.1326097654345355,-0.015644111336913215,0.12592344524088112,0.12266173060024246,-0.17297863830522636,0.07264733923555114
WK018307,Wijk 07 Fleringen,2016,4.280968022457232,0.17870317131354735,NA,NA,NA,NA,NA
WK018307,Wijk 07 Fleringen,2018,4.2859552428237295,0.1836903916800441,6.125728026083079e-4,0.14998754261094827,0.1286262707152255,-0.1686652888798232,0.07312929443108501
WK018307,Wijk 07 Fleringen,2020,4.236037147750236,0.13377229660655035,-0.014431415952016228,0.1280886883378033,0.12122600837900926,-0.1723196900962071,0.07120870593796079
WK018307,Wijk 07 Fleringen,2022,4.243598353802258,0.14133350265857303,-0.008537490263055314,0.12728635476965428,0.11643939512036831,-0.16880231142346544,0.07494755445507092
WK018400,Wijk 00 Urk,2002,3.9556085057897725,-0.14665634535391261,NA,NA,NA,NA,NA
WK018400,Wijk 00 Urk,2008,3.969955324647028,-0.13230952649665734,NA,NA,NA,NA,NA
WK018400,Wijk 00 Urk,2012,3.971618221542108,-0.1306466296015766,NA,NA,NA,NA,NA
WK018400,Wijk 00 Urk,2014,4.01772063357971,-0.08454421756397516,0.05542585415263714,0.06076528719739281,0.0643705077693825,-0.18884540204878236,-0.07626046463460553
WK018400,Wijk 00 Urk,2016,4.051375538956828,-0.05088931218685713,NA,NA,NA,NA,NA
WK018400,Wijk 00 Urk,2018,4.065893952188625,-0.03637089895506034,0.054646339948932546,0.06658665984625713,0.06367425562562133,-0.18176514557582313,-0.03951300880004848
WK018400,Wijk 00 Urk,2020,4.044408857385712,-0.05785599375797344,0.05066392289487874,0.07008612468386462,0.06034117501952555,-0.18084511304763834,-0.05810210330860427
WK018400,Wijk 00 Urk,2022,4.068962753015666,-0.03330209812801952,0.05441546022051741,0.06624347479266905,0.06360430585811348,-0.19400946322281432,-0.023555875776505412
WK018900,Wijk 00 Wierden (kern),2002,4.118030974125325,0.015766122981639853,NA,NA,NA,NA,NA
WK018900,Wijk 00 Wierden (kern),2008,4.126980351685301,0.02471550054161554,NA,NA,NA,NA,NA
WK018900,Wijk 00 Wierden (kern),2012,4.151064455633544,0.048799604489858796,NA,NA,NA,NA,NA
WK018900,Wijk 00 Wierden (kern),2014,4.164194127627274,0.06192927648358917,0.0013033976039699704,0.07031037372127537,0.04350447438111207,-0.07490709317284074,0.02171812395007225
WK018900,Wijk 00 Wierden (kern),2016,4.191180709059422,0.08891585791573606,NA,NA,NA,NA,NA
WK018900,Wijk 00 Wierden (kern),2018,4.180804370103158,0.07853951895947284,-0.001713647555051495,0.08257961349453419,0.04399195740283349,-0.06987318833296567,0.023554783950122057
WK018900,Wijk 00 Wierden (kern),2020,4.201271138785897,0.09900628764221198,-0.0012525839628916415,0.08662302410568744,0.044500583164147914,-0.053946441121538694,0.023081705456806687
WK018900,Wijk 00 Wierden (kern),2022,4.182317884267988,0.08005303312430327,8.181961580371712e-4,0.08026927850973109,0.03854539889367374,-0.06709858376829093,0.027518743331151927
WK018901,Wijk 01 Landelijk gebied Wierden,2002,4.284823237851405,0.18255838670771915,NA,NA,NA,NA,NA
WK018901,Wijk 01 Landelijk gebied Wierden,2008,4.282650669315595,0.1803858181719105,NA,NA,NA,NA,NA
WK018901,Wijk 01 Landelijk gebied Wierden,2012,4.303770308550286,0.20150545740660086,NA,NA,NA,NA,NA
WK018901,Wijk 01 Landelijk gebied Wierden,2014,4.310321909144944,0.20805705800125893,0.018665797813753417,0.12158995474573969,0.13234158234399326,-0.11788849584058474,0.053348218938357
WK018901,Wijk 01 Landelijk gebied Wierden,2016,4.330892128268585,0.22862727712490014,NA,NA,NA,NA,NA
WK018901,Wijk 01 Landelijk gebied Wierden,2018,4.326192025907467,0.2239271747637813,0.0186365729971324,0.1354443154019135,0.134997642825128,-0.1202480205535278,0.055096664093134844
WK018901,Wijk 01 Landelijk gebied Wierden,2020,4.325998900181162,0.22373404903747676,0.018608515819205498,0.13210146251998806,0.12436382096453556,-0.11197388982076126,0.06063413955450873
WK018901,Wijk 01 Landelijk gebied Wierden,2022,4.29597643111177,0.19371157996808483,0.01903346467022956,0.12547718684208783,0.11557834470171334,-0.11950770530092805,0.05313028905498179
WK018902,Wijk 02 Hooge-Hexel,2002,4.22252561380601,0.12026076266232504,NA,NA,NA,NA,NA
WK018902,Wijk 02 Hooge-Hexel,2008,4.2798723239505305,0.17760747280684522,NA,NA,NA,NA,NA
WK018902,Wijk 02 Hooge-Hexel,2012,4.277034071426051,0.17476922028236652,NA,NA,NA,NA,NA
WK018902,Wijk 02 Hooge-Hexel,2014,4.231855709765102,0.12959085862141737,0.062099186130634663,0.09032388157216979,0.1647484409567672,-0.18773898563325883,1.5833559510431734e-4
WK018902,Wijk 02 Hooge-Hexel,2016,4.270726393309897,0.16846154216621204,NA,NA,NA,NA,NA
WK018902,Wijk 02 Hooge-Hexel,2018,4.2738765653543656,0.17161171421068008,0.051831871888140084,0.14337489420074118,0.13871135144659677,-0.19776430242721302,0.035457899102414696
WK018902,Wijk 02 Hooge-Hexel,2020,4.253794388139499,0.15152953699581465,0.04895506142577969,0.13257845200227916,0.12472087236624126,-0.1892982955514534,0.03457344675296772
WK018902,Wijk 02 Hooge-Hexel,2022,4.240314537224288,0.13804968608060236,0.048516146518435985,0.12711627717889082,0.12315366136252731,-0.19838262449491487,0.03764622551566277
WK018903,Wijk 03 Enter (kern),2002,4.16526757505796,0.0630027239142747,NA,NA,NA,NA,NA
WK018903,Wijk 03 Enter (kern),2008,4.168852149404397,0.06658729826071103,NA,NA,NA,NA,NA
WK018903,Wijk 03 Enter (kern),2012,4.1816611352851645,0.07939628414147924,NA,NA,NA,NA,NA
WK018903,Wijk 03 Enter (kern),2014,4.193067592932472,0.09080274178878624,0.026222389308380067,0.09214528811014887,0.055608906482504106,-0.10450497267098097,0.021331130558733907
WK018903,Wijk 03 Enter (kern),2016,4.2124964940195735,0.11023164287588864,NA,NA,NA,NA,NA
WK018903,Wijk 03 Enter (kern),2018,4.2133626611034884,0.11109780995980315,0.02622837183097488,0.10921710898043163,0.057317847216750484,-0.10914041794188496,0.027474899873530845
WK018903,Wijk 03 Enter (kern),2020,4.218654787275563,0.11638993613187769,0.021365842914304913,0.1092258075134479,0.05652671530789705,-0.09949355306536434,0.028765123461591824
WK018903,Wijk 03 Enter (kern),2022,4.196182381082352,0.09391752993866702,0.02279744293416348,0.09662023198041053,0.050488003081613525,-0.11028376906569068,0.03429562100816988
WK018904,Wijk 04 Landelijk gebied Enter,2002,4.216940075053106,0.11467522390942102,NA,NA,NA,NA,NA
WK018904,Wijk 04 Landelijk gebied Enter,2008,4.222250451355951,0.119985600212266,NA,NA,NA,NA,NA
WK018904,Wijk 04 Landelijk gebied Enter,2012,4.250311622970358,0.14804677182667317,NA,NA,NA,NA,NA
WK018904,Wijk 04 Landelijk gebied Enter,2014,4.260570756764442,0.1583059056207564,0.03281414248017633,0.11425651285632654,0.12193442345089821,-0.15080973640892367,0.040110563242278734
WK018904,Wijk 04 Landelijk gebied Enter,2016,4.275926186823109,0.17366133567942366,NA,NA,NA,NA,NA
WK018904,Wijk 04 Landelijk gebied Enter,2018,4.295521844128812,0.19325699298512652,0.03516070618236701,0.13656763226604676,0.13157266176924357,-0.15290338565687103,0.04285937842433999
WK018904,Wijk 04 Landelijk gebied Enter,2020,4.276748663099825,0.17448381195614004,0.029778965111291814,0.13921020924437333,0.12243028986976888,-0.15097821849684806,0.03404256622755372
WK018904,Wijk 04 Landelijk gebied Enter,2022,4.268606097344794,0.16634124620110863,0.03207320692438581,0.12043817681823907,0.11509580279949734,-0.1540754661316523,0.052809525790638426
WK018905,Wijk 05 Rectum - Notter - Zuna,2002,4.319167635588967,0.21690278444528216,NA,NA,NA,NA,NA
WK018905,Wijk 05 Rectum - Notter - Zuna,2008,4.299798947522217,0.19753409637853178,NA,NA,NA,NA,NA
WK018905,Wijk 05 Rectum - Notter - Zuna,2012,4.301647528922803,0.19938267777911806,NA,NA,NA,NA,NA
WK018905,Wijk 05 Rectum - Notter - Zuna,2014,4.318833127577795,0.21656827643410967,0.030986143393133395,0.12908008503658056,0.14072216940802534,-0.1434629245716868,0.05924280316805689
WK018905,Wijk 05 Rectum - Notter - Zuna,2016,4.318118664891935,0.2158538137482502,NA,NA,NA,NA,NA
WK018905,Wijk 05 Rectum - Notter - Zuna,2018,4.327641119569506,0.2253762684258209,0.035133158504046434,0.12536953026274206,0.14668183451304678,-0.141493390752393,0.0596851358983783
WK018905,Wijk 05 Rectum - Notter - Zuna,2020,4.334087318364943,0.23182246722125757,0.041213345107157635,0.12887568233601532,0.14271891135524556,-0.1402683755009498,0.05928290392378858
WK018905,Wijk 05 Rectum - Notter - Zuna,2022,4.305428026074855,0.20316317493117014,0.038776204595023296,0.1204787839468241,0.1339637764538929,-0.1473487298489985,0.05729313978442811
WK019310,Wijk 10 Binnenstad,2002,4.263762296862492,0.16149744571880642,NA,NA,NA,NA,NA
WK019310,Wijk 10 Binnenstad,2008,4.206687105613604,0.10442225446991828,NA,NA,NA,NA,NA
WK019310,Wijk 10 Binnenstad,2012,4.215758957946818,0.1134941068031329,NA,NA,NA,NA,NA
WK019310,Wijk 10 Binnenstad,2014,4.196747741438754,0.09448289029506887,0.0403803646914781,-0.15823915800357896,-0.014012287773975922,0.19344683411460803,0.03290713726653733
WK019310,Wijk 10 Binnenstad,2016,4.223677012638871,0.12141216149518597,NA,NA,NA,NA,NA
WK019310,Wijk 10 Binnenstad,2018,4.196371628692809,0.09410677754912426,0.04522364735427415,-0.13787826903343184,-0.01800150868302942,0.16787504637464656,0.03688786153666446
WK019310,Wijk 10 Binnenstad,2020,4.215132767603655,0.11286791645996941,0.04495353912148092,-0.12731541929847426,-0.020207890480349208,0.18999394704446704,0.02544374007284464
WK019310,Wijk 10 Binnenstad,2022,4.223588724226941,0.12132387308325605,0.041621862026938794,-0.11965493116379144,-0.03004447237759119,0.20011898999716907,0.02928242460053049
WK019311,Wijk 11 Diezerpoort,2002,3.978104221675071,-0.12416062946861449,NA,NA,NA,NA,NA
WK019311,Wijk 11 Diezerpoort,2008,3.971228090724994,-0.13103676041869086,NA,NA,NA,NA,NA
WK019311,Wijk 11 Diezerpoort,2012,3.9686527308448825,-0.13361212029880273,NA,NA,NA,NA,NA
WK019311,Wijk 11 Diezerpoort,2014,4.0727039814533965,-0.02956086969028851,0.0051818062295815115,-0.07308885267961947,-0.046976128427052996,0.12010625138356822,-0.034783946196766065
WK019311,Wijk 11 Diezerpoort,2016,4.089603927461454,-0.012660923682231496,NA,NA,NA,NA,NA
WK019311,Wijk 11 Diezerpoort,2018,4.045672747123924,-0.056592104019761454,-0.004155214295104108,-0.08879267993704006,-0.04828256815356683,0.12129027534271995,-0.036651916976770664
WK019311,Wijk 11 Diezerpoort,2020,4.0265470768208695,-0.07571777432281587,-0.002373876680549348,-0.1181186431527903,-0.05358085073588289,0.12791842554191443,-0.029562829295508006
WK019311,Wijk 11 Diezerpoort,2022,4.030164929684345,-0.07209992145934006,-1.5515288509342213e-5,-0.11791322959675067,-0.05441097941729054,0.12059212887341386,-0.020352326030203656
WK019312,Wijk 12 Wipstrik,2002,4.161585196599783,0.059320345456097594,NA,NA,NA,NA,NA
WK019312,Wijk 12 Wipstrik,2008,4.121041521479402,0.018776670335716613,NA,NA,NA,NA,NA
WK019312,Wijk 12 Wipstrik,2012,4.1082854175874575,0.006020566443772284,NA,NA,NA,NA,NA
WK019312,Wijk 12 Wipstrik,2014,4.1816008541920855,0.07933600304840013,0.002533886625892216,0.013944524057989684,-0.014867289797532702,0.07967929644071797,-0.001954414278667326
WK019312,Wijk 12 Wipstrik,2016,4.22136107760667,0.11909622646298465,NA,NA,NA,NA,NA
WK019312,Wijk 12 Wipstrik,2018,4.200879991826203,0.09861514068251706,0.0035902103612935913,0.02507015599887172,-0.016457180855484792,0.07892738876527547,0.007484566412560738
WK019312,Wijk 12 Wipstrik,2020,4.226552187889512,0.12428733674582687,0.0057654915238080215,0.03477857346116809,-0.012168018742465349,0.08297760609304379,0.012933684410272012
WK019312,Wijk 12 Wipstrik,2022,4.2122258103419155,0.10996095919823012,0.00806494074810666,0.023070690750867172,-0.010012654875648203,0.0785666574341399,0.010271325140764313
WK019313,Wijk 13 Assendorp,2002,4.1187374353919894,0.016472584248304355,NA,NA,NA,NA,NA
WK019313,Wijk 13 Assendorp,2008,4.104532564305594,0.002267713161908558,NA,NA,NA,NA,NA
WK019313,Wijk 13 Assendorp,2012,4.116391504408231,0.014126653264546273,NA,NA,NA,NA,NA
WK019313,Wijk 13 Assendorp,2014,4.143564384400634,0.041299533256948094,-0.009159517607783784,-0.024465036125442593,-0.024962825419481076,0.09895691892020829,9.299934894470076e-4
WK019313,Wijk 13 Assendorp,2016,4.152799244426275,0.05053439328258921,NA,NA,NA,NA,NA
WK019313,Wijk 13 Assendorp,2018,4.169643178178102,0.06737832703441712,-0.009100080040803494,-0.004602422562728609,-0.024451307645113954,0.09458591577908493,0.010946221503978
WK019313,Wijk 13 Assendorp,2020,4.196509700032833,0.094244848889148,-0.010679280994440331,0.003943055733433048,-0.01694382015139272,0.10572983135832754,0.012195062943220184
WK019313,Wijk 13 Assendorp,2022,4.171734889821529,0.06947003867784401,-0.00976818578746832,-0.012011224740159167,-0.024178361841316515,0.09715718098829967,0.018270630058488103
WK019314,Wijk 14 Kamperpoort-Veerallee,2002,4.161916434176681,0.059651583032996044,NA,NA,NA,NA,NA
WK019314,Wijk 14 Kamperpoort-Veerallee,2008,4.17785810542585,0.07559325428216493,NA,NA,NA,NA,NA
WK019314,Wijk 14 Kamperpoort-Veerallee,2012,4.183649636654559,0.08138478551087344,NA,NA,NA,NA,NA
WK019314,Wijk 14 Kamperpoort-Veerallee,2014,4.196828477057109,0.09456362591342418,-0.015992117897381596,-0.016432420594498297,-0.007316787759776419,0.10966884115602975,0.024636111009050502
WK019314,Wijk 14 Kamperpoort-Veerallee,2016,4.221998357587762,0.11973350644407713,NA,NA,NA,NA,NA
WK019314,Wijk 14 Kamperpoort-Veerallee,2018,4.181201111231443,0.07893626008775749,-0.010657274281595878,-0.02253112927904117,-0.014008465357326173,0.1074702993846921,0.018662829621028325
WK019314,Wijk 14 Kamperpoort-Veerallee,2020,4.17526029322485,0.0729954420811649,-0.013907969647191265,-0.03716209399072596,-0.01572097017104379,0.1280278615781881,0.011758614311937502
WK019314,Wijk 14 Kamperpoort-Veerallee,2022,4.189454218931364,0.0871893677876786,-0.013901095365541457,-0.030836338135301303,-0.021113514538728777,0.1403533175991192,0.012686998228130663
WK019320,Wijk 20 Poort van Zwolle,2002,4.228873380146091,0.12660852900240538,NA,NA,NA,NA,NA
WK019320,Wijk 20 Poort van Zwolle,2008,4.188859083442741,0.08659423229905566,NA,NA,NA,NA,NA
WK019320,Wijk 20 Poort van Zwolle,2012,4.20387319149734,0.10160834035365504,NA,NA,NA,NA,NA
WK019320,Wijk 20 Poort van Zwolle,2014,4.335893205476587,0.23362835433290188,-3.909013343146946e-4,0.07901071137880408,0.0991159494616562,0.01271515465519147,0.04317744017156461
WK019320,Wijk 20 Poort van Zwolle,2016,4.310672921170066,0.20840807002638068,NA,NA,NA,NA,NA
WK019320,Wijk 20 Poort van Zwolle,2018,4.2476785839113225,0.14541373276763708,-0.00898648722328592,-8.871802487850823e-4,0.09581814166634718,0.013769524307941615,0.04569973426541893
WK019320,Wijk 20 Poort van Zwolle,2020,4.225905257395768,0.12364040625208299,-0.004320589783727844,4.242253537352747e-4,0.06338865279192225,0.01976716424110343,0.04438095364904979
WK019320,Wijk 20 Poort van Zwolle,2022,4.282265093592233,0.1800002424485479,0.0026943518441531655,0.048645611177929385,0.06107953257631703,0.019338261177005395,0.048242485673142696
WK019321,Wijk 21 Westenholte,2002,4.129898796684614,0.02763394554092904,NA,NA,NA,NA,NA
WK019321,Wijk 21 Westenholte,2008,4.0930096674708505,-0.009255183672834944,NA,NA,NA,NA,NA
WK019321,Wijk 21 Westenholte,2012,4.105127478854627,0.0028626277109409706,NA,NA,NA,NA,NA
WK019321,Wijk 21 Westenholte,2014,4.149729913172351,0.04746506202866591,0.00659533774714384,0.05590161141739125,0.021368418038138555,-0.038552365424426985,0.0021520602504189494
WK019321,Wijk 21 Westenholte,2016,4.156876769465981,0.05461191832229515,NA,NA,NA,NA,NA
WK019321,Wijk 21 Westenholte,2018,4.133290201845374,0.031025350701688156,0.010492321527982996,0.05305304677504298,0.016538745728382966,-0.055554454658241104,0.006495691328520059
WK019321,Wijk 21 Westenholte,2020,4.153475538665749,0.051210687522064,0.009526215256879068,0.05539129271441848,0.011617977325355133,-0.0359399518221437,0.010615154047554707
WK019321,Wijk 21 Westenholte,2022,4.13776909284924,0.03550424170555461,0.012687465545285366,0.04887920750841091,0.008102076057879945,-0.048487534986331016,0.014323027580309183
WK019322,Wijk 22 Stadshagen,2002,4.085994612908902,-0.01627023823478357,NA,NA,NA,NA,NA
WK019322,Wijk 22 Stadshagen,2008,4.1502893444361675,0.04802449329248222,NA,NA,NA,NA,NA
WK019322,Wijk 22 Stadshagen,2012,4.1491929345416185,0.0469280833979328,NA,NA,NA,NA,NA
WK019322,Wijk 22 Stadshagen,2014,4.137088796793893,0.034823945650208,0.005822899928910719,0.0481931361163434,0.03188498154659249,-0.04847509415984237,-0.002601977781796521
WK019322,Wijk 22 Stadshagen,2016,4.145141802337863,0.042876951194177185,NA,NA,NA,NA,NA
WK019322,Wijk 22 Stadshagen,2018,4.133883635941922,0.03161878479823668,0.010649616443312866,0.04403820395547436,0.02072578477204967,-0.054454294129174276,0.010659473756573784
WK019322,Wijk 22 Stadshagen,2020,4.145250833980835,0.04298598283714947,0.009735651867295459,0.04765762643529209,0.016730355305412937,-0.04300156821368442,0.01186391744283314
WK019322,Wijk 22 Stadshagen,2022,4.144323103963414,0.042058252819728005,0.01930959407649293,0.050933334244142446,0.014764224841140228,-0.062393461455052555,0.01944456111300467
WK019330,Wijk 30 Holtenbroek,2002,3.8541466700853677,-0.24811818105831726,NA,NA,NA,NA,NA
WK019330,Wijk 30 Holtenbroek,2008,3.8285813682285195,-0.2736834829151658,NA,NA,NA,NA,NA
WK019330,Wijk 30 Holtenbroek,2012,3.8709026586011697,-0.2313621925425153,NA,NA,NA,NA,NA
WK019330,Wijk 30 Holtenbroek,2014,3.8946757112953145,-0.20758913984837105,0.013141868265514035,-0.16919171737032285,-0.05048181763638439,0.06345152830862041,-0.06450900141579854
WK019330,Wijk 30 Holtenbroek,2016,3.906342654834652,-0.19592219630903346,NA,NA,NA,NA,NA
WK019330,Wijk 30 Holtenbroek,2018,3.976175263248691,-0.1260895878949943,0.008076407160757849,-0.09220251818014015,-0.04680550671467986,0.06731481610932658,-0.062472786270259
WK019330,Wijk 30 Holtenbroek,2020,3.9533625650278745,-0.14890228611581083,0.007891835575975512,-0.13425997629260036,-0.04309113259493347,0.07189700753521085,-0.05134002033946364
WK019330,Wijk 30 Holtenbroek,2022,3.926238211920873,-0.1760266392228126,0.015454656531833776,-0.15204400226225734,-0.05465320336461225,0.0620772539324795,-0.046861344060256535
WK019331,Wijk 31 Aa-landen,2002,4.067921081343945,-0.034343769799740013,NA,NA,NA,NA,NA
WK019331,Wijk 31 Aa-landen,2008,4.067986548102662,-0.034278303041022765,NA,NA,NA,NA,NA
WK019331,Wijk 31 Aa-landen,2012,4.10031650020061,-0.0019483509430748994,NA,NA,NA,NA,NA
WK019331,Wijk 31 Aa-landen,2014,4.122497298062286,0.020232446918600856,0.020687177708134035,0.003768634340786189,-0.013789632948294307,0.008056954227328118,0.0015093135906465642
WK019331,Wijk 31 Aa-landen,2016,4.151251946423975,0.04898709528029011,NA,NA,NA,NA,NA
WK019331,Wijk 31 Aa-landen,2018,4.159887422735831,0.05762257159214525,0.01937704052291681,0.027632142698270107,-0.011906201805657997,0.019217839856042255,0.0033017503205738053
WK019331,Wijk 31 Aa-landen,2020,4.182895861564477,0.08063101042079221,0.02122878732078341,0.041015723795708864,-0.007440253227855689,0.02085118528433603,0.00497556724781932
WK019331,Wijk 31 Aa-landen,2022,4.177411107515329,0.07514625637164361,0.025875107418172404,0.0343008281047231,-0.009833833701416318,0.014271462449413819,0.01053269210075033
WK019332,Wijk 32 Vechtlanden,2002,4.312164081550725,0.2098992304070401,NA,NA,NA,NA,NA
WK019332,Wijk 32 Vechtlanden,2008,4.3286707631978025,0.22640591205411714,NA,NA,NA,NA,NA
WK019332,Wijk 32 Vechtlanden,2012,4.335815024635387,0.23355017349170168,NA,NA,NA,NA,NA
WK019332,Wijk 32 Vechtlanden,2014,4.3477811768264845,0.24551632568279932,0.02261837751777389,0.10761777767973688,0.1090633143780822,-0.0731982762219171,0.07941513232912326
WK019332,Wijk 32 Vechtlanden,2016,4.355355687166251,0.2530908360225663,NA,NA,NA,NA,NA
WK019332,Wijk 32 Vechtlanden,2018,4.38318156121798,0.2809167100742948,0.030729911739590752,0.12657374033167898,0.11942491618820353,-0.0847740983115513,0.08896224012637255
WK019332,Wijk 32 Vechtlanden,2020,4.377665565967475,0.2754007148237895,0.024845553250820506,0.12391375336858473,0.11848542778476019,-0.07842063948463396,0.08657661990425772
WK019332,Wijk 32 Vechtlanden,2022,4.373243339380717,0.27097848823703224,0.028445073569173165,0.12096254264170632,0.11460714346199938,-0.08305195968675583,0.09001568825090896
WK019340,Wijk 40 Berkum,2002,4.264687949389736,0.16242309824605086,NA,NA,NA,NA,NA
WK019340,Wijk 40 Berkum,2008,4.226722473737134,0.1244576225934487,NA,NA,NA,NA,NA
WK019340,Wijk 40 Berkum,2012,4.2393547283938595,0.1370898772501748,NA,NA,NA,NA,NA
WK019340,Wijk 40 Berkum,2014,4.240769183126366,0.13850433198268058,0.010438509493878149,0.07262097536038037,0.03604472240029712,-0.005017486554139872,0.02441761128226456
WK019340,Wijk 40 Berkum,2016,4.291200298091096,0.18893544694741046,NA,NA,NA,NA,NA
WK019340,Wijk 40 Berkum,2018,4.271304957413421,0.16904010626973653,0.018876419272568955,0.09556289865703511,0.04188451146142248,-0.014374978710311764,0.027091255589021444
WK019340,Wijk 40 Berkum,2020,4.2677124588728494,0.16544760772916386,0.018786863057653147,0.09202708481433265,0.043926247187328016,-0.00695174896061201,0.01765916163046174
WK019340,Wijk 40 Berkum,2022,4.231189576024382,0.12892472488069645,0.01984419549935377,0.06992153484106842,0.04394835561020549,-0.010407803624067558,0.005618442554136061
WK019341,Wijk 41 Marsweteringlanden,2002,4.272195142529685,0.16993029138599985,NA,NA,NA,NA,NA
WK019341,Wijk 41 Marsweteringlanden,2008,4.186304377880633,0.08403952673694805,NA,NA,NA,NA,NA
WK019341,Wijk 41 Marsweteringlanden,2012,4.200511628549236,0.09824677740555049,NA,NA,NA,NA,NA
WK019341,Wijk 41 Marsweteringlanden,2014,4.2653892147126475,0.1631243635689625,0.005205137171075882,0.12668346449142678,0.10949466760879255,-0.13177419049163622,0.053515284789303244
WK019341,Wijk 41 Marsweteringlanden,2016,4.254055285708438,0.15179043456475305,NA,NA,NA,NA,NA
WK019341,Wijk 41 Marsweteringlanden,2018,4.265150878287344,0.16288602714365874,0.013847748230100907,0.12396152541589073,0.10992474674920902,-0.1338630407505933,0.04901504749905103
WK019341,Wijk 41 Marsweteringlanden,2020,4.256704976791859,0.15444012564817353,0.009399210694767002,0.12099372513688154,0.0918887092889747,-0.13095883057101998,0.06311731109857001
WK019341,Wijk 41 Marsweteringlanden,2022,4.2748476322276305,0.17258278108394526,0.012417898207655117,0.13136822766795136,0.10017470928710782,-0.13655081340939254,0.06517275933062323
WK019350,Wijk 50 Schelle,2002,4.153055030395412,0.050790179251726963,NA,NA,NA,NA,NA
WK019350,Wijk 50 Schelle,2008,4.112658724506863,0.010393873363177729,NA,NA,NA,NA,NA
WK019350,Wijk 50 Schelle,2012,4.138916673298425,0.03665182215474045,NA,NA,NA,NA,NA
WK019350,Wijk 50 Schelle,2014,4.212244576188545,0.1099797250448596,0.013360664098440755,0.05049955874561031,0.01743150413044075,0.0026790404522056524,0.026008957618161858
WK019350,Wijk 50 Schelle,2016,4.221491459689942,0.11922660854625755,NA,NA,NA,NA,NA
WK019350,Wijk 50 Schelle,2018,4.211022456538654,0.10875760539496884,0.012564339413146882,0.06129858554985528,0.0146488504556126,-0.006910212061929415,0.027156042038283267
WK019350,Wijk 50 Schelle,2020,4.22863007629375,0.12636522515006446,0.012534797377055798,0.06908978618093171,0.014594582047214977,0.0019160940296664268,0.028229965515195278
WK019350,Wijk 50 Schelle,2022,4.2300461786350505,0.12778132749136464,0.01502939396090616,0.07226920261184681,0.01577675110130299,-0.0062521782030419085,0.03095815802035033
WK019351,Wijk 51 Ittersum,2002,4.043490342080812,-0.05877450906287332,NA,NA,NA,NA,NA
WK019351,Wijk 51 Ittersum,2008,4.033106016832743,-0.0691588343109424,NA,NA,NA,NA,NA
WK019351,Wijk 51 Ittersum,2012,4.054437732282727,-0.04782711886095827,NA,NA,NA,NA,NA
WK019351,Wijk 51 Ittersum,2014,4.11064614727527,0.008381296131585142,0.010124744867853898,0.015608480015004979,-0.005575238159120971,-0.012744538528775242,9.678479366221987e-4
WK019351,Wijk 51 Ittersum,2016,4.148457095855206,0.04619224471152083,NA,NA,NA,NA,NA
WK019351,Wijk 51 Ittersum,2018,4.130460249458814,0.028195398315128895,0.009385579048492961,0.040417697856560714,-0.0025478747887648103,-0.024941926213799846,0.005881922412639601
WK019351,Wijk 51 Ittersum,2020,4.148899907723881,0.04663505658019596,0.012434811004632725,0.042009203019145305,9.845516416727186e-4,-0.017173252513392294,0.008379743428137229
WK019351,Wijk 51 Ittersum,2022,4.155312398962049,0.053047547818363135,0.013499248180405888,0.046024663028155194,0.002592427363532585,-0.02268683302100987,0.013618042267279076
WK019352,Wijk 52 Soestweteringlanden,2002,4.199958244848984,0.0976933937052985,NA,NA,NA,NA,NA
WK019352,Wijk 52 Soestweteringlanden,2008,4.150601983826986,0.04833713268330089,NA,NA,NA,NA,NA
WK019352,Wijk 52 Soestweteringlanden,2012,4.162993665307959,0.060728814164273615,NA,NA,NA,NA,NA
WK019352,Wijk 52 Soestweteringlanden,2014,4.247673726497322,0.14540887535363686,0.020511896730124657,0.12702936944182358,0.08459693294887312,-0.16789057158490736,0.08116124781772266
WK019352,Wijk 52 Soestweteringlanden,2016,4.246516085017329,0.14425123387364372,NA,NA,NA,NA,NA
WK019352,Wijk 52 Soestweteringlanden,2018,4.245183215692972,0.14291836454928697,0.03305335126933063,0.11990009531304466,0.08502796769428816,-0.17582391163733094,0.08076086190995409
WK019352,Wijk 52 Soestweteringlanden,2020,4.25361614981031,0.15135129866662458,0.03047373920887037,0.13768079074128586,0.07349004362804758,-0.17042847032231084,0.0801351954107315
WK019352,Wijk 52 Soestweteringlanden,2022,4.246191289905674,0.143926438761989,0.029926347895586836,0.13092286478271822,0.06510220169283897,-0.16636425224489082,0.08433927663573565
WK019701,Wijk 01 Buitengebied Aalten,2002,4.239273184363107,0.13700833321942163,NA,NA,NA,NA,NA
WK019701,Wijk 01 Buitengebied Aalten,2008,4.192033398125209,0.0897685469815241,NA,NA,NA,NA,NA
WK019701,Wijk 01 Buitengebied Aalten,2012,4.208208937253833,0.10594408611014734,NA,NA,NA,NA,NA
WK019701,Wijk 01 Buitengebied Aalten,2014,4.223361692843293,0.12109684169960767,-0.04625793285836155,0.1397498293786626,0.14815904409822783,-0.22593956117361894,0.10538546225469747
WK019701,Wijk 01 Buitengebied Aalten,2016,4.225079871942806,0.12281502079912054,NA,NA,NA,NA,NA
WK019701,Wijk 01 Buitengebied Aalten,2018,4.240662901977959,0.13839805083427417,-0.02735214443921087,0.1336545518655872,0.14625687722216743,-0.21853834179302256,0.1043771079787527
WK019701,Wijk 01 Buitengebied Aalten,2020,4.215698121717556,0.11343327057387056,-0.029851174833776237,0.12875105231050168,0.12987835693933983,-0.21631534780906253,0.10097038396686756
WK019701,Wijk 01 Buitengebied Aalten,2022,4.215432028622751,0.11316717747906557,-0.028343634680972892,0.12588355791495123,0.13175929544875012,-0.21938243062574922,0.10325038942208603
WK019702,Wijk 02 Bredevoort,2002,4.18368399773229,0.08141914658860448,NA,NA,NA,NA,NA
WK019702,Wijk 02 Bredevoort,2008,4.157038254625782,0.05477340348209649,NA,NA,NA,NA,NA
WK019702,Wijk 02 Bredevoort,2012,4.159569888256177,0.05730503711249243,NA,NA,NA,NA,NA
WK019702,Wijk 02 Bredevoort,2014,4.152092125582514,0.04982727443882881,0.002912236488689262,0.10845711394214205,0.06943290006489064,-0.18944295778158202,0.05846798172468857
WK019702,Wijk 02 Bredevoort,2016,4.193089816674427,0.09082496553074232,NA,NA,NA,NA,NA
WK019702,Wijk 02 Bredevoort,2018,4.195566580397414,0.0933017292537285,0.0028869180868020517,0.10654533808684291,0.07904153326580388,-0.14398792826489787,0.04881586807917723
WK019702,Wijk 02 Bredevoort,2020,4.191605299774876,0.08934044863119117,0.011083331315367168,0.09154276864952092,0.06482241416979553,-0.13409997422670464,0.055991908723211956
WK019702,Wijk 02 Bredevoort,2022,4.185201895893906,0.08293704475022069,0.012051214237182719,0.0854513902768165,0.06937662877861214,-0.14195026058806276,0.05800807204567178
WK019703,Wijk 03 Aalten Kern,2002,4.095273519250657,-0.006991331893027937,NA,NA,NA,NA,NA
WK019703,Wijk 03 Aalten Kern,2008,4.081839232530033,-0.020425618613651716,NA,NA,NA,NA,NA
WK019703,Wijk 03 Aalten Kern,2012,4.0946956469304485,-0.007569204213236763,NA,NA,NA,NA,NA
WK019703,Wijk 03 Aalten Kern,2014,4.100692741490977,-0.0015721096527087132,0.0023534010088181027,0.08597801321735131,0.04331594369823235,-0.14775928662482557,0.014539819047714828
WK019703,Wijk 03 Aalten Kern,2016,4.125483840350796,0.023218989207110664,NA,NA,NA,NA,NA
WK019703,Wijk 03 Aalten Kern,2018,4.127295623160624,0.025030772016938152,-6.726891242188075e-4,0.09708507643841038,0.042154763144075395,-0.13232959178412443,0.018793213342795396
WK019703,Wijk 03 Aalten Kern,2020,4.140455989382204,0.03819113823851864,0.008466842181053976,0.08872854976913029,0.03905375502887852,-0.1190179065252003,0.02095989778465587
WK019703,Wijk 03 Aalten Kern,2022,4.140210224475268,0.0379453733315832,0.009584277886834747,0.08269525598596461,0.04517634021848307,-0.1276340343018358,0.02812353354213635
WK019704,Wijk 04 Dinxperlo,2002,4.029471775293994,-0.07279307584969101,NA,NA,NA,NA,NA
WK019704,Wijk 04 Dinxperlo,2008,4.047579440468948,-0.05468541067473716,NA,NA,NA,NA,NA
WK019704,Wijk 04 Dinxperlo,2012,4.059972472604446,-0.042292378539238985,NA,NA,NA,NA,NA
WK019704,Wijk 04 Dinxperlo,2014,4.068369075817335,-0.03389577532634995,2.451475430113995e-4,0.09873125503781026,0.04770833844262959,-0.21366430068829348,0.033083784338491996
WK019704,Wijk 04 Dinxperlo,2016,4.087151292414345,-0.015113558729340459,NA,NA,NA,NA,NA
WK019704,Wijk 04 Dinxperlo,2018,4.077010090557225,-0.025254760586459982,0.0019074858124414264,0.09492743832596476,0.04567084390648064,-0.20268473207473292,0.03492420344338582
WK019704,Wijk 04 Dinxperlo,2020,4.09946408571535,-0.002800765428335468,0.011614122816876873,0.09174814956126053,0.04228581359681133,-0.18520608181881656,0.0367572304155321
WK019704,Wijk 04 Dinxperlo,2022,4.087601917063526,-0.014662934080158917,0.010814705825585316,0.09113766690879428,0.04905398395603913,-0.20426483270135654,0.0385955419307786
WK020001,Centrum,2002,4.061160962480928,-0.04110388866275688,NA,NA,NA,NA,NA
WK020001,Centrum,2008,4.093750924552051,-0.008513926591633953,NA,NA,NA,NA,NA
WK020001,Centrum,2012,4.106771114452706,0.0045062633090208045,NA,NA,NA,NA,NA
WK020001,Centrum,2014,4.051796059393948,-0.050468791749737285,0.01599713580739837,-0.13461394145209774,-0.03011210328434151,0.13944325164215335,-0.041183134462850005
WK020001,Centrum,2016,4.088740150048156,-0.013524701095529364,NA,NA,NA,NA,NA
WK020001,Centrum,2018,4.102333099283579,6.824813989397714e-5,0.011073644008093,-0.10370063849428122,-0.0273831239293626,0.1366795083689166,-0.01660114181347208
WK020001,Centrum,2020,4.142024013352543,0.039759162208857834,0.016767319275286716,-0.08835224496919568,-0.02617851468446445,0.15074394357772547,-0.013221340990494514
WK020001,Centrum,2022,4.160880489469466,0.05861563832578142,0.01743088412970077,-0.06987342713595876,-0.03315642039087633,0.15808301246905868,-0.013868410746143195
WK020002,West,2002,4.224909020187229,0.12264416904354376,NA,NA,NA,NA,NA
WK020002,West,2008,4.2116876423890055,0.10942279124531966,NA,NA,NA,NA,NA
WK020002,West,2012,4.210540554689517,0.10827570354583209,NA,NA,NA,NA,NA
WK020002,West,2014,4.2234755687982455,0.12121071765456012,0.01653967474710171,0.03197390530036698,0.008789148345742652,0.05855251539316187,0.005355473868186645
WK020002,West,2016,4.2331331931794045,0.13086834203571915,NA,NA,NA,NA,NA
WK020002,West,2018,4.23672931362889,0.13446446248520513,0.019198779406824042,0.03734026774884541,0.007799098902250383,0.05550824943399762,0.0146180669932874
WK020002,West,2020,4.256416156420352,0.154151305276667,0.021548707642841166,0.04376845537442089,0.006392086129599371,0.06177151721584642,0.020670538913958883
WK020002,West,2022,4.280513094649707,0.17824824350602142,0.023357493774103483,0.05413124887902266,0.00795309433072483,0.06911816701866877,0.02368823950350138
WK020003,Zuidwest,2002,4.189335179075787,0.08707032793210173,NA,NA,NA,NA,NA
WK020003,Zuidwest,2008,4.16390016459186,0.061635313448174356,NA,NA,NA,NA,NA
WK020003,Zuidwest,2012,4.207095925636213,0.1048310744925277,NA,NA,NA,NA,NA
WK020003,Zuidwest,2014,4.210326395712248,0.10806154456856264,0.01371356248418596,0.06265428389440705,0.025785008342347194,0.005850209176557892,5.848067106427078e-5
WK020003,Zuidwest,2016,4.223933431724564,0.12166858058087895,NA,NA,NA,NA,NA
WK020003,Zuidwest,2018,4.224930456601131,0.12266560545744604,0.018495387286373514,0.06275487915099624,0.022690721049569183,0.004591620426020115,0.01413299754448671
WK020003,Zuidwest,2020,4.246026135344003,0.14376128420031833,0.020981422987171462,0.0652657179288867,0.01977101497348445,0.01825970371710054,0.01948342459367489
WK020003,Zuidwest,2022,4.228129341480422,0.1258644903367363,0.02181541793520018,0.05468396325413377,0.01680960205836156,0.009070678719231302,0.023484828369809193
WK020004,Zuid,2002,4.0272819797964425,-0.07498287134724255,NA,NA,NA,NA,NA
WK020004,Zuid,2008,4.01465705634133,-0.08760779480235457,NA,NA,NA,NA,NA
WK020004,Zuid,2012,4.010006158534084,-0.09225869260960103,NA,NA,NA,NA,NA
WK020004,Zuid,2014,4.018698384769988,-0.08356646637369781,0.0032298351460617143,-0.05539428035496023,-0.020728451637722915,0.03165343129341752,-0.042327000820494176
WK020004,Zuid,2016,4.042319175432666,-0.05994567571101976,NA,NA,NA,NA,NA
WK020004,Zuid,2018,4.046064765988409,-0.0562000851552764,0.0024344874019993665,-0.034310607013237945,-0.014885959191794721,0.02002932943368448,-0.029467335785927876
WK020004,Zuid,2020,4.084216338133402,-0.018048513010283988,0.005718052285110733,-0.03199419554737598,-0.014845453497097892,0.04186630573724833,-0.01879322198816943
WK020004,Zuid,2022,4.079246793643887,-0.023018057499798256,0.007326856295187935,-0.028279373857648032,-0.02069680066968411,0.03092346857748243,-0.012292207845136759
WK020005,Zuidoost,2002,3.9999200827699637,-0.10234476837372164,NA,NA,NA,NA,NA
WK020005,Zuidoost,2008,4.015696873123483,-0.08656797802020248,NA,NA,NA,NA,NA
WK020005,Zuidoost,2012,4.06134579615404,-0.04091905498964501,NA,NA,NA,NA,NA
WK020005,Zuidoost,2014,4.056846019818463,-0.04541883132522276,-0.007556482948290273,-0.004448008958859514,-0.011141780228290921,-0.009051627557447414,-0.013220931632334905
WK020005,Zuidoost,2016,4.079104432052676,-0.023160419091008914,NA,NA,NA,NA,NA
WK020005,Zuidoost,2018,4.070348144887771,-0.03191670625591437,0.004324941627390106,-0.005925903797142159,-0.011169610380765771,-0.013587727542341423,-0.005558406163055391
WK020005,Zuidoost,2020,4.093020047540126,-0.009244803603560225,0.006582125997770682,-0.0016933609319192823,-0.01118343193780394,-4.8745345216937914e-4,-0.0024626832794385923
WK020005,Zuidoost,2022,4.122895293012667,0.02063044186898203,0.008710504805856811,0.014500557445433038,-0.010030200805196126,-0.005331581964264005,0.012781162387152037
WK020006,Oost,2002,4.135347973514281,0.033083122370595186,NA,NA,NA,NA,NA
WK020006,Oost,2008,4.167764474480923,0.06549962333723729,NA,NA,NA,NA,NA
WK020006,Oost,2012,4.162872694713678,0.06060784356999265,NA,NA,NA,NA,NA
WK020006,Oost,2014,4.148706098330588,0.04644124718690309,0.0067881523997593875,0.01210849070835203,0.01922522489805756,0.0032103338598885732,0.005109045320845278
WK020006,Oost,2016,4.160859608365609,0.05859475722192387,NA,NA,NA,NA,NA
WK020006,Oost,2018,4.186747578902937,0.08448272775925159,0.0068498279293252445,0.04352490300326586,0.015117015163298999,1.493555462859069e-4,0.01884162611707533
WK020006,Oost,2020,4.211383449585217,0.1091185984415317,0.00662679831431307,0.05111096629665556,0.01546165764450191,0.013899203686457584,0.02201997249960329
WK020006,Oost,2022,4.211735429556501,0.10947057841281499,0.004593805209462655,0.051127046570961274,0.014478931901352549,0.013571201649499987,0.025699593081538262
WK020007,Noordoost,2002,4.061955538047328,-0.04030931309635776,NA,NA,NA,NA,NA
WK020007,Noordoost,2008,4.078953725652014,-0.02331112549167087,NA,NA,NA,NA,NA
WK020007,Noordoost,2012,4.097747770522597,-0.004517080621088728,NA,NA,NA,NA,NA
WK020007,Noordoost,2014,4.083785471414593,-0.018479379729091548,0.01328480332884952,-0.003094259228532964,-0.010294486711326652,-0.0018207496819948074,-0.016554687436086922
WK020007,Noordoost,2016,4.097435639277534,-0.004829211866151017,NA,NA,NA,NA,NA
WK020007,Noordoost,2018,4.119744575584834,0.017479724441148935,0.01594651144580522,0.017940644453126403,-0.0011634636333225472,-0.011936627843280728,-0.0033073399811797003
WK020007,Noordoost,2020,4.121635824395821,0.019370973252135996,0.014473118160397055,0.01901830074473546,-0.003507941636508189,-0.0058985734529708065,-0.004713930563517819
WK020007,Noordoost,2022,4.110723398250571,0.008458547106885867,0.010861221383745604,0.004958432255584319,-0.0029755459873678667,-0.0032896463515680076,-0.001095914193508464
WK020008,Noord,2002,4.275235880435489,0.17297102929180344,NA,NA,NA,NA,NA
WK020008,Noord,2008,4.248875238622989,0.14661038747930355,NA,NA,NA,NA,NA
WK020008,Noord,2012,4.253978949225485,0.15171409808179975,NA,NA,NA,NA,NA
WK020008,Noord,2014,4.2642183971315495,0.16195354598786388,0.018695948432424815,0.04066280552012244,0.012824294733783131,0.0675799102731985,0.02219058702833474
WK020008,Noord,2016,4.258539265144778,0.15627441400109257,NA,NA,NA,NA,NA
WK020008,Noord,2018,4.27010499169025,0.16784014054656443,0.015294392395106578,0.04354282274420483,0.010058007393328102,0.06601673594690351,0.032928182067021146
WK020008,Noord,2020,4.294025741431843,0.1917608902881572,0.015711848388729265,0.058701378709683366,0.005654129978758906,0.07441450297669502,0.03727903023429038
WK020008,Noord,2022,4.31846140066136,0.21619654951767478,0.02030042897638553,0.07707130193625285,0.010025423577903394,0.07640375709435399,0.032395637932778755
WK020010,Uddel en omgeving,2002,4.201646595721292,0.09938174457760697,NA,NA,NA,NA,NA
WK020010,Uddel en omgeving,2008,4.205156287196745,0.10289143605305968,NA,NA,NA,NA,NA
WK020010,Uddel en omgeving,2012,4.18919804566556,0.08693319452187535,NA,NA,NA,NA,NA
WK020010,Uddel en omgeving,2014,4.156866935662348,0.054602084518663614,0.008596278990942414,0.11763340300270358,0.09293426731941803,-0.1755426638682946,0.010980799073893913
WK020010,Uddel en omgeving,2016,4.199903874822587,0.0976390236789021,NA,NA,NA,NA,NA
WK020010,Uddel en omgeving,2018,4.210509024472954,0.10824417332926935,0.027692772232497963,0.11622393365552082,0.09236203344975956,-0.16304971869726329,0.03501515268875405
WK020010,Uddel en omgeving,2020,4.156938542985606,0.054673691841920696,0.02007007917989399,0.1112713928503405,0.08831884901663442,-0.17851546528676676,0.013528836081818221
WK020010,Uddel en omgeving,2022,4.195563881635611,0.09329903049192532,0.031002283197019555,0.10997071003442101,0.09058238487940953,-0.18216844307977575,0.04391209546085075
WK020011,Hoog Soeren en Radio Kootwijk,2002,4.326293893954428,0.2240290428107427,NA,NA,NA,NA,NA
WK020011,Hoog Soeren en Radio Kootwijk,2008,4.440097159874063,0.3378323087303776,NA,NA,NA,NA,NA
WK020011,Hoog Soeren en Radio Kootwijk,2012,4.4367399675817785,0.3344751164380931,NA,NA,NA,NA,NA
WK020011,Hoog Soeren en Radio Kootwijk,2014,4.445140505957968,0.34287565481428284,0.15464676499886176,0.12461508104269317,0.14587241508405813,-0.15387407843563447,0.07161547212430391
WK020011,Hoog Soeren en Radio Kootwijk,2016,4.444004232887054,0.3417393817433694,NA,NA,NA,NA,NA
WK020011,Hoog Soeren en Radio Kootwijk,2018,4.441469152638448,0.3392043014947633,0.15074262071621405,0.13102235695644818,0.14064377965005,-0.15731271434549185,0.07410825851754262
WK020011,Hoog Soeren en Radio Kootwijk,2020,4.365822887326886,0.2635580361832007,0.14567650850695957,0.11051934772901155,0.1076396939959199,-0.15582428967156867,0.05554677562287807
WK020011,Hoog Soeren en Radio Kootwijk,2022,4.417882397201826,0.3156175460581406,0.15018680722198233,0.11774006156301013,0.11549008361812522,-0.15072450971377455,0.082925103368797215
WK020012,Hoenderloo en omgeving,2002,4.2756152751506065,0.17335042400692094,NA,NA,NA,NA,NA
WK020012,Hoenderloo en omgeving,2008,4.214376743095139,0.11211189195145381,NA,NA,NA,NA,NA
WK020012,Hoenderloo en omgeving,2012,4.248931454596765,0.1466666034530796,NA,NA,NA,NA,NA
WK020012,Hoenderloo en omgeving,2014,4.287561477611191,0.1852966264675059,0.09426914757245451,0.09213072306889909,0.08165524155391106,-0.13520902399411858,0.05245053826635948
WK020012,Hoenderloo en omgeving,2016,4.323610437304742,0.22134558616105698,NA,NA,NA,NA,NA
WK020012,Hoenderloo en omgeving,2018,4.306864546334292,0.2045996951906067,0.09628304441040016,0.09684253849914844,0.09297285870121412,-0.13444418393333188,0.052945437513175556
WK020012,Hoenderloo en omgeving,2020,4.3019049701185965,0.19964011897491132,0.09570426905503295,0.09595769698819076,0.08714754736269298,-0.1273715512287888,0.04820215679778311
WK020012,Hoenderloo en omgeving,2022,4.3107289804369096,0.2084641292932241,0.10128733071955737,0.0904344855035267,0.09126992123548272,-0.13164580463710793,0.05711819647176495
WK020013,Loenen en omgeving,2002,4.1493930038634295,0.047128152719744784,NA,NA,NA,NA,NA
WK020013,Loenen en omgeving,2008,4.13645603563053,0.034191184486844925,NA,NA,NA,NA,NA
WK020013,Loenen en omgeving,2012,4.1438021315422695,0.04153728039858411,NA,NA,NA,NA,NA
WK020013,Loenen en omgeving,2014,4.201340806232675,0.0990759550889903,0.015046184447990189,0.09121234320882518,0.06585597097484824,-0.12446445634943093,0.05142591280675733
WK020013,Loenen en omgeving,2016,4.217408708693385,0.11514385754969973,NA,NA,NA,NA,NA
WK020013,Loenen en omgeving,2018,4.192969460056659,0.09070460891297429,0.020323615817620173,0.08282622916472471,0.056605725826076134,-0.11764066843074286,0.04858970653529584
WK020013,Loenen en omgeving,2020,4.183427954952928,0.08116310380924315,0.020147840275788413,0.08974852158923848,0.05302398483152343,-0.13223525383961113,0.050478010952303726
WK020013,Loenen en omgeving,2022,4.192857552457419,0.09059270131373422,0.02685053898410501,0.08099701862925353,0.05751289252869046,-0.1310660279686879,0.05629827914037281
WK020014,Beekbergen en omgeving,2002,4.228951976224169,0.12668712508048402,NA,NA,NA,NA,NA
WK020014,Beekbergen en omgeving,2008,4.202249473034282,0.09998462189059741,NA,NA,NA,NA,NA
WK020014,Beekbergen en omgeving,2012,4.214941197521325,0.11267634637763971,NA,NA,NA,NA,NA
WK020014,Beekbergen en omgeving,2014,4.243099978821853,0.14083512767816816,0.03197626812549088,0.06287178669379746,0.05349193757335204,-0.0404467681159565,0.032941903401484056
WK020014,Beekbergen en omgeving,2016,4.273416196696048,0.17115134555236255,NA,NA,NA,NA,NA
WK020014,Beekbergen en omgeving,2018,4.259083168843551,0.1568183176998654,0.03158316674321363,0.07284726626318568,0.053582562569437185,-0.03680658097830749,0.035611903102336175
WK020014,Beekbergen en omgeving,2020,4.273103167234497,0.1708383160908117,0.033922020499332795,0.08073073048098528,0.046058424979631946,-0.033563499461179105,0.04369063959204054
WK020014,Beekbergen en omgeving,2022,4.286354340669483,0.1840894895257984,0.03831789273141221,0.07372040278482704,0.05445894460839157,-0.03311177971082491,0.050704029111992205
WK020015,Lieren en omgeving,2002,4.313012886615108,0.2107480354714234,NA,NA,NA,NA,NA
WK020015,Lieren en omgeving,2008,4.2690222317224125,0.1667573805787276,NA,NA,NA,NA,NA
WK020015,Lieren en omgeving,2012,4.270922337828336,0.16865748668465014,NA,NA,NA,NA,NA
WK020015,Lieren en omgeving,2014,4.274243014071497,0.17197816292781168,0.02230905118491667,0.10105453356984063,0.07913469946958843,-0.0980215586164342,0.06750143731989983
WK020015,Lieren en omgeving,2016,4.296108762010919,0.19384391086723368,NA,NA,NA,NA,NA
WK020015,Lieren en omgeving,2018,4.282748754761277,0.18048390361759226,0.020843192387736104,0.10961429557833709,0.09046637922946985,-0.10605635252489366,0.06561638894694258
WK020015,Lieren en omgeving,2020,4.272603084430937,0.17033823328725212,0.01652999098468784,0.1080928203289192,0.07750730015833712,-0.10422445390458761,0.07243257571989524
WK020015,Lieren en omgeving,2022,4.259731190203467,0.15746633905978125,0.019446274221190833,0.08775975013865542,0.08208740802790629,-0.10329528380187702,0.07146819047390554
WK020016,Klarenbeek en omgeving,2002,4.184948648185657,0.08268379704197117,NA,NA,NA,NA,NA
WK020016,Klarenbeek en omgeving,2008,4.153316894302196,0.051052043158511064,NA,NA,NA,NA,NA
WK020016,Klarenbeek en omgeving,2012,4.147233366416359,0.044968515272674335,NA,NA,NA,NA,NA
WK020016,Klarenbeek en omgeving,2014,4.21542645419231,0.11316160304862527,0.002688191505740619,0.08839676458650521,0.09199563950419137,-0.13932298634659104,0.0694039937987788
WK020016,Klarenbeek en omgeving,2016,4.211002211689622,0.10873736054593705,NA,NA,NA,NA,NA
WK020016,Klarenbeek en omgeving,2018,4.231973586243474,0.1297087350997886,0.01144511028430286,0.1002734704451569,0.09345295923942006,-0.1438707717981781,0.06840796692908663
WK020016,Klarenbeek en omgeving,2020,4.203389628725612,0.10112477758192631,0.001481969116160159,0.09833124363035278,0.08171526018160043,-0.14467772747187335,0.06427403212568603
WK020016,Klarenbeek en omgeving,2022,4.2030110747573035,0.10074622361361793,0.004947824829425253,0.08978793582996607,0.08272211222368146,-0.14258810482372078,0.06587645555426558
WK020017,Wenum Wiesel Beemte,2002,4.345042270033827,0.24277741889014204,NA,NA,NA,NA,NA
WK020017,Wenum Wiesel Beemte,2008,4.317393591790105,0.21512874064641932,NA,NA,NA,NA,NA
WK020017,Wenum Wiesel Beemte,2012,4.3230338821743315,0.2207690310306469,NA,NA,NA,NA,NA
WK020017,Wenum Wiesel Beemte,2014,4.339148819523143,0.23688396837945802,0.029374290636950427,0.10789202574449441,0.11673449483051211,-0.10888582324055159,0.09176898040805234
WK020017,Wenum Wiesel Beemte,2016,4.3502821261048705,0.24801727496118497,NA,NA,NA,NA,NA
WK020017,Wenum Wiesel Beemte,2018,4.345005954804838,0.24274110366115323,0.042384903265522356,0.11531654895738339,0.10991327614642864,-0.11391578527202413,0.08904216056384273
WK020017,Wenum Wiesel Beemte,2020,4.337829877326805,0.2355650261831203,0.03849266968231941,0.1130428541239841,0.10634283205615168,-0.10841960134732512,0.0861062716679899
WK020017,Wenum Wiesel Beemte,2022,4.354452762600975,0.25218791145728936,0.04098315017307077,0.12124355145317335,0.11010006814358492,-0.10774434077560299,0.08760548246306304
WK020201,Centrum,2002,3.9643249865520116,-0.1379398645916735,NA,NA,NA,NA,NA
WK020201,Centrum,2008,3.997586340160208,-0.1046785109834773,NA,NA,NA,NA,NA
WK020201,Centrum,2012,4.050903816849871,-0.05136103429381408,NA,NA,NA,NA,NA
WK020201,Centrum,2014,4.029218618403058,-0.07304623274062776,-0.009637445659203518,-0.20394970608112703,-0.03857622041760016,0.20191656286760368,-0.022799423450301008
WK020201,Centrum,2016,4.01865042565225,-0.08361442549143486,NA,NA,NA,NA,NA
WK020201,Centrum,2018,4.049563544934805,-0.05270130620888078,-0.01793675100417715,-0.17452069986090318,-0.036627276292395455,0.21569232001500258,-0.03930889906640787
WK020201,Centrum,2020,4.097764230422672,-0.004500620721012906,-0.005364071201183837,-0.18585119818790724,-0.04011170690809075,0.23522850030906195,-0.008402144732893328
WK020201,Centrum,2022,4.100447010325116,-0.001817840818569353,-0.00777933479928768,-0.18233146039163978,-0.04113118439278708,0.2479403807162237,-0.01851624195107882
WK020202,Spijkerkwartier,2002,3.893297302527903,-0.208967548615782,NA,NA,NA,NA,NA
WK020202,Spijkerkwartier,2008,3.9743493728903116,-0.12791547825337346,NA,NA,NA,NA,NA
WK020202,Spijkerkwartier,2012,4.018309807223487,-0.0839550439201985,NA,NA,NA,NA,NA
WK020202,Spijkerkwartier,2014,3.9993916597016437,-0.10287319144204173,-0.03010208654851299,-0.17328053689139428,-0.049699992205060474,0.1572087481310621,-0.00699932392813636
WK020202,Spijkerkwartier,2016,3.990219533327494,-0.11204531781619137,NA,NA,NA,NA,NA
WK020202,Spijkerkwartier,2018,4.030586778390735,-0.07167807275294959,-0.03037610567375692,-0.1481333475219582,-0.05507022347920637,0.16400044236928205,-0.002098838447310417
WK020202,Spijkerkwartier,2020,4.056116621766732,-0.046148229376953794,-0.029737484763250298,-0.15814995920016567,-0.05828942259421553,0.18119020135453615,0.01883843582614132
WK020202,Spijkerkwartier,2022,4.0481625038371325,-0.054102347306552674,-0.029595840989657552,-0.16427510771854734,-0.05672687065680883,0.19140327830345297,0.005092193755007792
WK020203,Arnhemse Broek,2002,3.7857972467404193,-0.3164676044032657,NA,NA,NA,NA,NA
WK020203,Arnhemse Broek,2008,3.826416234907921,-0.2758486162357641,NA,NA,NA,NA,NA
WK020203,Arnhemse Broek,2012,3.882358605116497,-0.21990624602718856,NA,NA,NA,NA,NA
WK020203,Arnhemse Broek,2014,3.8704480149056297,-0.23181683623805546,-0.03050933008965699,-0.16308648386576075,-0.061674474706825196,0.07562465074253062,-0.05217119831834347
WK020203,Arnhemse Broek,2016,3.862302749410528,-0.23996210173315707,NA,NA,NA,NA,NA
WK020203,Arnhemse Broek,2018,3.871106037616088,-0.2311588135275974,-0.03468908273441663,-0.16717694210507889,-0.0640272820953686,0.0783554916182017,-0.04362099821093524
WK020203,Arnhemse Broek,2020,3.9206645309440713,-0.18160032019961375,-0.0318722148429282,-0.16361640412596157,-0.06298092356897517,0.0966645204390845,-0.01979529810083356
WK020203,Arnhemse Broek,2022,3.934939875731107,-0.16732497541257768,-0.03710592001831257,-0.13632181903434573,-0.05862712079193589,0.09436980422606606,-0.02963991979404981
WK020204,Presikhaaf-West,2002,3.788313459673102,-0.31395139147058326,NA,NA,NA,NA,NA
WK020204,Presikhaaf-West,2008,3.751577792352456,-0.3506870587912294,NA,NA,NA,NA,NA
WK020204,Presikhaaf-West,2012,3.816158252529612,-0.2861065986140733,NA,NA,NA,NA,NA
WK020204,Presikhaaf-West,2014,3.7843407230173955,-0.31792412812628973,-0.022659044704233088,-0.15309211601508263,-0.08055415970697831,0.0409809239436384,-0.10259973164363433
WK020204,Presikhaaf-West,2016,3.818770639459875,-0.28349421168380995,NA,NA,NA,NA,NA
WK020204,Presikhaaf-West,2018,3.842216660739157,-0.26004819040452837,-0.022373411839066444,-0.13611849086711997,-0.07541817726424016,0.045651976636453526,-0.07179008707055558
WK020204,Presikhaaf-West,2020,3.8633786490958655,-0.23888620204781974,-0.02370392954597925,-0.13428954014022904,-0.07645565741413028,0.060604413876268075,-0.06504148882374955
WK020204,Presikhaaf-West,2022,3.829647807867215,-0.2726170432764705,-0.035004931938021046,-0.13954553167834105,-0.07859671755645811,0.051130113876049196,-0.07059997597969973
WK020205,Presikhaaf-Oost,2002,3.9361281282009744,-0.1661367229427113,NA,NA,NA,NA,NA
WK020205,Presikhaaf-Oost,2008,3.9070812149664933,-0.19518363617719223,NA,NA,NA,NA,NA
WK020205,Presikhaaf-Oost,2012,3.9403511324067075,-0.1619137187369778,NA,NA,NA,NA,NA
WK020205,Presikhaaf-Oost,2014,3.919911789715593,-0.18235306142809227,-0.022751988015007024,-0.04913566353265553,-0.040610871406280905,0.03662942523976457,-0.10648396371391368
WK020205,Presikhaaf-Oost,2016,3.91360299627118,-0.18866185487250575,NA,NA,NA,NA,NA
WK020205,Presikhaaf-Oost,2018,3.9552512342638373,-0.14701361687984807,-0.019214761755585404,-0.026762376558891025,-0.03646622623137359,0.034381485563041075,-0.09895173789703939
WK020205,Presikhaaf-Oost,2020,3.9562609243928106,-0.1460039267508746,-0.016581795117529656,-0.03132880327377464,-0.038825283449930185,0.044132636451242206,-0.10340068136088261
WK020205,Presikhaaf-Oost,2022,3.932945083167369,-0.1693197679763163,-0.019005452599573484,-0.04067301967217267,-0.04176062351441279,0.03606215057418602,-0.10394282276434363
WK020206,St. Marten/Sonsbeek,2002,4.072490531145577,-0.029774319998108853,NA,NA,NA,NA,NA
WK020206,St. Marten/Sonsbeek,2008,4.127006395747826,0.024741544604140717,NA,NA,NA,NA,NA
WK020206,St. Marten/Sonsbeek,2012,4.147579230089244,0.04531437894555855,NA,NA,NA,NA,NA
WK020206,St. Marten/Sonsbeek,2014,4.133474051015173,0.031209199871487393,-0.03432123425608116,-0.0754285062702571,-0.041934087012038226,0.1413651474620232,0.04152787994784041
WK020206,St. Marten/Sonsbeek,2016,4.153210376623233,0.05094552547954678,NA,NA,NA,NA,NA
WK020206,St. Marten/Sonsbeek,2018,4.189144547178164,0.08687969603447844,-0.034596396092905234,-0.020713279140194267,-0.044313506033825265,0.14492480874039426,0.041578068561008645
WK020206,St. Marten/Sonsbeek,2020,4.221180363477595,0.11891551233390996,-0.03182897196741991,-0.013260919142091768,-0.04281061303329075,0.15417840039931308,0.05263761607739902
WK020206,St. Marten/Sonsbeek,2022,4.207946100916682,0.1056812497729965,-0.02692873936760909,-0.030317584831319622,-0.04435099431758307,0.15373627732660802,0.0535422909629
WK020207,Klarendal,2002,3.8031909448001198,-0.29907390634356534,NA,NA,NA,NA,NA
WK020207,Klarendal,2008,3.8602613186760046,-0.24200353246768072,NA,NA,NA,NA,NA
WK020207,Klarendal,2012,3.9525726998291857,-0.1496921513144997,NA,NA,NA,NA,NA
WK020207,Klarendal,2014,3.943138071961797,-0.15912677918188814,-0.021076296229866533,-0.17289439567161893,-0.06861421879856101,0.12399726708879306,-0.020539135570635008
WK020207,Klarendal,2016,3.982218938927639,-0.1200459122160464,NA,NA,NA,NA,NA
WK020207,Klarendal,2018,4.011496553382172,-0.09076829776151325,-0.018232417391246963,-0.129107743582828,-0.06728895153775417,0.13113065517741188,-0.0072698404270962694
WK020207,Klarendal,2020,4.06292454484866,-0.03934030629502484,-0.019635770818866288,-0.10649327211588124,-0.06281027595969656,0.13948499687630683,0.010114015723112104
WK020207,Klarendal,2022,4.04203092695889,-0.06023392418479569,-0.021096049038241076,-0.12325964130447879,-0.06463835827554598,0.14158569378220615,0.007174430651263696
WK020208,Velperweg e.o.,2002,4.220087709255561,0.1178228581118757,NA,NA,NA,NA,NA
WK020208,Velperweg e.o.,2008,4.220171186525117,0.11790633538143196,NA,NA,NA,NA,NA
WK020208,Velperweg e.o.,2012,4.238043004780278,0.13577815363659243,NA,NA,NA,NA,NA
WK020208,Velperweg e.o.,2014,4.2050141717948355,0.102749320651151,-0.01230586530003885,0.032273068787325276,0.02225026503461161,0.06204751217687449,-0.0015156600476218334
WK020208,Velperweg e.o.,2016,4.241032985598318,0.13876813445463337,NA,NA,NA,NA,NA
WK020208,Velperweg e.o.,2018,4.243928732313698,0.14166388117001305,-0.0025909951443564027,0.05549977784337437,0.019585268386541833,0.07054885343399216,-0.0013790233495391882
WK020208,Velperweg e.o.,2020,4.246277874064026,0.14401302292034013,-0.007847912908150125,0.054477360705842165,0.010026631918624079,0.07977085203164794,0.007586091172375782
WK020208,Velperweg e.o.,2022,4.206783813270396,0.10451896212671115,-0.02013393845221351,0.036984761635689284,0.004877646214472373,0.08229212893119262,4.983637975701085e-4
WK020209,Alteveer/Cranevelt,2002,4.203123510184095,0.10085865904040954,NA,NA,NA,NA,NA
WK020209,Alteveer/Cranevelt,2008,4.179265335120462,0.07700048397677736,NA,NA,NA,NA,NA
WK020209,Alteveer/Cranevelt,2012,4.21228226775483,0.11001741661114454,NA,NA,NA,NA,NA
WK020209,Alteveer/Cranevelt,2014,4.221401698140283,0.11913684699659725,0.004912618917357998,0.05981871035823478,0.005994094138371847,0.05355399561168822,-0.005142572029055818
WK020209,Alteveer/Cranevelt,2016,4.238644190818763,0.1363793396750778,NA,NA,NA,NA,NA
WK020209,Alteveer/Cranevelt,2018,4.261852047216783,0.15958719607309713,0.012453808471425921,0.07337623031989025,0.011580946516522743,0.05546756203618507,0.006708648729072903
WK020209,Alteveer/Cranevelt,2020,4.2422161800158245,0.13995132887213974,0.01693127078240682,0.062965485976658,0.009458543094391824,0.054283837321240015,-0.0036878083025571767
WK020209,Alteveer/Cranevelt,2022,4.266450958326274,0.1641861071825889,0.025036184609430707,0.0791905713313632,0.014095179051256455,0.04706065665313807,-0.0011964844625997925
WK020210,Geitenkamp,2002,3.931492591240517,-0.17077225990316797,NA,NA,NA,NA,NA
WK020210,Geitenkamp,2008,3.893630678675918,-0.2086341724677668,NA,NA,NA,NA,NA
WK020210,Geitenkamp,2012,3.934647055774103,-0.16761779536958238,NA,NA,NA,NA,NA
WK020210,Geitenkamp,2014,3.924447376619073,-0.17781747452461194,0.001810252856261518,-0.1590878565379109,-0.057416898576451644,0.04754044704311595,-0.010663419309627123
WK020210,Geitenkamp,2016,3.948855264959314,-0.1534095861843708,NA,NA,NA,NA,NA
WK020210,Geitenkamp,2018,3.964439785516847,-0.13782506562683833,0.003976855996873988,-0.13624391234898584,-0.05227027517073311,0.05301111698118432,-0.006298851085177914
WK020210,Geitenkamp,2020,3.979190456357409,-0.12307439478627635,0.004761414016432041,-0.1401574882599986,-0.05209529654783272,0.0628348289558612,0.0015821470492614373
WK020210,Geitenkamp,2022,3.961114700662438,-0.1411501504812471,0.00220634451541113,-0.14533600609024197,-0.04992844097172207,0.06165668448752922,-0.00974873242222367
WK020211,Monnikenhuizen,2002,4.082303853935078,-0.019960997208607546,NA,NA,NA,NA,NA
WK020211,Monnikenhuizen,2008,4.078808892705163,-0.0234559584385228,NA,NA,NA,NA,NA
WK020211,Monnikenhuizen,2012,4.158220236826568,0.05595538568288279,NA,NA,NA,NA,NA
WK020211,Monnikenhuizen,2014,4.135778921283056,0.03351407013937155,0.017519257043583515,-0.018469486432195502,-0.016542323796169187,0.053995020100046635,-0.0029883967758941683
WK020211,Monnikenhuizen,2016,4.158975972027103,0.056711120883417725,NA,NA,NA,NA,NA
WK020211,Monnikenhuizen,2018,4.171068703874991,0.0688038527313063,0.012867746533500243,0.009551782899618335,-0.0034368917838840086,0.04761290725890744,0.002208307823163951
WK020211,Monnikenhuizen,2020,4.177259279599175,0.07499442845549013,0.013551695711706564,4.1440979189448084e-4,-0.002305752246788708,0.05477492237243581,0.008559152826241697
WK020211,Monnikenhuizen,2022,4.156205983190965,0.05394113204727973,0.014682347663612115,-0.009930886229400467,-0.00287220651066622,0.050888873865460746,0.0011730032582732968
WK020212,Burgemeesterswijk/Hoogkamp,2002,4.229328157386102,0.12706330624241682,NA,NA,NA,NA,NA
WK020212,Burgemeesterswijk/Hoogkamp,2008,4.255270020204726,0.15300516906104136,NA,NA,NA,NA,NA
WK020212,Burgemeesterswijk/Hoogkamp,2012,4.2685076907676835,0.16624283962399872,NA,NA,NA,NA,NA
WK020212,Burgemeesterswijk/Hoogkamp,2014,4.3216182416934785,0.21935339054979347,-0.01872767647849483,0.06098806747683262,0.024610558149174594,0.11031819371921944,0.0421642476830613
WK020212,Burgemeesterswijk/Hoogkamp,2016,4.348560216530371,0.24629536538668592,NA,NA,NA,NA,NA
WK020212,Burgemeesterswijk/Hoogkamp,2018,4.324559309647947,0.2222944585042621,-0.014429434590330362,0.05844137561624307,0.02190633176862369,0.10057838316126488,0.05579780254846055
WK020212,Burgemeesterswijk/Hoogkamp,2020,4.314964421689263,0.21269957054557737,-0.010601698676638485,0.04641137500582037,0.02108083077616619,0.10821385374077537,0.04759520969945359
WK020212,Burgemeesterswijk/Hoogkamp,2022,4.342756928662018,0.24049207751833268,-0.013435113766006809,0.06513241806454598,0.020122966378879878,0.10583575709295322,0.06283604974796017
WK020213,Schaarsbergen,2002,4.321751179507442,0.2194863283637561,NA,NA,NA,NA,NA
WK020213,Schaarsbergen,2008,4.291674427806917,0.1894095766632322,NA,NA,NA,NA,NA
WK020213,Schaarsbergen,2012,4.296651908161897,0.1943870570182115,NA,NA,NA,NA,NA
WK020213,Schaarsbergen,2014,4.335158637508888,0.23289378636520291,0.05064484790376501,0.08232067047146663,0.09020060564603695,-0.06148443067134623,0.07121209301528032
WK020213,Schaarsbergen,2016,4.315288375547805,0.2130235244041196,NA,NA,NA,NA,NA
WK020213,Schaarsbergen,2018,4.34744422959559,0.24517937845190438,0.055250994398986675,0.09055029638470498,0.08385967114629525,-0.061041260912257755,0.07655967743417495
WK020213,Schaarsbergen,2020,4.31319478402367,0.21092993287998518,0.0569454621492354,0.07349195955113823,0.07629957486287613,-0.05967199920587912,0.06386493552261431
WK020213,Schaarsbergen,2022,4.326567915075419,0.2243030639317335,0.055246882527769534,0.09504633355913188,0.07559125908066981,-0.0562833224003761,0.0547019111645381
WK020214,Heijenoord/Lombok,2002,4.07800621275815,-0.02425863838553515,NA,NA,NA,NA,NA
WK020214,Heijenoord/Lombok,2008,4.083232992622319,-0.019031858521365623,NA,NA,NA,NA,NA
WK020214,Heijenoord/Lombok,2012,4.114200788667385,0.011935937523699876,NA,NA,NA,NA,NA
WK020214,Heijenoord/Lombok,2014,4.183530987920811,0.08126613677712595,-0.04207510005030769,-0.0016602524084460442,-0.005281592024733523,0.1042192515756371,0.026063829684975847
WK020214,Heijenoord/Lombok,2016,4.20037811218212,0.09811326103843428,NA,NA,NA,NA,NA
WK020214,Heijenoord/Lombok,2018,4.201482712785577,0.09921786164189139,-0.03815353663909201,0.01110829479016333,-0.00780044257579942,0.0942202208209284,0.03984332524569079
WK020214,Heijenoord/Lombok,2020,4.194908481893109,0.09264363074942403,-0.03563844132552729,-0.00234993443447259,-0.0059544792560036535,0.10572560839445666,0.030860877370970596
WK020214,Heijenoord/Lombok,2022,4.205912905507494,0.1036480543638088,-0.04253604454222458,0.0068842919088683615,-0.00374386869248298,0.1048920235466551,0.0381516521429927
WK020215,Klingelbeek e.o.,2002,4.2824052668105255,0.18014041566684028,NA,NA,NA,NA,NA
WK020215,Klingelbeek e.o.,2008,4.2604927847155825,0.1582279335718974,NA,NA,NA,NA,NA
WK020215,Klingelbeek e.o.,2012,4.213911971474334,0.11164712033064958,NA,NA,NA,NA,NA
WK020215,Klingelbeek e.o.,2014,4.316846968043435,0.21458211689974896,0.008839820906325464,0.05073945206901771,0.04587212549019926,0.05923970168644013,0.04989101674776618
WK020215,Klingelbeek e.o.,2016,4.321397297844773,0.21913244670108825,NA,NA,NA,NA,NA
WK020215,Klingelbeek e.o.,2018,4.329226559840067,0.22696170869638213,0.010328503683390843,0.06952103444712066,0.05663002129608406,0.04983702577531711,0.040645123494469186
WK020215,Klingelbeek e.o.,2020,4.313286059835347,0.21102120869166224,0.009553965315751041,0.06558860036987756,0.04587800235758679,0.06070977397980345,0.02929086666864326
WK020215,Klingelbeek e.o.,2022,4.308482891811815,0.20621804066813015,-0.012405547782570164,0.07969494708582266,0.04766087409342369,0.06249307341206458,0.02877469385938905
WK020216,Malburgen-West,2002,3.712714601019422,-0.38955025012426303,NA,NA,NA,NA,NA
WK020216,Malburgen-West,2008,3.834238434270332,-0.2680264168733534,NA,NA,NA,NA,NA
WK020216,Malburgen-West,2012,3.8599690333733863,-0.2422958177702992,NA,NA,NA,NA,NA
WK020216,Malburgen-West,2014,3.845973194302203,-0.25629165684148225,-0.028398654299052008,-0.19025642551695882,-0.03729673536112022,0.0651994237534604,-0.06553926541781188
WK020216,Malburgen-West,2016,3.886399326279854,-0.2158655248638311,NA,NA,NA,NA,NA
WK020216,Malburgen-West,2018,3.9209564090347726,-0.18130844210891248,-0.01685302770832935,-0.14530254961128972,-0.04005334466959125,0.0655012772942355,-0.04460079741393797
WK020216,Malburgen-West,2020,3.9344228313470073,-0.16784201979667823,-0.013243124238775245,-0.14900004624616336,-0.04310238048910123,0.07706501091722752,-0.03956147973986614
WK020216,Malburgen-West,2022,3.9617152720242204,-0.14054957911946467,-0.004807565430134572,-0.1342549586933826,-0.04017756283976622,0.0647785712508063,-0.026088063406987858
WK020217,Malburgen-Oost (Noord),2002,3.6664511065347836,-0.43581374460890177,NA,NA,NA,NA,NA
WK020217,Malburgen-Oost (Noord),2008,3.7336767613264166,-0.36858808981726854,NA,NA,NA,NA,NA
WK020217,Malburgen-Oost (Noord),2012,3.883127984420146,-0.21913686672353958,NA,NA,NA,NA,NA
WK020217,Malburgen-Oost (Noord),2014,3.8490497457335686,-0.25321510541011666,-0.01588639123579937,-0.11934722357687527,-0.04359355472773126,0.022205237602080916,-0.09659317347179192
WK020217,Malburgen-Oost (Noord),2016,3.8774538043746287,-0.22481104676905644,NA,NA,NA,NA,NA
WK020217,Malburgen-Oost (Noord),2018,3.9076127411400066,-0.19465211000367896,-0.008824400046572485,-0.07314677252927242,-0.04300851115442052,0.014787482265840094,-0.08445990853925388
WK020217,Malburgen-Oost (Noord),2020,3.9298270531833417,-0.17243779796034345,-5.281823876194055e-4,-0.09854154568571603,-0.042628305469457964,0.044589784081279685,-0.07532954849882997
WK020217,Malburgen-Oost (Noord),2022,3.893431682699797,-0.2088331684438883,-0.005991692727155431,-0.1250637490231224,-0.03945001571578534,0.030713434895658698,-0.06904114587348412
WK020218,Malburgen-Oost (Zuid),2002,3.6800604325620188,-0.42220441858166635,NA,NA,NA,NA,NA
WK020218,Malburgen-Oost (Zuid),2008,3.688261942758629,-0.41400290838505593,NA,NA,NA,NA,NA
WK020218,Malburgen-Oost (Zuid),2012,3.7812710534215057,-0.32099379772217934,NA,NA,NA,NA,NA
WK020218,Malburgen-Oost (Zuid),2014,3.7782549484382,-0.32400990270548563,-0.019992604043094966,-0.17131145399440248,-0.0792588015429183,0.025952315952187686,-0.07939935907725783
WK020218,Malburgen-Oost (Zuid),2016,3.7865211496312834,-0.31574370151240205,NA,NA,NA,NA,NA
WK020218,Malburgen-Oost (Zuid),2018,3.797972379835333,-0.30429247130835213,-0.015622089702110287,-0.16316863250050992,-0.07580720256691502,0.02354242608964457,-0.07323697262846175
WK020218,Malburgen-Oost (Zuid),2020,3.8486425264564472,-0.2536223246872383,-0.01085407313035982,-0.1551229916275598,-0.06970257991290568,0.04856402921727886,-0.0665067092336921
WK020218,Malburgen-Oost (Zuid),2022,3.8704810731721593,-0.23178377797152586,-0.009299491326473312,-0.12529483974535563,-0.07096246570030329,0.03837148674866791,-0.06459846794806179
WK020219,Vredenburg/Kronenburg,2002,3.9054683360796028,-0.19679651506408244,NA,NA,NA,NA,NA
WK020219,Vredenburg/Kronenburg,2008,3.8904314722302598,-0.21183337891342563,NA,NA,NA,NA,NA
WK020219,Vredenburg/Kronenburg,2012,3.897495021170116,-0.2047698299735694,NA,NA,NA,NA,NA
WK020219,Vredenburg/Kronenburg,2014,3.9235978886718024,-0.1786669624718826,-0.018638680887998547,-0.08575405359126423,-0.045095809433673605,0.03465747712668861,-0.06383589568563515
WK020219,Vredenburg/Kronenburg,2016,3.934329973517227,-0.16793487762645842,NA,NA,NA,NA,NA
WK020219,Vredenburg/Kronenburg,2018,3.932178141055285,-0.17008671008839982,-0.02366640230975005,-0.08363713977701208,-0.04454054582514298,0.026683136678792633,-0.04492575885528762
WK020219,Vredenburg/Kronenburg,2020,3.9589731846458602,-0.1432916664978248,-0.020351108302025557,-0.08181276967089689,-0.04048438681340317,0.03979704730391034,-0.040440449015409836
WK020219,Vredenburg/Kronenburg,2022,3.9484033423997955,-0.15386150874388985,-0.010401604397002358,-0.06451189634104998,-0.046658567876785836,0.030894803231286724,-0.06318424336033868
WK020220,Elden,2002,4.123353861644369,0.021089010500683326,NA,NA,NA,NA,NA
WK020220,Elden,2008,4.094669281728022,-0.007595569415663831,NA,NA,NA,NA,NA
WK020220,Elden,2012,4.149226358023754,0.046961506880069295,NA,NA,NA,NA,NA
WK020220,Elden,2014,4.216878167553446,0.11461331640976108,-0.010715218475559346,0.03522549895032823,0.0349689959711149,0.022803203485434426,0.032330836478442634
WK020220,Elden,2016,4.205684856929712,0.10342000578602627,NA,NA,NA,NA,NA
WK020220,Elden,2018,4.160178833054268,0.05791398191058352,-0.016246358313937375,0.0039356811150630016,0.027653215694726813,0.010871009232343186,0.03170043418238758
WK020220,Elden,2020,4.202743324783876,0.10047847364019127,-0.01134282668895753,0.016407155974352435,0.02509796556988068,0.03809207115588339,0.032224107629032016
WK020220,Elden,2022,4.189124090472116,0.08685923932843068,-0.01736233938269186,0.026127428635193222,0.024292354737758183,0.022578667052737523,0.031223128285433305
WK020221,Elderveld,2002,3.9185825603456332,-0.18368229079805157,NA,NA,NA,NA,NA
WK020221,Elderveld,2008,3.922269246827998,-0.1799956043156872,NA,NA,NA,NA,NA
WK020221,Elderveld,2012,3.9410069176163174,-0.16125793352736817,NA,NA,NA,NA,NA
WK020221,Elderveld,2014,3.9703150141193153,-0.13194983702437,-0.0057924897256902376,-0.03675384579695566,-0.014924186921889852,-0.039885368719388116,-0.03459394586044637
WK020221,Elderveld,2016,3.9777812442525673,-0.12448360689111773,NA,NA,NA,NA,NA
WK020221,Elderveld,2018,3.993994917757476,-0.10826993338620884,-0.004581473363770091,-0.023544484264547885,-0.016722046644357957,-0.03837596365229565,-0.025045965461237572
WK020221,Elderveld,2020,4.021611949823356,-0.08065290132032918,-0.002602621201970064,-0.027582846068468607,-0.018201185439599716,-0.00882769191341825,-0.02343855669687283
WK020221,Elderveld,2022,4.0252565646959235,-0.0770082864477614,-0.0013852459033659539,-0.026841517622837388,-0.01662830026010008,-0.019758620485281264,-0.012394602176177019
WK020222,De Laar,2002,3.878398466691424,-0.22386638445226106,NA,NA,NA,NA,NA
WK020222,De Laar,2008,3.8852163479650446,-0.21704850317864063,NA,NA,NA,NA,NA
WK020222,De Laar,2012,3.9065693860000814,-0.19569546514360345,NA,NA,NA,NA,NA
WK020222,De Laar,2014,3.954038191846714,-0.14822665929697124,-0.00876823253152226,-0.046614307085093114,-0.013401804265081115,-0.04300980244405152,-0.03643251297122352
WK020222,De Laar,2016,3.9810647943586837,-0.12120005678500165,NA,NA,NA,NA,NA
WK020222,De Laar,2018,3.9653368200476566,-0.13692803109602825,-0.00830135108672725,-0.033698352581391366,-0.018659067430033566,-0.04631777920493777,-0.029951480792938554
WK020222,De Laar,2020,3.992473871919736,-0.10979097922394955,-0.0028761031316593914,-0.04216177674964851,-0.019884984307272556,-0.020094625894811223,-0.024773489140558155
WK020222,De Laar,2022,4.019571402485688,-0.0826934486579967,-1.9791541326955785e-4,-0.023226261100053856,-0.017930234954318572,-0.029666488970548174,-0.01167254821980684
WK020223,Rijkerswoerd,2002,4.025595612730508,-0.07666923841317709,NA,NA,NA,NA,NA
WK020223,Rijkerswoerd,2008,4.009548908402095,-0.09271594274159008,NA,NA,NA,NA,NA
WK020223,Rijkerswoerd,2012,3.993032770763883,-0.1092320803798022,NA,NA,NA,NA,NA
WK020223,Rijkerswoerd,2014,4.032340561655146,-0.06992428948853922,-0.00394384070745195,0.0013907327793277638,-0.009159008238726164,-0.028768137573880276,-0.02944403574780886
WK020223,Rijkerswoerd,2016,4.026500334005912,-0.07576451713777316,NA,NA,NA,NA,NA
WK020223,Rijkerswoerd,2018,4.046429382481102,-0.055835468662583446,-0.005443426730906285,0.0032330995585902475,-0.009781983168767766,-0.02810738824326934,-0.015735770078230592
WK020223,Rijkerswoerd,2020,4.0505074610580065,-0.051757390085678256,-6.986059207483181e-4,-0.00895579180159928,-0.008299048756808342,-0.017734398069051593,-0.016069545537471003
WK020223,Rijkerswoerd,2022,4.0771470375768954,-0.025117813566789753,0.0037621677035368653,0.022567487467240185,-0.012596947023084466,-0.030961529317690334,-0.007888992396792293
WK020224,Schuytgraaf,2002,3.8229681974904786,-0.27929665365320655,NA,NA,NA,NA,NA
WK020224,Schuytgraaf,2008,4.014326072600718,-0.08793877854296686,NA,NA,NA,NA,NA
WK020224,Schuytgraaf,2012,4.0539400682500295,-0.04832478289365617,NA,NA,NA,NA,NA
WK020224,Schuytgraaf,2014,4.025794313891494,-0.07647053725219115,-0.014384352393562424,-0.0015177170402363444,0.041742594129907905,-0.10125204824911324,-0.0010590136991872987
WK020224,Schuytgraaf,2016,4.023282841316222,-0.07898200982746316,NA,NA,NA,NA,NA
WK020224,Schuytgraaf,2018,4.069949074388128,-0.03231577675555713,-0.00711912108397408,0.011969380529943341,0.034336387284520244,-0.08633147087198806,0.014829047385941123
WK020224,Schuytgraaf,2020,4.07122044730007,-0.031044403843614964,-0.007853043897668213,6.248565653699162e-4,0.021788709209619873,-0.058315361542309624,0.012710435821372792
WK020224,Schuytgraaf,2022,4.104366531725555,0.0021016805818696305,0.0012882026858777663,0.017106552659641793,0.02509732363707423,-0.06090101046079701,0.019510612060072586
WK020354,Wijk 54 Barneveld,2002,4.031031262953512,-0.07123358819017347,NA,NA,NA,NA,NA
WK020354,Wijk 54 Barneveld,2008,4.047798682975714,-0.054466168167970785,NA,NA,NA,NA,NA
WK020354,Wijk 54 Barneveld,2012,4.064697020533775,-0.03756783060991008,NA,NA,NA,NA,NA
WK020354,Wijk 54 Barneveld,2014,4.064068965779326,-0.03819588536435945,-0.013277279724304291,0.05218639309219786,0.023295450768655447,-0.0767151092995612,-0.023685340201347556
WK020354,Wijk 54 Barneveld,2016,4.059439147503641,-0.04282570364004483,NA,NA,NA,NA,NA
WK020354,Wijk 54 Barneveld,2018,4.076799675553022,-0.025465175590663042,-0.019952121951091133,0.053785778611336876,0.02663099926606786,-0.07416949914906337,-0.011760332367913549
WK020354,Wijk 54 Barneveld,2020,4.102960467365223,6.956162215385283e-4,-0.017838836350704403,0.056629714469467886,0.025698011746173432,-0.053791829299674306,-0.010001444343724367
WK020354,Wijk 54 Barneveld,2022,4.118172333518504,0.015907482374818475,-0.014511123715574897,0.05503958022830997,0.020713890314622764,-0.05864735802585855,0.013312493573318911
WK020355,Wijk 55 Voorthuizen,2002,4.011278054042393,-0.09098679710129222,NA,NA,NA,NA,NA
WK020355,Wijk 55 Voorthuizen,2008,4.0522287184021275,-0.05003613274155729,NA,NA,NA,NA,NA
WK020355,Wijk 55 Voorthuizen,2012,4.0834028364358845,-0.018862014707800093,NA,NA,NA,NA,NA
WK020355,Wijk 55 Voorthuizen,2014,4.094406117132816,-0.007858734010869664,0.009078404998682156,0.07488916781423134,0.046660216781359246,-0.14172805010038886,0.0032415264952461867
WK020355,Wijk 55 Voorthuizen,2016,4.113353672623918,0.011088821480233595,NA,NA,NA,NA,NA
WK020355,Wijk 55 Voorthuizen,2018,4.118288239450373,0.016023388306687064,-7.503433070998705e-4,0.0881749632805469,0.04580850258499417,-0.13510145463227752,0.017891720380523085
WK020355,Wijk 55 Voorthuizen,2020,4.129129184776397,0.026864333632711422,0.002112386885909126,0.08900942774017645,0.04399862473464322,-0.11796874869644997,0.009712642968432349
WK020355,Wijk 55 Voorthuizen,2022,4.150974768887739,0.048709917744054226,0.006300967457559145,0.08504358590233471,0.04399356928650424,-0.11463013449386308,0.02800192959151891
WK020356,Wijk 56 Kootwijkerbroek,2002,4.059060338711052,-0.04320451243263352,NA,NA,NA,NA,NA
WK020356,Wijk 56 Kootwijkerbroek,2008,4.0610306001657195,-0.04123425097796528,NA,NA,NA,NA,NA
WK020356,Wijk 56 Kootwijkerbroek,2012,4.073861021920258,-0.028403829223428073,NA,NA,NA,NA,NA
WK020356,Wijk 56 Kootwijkerbroek,2014,4.093141949922487,-0.009122901221198774,-0.01830699488688342,0.09673464459246735,0.09967756973990015,-0.19439950302826725,0.007171382361584126
WK020356,Wijk 56 Kootwijkerbroek,2016,4.103440089191501,0.0011752380478163205,NA,NA,NA,NA,NA
WK020356,Wijk 56 Kootwijkerbroek,2018,4.1150601780355665,0.012795326891881679,-0.02377314271051046,0.1000637334682392,0.1011666969149935,-0.1904757153208139,0.025813754539973074
WK020356,Wijk 56 Kootwijkerbroek,2020,4.100171752795851,-0.002093098347834034,-0.025845008283661854,0.10285981272795454,0.08151972513585716,-0.1813998286274081,0.020772200699423978
WK020356,Wijk 56 Kootwijkerbroek,2022,4.113120833617077,0.010855982473391805,-0.03220964909195316,0.09474287909702457,0.08529080081978918,-0.1752408460635328,0.038272797712063676
WK020357,Wijk 57 Garderen,2002,4.163894788907179,0.06162993776349346,NA,NA,NA,NA,NA
WK020357,Wijk 57 Garderen,2008,4.146071633667764,0.04380678252407862,NA,NA,NA,NA,NA
WK020357,Wijk 57 Garderen,2012,4.149576450918082,0.04731159977439681,NA,NA,NA,NA,NA
WK020357,Wijk 57 Garderen,2014,4.196143992112801,0.09387914096911575,0.048850135466187175,0.09053959642835735,0.07874673811494702,-0.15245799120815454,0.028200662167778466
WK020357,Wijk 57 Garderen,2016,4.21744469599509,0.1151798448514055,NA,NA,NA,NA,NA
WK020357,Wijk 57 Garderen,2018,4.213005685679194,0.11074083453550941,0.044671568805296956,0.10912828387675602,0.07259451835419385,-0.14379465408993483,0.02814111758919719
WK020357,Wijk 57 Garderen,2020,4.213137352803324,0.11087250165963924,0.04360500108253794,0.11048491872934682,0.06836124208824593,-0.14662825973960225,0.03504959949911053
WK020357,Wijk 57 Garderen,2022,4.214231462435912,0.1119666112922265,0.041317980952398886,0.10473830090789737,0.06906438826626676,-0.1465260743110162,0.04337201547667945
WK020358,Wijk 58 Terschuur,2002,4.06842845769952,-0.03383639344416527,NA,NA,NA,NA,NA
WK020358,Wijk 58 Terschuur,2008,4.077096208030476,-0.0251686431132096,NA,NA,NA,NA,NA
WK020358,Wijk 58 Terschuur,2012,4.111608212468652,0.009343361324966801,NA,NA,NA,NA,NA
WK020358,Wijk 58 Terschuur,2014,4.113683354978757,0.011418503835071649,-0.02722266038868365,0.09052626721515436,0.07672594345778802,-0.1627780733458551,0.0341670268966677
WK020358,Wijk 58 Terschuur,2016,4.130775801228611,0.028510950084925876,NA,NA,NA,NA,NA
WK020358,Wijk 58 Terschuur,2018,4.139788479539187,0.03752362839550157,-0.027355570888958822,0.09935108971411673,0.09123292349511597,-0.15838847486097168,0.03268366093619905
WK020358,Wijk 58 Terschuur,2020,4.136938237102688,0.03467338595900292,-0.027788700666461934,0.09442558979020983,0.07128283349382013,-0.1460347838891251,0.04278844723055976
WK020358,Wijk 58 Terschuur,2022,4.162759134859387,0.06049428371570121,-0.024921387859669845,0.10127369258267875,0.07779033464616283,-0.1484093578684051,0.05476100221493424
WK020359,Wijk 59 Stroe,2002,4.030714608729074,-0.0715502424146113,NA,NA,NA,NA,NA
WK020359,Wijk 59 Stroe,2008,4.078669169854496,-0.023595681289189045,NA,NA,NA,NA,NA
WK020359,Wijk 59 Stroe,2012,4.091419013323972,-0.010845837819712639,NA,NA,NA,NA,NA
WK020359,Wijk 59 Stroe,2014,4.1061557351555305,0.003890884011844837,-0.012338607816169357,0.09009630702918461,0.07844923848343786,-0.17683490207650598,0.024518848391897555
WK020359,Wijk 59 Stroe,2016,4.118405282703961,0.016140431560275424,NA,NA,NA,NA,NA
WK020359,Wijk 59 Stroe,2018,4.117535577196705,0.015270726053019306,-0.018159610448658395,0.10733340865035469,0.07522292572281317,-0.1741852760283631,0.02505927815687268
WK020359,Wijk 59 Stroe,2020,4.1313976376114745,0.029132786467788656,-0.017343144989032794,0.11019198031586651,0.07727363433629922,-0.16624332097201489,0.02525363777667035
WK020359,Wijk 59 Stroe,2022,4.1182977204767095,0.016032869333023482,-0.016835025521799885,0.09164673072594466,0.07546150992496005,-0.16716361209274525,0.03292326629666357
WK020360,Wijk 60 Zwartebroek,2002,4.115137500474701,0.0128726493310159,NA,NA,NA,NA,NA
WK020360,Wijk 60 Zwartebroek,2008,4.150342323097862,0.04807747195417784,NA,NA,NA,NA,NA
WK020360,Wijk 60 Zwartebroek,2012,4.177666619857974,0.07540176871428843,NA,NA,NA,NA,NA
WK020360,Wijk 60 Zwartebroek,2014,4.207100082773871,0.10483523163018577,0.004128549474009825,0.10349622002473681,0.08863828558147252,-0.1251847871402241,0.03375696369019047
WK020360,Wijk 60 Zwartebroek,2016,4.213051255490729,0.1107864043470438,NA,NA,NA,NA,NA
WK020360,Wijk 60 Zwartebroek,2018,4.1906492845561205,0.08838443341243613,9.05202576988819e-4,0.09922685952081026,0.07949309976508795,-0.12482979093082641,0.03358906248037523
WK020360,Wijk 60 Zwartebroek,2020,4.1833139815897376,0.0810491304460527,0.003598536667206455,0.09339383951879375,0.05826667792122305,-0.11423027432764492,0.040020350666474136
WK020360,Wijk 60 Zwartebroek,2022,4.200007836699868,0.09774298555618295,0.0017962212520858433,0.11245510333829883,0.05666127607388927,-0.11529492408157023,0.042125308973479034
WK020361,Wijk 61 De Glind,2002,4.106453450435404,0.0041885992917188265,NA,NA,NA,NA,NA
WK020361,Wijk 61 De Glind,2008,4.113519970320706,0.011255119177020663,NA,NA,NA,NA,NA
WK020361,Wijk 61 De Glind,2012,4.147370691069104,0.04510583992541803,NA,NA,NA,NA,NA
WK020361,Wijk 61 De Glind,2014,4.164523786243971,0.06225893510028606,0.020816105025514463,0.09614246433997913,0.058072354911699445,-0.1655732326576545,0.05280124348074722
WK020361,Wijk 61 De Glind,2016,4.149582831076649,0.04731797993296371,NA,NA,NA,NA,NA
WK020361,Wijk 61 De Glind,2018,4.187666779542298,0.08540192839861284,0.02146213802534222,0.10428837380375804,0.07625042251070521,-0.16308857709126304,0.046489571150070096
WK020361,Wijk 61 De Glind,2020,4.193729823374173,0.0914649722304874,0.020064031218933968,0.0944345887973124,0.08208947777095854,-0.15826090313122315,0.053137777574505426
WK020361,Wijk 61 De Glind,2022,4.191900122433771,0.08963527129008596,0.019342921910780003,0.09040035370611726,0.08348808367858387,-0.16056965772848455,0.056973569723089125
WK020362,Wijk 62 Kootwijk,2002,4.220874748761015,0.11860989761733015,NA,NA,NA,NA,NA
WK020362,Wijk 62 Kootwijk,2008,4.189148104848858,0.08688325370517232,NA,NA,NA,NA,NA
WK020362,Wijk 62 Kootwijk,2012,4.203419170263407,0.10115431911972209,NA,NA,NA,NA,NA
WK020362,Wijk 62 Kootwijk,2014,4.219348179437382,0.11708332829369691,0.09421437962873129,0.09135471036556912,0.12677889765869868,-0.2159565788293013,0.020691919469999032
WK020362,Wijk 62 Kootwijk,2016,4.194418401293914,0.09215355015022922,NA,NA,NA,NA,NA
WK020362,Wijk 62 Kootwijk,2018,4.19984820035244,0.09758334920875457,0.08022142368331062,0.09248561009511559,0.12050319548397294,-0.21504805844997946,0.019421178396334518
WK020362,Wijk 62 Kootwijk,2020,4.26751335447812,0.16524850333443478,0.0825847976341927,0.11844509091484648,0.12178168362400899,-0.21320094955297972,0.05563788071436592
WK020362,Wijk 62 Kootwijk,2022,4.265017191205613,0.1627523400619288,0.10237302680133537,0.10096862751215695,0.11817355237008997,-0.2162678984077202,0.05750503178606658
WK020363,Wijk 63 Achterveld,2002,4.20927067433839,0.10700582319470456,NA,NA,NA,NA,NA
WK020363,Wijk 63 Achterveld,2008,4.2207941833946725,0.11852933225098691,NA,NA,NA,NA,NA
WK020363,Wijk 63 Achterveld,2012,4.249286289902474,0.14702143875878945,NA,NA,NA,NA,NA
WK020363,Wijk 63 Achterveld,2014,4.213517356306858,0.11125250516317285,0.029101358216829517,0.05659246982707678,0.11704482458186856,-0.15108529388590794,0.05959914642330571
WK020363,Wijk 63 Achterveld,2016,4.229276841490324,0.12701199034663874,NA,NA,NA,NA,NA
WK020363,Wijk 63 Achterveld,2018,4.295352553152891,0.19308770200920558,0.023108945293820536,0.13070561915513967,0.12556589815056124,-0.15293204740587965,0.06663928681556354
WK020363,Wijk 63 Achterveld,2020,4.28987084976435,0.18760599862066454,0.02181459581200818,0.12421719314834115,0.12037876527555649,-0.1478704405322826,0.06906588491704085
WK020363,Wijk 63 Achterveld,2022,4.3259556685897484,0.2236908174460628,0.028679827921701134,0.1375973156636636,0.11963603674100785,-0.14987502901034427,0.08765266613003436
WK020901,Beuningen,2002,4.048333687699769,-0.05393116344391675,NA,NA,NA,NA,NA
WK020901,Beuningen,2008,4.098319050837151,-0.003945800306533592,NA,NA,NA,NA,NA
WK020901,Beuningen,2012,4.105352527430737,0.0030876762870522497,NA,NA,NA,NA,NA
WK020901,Beuningen,2014,4.097956448994952,-0.004308402148733068,6.77770265605889e-4,0.029727589565341734,0.02735515052395112,-0.06904035716642988,0.006971444662797771
WK020901,Beuningen,2016,4.115698153753172,0.013433302609486603,NA,NA,NA,NA,NA
WK020901,Beuningen,2018,4.143860181851998,0.04159533070831256,-0.008219790281006362,0.04919482758411508,0.02318221906356212,-0.036656741229731296,0.014094815571372746
WK020901,Beuningen,2020,4.155210056519962,0.05294520537627739,-0.0031223618188374316,0.048956253719910754,0.025118544968246434,-0.03596993945380771,0.01796270796076504
WK020901,Beuningen,2022,4.162136478926066,0.059871627782380796,0.006244056901991529,0.053619767487281166,0.022275223934142073,-0.04626651886711523,0.023999098326080957
WK020902,Ewijk,2002,4.063194103325939,-0.0390707478177459,NA,NA,NA,NA,NA
WK020902,Ewijk,2008,4.090473178817534,-0.011791672326150877,NA,NA,NA,NA,NA
WK020902,Ewijk,2012,4.106792933635588,0.004528082491902645,NA,NA,NA,NA,NA
WK020902,Ewijk,2014,4.099614998910543,-0.0026498522331424705,-0.015588412874374263,0.05473976471565544,0.04078945578227494,-0.12391825572761904,0.041327595870920227
WK020902,Ewijk,2016,4.149878417384835,0.04761356624114968,NA,NA,NA,NA,NA
WK020902,Ewijk,2018,4.161884814835358,0.059619963691673016,-0.01864460457401017,0.06960882823610295,0.045794541847260437,-0.07768971272812901,0.040550910910448525
WK020902,Ewijk,2020,4.148367637970991,0.046102786827305835,-0.013667961410319637,0.07124848841183082,0.039651680197062375,-0.09395486739821228,0.04282544702694432
WK020902,Ewijk,2022,4.1753992447856785,0.07313439364199374,-0.001345164763695593,0.09591785100593002,0.04739744683251516,-0.10866861699945486,0.039832877566698774
WK020903,Weurt,2002,4.093185584594723,-0.009079266548962706,NA,NA,NA,NA,NA
WK020903,Weurt,2008,4.134559341477818,0.03229449033413202,NA,NA,NA,NA,NA
WK020903,Weurt,2012,4.14750215555075,0.04523730440706558,NA,NA,NA,NA,NA
WK020903,Weurt,2014,4.162695580298324,0.06043072915463898,-0.024366560204716364,0.06858314160979131,0.03927825657018943,-0.037703735527197024,0.0146396267065714
WK020903,Weurt,2016,4.18278123992543,0.08051638878174472,NA,NA,NA,NA,NA
WK020903,Weurt,2018,4.1876149653126635,0.08535011416897843,-0.017749261138366498,0.07229541952548109,0.03976369907175971,-0.034281129083400426,0.02532138579350429
WK020903,Weurt,2020,4.203472281569207,0.10120743042552094,-0.017502519508129418,0.07358580139007309,0.03847655712357025,-0.01816881557930485,0.024816406999311588
WK020903,Weurt,2022,4.208752051145726,0.10648720000204162,-0.037892904286331706,0.09373478792821997,0.04731619358060303,-0.026250752345554667,0.029579875125104745
WK020904,Winssen,2002,4.072485391702256,-0.02977945944142964,NA,NA,NA,NA,NA
WK020904,Winssen,2008,4.105881831830499,0.003616980686813432,NA,NA,NA,NA,NA
WK020904,Winssen,2012,4.122134263116621,0.019869411972935628,NA,NA,NA,NA,NA
WK020904,Winssen,2014,4.164892933383201,0.0626280822395154,-0.010362509264827234,0.101674663021101,0.07278300554415684,-0.1572268324874939,0.05575975542657839
WK020904,Winssen,2016,4.167694006829643,0.06542915568595796,NA,NA,NA,NA,NA
WK020904,Winssen,2018,4.167951580609656,0.06568672946597054,-0.009287121068985523,0.09546866030271203,0.07438193980305553,-0.1378470668785804,0.04297031730776871
WK020904,Winssen,2020,4.125900003738258,0.02363515259457285,-0.007943595213943605,0.08487898158471201,0.06588516096494364,-0.14284568060068933,0.023660285859549796
WK020904,Winssen,2022,4.154660059829411,0.05239520868572565,-0.0012373609741155123,0.10013480025990344,0.06492726240004408,-0.1570862826788746,0.045656789678767996
WK021301,Wijk 01 Empe,2002,4.201307581452398,0.09904273030871291,NA,NA,NA,NA,NA
WK021301,Wijk 01 Empe,2008,4.167443000710262,0.065178149566576,NA,NA,NA,NA,NA
WK021301,Wijk 01 Empe,2012,4.206817998930367,0.10455314778668222,NA,NA,NA,NA,NA
WK021301,Wijk 01 Empe,2014,4.276359633201991,0.17409478205830536,0.016212755426351172,0.09223512623205588,0.12518162026010674,-0.1555548305544947,0.09602011069428605
WK021301,Wijk 01 Empe,2016,4.328003347202417,0.22573849605873159,NA,NA,NA,NA,NA
WK021301,Wijk 01 Empe,2018,4.317649686252815,0.21538483510913006,0.022452529475625226,0.10448134340839806,0.14589026684618964,-0.15544444262386975,0.0980051380027867
WK021301,Wijk 01 Empe,2020,4.289632140690366,0.18736728954668108,0.015905574565978377,0.1227357512688202,0.12168963762033021,-0.148800689318708,0.07583701541026003
WK021301,Wijk 01 Empe,2022,4.290310246151919,0.18804539500823347,0.011750157277715641,0.12284094252752205,0.12087494407736828,-0.16559959886998799,0.09817894999561515
WK021302,Wijk 02 Tonden,2002,4.203550195686643,0.10128534454295735,NA,NA,NA,NA,NA
WK021302,Wijk 02 Tonden,2008,4.1872455154278,0.08498066428411474,NA,NA,NA,NA,NA
WK021302,Wijk 02 Tonden,2012,4.217593658753078,0.1153288076093929,NA,NA,NA,NA,NA
WK021302,Wijk 02 Tonden,2014,4.241868646482959,0.13960379533927358,0.011090935797394216,0.11322816072034508,0.12452798831814153,-0.20146360650547956,0.09222031700887207
WK021302,Wijk 02 Tonden,2016,4.291596362875337,0.18933151173165158,NA,NA,NA,NA,NA
WK021302,Wijk 02 Tonden,2018,4.316259959900767,0.2139951087570819,0.028182101084224087,0.13521965998039148,0.15460889630896368,-0.20280527511306917,0.0987897264965716
WK021302,Wijk 02 Tonden,2020,4.310209825398895,0.2079449742552103,0.018490168291352773,0.14186621844980923,0.14890462944273627,-0.19778403132435401,0.0964679893956657
WK021302,Wijk 02 Tonden,2022,4.30606516846518,0.20380031732149514,0.02079672710621446,0.1365621227622356,0.1469605045716617,-0.19972336479753425,0.0992043276789174
WK021303,Wijk 03 Brummen,2002,4.067986369301988,-0.034278481841696344,NA,NA,NA,NA,NA
WK021303,Wijk 03 Brummen,2008,4.043567071047686,-0.05869778009599857,NA,NA,NA,NA,NA
WK021303,Wijk 03 Brummen,2012,4.073043730718019,-0.029221120425666883,NA,NA,NA,NA,NA
WK021303,Wijk 03 Brummen,2014,4.0885384459222,-0.013726405221484718,0.002700674265059292,0.03320271100993377,0.02893449790058777,-0.11126196611178105,0.032697677714715226
WK021303,Wijk 03 Brummen,2016,4.107432192970352,0.005167341826666976,NA,NA,NA,NA,NA
WK021303,Wijk 03 Brummen,2018,4.121395002827299,0.01913015168361358,0.007811091345955484,0.06578924552571387,0.029725885423884622,-0.11712408928733922,0.032928018675398546
WK021303,Wijk 03 Brummen,2020,4.124215915506899,0.021951064363214357,0.010445100120564174,0.06795938516445992,0.022938643194356036,-0.11274599025648181,0.033353926140315765
WK021303,Wijk 03 Brummen,2022,4.132699316966896,0.03043446582321118,0.015109863127447162,0.0748838458669201,0.027773743243003416,-0.12378636524239536,0.03645337882823559
WK021304,Wijk 04 Leuvenheim,2002,4.207385635764501,0.10512078462081614,NA,NA,NA,NA,NA
WK021304,Wijk 04 Leuvenheim,2008,4.133091144636875,0.03082629349319042,NA,NA,NA,NA,NA
WK021304,Wijk 04 Leuvenheim,2012,4.196103390252321,0.09383853910863629,NA,NA,NA,NA,NA
WK021304,Wijk 04 Leuvenheim,2014,4.236260551944005,0.13399570080031953,-5.535193028937978e-4,0.08449493777044546,0.11096447131568482,-0.13592978759840765,0.07501959861549044
WK021304,Wijk 04 Leuvenheim,2016,4.2581945945789785,0.15592974343529337,NA,NA,NA,NA,NA
WK021304,Wijk 04 Leuvenheim,2018,4.254019967240022,0.1517551160963365,0.003951470935401749,0.1117004901063031,0.09873000916014442,-0.135761396128166,0.07313454202265296
WK021304,Wijk 04 Leuvenheim,2020,4.2504280435386494,0.1481631923949643,0.003812265957893443,0.11946224484359481,0.08580559865538151,-0.13358517718179946,0.07266826011989376
WK021304,Wijk 04 Leuvenheim,2022,4.250693794148396,0.14842894300471107,0.007526347747148023,0.12066006442651477,0.08309263126868907,-0.13796316643104672,0.07511306599340566
WK021305,Wijk 05 Hall,2002,4.217132583766227,0.11486773262254152,NA,NA,NA,NA,NA
WK021305,Wijk 05 Hall,2008,4.156219640082611,0.053954788938925954,NA,NA,NA,NA,NA
WK021305,Wijk 05 Hall,2012,4.180267518728459,0.078002667584774,NA,NA,NA,NA,NA
WK021305,Wijk 05 Hall,2014,4.2114698730937725,0.10920502195008729,0.022039709362171204,0.10658462721203504,0.09610473762660535,-0.18679992422010358,0.07127587196937904
WK021305,Wijk 05 Hall,2016,4.2641004407375975,0.16183558959391217,NA,NA,NA,NA,NA
WK021305,Wijk 05 Hall,2018,4.24921997128396,0.14695512014027545,0.02825664388153363,0.1373176938777433,0.0972353103227685,-0.18793278739011426,0.072078259448344
WK021305,Wijk 05 Hall,2020,4.23075593353097,0.12849108238728463,0.023820868617853302,0.12657157367297595,0.08832995976110253,-0.1817392742076673,0.07150795454301999
WK021305,Wijk 05 Hall,2022,4.220179449274189,0.11791459813050441,0.029623875905790596,0.1167733407839448,0.08100921738033462,-0.18239769753723684,0.0729058615976709
WK021306,Wijk 06 Eerbeek,2002,4.022201043438029,-0.08006380770565637,NA,NA,NA,NA,NA
WK021306,Wijk 06 Eerbeek,2008,4.007284340920926,-0.09498051022275951,NA,NA,NA,NA,NA
WK021306,Wijk 06 Eerbeek,2012,4.022646332018338,-0.07961851912534668,NA,NA,NA,NA,NA
WK021306,Wijk 06 Eerbeek,2014,4.0533088560615145,-0.04895599508217104,0.022045092634963657,0.02501133666407945,0.022799273544001766,-0.12740730708187667,0.008595609156660456
WK021306,Wijk 06 Eerbeek,2016,4.103484377497318,0.0012195263536319842,NA,NA,NA,NA,NA
WK021306,Wijk 06 Eerbeek,2018,4.111207096422231,0.008942245278546085,0.023097907203390815,0.07048825826780312,0.025362214641219342,-0.12393989332579179,0.013933758491924329
WK021306,Wijk 06 Eerbeek,2020,4.108317037860785,0.00605218671710051,0.02643818541934571,0.07164765114879644,0.022469297098384387,-0.12938300732420807,0.014880060374781769
WK021306,Wijk 06 Eerbeek,2022,4.0995383933550595,-0.0027264577886259075,0.02741773080206701,0.06000716567499307,0.02248599124213013,-0.1338734285221218,0.021236083014305417
WK021400,Wijk 00 Buren,2002,4.065722266030712,-0.03654258511297308,NA,NA,NA,NA,NA
WK021400,Wijk 00 Buren,2008,4.086548695162594,-0.015716155981091,NA,NA,NA,NA,NA
WK021400,Wijk 00 Buren,2012,4.111214214739636,0.008949363595951,NA,NA,NA,NA,NA
WK021400,Wijk 00 Buren,2014,4.139004149017233,0.036739297873547724,-0.01975542024102831,0.06991674041405486,0.05354310845918779,-0.12039956140480243,0.05343443064613555
WK021400,Wijk 00 Buren,2016,4.133896848263063,0.03163199711937776,NA,NA,NA,NA,NA
WK021400,Wijk 00 Buren,2018,4.162987218489531,0.06072236734584591,-0.014425339276439,0.08112483741243853,0.05169594393562877,-0.11290140372212587,0.055228328996343216
WK021400,Wijk 00 Buren,2020,4.148074892703811,0.04581004156012535,-0.015239569120534494,0.07699397926872126,0.04378940704155552,-0.10954579161454384,0.04981201598492659
WK021400,Wijk 00 Buren,2022,4.1591192701007,0.0568544189570138,-0.012511950100253291,0.08297458472770261,0.04293745664743618,-0.11038585183257581,0.053840179514703775
WK021401,Wijk 01 Beusichem,2002,4.093132969863188,-0.009131881280497703,NA,NA,NA,NA,NA
WK021401,Wijk 01 Beusichem,2008,4.104693352456857,0.002428501313171708,NA,NA,NA,NA,NA
WK021401,Wijk 01 Beusichem,2012,4.108528484983938,0.006263633840253098,NA,NA,NA,NA,NA
WK021401,Wijk 01 Beusichem,2014,4.10152116175428,-7.436893894043996e-4,-0.012994353742352378,0.06509975039063218,0.053508464219917846,-0.15096262825513906,0.044605077997536755
WK021401,Wijk 01 Beusichem,2016,4.103380620094719,0.0011157689510341404,NA,NA,NA,NA,NA
WK021401,Wijk 01 Beusichem,2018,4.102337022871371,7.217172768568047e-5,-0.012640101441987982,0.061103619587898665,0.05016550908139274,-0.14351482898640422,0.044957973486786186
WK021401,Wijk 01 Beusichem,2020,4.117386702394965,0.015121851251279832,-0.01410605211834847,0.06650772095730552,0.04421711737230779,-0.1275402015217633,0.046043266561777985
WK021401,Wijk 01 Beusichem,2022,4.118948998552611,0.01668414740892548,-0.011739347681026724,0.07497439885121715,0.04673753264278888,-0.14008219170047312,0.046793755296419
WK021402,Wijk 02 Zoelen,2002,4.112720975744389,0.01045612460070335,NA,NA,NA,NA,NA
WK021402,Wijk 02 Zoelen,2008,4.099964351171127,-0.002300499972558262,NA,NA,NA,NA,NA
WK021402,Wijk 02 Zoelen,2012,4.131849875673301,0.029585024529615853,NA,NA,NA,NA,NA
WK021402,Wijk 02 Zoelen,2014,4.1154227695441055,0.013157918400420472,-0.022084257242719996,0.052408132680688765,0.0763306897513195,-0.15876047539820057,0.06526382860933247
WK021402,Wijk 02 Zoelen,2016,4.147317330071568,0.04505247892788274,NA,NA,NA,NA,NA
WK021402,Wijk 02 Zoelen,2018,4.134628402889834,0.03236355174614832,-0.014496826566233252,0.06745926447600155,0.07102697160573254,-0.15546575423849443,0.06383989646914165
WK021402,Wijk 02 Zoelen,2020,4.133880753657985,0.03161590251429996,-0.0073656020129864485,0.05757997641635288,0.06691887517805654,-0.14682359433355924,0.06130624726643593
WK021402,Wijk 02 Zoelen,2022,4.129418236531452,0.027153385387765926,-0.00430812146015443,0.05380402378196835,0.06448959780090358,-0.15023713514393136,0.06340502040897955
WK021403,Wijk 03 Lienden,2002,4.09740655671575,-0.004858294427935563,NA,NA,NA,NA,NA
WK021403,Wijk 03 Lienden,2008,4.111691943822066,0.00942709267838124,NA,NA,NA,NA,NA
WK021403,Wijk 03 Lienden,2012,4.129113950874527,0.026849099730841833,NA,NA,NA,NA,NA
WK021403,Wijk 03 Lienden,2014,4.07661875630462,-0.025646094839065343,-0.0156415330227696,0.051390850015476275,0.05742490475827111,-0.16093297061480666,0.04211265402476328
WK021403,Wijk 03 Lienden,2016,4.118780049296699,0.01651519815301389,NA,NA,NA,NA,NA
WK021403,Wijk 03 Lienden,2018,4.093640832255687,-0.008624018887998323,-0.01167583534102882,0.05993282273640899,0.056607749720628923,-0.16101345413915866,0.04752469813515096
WK021403,Wijk 03 Lienden,2020,4.106570264283547,0.0043054131398615365,-0.010516639469388293,0.05699310367071653,0.050620775906904544,-0.1396583634037084,0.04686653643533685
WK021403,Wijk 03 Lienden,2022,4.103022052245494,7.572011018091786e-4,-0.009955586078642891,0.06058926166070267,0.04294336607988974,-0.13864048010356747,0.045820639543426876
WK021404,Wijk 04 Ingen,2002,4.100555400777977,-0.0017094503657077724,NA,NA,NA,NA,NA
WK021404,Wijk 04 Ingen,2008,4.096867907420518,-0.005396943723167024,NA,NA,NA,NA,NA
WK021404,Wijk 04 Ingen,2012,4.102555193963689,2.9034282000345497e-4,NA,NA,NA,NA,NA
WK021404,Wijk 04 Ingen,2014,4.098552996041751,-0.0037118551019335606,-0.006987659153732284,0.058946768656646026,0.07410840658242823,-0.1777062853674811,0.04792691418020538
WK021404,Wijk 04 Ingen,2016,4.125485314917634,0.02322046377394821,NA,NA,NA,NA,NA
WK021404,Wijk 04 Ingen,2018,4.074287219950561,-0.02797763119312426,-0.008658763070893463,0.05430796246123315,0.07000865094161468,-0.18977697186817782,0.04614149034309895
WK021404,Wijk 04 Ingen,2020,4.087993126691201,-0.014271724452484723,-0.003844711771483378,0.05114373880091781,0.06110104698582564,-0.17051498707993226,0.04784318861218717
WK021404,Wijk 04 Ingen,2022,4.081436305435534,-0.020828545708151888,-0.0018123427830168634,0.05181012791812761,0.05675449499451147,-0.1770367763144396,0.04945595047666526
WK021405,Wijk 05 Maurik,2002,4.051859675185037,-0.05040517595864825,NA,NA,NA,NA,NA
WK021405,Wijk 05 Maurik,2008,4.033014294597535,-0.06925055654615005,NA,NA,NA,NA,NA
WK021405,Wijk 05 Maurik,2012,4.042107268215088,-0.060157582928596846,NA,NA,NA,NA,NA
WK021405,Wijk 05 Maurik,2014,4.054097744106881,-0.04816710703680486,0.001426580196479996,0.04142860997903033,0.04939616924090768,-0.18642343902024985,0.04600497256702671
WK021405,Wijk 05 Maurik,2016,4.049849812500873,-0.05241503864281236,NA,NA,NA,NA,NA
WK021405,Wijk 05 Maurik,2018,4.058874788918023,-0.04339006222566191,0.0026624193294075066,0.0431208810457315,0.04738567398185973,-0.18289134132869322,0.04633230474603233
WK021405,Wijk 05 Maurik,2020,4.043589640372656,-0.058675210771029135,8.951508909470813e-4,0.03297663806604969,0.036396488188841815,-0.17666295766690301,0.047719469750035055
WK021405,Wijk 05 Maurik,2022,4.033964409680721,-0.06830044146296506,0.004085148559268965,0.03426227891130869,0.03767557792240588,-0.18789338306638223,0.043569936210433334
WK021406,Wijk 06 Ravenswaaij,2002,4.114862708925993,0.012597857782308229,NA,NA,NA,NA,NA
WK021406,Wijk 06 Ravenswaaij,2008,4.185660317698191,0.08339546655450582,NA,NA,NA,NA,NA
WK021406,Wijk 06 Ravenswaaij,2012,4.164890690457434,0.06262583931374914,NA,NA,NA,NA,NA
WK021406,Wijk 06 Ravenswaaij,2014,4.179576871048504,0.07731201990481881,-0.006359138316073195,0.10507374701954225,0.09758546659713571,-0.20397785178949945,0.08498979639371326
WK021406,Wijk 06 Ravenswaaij,2016,4.168092064566053,0.06582721342236794,NA,NA,NA,NA,NA
WK021406,Wijk 06 Ravenswaaij,2018,4.2022423585984745,0.09997750745478931,0.009583187886902909,0.10103088722639583,0.10329401724671085,-0.20081713626299383,0.08688655135777326
WK021406,Wijk 06 Ravenswaaij,2020,4.147274014200453,0.04500916305676747,-0.0026371256284558873,0.08208633081863688,0.07760751560476004,-0.19112757056107,0.0790800128228963
WK021406,Wijk 06 Ravenswaaij,2022,4.151292253312593,0.049027402168908066,-0.00895698876584149,0.09553398514499668,0.07928691750036695,-0.19779873231955258,0.08096222060893822
WK021600,Culemborg Oost,2002,3.9792848939235563,-0.12297995722012904,NA,NA,NA,NA,NA
WK021600,Culemborg Oost,2008,3.974611966535153,-0.127652884608532,NA,NA,NA,NA,NA
WK021600,Culemborg Oost,2012,3.9897387030463514,-0.11252614809733363,NA,NA,NA,NA,NA
WK021600,Culemborg Oost,2014,3.961547169182796,-0.14071768196088896,3.739927037249674e-4,-0.04948585022843117,-0.008386920479828282,-0.06876013532791542,-0.014458768628439362
WK021600,Culemborg Oost,2016,3.964319660204728,-0.13794519093895732,NA,NA,NA,NA,NA
WK021600,Culemborg Oost,2018,3.9888115230759116,-0.11345332806777357,-0.009097109853858636,-0.030326055886658782,-0.010049721477041664,-0.06383591618016662,-1.4452467004812908e-4
WK021600,Culemborg Oost,2020,4.0217107161175205,-0.08055413502616453,-0.006911825223067116,-0.01735799637165493,-0.009306660967230807,-0.04037310084330789,-0.006604551620904049
WK021600,Culemborg Oost,2022,4.056604134018535,-0.04566071712515039,-0.00253797962552615,0.010572882992357424,-0.0019219560153257264,-0.061841986042533964,0.010068321565877763
WK021601,Culemborg West,2002,4.051457513378989,-0.050807337764696175,NA,NA,NA,NA,NA
WK021601,Culemborg West,2008,4.04652339199288,-0.055741459150805715,NA,NA,NA,NA,NA
WK021601,Culemborg West,2012,4.05184837052242,-0.050416480621264775,NA,NA,NA,NA,NA
WK021601,Culemborg West,2014,4.035225386905031,-0.06703946423865402,-0.013290736512943577,0.011603793806104249,0.01724544439484828,-0.08709263741463014,0.004494671487966917
WK021601,Culemborg West,2016,4.049560860052932,-0.052703991090753334,NA,NA,NA,NA,NA
WK021601,Culemborg West,2018,4.045215708652671,-0.05704914249101413,-0.015942033384641927,0.01158964662517518,0.01393420441592775,-0.0843268314882553,0.01769587134077989
WK021601,Culemborg West,2020,4.046446302661612,-0.05581854848207326,-0.018596963087301167,0.0035272277910669107,0.011711975892044767,-0.06870353582250958,0.01624274674462554
WK021601,Culemborg West,2022,4.072515144107217,-0.02974970703646832,-0.015729435738152508,0.03313363609240265,0.017336573190626276,-0.08868364119645764,0.02419316061511263
WK022101,Wijk 01,2002,3.9127130285669827,-0.1895518225767026,NA,NA,NA,NA,NA
WK022101,Wijk 01,2008,3.882916257797428,-0.2193485933462574,NA,NA,NA,NA,NA
WK022101,Wijk 01,2012,3.916163923749259,-0.18610092739442607,NA,NA,NA,NA,NA
WK022101,Wijk 01,2014,3.972320166908974,-0.12994468423471126,0.012141710331078734,-0.021264771509300173,6.044533039151894e-4,-0.11830382567762313,-0.0031222506827821832
WK022101,Wijk 01,2016,3.9995167488567502,-0.10274810228693498,NA,NA,NA,NA,NA
WK022101,Wijk 01,2018,4.027116439283767,-0.07514841185991825,0.012822267091882823,0.00640024056889186,0.0018584552900465334,-0.10044275068829477,0.004213375877555026
WK022101,Wijk 01,2020,4.058954739898529,-0.043310111245155644,0.01739533150732883,0.017832056286568202,0.005844847065915086,-0.09246115475479451,0.008078808649826442
WK022101,Wijk 01,2022,4.09207696006444,-0.010187891079245205,0.02020486257198865,0.028873619800895558,0.005474709875396832,-0.08400549048216009,0.019264407154633574
WK022201,Wijk 01 Doetinchem Centrum,2002,4.047960501780509,-0.054304349363176185,NA,NA,NA,NA,NA
WK022201,Wijk 01 Doetinchem Centrum,2008,4.02565058263051,-0.07661426851317561,NA,NA,NA,NA,NA
WK022201,Wijk 01 Doetinchem Centrum,2012,4.0241988844036785,-0.07806596674000683,NA,NA,NA,NA,NA
WK022201,Wijk 01 Doetinchem Centrum,2014,4.0357035453759,-0.06656130576778584,-0.004593017313108947,-0.061177543861804976,-0.009560181850005043,-0.005353662077142809,0.014123099334275689
WK022201,Wijk 01 Doetinchem Centrum,2016,4.042865492969121,-0.05939935817456471,NA,NA,NA,NA,NA
WK022201,Wijk 01 Doetinchem Centrum,2018,4.052160738924756,-0.05010411221892891,0.001178420941437592,-0.05836222329243095,-0.01361716264317188,-8.014207283382018e-4,0.02149827350357431
WK022201,Wijk 01 Doetinchem Centrum,2020,4.068039983385853,-0.034224867757831755,0.012139718581103076,-0.05302568666491308,-0.013476578060596909,0.012137158875537693,0.008000519511037184
WK022201,Wijk 01 Doetinchem Centrum,2022,4.149461851700707,0.04719700055702194,0.012546054235853317,0.013725518039183222,-0.01074588400769963,0.011187221036837338,0.020484091252847433
WK022202,Wijk 02,2002,3.866998904067492,-0.23526594707619297,NA,NA,NA,NA,NA
WK022202,Wijk 02,2008,3.865604460834417,-0.2366603903092681,NA,NA,NA,NA,NA
WK022202,Wijk 02,2012,3.9019415589260102,-0.20032329221767525,NA,NA,NA,NA,NA
WK022202,Wijk 02,2014,3.908648577195991,-0.19361627394769415,0.0073883177563285295,-0.044981753749213114,-0.032300349861110834,-0.09391555551105885,-0.02980693258264018
WK022202,Wijk 02,2016,3.913725551820922,-0.18853929932276287,NA,NA,NA,NA,NA
WK022202,Wijk 02,2018,3.915265965145125,-0.1869988859985603,0.009326643680041184,-0.04302652080715224,-0.03257030007272933,-0.09381837602872853,-0.026910332769991597
WK022202,Wijk 02,2020,3.9417411380395024,-0.16052371310418267,0.019332591131658913,-0.044086023174422624,-0.030420561252392404,-0.08037507873619201,-0.02497464107283478
WK022202,Wijk 02,2022,3.9928071286265086,-0.10945772251717653,0.02253162189081038,-0.004046532698579189,-0.02576151760143155,-0.08450065880290575,-0.01768063530507071
WK022203,Wijk 03,2002,4.0569358075401265,-0.04532904360355853,NA,NA,NA,NA,NA
WK022203,Wijk 03,2008,4.051704018790681,-0.05056083235300459,NA,NA,NA,NA,NA
WK022203,Wijk 03,2012,4.0772083667986125,-0.025056484345072478,NA,NA,NA,NA,NA
WK022203,Wijk 03,2014,4.09549181687097,-0.006773034272715672,-0.010742249345135658,0.06094593304066977,0.021642244981676852,-0.06114646276741861,-0.017472500182508295
WK022203,Wijk 03,2016,4.080141060634961,-0.022123790508723255,NA,NA,NA,NA,NA
WK022203,Wijk 03,2018,4.0681801925324885,-0.034084658611196895,-0.005692668641582355,0.042705879633088625,0.016468069696020174,-0.06364142782881788,-0.023924511469905776
WK022203,Wijk 03,2020,4.103868476439745,0.0016036252960591657,0.004874586245810548,0.03965655483823958,0.013234068754166953,-0.044573347926659436,-0.011588236615498836
WK022203,Wijk 03,2022,4.135990622203155,0.033725771059470167,0.013459626709716663,0.05012659164606772,0.017848355112604315,-0.04998484531328256,0.002276042904363715
WK022204,Wijk 04,2002,4.076901007097147,-0.025363844046538003,NA,NA,NA,NA,NA
WK022204,Wijk 04,2008,4.0889699366122345,-0.013294914531451055,NA,NA,NA,NA,NA
WK022204,Wijk 04,2012,4.14177272084511,0.03950786970142469,NA,NA,NA,NA,NA
WK022204,Wijk 04,2014,4.134534250124716,0.03226939898103049,-0.01012917956248475,0.06398649927360993,0.057571262624865435,-0.10349671557599731,0.024337532221036896
WK022204,Wijk 04,2016,4.146356656559993,0.04409180541630789,NA,NA,NA,NA,NA
WK022204,Wijk 04,2018,4.170247594482798,0.06798274333911272,-0.005689525350680712,0.0819230405920264,0.0643182687413984,-0.10444125650353497,0.031872215859903366
WK022204,Wijk 04,2020,4.188521413107714,0.08625656196402852,4.3035395704482855e-4,0.09335723346823449,0.04809101768434087,-0.09018491478130435,0.03456287163571237
WK022204,Wijk 04,2022,4.179414927982326,0.07715007683864065,-0.0010873596969270937,0.08854145265806902,0.05006259584773668,-0.10242055108005473,0.04205393910981644
WK022205,Wijk 05,2002,4.172826100981717,0.07056124983803139,NA,NA,NA,NA,NA
WK022205,Wijk 05,2008,4.150632235512719,0.04836738436903431,NA,NA,NA,NA,NA
WK022205,Wijk 05,2012,4.114029920717159,0.011765069573473425,NA,NA,NA,NA,NA
WK022205,Wijk 05,2014,4.147354624045899,0.04508977290221449,-0.015707758507989104,0.03178299831750898,0.034628747185863326,-0.031548406185889846,0.02593419209272077
WK022205,Wijk 05,2016,4.123220215199348,0.020955364055663554,NA,NA,NA,NA,NA
WK022205,Wijk 05,2018,4.0904459392805155,-0.011818911863170155,-0.011085132145836457,-0.020652292619694,0.04821141015361401,-0.019862257446433784,-0.008430639804820072
WK022205,Wijk 05,2020,4.106614376385093,0.004349525241408215,-0.013803379088884559,0.030669891838409426,0.021423217573323383,-0.010199876883827353,-0.023740328197612938
WK022205,Wijk 05,2022,4.171884702336848,0.06961985119316247,-1.1001435450776737e-4,0.042262112917973695,0.01571314422246482,-0.007441300060989871,0.019195908468221213
WK022206,Wijk 06,2002,4.008728048565607,-0.09353680257807814,NA,NA,NA,NA,NA
WK022206,Wijk 06,2008,4.001732315836569,-0.10053253530711591,NA,NA,NA,NA,NA
WK022206,Wijk 06,2012,4.023474212142146,-0.07879063900153918,NA,NA,NA,NA,NA
WK022206,Wijk 06,2014,4.058051958656557,-0.044212892487129174,-0.00846080168769445,0.0417522049350286,0.023572335331768796,-0.10391369769694657,0.002837066630714171
WK022206,Wijk 06,2016,4.081583094775482,-0.020681756368203165,NA,NA,NA,NA,NA
WK022206,Wijk 06,2018,4.071517946827565,-0.030746904316120004,-0.005157427084089532,0.05201187876444574,0.015488154580018008,-0.10577557839027202,0.012686067813777503
WK022206,Wijk 06,2020,4.074088144232957,-0.0281767069107281,-0.004379045737369186,0.05905323253587278,0.011713602296852236,-0.10358626495272896,0.00902176894664473
WK022206,Wijk 06,2022,4.089050074551614,-0.013214776592071067,-7.482556026873566e-4,0.05744372549242843,0.014609615379277283,-0.10342223880372199,0.018902376942632238
WK022207,Wijk 07,2002,4.046199485522144,-0.05606536562154101,NA,NA,NA,NA,NA
WK022207,Wijk 07,2008,4.0539257242643485,-0.04833912687933657,NA,NA,NA,NA,NA
WK022207,Wijk 07,2012,4.044610405092097,-0.057654446051588176,NA,NA,NA,NA,NA
WK022207,Wijk 07,2014,4.062657321214624,-0.039607529929061164,-0.016002981822352113,0.04877356944534009,0.03592579108756704,-0.09835779051685316,-0.009946118122763253
WK022207,Wijk 07,2016,4.078382540735609,-0.023882310408076476,NA,NA,NA,NA,NA
WK022207,Wijk 07,2018,4.0820277215269405,-0.0202371296167447,-0.010839068531094238,0.05596078134427274,0.02963807456677094,-0.1035942207883449,0.008597303791650504
WK022207,Wijk 07,2020,4.091092711350636,-0.011172139793049148,-0.008008889322274306,0.06494074718759728,0.026822889414626898,-0.10050676834775028,0.005579881274750987
WK022207,Wijk 07,2022,4.101891899864866,-3.729512788187421e-4,-0.0016241039629130804,0.050521632304644334,0.02912914980599996,-0.10457212747018779,0.026172498043637575
WK022208,Wijk 08,2002,4.083961064559532,-0.018303786584152573,NA,NA,NA,NA,NA
WK022208,Wijk 08,2008,4.0894110839829025,-0.012853767160782537,NA,NA,NA,NA,NA
WK022208,Wijk 08,2012,4.138186082245184,0.03592123110149837,NA,NA,NA,NA,NA
WK022208,Wijk 08,2014,4.163914253717501,0.0616494025738158,-0.04319193572532005,0.07910614402462786,0.06048662530972377,-0.08177280639003821,0.04702137535482217
WK022208,Wijk 08,2016,4.150608303003615,0.04834345185993018,NA,NA,NA,NA,NA
WK022208,Wijk 08,2018,4.159380471551164,0.05711562040747876,-0.03700283060685339,0.08091859984605265,0.049244487263525184,-0.08110802778885971,0.04506339169361372
WK022208,Wijk 08,2020,4.141826861160815,0.03956201001712939,-0.029954623597304914,0.06369686715593156,0.04491109483536939,-0.07644983605207753,0.0373585076752106
WK022208,Wijk 08,2022,4.194677653099896,0.09241280195621163,-0.03404446410156613,0.09955523073725414,0.05069394985310525,-0.07132437298439842,0.04753245845181643
WK022209,Wijk 09,2002,3.9431704441828725,-0.15909440696081292,NA,NA,NA,NA,NA
WK022209,Wijk 09,2008,3.9625709059801197,-0.13969394516356556,NA,NA,NA,NA,NA
WK022209,Wijk 09,2012,3.9772991439114285,-0.12496570723225658,NA,NA,NA,NA,NA
WK022209,Wijk 09,2014,4.008411420914167,-0.09385343022951856,-0.009716417640627481,-0.01702410678704932,-2.1122221368859078e-4,-0.06440678447814184,-0.0024948991100116097
WK022209,Wijk 09,2016,4.016007129525191,-0.08625772161849525,NA,NA,NA,NA,NA
WK022209,Wijk 09,2018,4.0179457275010355,-0.08431912364265003,-0.0028058480922503255,-0.020757202731320805,-0.0019306261580583053,-0.06816181573816077,0.009336369077139887
WK022209,Wijk 09,2020,4.04545480112648,-0.05681005001720505,0.014836365951799364,-0.012450681283622896,-0.0038154820305229304,-0.058498682121184226,0.003118429466325351
WK022209,Wijk 09,2022,4.118216448809765,0.015951597666079873,0.022936927028940807,0.01916214400963895,3.329789412638785e-5,-0.050175169210690464,0.023994397944063942
WK022211,Wijk 11 Buitengebied Doetinchem,2002,4.075306382392202,-0.026958468751484117,NA,NA,NA,NA,NA
WK022211,Wijk 11 Buitengebied Doetinchem,2008,4.089675196661421,-0.012589654482264389,NA,NA,NA,NA,NA
WK022211,Wijk 11 Buitengebied Doetinchem,2012,4.129258797319584,0.026993946175898093,NA,NA,NA,NA,NA
WK022211,Wijk 11 Buitengebied Doetinchem,2014,4.108754703111453,0.006489851967768116,0.007739115636184747,0.0611666242766337,0.04215593265730697,-0.13597542897085832,0.031403608368500736
WK022211,Wijk 11 Buitengebied Doetinchem,2016,4.121491985787576,0.019227134643889914,NA,NA,NA,NA,NA
WK022211,Wijk 11 Buitengebied Doetinchem,2018,4.110505735783941,0.00824088464025558,-0.0032252816512182954,0.07617357057870144,0.03841107204972546,-0.13494885240161625,0.03183037606466296
WK022211,Wijk 11 Buitengebied Doetinchem,2020,4.129270451008611,0.027005599864926077,0.013222195497141195,0.07721402125095507,0.03549739999227285,-0.1281158777430941,0.029187860867650805
WK022211,Wijk 11 Buitengebied Doetinchem,2022,4.1411517914832485,0.03888694033956358,0.011375463815640505,0.08743013396177732,0.03830610689791537,-0.13384060896875702,0.03561584463298708
WK022231,Wijk 31 Wehl,2002,4.1071737926445255,0.004908941500840469,NA,NA,NA,NA,NA
WK022231,Wijk 31 Wehl,2008,4.113087757012381,0.010822905868695635,NA,NA,NA,NA,NA
WK022231,Wijk 31 Wehl,2012,4.112423002500117,0.010158151356432022,NA,NA,NA,NA,NA
WK022231,Wijk 31 Wehl,2014,4.138588971009916,0.036324119866231144,-0.009173977760566707,0.08358741194506827,0.06160317248711818,-0.1336990516896142,0.03400656488422531
WK022231,Wijk 31 Wehl,2016,4.15387477948184,0.05160992833815533,NA,NA,NA,NA,NA
WK022231,Wijk 31 Wehl,2018,4.142160975165459,0.03989612402177383,-0.0071213138348458225,0.08431431282787667,0.06129742611556138,-0.1355573300002004,0.03696302891338169
WK022231,Wijk 31 Wehl,2020,4.161535322027451,0.0592704708837656,-0.0036486499949076466,0.09280892976475039,0.055674971175247424,-0.12068800920252606,0.035123229141201216
WK022231,Wijk 31 Wehl,2022,4.146906965903717,0.04464211476003202,-0.0016291238419231385,0.09167234942467743,0.05763284715754616,-0.14374836329816915,0.04071440531790047
WK022500,Druten,2002,4.027977127498592,-0.0742877236450933,NA,NA,NA,NA,NA
WK022500,Druten,2008,4.04500506632184,-0.05725978482184521,NA,NA,NA,NA,NA
WK022500,Druten,2012,4.0915861811100385,-0.010678670033647078,NA,NA,NA,NA,NA
WK022500,Druten,2014,4.102323243762119,5.8392618434092855e-5,-3.8011026383395015e-4,0.019387889582480174,0.02997239625180134,-0.0698013776220712,0.02087959467005745
WK022500,Druten,2016,4.107712244522986,0.0054473933793005675,NA,NA,NA,NA,NA
WK022500,Druten,2018,4.132751664861446,0.03048681371776017,-0.0031321004047071732,0.047629462870999825,0.02873032542888145,-0.0687352461795569,0.025994372002142656
WK022500,Druten,2020,4.14255050341495,0.0402856522712643,-5.388686539196391e-4,0.062223979400120685,0.02884063140908889,-0.07314096184585557,0.022900871961829605
WK022500,Druten,2022,4.120664937692627,0.018400086548942252,0.0039487503774825,0.061327281895169505,0.03239313994820094,-0.10804111432202515,0.028772028650114155
WK022501,Puiflijk,2002,4.049685766054989,-0.05257908508869559,NA,NA,NA,NA,NA
WK022501,Puiflijk,2008,4.093130114790014,-0.0091347363536707,NA,NA,NA,NA,NA
WK022501,Puiflijk,2012,4.125412388896591,0.023147537752905963,NA,NA,NA,NA,NA
WK022501,Puiflijk,2014,4.1388405450610195,0.03657569391733384,-0.03463525357276432,0.06000323356562734,0.06044368787372439,-0.09162726124819695,0.04239128729894324
WK022501,Puiflijk,2016,4.151903471567139,0.04963862042345377,NA,NA,NA,NA,NA
WK022501,Puiflijk,2018,4.14080555297721,0.03854070183352442,-0.027941546335206617,0.05043419837549534,0.06326483612016089,-0.09082710178885371,0.0436103154619282
WK022501,Puiflijk,2020,4.145261862104494,0.0429970109608082,-0.02823118706250508,0.05696327283916453,0.05318550201407311,-0.08497762987214655,0.04605705304222188
WK022501,Puiflijk,2022,4.167746517206079,0.0654816660623936,-0.020696370455813823,0.08951208188333337,0.056794247808374214,-0.11716027232789773,0.05703197915439729
WK022502,Afferden,2002,4.0412687952620026,-0.06099605588168299,NA,NA,NA,NA,NA
WK022502,Afferden,2008,4.080305784366163,-0.021959066777522074,NA,NA,NA,NA,NA
WK022502,Afferden,2012,4.138624231368128,0.03635938022444347,NA,NA,NA,NA,NA
WK022502,Afferden,2014,4.15394947052948,0.05168461938579426,-0.022210774451931346,0.07401522213261,0.0662394891402521,-0.1190143881850906,0.05265507074995387
WK022502,Afferden,2016,4.188018976453522,0.08575412530983713,NA,NA,NA,NA,NA
WK022502,Afferden,2018,4.1697044619805155,0.06743961083683056,-0.012719116125214577,0.0767941376824948,0.0668601172661034,-0.11706358408472521,0.05356805609817184
WK022502,Afferden,2020,4.1664879120602,0.06422306091651454,-0.012722336450396455,0.07929647426531435,0.055367762011903486,-0.11707760305283117,0.05935876414252398
WK022502,Afferden,2022,4.172926414215266,0.07066156307158108,-0.008301492187530736,0.09044133863566722,0.057184536364316245,-0.1310178470191347,0.06235502727826265
WK022503,Deest,2002,4.005093877161939,-0.09717097398174651,NA,NA,NA,NA,NA
WK022503,Deest,2008,4.022982878987658,-0.07928197215602796,NA,NA,NA,NA,NA
WK022503,Deest,2012,4.065283438992852,-0.03698141215083352,NA,NA,NA,NA,NA
WK022503,Deest,2014,4.027734505316444,-0.07453034582724076,0.004047728242246638,0.03494592006608044,0.03622310779869648,-0.15520429617795653,0.005457194243691967
WK022503,Deest,2016,4.072001527618845,-0.03026332352484057,NA,NA,NA,NA,NA
WK022503,Deest,2018,4.0913412010781025,-0.010923650065582673,0.009532962745756527,0.04651632277993711,0.04007332533541249,-0.13727333474520695,0.030227073818517882
WK022503,Deest,2020,4.124249540744028,0.02198468960034316,0.01334893550005643,0.06735430438193506,0.0375946530392493,-0.12857762045983837,0.032264417138940446
WK022503,Deest,2022,4.10117250067254,-0.0010923504711456513,0.0088682438865519,0.07717058945963486,0.03764342992588901,-0.15997549404430486,0.035200880301083134
WK022504,Horssen,2002,4.051495407307516,-0.05076944383616951,NA,NA,NA,NA,NA
WK022504,Horssen,2008,4.095911662594242,-0.006353188549443249,NA,NA,NA,NA,NA
WK022504,Horssen,2012,4.117781504928475,0.015516653784789945,NA,NA,NA,NA,NA
WK022504,Horssen,2014,4.166591146862999,0.06432629571931314,-0.024371483805340807,0.09498822762544311,0.07816689477389112,-0.15233844351815568,0.06788110064347519
WK022504,Horssen,2016,4.155079260226087,0.052814409082401884,NA,NA,NA,NA,NA
WK022504,Horssen,2018,4.173373774717052,0.07110892357336705,-0.017760678518848588,0.09079930851023697,0.07954727050173961,-0.1513274584761944,0.06985048155643314
WK022504,Horssen,2020,4.152544698272588,0.05027984712890241,-0.0202058040723021,0.08459634998914081,0.07437250371331103,-0.1557519172564109,0.06726871475516336
WK022504,Horssen,2022,4.165559130674607,0.06329427953092187,-0.017792336766037503,0.10047826037026714,0.06990894160337749,-0.15758195500138922,0.0682813693247036
WK022601,Wijk 01 Bedrijventerrein,2002,4.27942358216784,0.17715873102415416,NA,NA,NA,NA,NA
WK022601,Wijk 01 Bedrijventerrein,2008,4.2600933613869305,0.1578285102432453,NA,NA,NA,NA,NA
WK022601,Wijk 01 Bedrijventerrein,2012,4.310327767126757,0.20806291598307158,NA,NA,NA,NA,NA
WK022601,Wijk 01 Bedrijventerrein,2014,4.308183405282376,0.20591855413869112,-0.037486947496634344,0.15758797060792917,0.09790662736694379,-0.10420737432557425,0.09211827798602647
WK022601,Wijk 01 Bedrijventerrein,2016,4.2854509008261985,0.18318604968251298,NA,NA,NA,NA,NA
WK022601,Wijk 01 Bedrijventerrein,2018,4.300875305318906,0.19861045417522064,-0.02525456339238245,0.1262005664384723,0.08612022628497183,-0.09446855494734187,0.10601277979150055
WK022601,Wijk 01 Bedrijventerrein,2020,4.331361459452731,0.229096608309046,0.03488312203078831,0.11029742714176663,0.08365668986641014,-0.09041944810256927,0.09067881737264986
WK022601,Wijk 01 Bedrijventerrein,2022,4.255360868040003,0.15309601689631833,-0.005852842101515554,0.06364804104682201,0.09767306283149033,-0.09461362338652116,0.09224137850604262
WK022602,Wijk 02 Buitengebied,2002,4.249922720957927,0.14765786981424214,NA,NA,NA,NA,NA
WK022602,Wijk 02 Buitengebied,2008,4.225904284210651,0.12363943306696608,NA,NA,NA,NA,NA
WK022602,Wijk 02 Buitengebied,2012,4.223378969906245,0.12111411876256034,NA,NA,NA,NA,NA
WK022602,Wijk 02 Buitengebied,2014,4.206276279849779,0.10401142870609383,-0.09892129011665207,0.12397255394255265,0.10051571736028166,-0.11339632295281886,0.0918407704727301
WK022602,Wijk 02 Buitengebied,2016,4.2222714330047095,0.1200065818610244,NA,NA,NA,NA,NA
WK022602,Wijk 02 Buitengebied,2018,4.246131967726374,0.1438671165826883,-0.07589452312638019,0.1295339295521107,0.09910238981209889,-0.10242962697932877,0.09355494732418733
WK022602,Wijk 02 Buitengebied,2020,4.2191179495214595,0.11685309837777406,-0.09613054089496903,0.12189476259709757,0.09459913773994799,-0.09982082292688078,0.09631056186257807
WK022602,Wijk 02 Buitengebied,2022,4.199911257508332,0.0976464063646474,-0.10672048771590271,0.11450182937522368,0.09828261484386686,-0.10304444680572321,0.09462689666718244
WK022603,Wijk 03 Duiven-Noord,2002,4.069040614911308,-0.03322423623237733,NA,NA,NA,NA,NA
WK022603,Wijk 03 Duiven-Noord,2008,4.069148451456787,-0.033116399686898244,NA,NA,NA,NA,NA
WK022603,Wijk 03 Duiven-Noord,2012,4.091095618398811,-0.011169232744874108,NA,NA,NA,NA,NA
WK022603,Wijk 03 Duiven-Noord,2014,4.102814125449452,5.492743057670431e-4,-0.007784177457870115,0.043752999152032485,0.01641169539357658,-0.05299139818029064,0.0011601553983184665
WK022603,Wijk 03 Duiven-Noord,2016,4.122569068250697,0.020304217107011878,NA,NA,NA,NA,NA
WK022603,Wijk 03 Duiven-Noord,2018,4.112296845625552,0.010031994481866941,-0.015123074248464149,0.053744647087196555,0.013778586464526909,-0.04227623766445902,-9.192715693363838e-5
WK022603,Wijk 03 Duiven-Noord,2020,4.126588209919571,0.02432335877588639,-0.007905867365293058,0.049261253931673764,0.009569794059110362,-0.0324724168707628,0.005870595021157859
WK022603,Wijk 03 Duiven-Noord,2022,4.122987265474918,0.020722414331232564,-0.004657665146957919,0.03813772895973143,0.015287714986081927,-0.040398500549423906,0.012353136081800732
WK022604,Wijk 04 Duiven-Zuid,2002,4.050218032236027,-0.052046818907657603,NA,NA,NA,NA,NA
WK022604,Wijk 04 Duiven-Zuid,2008,4.067606270529395,-0.03465858061429048,NA,NA,NA,NA,NA
WK022604,Wijk 04 Duiven-Zuid,2012,4.065113337140376,-0.03715151400330848,NA,NA,NA,NA,NA
WK022604,Wijk 04 Duiven-Zuid,2014,4.086254079272747,-0.01601077187093806,-0.005459534188783303,0.042681786097145825,0.006492444929500431,-0.08044171984220357,0.020716251133402266
WK022604,Wijk 04 Duiven-Zuid,2016,4.091763417896201,-0.010501433247484185,NA,NA,NA,NA,NA
WK022604,Wijk 04 Duiven-Zuid,2018,4.087817057145418,-0.014447793998266614,-0.005207686742590443,0.04310130738866908,-0.0011915537835790826,-0.0708284353287287,0.01967857446796223
WK022604,Wijk 04 Duiven-Zuid,2020,4.089989444714077,-0.012275406429607748,0.002342400068736646,0.02226360413742792,-0.0030980688768994873,-0.05757125219563399,0.02378791043676087
WK022604,Wijk 04 Duiven-Zuid,2022,4.10931135389394,0.007046502750254516,0.008754234665762703,0.037486061055729054,0.003885468138415414,-0.0681514205601057,0.02507215945045274
WK022605,Wijk 05 Groessen,2002,4.207712765144405,0.1054479140007195,NA,NA,NA,NA,NA
WK022605,Wijk 05 Groessen,2008,4.20773053787025,0.10546568672656569,NA,NA,NA,NA,NA
WK022605,Wijk 05 Groessen,2012,4.202214211499785,0.09994936035609965,NA,NA,NA,NA,NA
WK022605,Wijk 05 Groessen,2014,4.201407201214868,0.0991423500711832,-0.013891558816594417,0.08758512394815289,0.08575422929255459,-0.12153789606534576,0.06123245171241561
WK022605,Wijk 05 Groessen,2016,4.226123846710012,0.12385899556632646,NA,NA,NA,NA,NA
WK022605,Wijk 05 Groessen,2018,4.258933927181466,0.15666907603778024,-0.008497216081591149,0.12806735567572713,0.0930600450825345,-0.11779095806061511,0.06182984942172459
WK022605,Wijk 05 Groessen,2020,4.246911494074683,0.1446466429309983,-0.008633617762921344,0.11029244522502307,0.09257633811357743,-0.11068074668202454,0.06109222403734342
WK022605,Wijk 05 Groessen,2022,4.246071208611269,0.14380635746758463,-0.007266431569763965,0.10858008171607655,0.09698575301791529,-0.12044618100899518,0.06595313531235165
WK022606,Wijk 06 Loo,2002,4.126046445765282,0.023781594621596836,NA,NA,NA,NA,NA
WK022606,Wijk 06 Loo,2008,4.143639444341777,0.0413745931980922,NA,NA,NA,NA,NA
WK022606,Wijk 06 Loo,2012,4.174872243665829,0.07260739252214436,NA,NA,NA,NA,NA
WK022606,Wijk 06 Loo,2014,4.165546097380355,0.06328124623667068,-0.011032199652940937,0.10037478441517178,0.06493169473157916,-0.15048311929550562,0.05949008603836612
WK022606,Wijk 06 Loo,2016,4.182729076574292,0.08046422543060641,NA,NA,NA,NA,NA
WK022606,Wijk 06 Loo,2018,4.1938225698355955,0.09155771869191054,-0.004029862831372119,0.11581442376130813,0.07025905875243016,-0.14929758076467986,0.05881167977422395
WK022606,Wijk 06 Loo,2020,4.191895900583515,0.08963104943983,-0.004344095020815806,0.11630793972570488,0.06059679964148231,-0.14167435457532404,0.05874475966878239
WK022606,Wijk 06 Loo,2022,4.179658402318189,0.07739355117450389,-0.0017825943182476769,0.10554761053576274,0.06752136129906214,-0.1524878529564831,0.058595026614409546
WK022801,Ede-Oost,2002,4.10200147081476,-2.633803289247015e-4,NA,NA,NA,NA,NA
WK022801,Ede-Oost,2008,4.1142522981758995,0.011987447032213935,NA,NA,NA,NA,NA
WK022801,Ede-Oost,2012,4.129720403899803,0.02745555275611817,NA,NA,NA,NA,NA
WK022801,Ede-Oost,2014,4.139567382320144,0.03730253117645871,-0.003637262686176604,0.012717605338568477,0.019982536625548192,0.016906877849278797,-0.0086672259507604
WK022801,Ede-Oost,2016,4.139330899851498,0.03706604870781304,NA,NA,NA,NA,NA
WK022801,Ede-Oost,2018,4.121409759737598,0.019144908593912578,-0.004845085705369279,0.005396813224228286,0.016984542220725363,0.009578039550308394,-0.007969400695980476
WK022801,Ede-Oost,2020,4.13561477544291,0.03334992429922504,-7.372154521207024e-4,-0.0072203825455083,0.015974128703409796,0.016359930477820098,0.008973463115623838
WK022801,Ede-Oost,2022,4.201710125790998,0.0994452746473125,-0.0014398834292502067,0.023349638687824675,0.01613039525129093,0.05526557047523659,0.006139553662210253
WK022802,Ede-West,2002,3.8888553158024455,-0.2134095353412399,NA,NA,NA,NA,NA
WK022802,Ede-West,2008,3.891323263443846,-0.21094158769983937,NA,NA,NA,NA,NA
WK022802,Ede-West,2012,3.9062251903217318,-0.19603966082195345,NA,NA,NA,NA,NA
WK022802,Ede-West,2014,3.976309828333687,-0.12595502280999799,-0.02730662805713571,-0.06175410129230496,-0.00896541506189254,0.0063673675828194365,-0.03429624598148449
WK022802,Ede-West,2016,4.033763993643451,-0.0685008575002345,NA,NA,NA,NA,NA
WK022802,Ede-West,2018,4.044690176045881,-0.05757467509780438,-0.026468255265654987,-0.008693734773739619,-0.006480388364425199,-0.0023711005811573936,-0.013561196112827453
WK022802,Ede-West,2020,4.0592623719259455,-0.04300247921773952,-0.02444080271073098,-0.008618477698396083,-0.00847585642850893,0.007875718955618413,-0.009343061335722191
WK022802,Ede-West,2022,4.116598325702174,0.014333474558489486,-0.022130902844194764,0.00612932939765311,-0.009853080331065904,0.050478395111432116,-0.010290266775335361
WK022803,Ede-Veldhuizen,2002,3.7571531744754365,-0.34511167666824893,NA,NA,NA,NA,NA
WK022803,Ede-Veldhuizen,2008,3.7553860075667456,-0.3468788435769393,NA,NA,NA,NA,NA
WK022803,Ede-Veldhuizen,2012,3.7943519512532737,-0.3079128998904115,NA,NA,NA,NA,NA
WK022803,Ede-Veldhuizen,2014,3.882191286303254,-0.22007356484043133,-0.013195506814901819,-0.08250674596635985,-0.023612852082182088,-0.0404864329871692,-0.060272026989818706
WK022803,Ede-Veldhuizen,2016,3.940523740545663,-0.1617411105980224,NA,NA,NA,NA,NA
WK022803,Ede-Veldhuizen,2018,3.936173708578213,-0.16609114256547222,-0.018624740385458555,-0.03321094496330734,-0.025981752733395563,-0.05218760099557573,-0.03608610348773533
WK022803,Ede-Veldhuizen,2020,3.94604204325918,-0.15622280788450563,-0.01253401032652041,-0.03871878606870929,-0.025160799588454425,-0.0426484874633034,-0.03716072443751839
WK022803,Ede-Veldhuizen,2022,4.023865445856512,-0.07839940528717242,-0.009958985054247986,-0.017046473772619912,-0.02350104454447728,-9.521802956870385e-4,-0.02694072162014048
WK022804,Kernhem,2002,3.852103040273255,-0.25016181087043016,NA,NA,NA,NA,NA
WK022804,Kernhem,2008,4.0878563737457485,-0.01440847739793661,NA,NA,NA,NA,NA
WK022804,Kernhem,2012,4.058312422178483,-0.04395242896520213,NA,NA,NA,NA,NA
WK022804,Kernhem,2014,4.004369771836605,-0.09789507930708043,-0.030343433883826786,0.024256700205406174,0.04289446898505148,-0.10595560069418085,-0.028747213919530668
WK022804,Kernhem,2016,4.096404353349309,-0.00586049779437636,NA,NA,NA,NA,NA
WK022804,Kernhem,2018,4.074217603263617,-0.02804724788006879,-0.03784844277995799,0.054320895787895694,0.03852098442341642,-0.08659823765132416,0.0035575523399009536
WK022804,Kernhem,2020,4.0658268887882905,-0.036437962355395044,-0.030057301687277587,0.03153961054637659,0.03744787014446622,-0.07914312229614179,0.003774980937181221
WK022804,Kernhem,2022,4.112532809233315,0.01026795808962966,-0.026047623609098566,0.03899574175076836,0.03873088787596914,-0.04941170485928398,0.008000656931274448
WK022805,Veluwse Poort,2016,4.432063458495498,0.32979860735181266,NA,NA,NA,NA,NA
WK022805,Veluwse Poort,2018,4.348431175451244,0.24616632430755933,0.05732943343727533,0.060600833401348426,0.08829117742752988,-0.013086977501164726,0.053031857542570233
WK022805,Veluwse Poort,2020,4.202909936335112,0.10064508519142669,0.01764281196719607,0.03127361705118676,0.06323749340353373,-0.03517737064715807,0.023668533416667876
WK022805,Veluwse Poort,2022,4.237692262902512,0.13542741175882694,0.01780593848716748,0.05571821116677589,0.05037373769752141,-0.01895100212725208,0.030480526534613972
WK022810,Ede-Zuid,2002,3.805193246707501,-0.2970716044361841,NA,NA,NA,NA,NA
WK022810,Ede-Zuid,2008,3.8376175867352815,-0.2646472644084039,NA,NA,NA,NA,NA
WK022810,Ede-Zuid,2012,3.8867507517073396,-0.2155140994363455,NA,NA,NA,NA,NA
WK022810,Ede-Zuid,2014,3.977374543131788,-0.1248903080118974,-0.015289865891720157,-0.07896232772188926,-0.030770944405921055,0.029167845233828302,-0.029035015226195487
WK022810,Ede-Zuid,2016,3.982888431928655,-0.11937641921502992,NA,NA,NA,NA,NA
WK022810,Ede-Zuid,2018,4.010144445079324,-0.09212040606436118,-0.021510297048986018,-0.05472792149163161,-0.02811218527511448,0.028515846590502124,-0.01628584883913144
WK022810,Ede-Zuid,2020,4.020719017292725,-0.08154583385095997,-0.024242929006555065,-0.051690397865603054,-0.03147153143251106,0.037138625418009066,-0.011279600964300175
WK022810,Ede-Zuid,2022,4.06976111805585,-0.032503733087835114,-0.019700686359851182,-0.04696382369247146,-0.023038956973349425,0.06620310112319609,-0.009003367185359414
WK022811,Maandereng,2002,3.8942513509722705,-0.20801350017141518,NA,NA,NA,NA,NA
WK022811,Maandereng,2008,3.953815608203259,-0.14844924294042652,NA,NA,NA,NA,NA
WK022811,Maandereng,2012,3.9543712309006223,-0.14789362024306313,NA,NA,NA,NA,NA
WK022811,Maandereng,2014,4.002548666719398,-0.09971618442428727,-0.02641749584733294,-0.04490815378920206,-0.012037602583561456,0.028294428662626433,-0.04464736086681761
WK022811,Maandereng,2016,4.038650988270588,-0.06361386287309796,NA,NA,NA,NA,NA
WK022811,Maandereng,2018,4.04139254118714,-0.06087230995654625,-0.029346791321466816,-0.00899993802420588,-0.015697905334949587,0.027993851680843687,-0.03482152695676791
WK022811,Maandereng,2020,4.051478858455695,-0.050785992687989646,-0.029416064735873867,-0.00797381103965489,-0.020990906913789152,0.036546609524571866,-0.028951819523243865
WK022811,Maandereng,2022,4.114544102396346,0.012279251252660434,-0.025414598048138472,-0.0019635873338400577,-0.013552126242003719,0.06950347322112548,-0.01629391034448306
WK022812,Rietkampen,2002,4.0459632335739855,-0.05630161756969991,NA,NA,NA,NA,NA
WK022812,Rietkampen,2008,4.041354428105655,-0.06091042303803028,NA,NA,NA,NA,NA
WK022812,Rietkampen,2012,4.029427787556112,-0.072837063587573,NA,NA,NA,NA,NA
WK022812,Rietkampen,2014,4.07718920675182,-0.0250756443918655,-0.03200292977221086,0.00527480273880981,0.018077559282848526,-0.020800661965397704,0.0043755853240844845
WK022812,Rietkampen,2016,4.121566703256298,0.019301852112612445,NA,NA,NA,NA,NA
WK022812,Rietkampen,2018,4.11366826685516,0.01140341571147463,-0.040458442181695836,0.040405078164721435,0.012662431761640756,-0.019189004437944236,0.017983352404752267
WK022812,Rietkampen,2020,4.116512778197848,0.0142479270541622,-0.041804562076603796,0.03645930592924524,0.01025983177845798,-0.007266103329320718,0.016599454752383194
WK022812,Rietkampen,2022,4.166091319249758,0.06382646810607318,-0.04027762974205126,0.04428538526029979,0.017992143688390812,0.021400755558696936,0.020425813340736648
WK022813,Bedrijventerrein,2002,3.983931789132892,-0.11833306201079348,NA,NA,NA,NA,NA
WK022813,Bedrijventerrein,2008,4.016384882002801,-0.0858799691408844,NA,NA,NA,NA,NA
WK022813,Bedrijventerrein,2012,4.005677313662903,-0.09658753748078239,NA,NA,NA,NA,NA
WK022813,Bedrijventerrein,2014,4.015226532640953,-0.08703831850273265,-0.1652566446013064,0.011429562140666958,0.10129895114111742,-0.08475050364656748,0.05024031646335663
WK022813,Bedrijventerrein,2016,4.067085603579659,-0.035179247564026024,NA,NA,NA,NA,NA
WK022813,Bedrijventerrein,2018,4.0566341839047775,-0.045630667238908094,-0.17328717290766227,0.05516142892952558,0.10335992094276154,-0.08696775763369656,0.05610291343016337
WK022813,Bedrijventerrein,2020,4.110928981280115,0.008664130136430213,-0.16807779704632128,0.058567979678027515,0.11882261301942205,-0.07912653535218966,0.07847786983749129
WK022813,Bedrijventerrein,2022,4.120258875524359,0.017994024380674555,-0.16961808696599653,0.0712123080817228,0.10500490472536117,-0.05357122514949894,0.06496612368908589
WK022820,Buitengebied Ede-Stad,2002,4.209078729634448,0.10681387849076289,NA,NA,NA,NA,NA
WK022820,Buitengebied Ede-Stad,2008,4.200102727258075,0.09783787611439006,NA,NA,NA,NA,NA
WK022820,Buitengebied Ede-Stad,2012,4.186625636456123,0.0843607853124374,NA,NA,NA,NA,NA
WK022820,Buitengebied Ede-Stad,2014,4.173214930758338,0.0709500796146523,0.02249563962870416,0.0559496135391114,0.0940856367463405,-0.1303987674509171,0.02881795715141309
WK022820,Buitengebied Ede-Stad,2016,4.169261834025925,0.06699698288224001,NA,NA,NA,NA,NA
WK022820,Buitengebied Ede-Stad,2018,4.225665626179047,0.12340077503536108,0.01655843325805112,0.08018381113344564,0.11145356072084248,-0.12869411542808237,0.04389908535110394
WK022820,Buitengebied Ede-Stad,2020,4.2133390653246225,0.11107421418093713,0.004071091169899317,0.07748648864707734,0.10109101651899531,-0.12135462042583642,0.04978023827080122
WK022820,Buitengebied Ede-Stad,2022,4.243164140894409,0.14089928975072447,0.007997815770564493,0.07407398500821218,0.10118081182849593,-0.09827534390722566,0.055922021050677104
WK022830,Bennekom,2002,4.183474259794527,0.0812094086508411,NA,NA,NA,NA,NA
WK022830,Bennekom,2008,4.181440836656028,0.0791759855123426,NA,NA,NA,NA,NA
WK022830,Bennekom,2012,4.203671992827698,0.10140714168401295,NA,NA,NA,NA,NA
WK022830,Bennekom,2014,4.211324792228425,0.10905994108474043,0.007847904967499686,0.06542351194736765,0.038225434073094346,-0.021876088480442417,0.019439178577220873
WK022830,Bennekom,2016,4.22544945475341,0.12318460360972544,NA,NA,NA,NA,NA
WK022830,Bennekom,2018,4.231116695955669,0.12885184481198428,0.005412164111544169,0.07807998262547784,0.03654840957292823,-0.020736422535952773,0.029547711037986556
WK022830,Bennekom,2020,4.219378225793203,0.1171133746495173,0.004340582164227464,0.056074773072574406,0.03495776752848309,-0.00905318221003204,0.03079343409426412
WK022830,Bennekom,2022,4.2398763057058835,0.13761145456219814,0.007219315292229982,0.0697440870671988,0.03285388685704348,0.0027943240150443073,0.024999841330681293
WK022840,Lunteren,2002,4.13050505688747,0.0282402057437849,NA,NA,NA,NA,NA
WK022840,Lunteren,2008,4.149606769601763,0.047341918458077725,NA,NA,NA,NA,NA
WK022840,Lunteren,2012,4.135342225946239,0.03307737480255425,NA,NA,NA,NA,NA
WK022840,Lunteren,2014,4.161656698501392,0.05939184735770653,-0.012398983228379049,0.06650412402744638,0.07694628814903666,-0.09424335302870816,0.022583771438310373
WK022840,Lunteren,2016,4.157195863703688,0.054931012560002775,NA,NA,NA,NA,NA
WK022840,Lunteren,2018,4.186492018833969,0.08422716769028442,-0.016394856917198643,0.08088139514283009,0.07560743861296453,-0.08851746638928935,0.03265065724097752
WK022840,Lunteren,2020,4.197008016481205,0.09474316533752045,-0.0279993867639355,0.08493707944058834,0.0682330935422948,-0.07239089164449171,0.041963270763064206
WK022840,Lunteren,2022,4.193376757091104,0.09111190594741897,-0.023956477165345505,0.07431996261622296,0.0614047338546035,-0.059040006679774666,0.03838369332171239
WK022850,Ederveen,2002,4.13879314509832,0.03652829395463413,NA,NA,NA,NA,NA
WK022850,Ederveen,2008,4.137772879576355,0.03550802843266956,NA,NA,NA,NA,NA
WK022850,Ederveen,2012,4.160561533176597,0.05829668203291079,NA,NA,NA,NA,NA
WK022850,Ederveen,2014,4.144668402724765,0.04240355158107945,-0.027074889321046274,0.07917437626989425,0.08243837302686764,-0.11170904691435268,0.01957473851971627
WK022850,Ederveen,2016,4.15475854257405,0.05249369143036403,NA,NA,NA,NA,NA
WK022850,Ederveen,2018,4.190829173884853,0.08856432274116798,-0.014104146493040395,0.09171752287351001,0.07875151106444118,-0.09612824387166455,0.028327679167921487
WK022850,Ederveen,2020,4.17070507360055,0.06844022245686546,-0.018493830475719456,0.08666360964492054,0.07386429801816383,-0.09084481559102311,0.017250960860523377
WK022850,Ederveen,2022,4.163781382383634,0.061516531239949164,-0.02065287672514156,0.07413324544235261,0.06830876907495533,-0.08351561111637204,0.023243004564154485
WK022860,De Klomp,2002,4.0476090177408075,-0.054655833402877815,NA,NA,NA,NA,NA
WK022860,De Klomp,2008,4.076967683162065,-0.02529716798161988,NA,NA,NA,NA,NA
WK022860,De Klomp,2012,4.147959502577431,0.045694651433746264,NA,NA,NA,NA,NA
WK022860,De Klomp,2014,4.110379786144097,0.008114935000412122,-0.0967403051176604,0.0683507570354873,0.10113363839424011,-0.0747739237237949,0.010144768412139765
WK022860,De Klomp,2016,4.0911795558939685,-0.01108529524971677,NA,NA,NA,NA,NA
WK022860,De Klomp,2018,4.1895147502907335,0.08724989914704796,-0.08044076408601736,0.08114918192885631,0.10254771529852111,-0.06633498655019177,0.05032875255587939
WK022860,De Klomp,2020,4.14542339454107,0.04315854339738509,-0.08609655795849877,0.059301430485236145,0.09490367226593936,-0.058605786807995025,0.03365578541270325
WK022860,De Klomp,2022,4.177693703983071,0.07542885283938494,-0.07737945921717383,0.05567840715050292,0.08873029694460145,-0.04667734934866106,0.05507695731011519
WK022870,Harskamp,2002,4.069829433702726,-0.03243541744095924,NA,NA,NA,NA,NA
WK022870,Harskamp,2008,4.04702727831843,-0.05523757282525539,NA,NA,NA,NA,NA
WK022870,Harskamp,2012,4.079454737903238,-0.02281011324044748,NA,NA,NA,NA,NA
WK022870,Harskamp,2014,4.113213065223866,0.010948214080181472,9.301771651925362e-4,0.059623121195461926,0.12321310509401925,-0.175068023534526,0.0022498341600334015
WK022870,Harskamp,2016,4.08719626861842,-0.01506858252526549,NA,NA,NA,NA,NA
WK022870,Harskamp,2018,4.094915867131086,-0.007348984012598874,-0.028989927999730977,0.08555617627915563,0.07644459518884746,-0.17091514234933824,0.030555314868466927
WK022870,Harskamp,2020,4.094856431236531,-0.007408419907153503,-0.03584665592158806,0.07948778069240414,0.07687581639424473,-0.16046790840691005,0.03254254733469546
WK022870,Harskamp,2022,4.093945435730995,-0.00831941541269011,-0.02622468889609957,0.07180447540080345,0.07270653823146059,-0.15986607704077765,0.033260336891922766
WK022880,Wekerom,2002,4.128024244478535,0.025759393334849796,NA,NA,NA,NA,NA
WK022880,Wekerom,2008,4.050453360281072,-0.05181149086261394,NA,NA,NA,NA,NA
WK022880,Wekerom,2012,4.051626660524602,-0.05063819061908345,NA,NA,NA,NA,NA
WK022880,Wekerom,2014,4.073231326640743,-0.02903352450294214,-0.005323915848364522,0.07547427186518431,0.08515050445626607,-0.18243164805549003,-0.0019027369205382213
WK022880,Wekerom,2016,4.08377912900763,-0.01848572213605494,NA,NA,NA,NA,NA
WK022880,Wekerom,2018,4.110761994158932,0.008497143015246553,-0.0036844867964093584,0.0868262654598385,0.07394207223544116,-0.17769266955784535,0.029105961674221383
WK022880,Wekerom,2020,4.110336313336517,0.008071462192831272,-0.008582642016148338,0.0936130298965391,0.06564454945689027,-0.17538185632352968,0.032778381179079656
WK022880,Wekerom,2022,4.082349929594042,-0.019914921549642806,-0.008850685631105627,0.06360645150030514,0.060892845663858435,-0.16540994284023278,0.029846409757531753
WK022890,Otterlo,2002,4.199392861382682,0.09712801023899695,NA,NA,NA,NA,NA
WK022890,Otterlo,2008,4.177316738178667,0.07505188703498204,NA,NA,NA,NA,NA
WK022890,Otterlo,2012,4.203391548603881,0.10112669746019559,NA,NA,NA,NA,NA
WK022890,Otterlo,2014,4.196644228425127,0.09437937728144201,0.0640879337901445,0.07271320584424217,0.10530281326959828,-0.1373938314109451,-0.010330744211598146
WK022890,Otterlo,2016,4.2211676965772735,0.11890284543358823,NA,NA,NA,NA,NA
WK022890,Otterlo,2018,4.190895936810545,0.08863108566685987,0.031086439532613096,0.08396035750664128,0.07703631676849207,-0.12989504535256213,0.02644301721167532
WK022890,Otterlo,2020,4.213365166111724,0.1111003149680389,0.030108111094228698,0.09050613921266695,0.08152227243649264,-0.1288654354425958,0.0378292276672461
WK022890,Otterlo,2022,4.218525466552615,0.11626061540892965,0.03497686244286902,0.08720344450751519,0.0781252401425059,-0.11723341190619002,0.0331884802222293
WK023001,Wijk 01 Elburg,2002,4.065924391968985,-0.036340459174700544,NA,NA,NA,NA,NA
WK023001,Wijk 01 Elburg,2008,4.083698594192622,-0.018566256951062912,NA,NA,NA,NA,NA
WK023001,Wijk 01 Elburg,2012,4.0978956789680785,-0.0043691721756063924,NA,NA,NA,NA,NA
WK023001,Wijk 01 Elburg,2014,4.117790460744664,0.015525609600979054,0.022638373962129237,0.061080093821778564,0.020950391477243827,-0.10583923051292975,0.01669598085275689
WK023001,Wijk 01 Elburg,2016,4.1379575769192964,0.03569272577561157,NA,NA,NA,NA,NA
WK023001,Wijk 01 Elburg,2018,4.13249124415635,0.030226393012664835,0.02066892691791063,0.059876712481348564,0.020309002655039172,-0.09971517137390822,0.029086922332274383
WK023001,Wijk 01 Elburg,2020,4.122482510622123,0.020217659478437518,0.021083629933603767,0.051565090108773706,0.015346735902501673,-0.09344133315530523,0.025663536688863318
WK023001,Wijk 01 Elburg,2022,4.1173514546488725,0.015086603505186999,0.02511641195749205,0.040113490364263434,0.02035826348272039,-0.09983115451382887,0.02932959221453969
WK023002,Wijk 02,2002,4.048849650604806,-0.053415200538878334,NA,NA,NA,NA,NA
WK023002,Wijk 02,2008,4.062132758645483,-0.04013209249820224,NA,NA,NA,NA,NA
WK023002,Wijk 02,2012,4.0743711106390945,-0.027893740504590148,NA,NA,NA,NA,NA
WK023002,Wijk 02,2014,4.128220889989567,0.02595603884588191,0.041259497286347015,0.07459348043202368,0.03704619363140397,-0.13865460585429135,0.01171147335039833
WK023002,Wijk 02,2016,4.135216857884943,0.032952006741258616,NA,NA,NA,NA,NA
WK023002,Wijk 02,2018,4.122403947272212,0.020139096128527004,0.03638728714213433,0.06970068824346747,0.03363000568203727,-0.1368790895541657,0.017300204615053355
WK023002,Wijk 02,2020,4.111800594601863,0.0095357434581784,0.032313106700316625,0.0578773024688772,0.028821101301461125,-0.12186439291373528,0.01238862590125846
WK023002,Wijk 02,2022,4.097660808135809,-0.004604043007875399,0.03549964468269156,0.04362938056023357,0.03268459542607205,-0.1354527781121083,0.019035114435235378
WK023003,Wijk 03 Doornspijk,2002,4.104683843314848,0.0024189921711632923,NA,NA,NA,NA,NA
WK023003,Wijk 03 Doornspijk,2008,4.104443619057005,0.0021787679133196533,NA,NA,NA,NA,NA
WK023003,Wijk 03 Doornspijk,2012,4.116708356700382,0.014443505556696951,NA,NA,NA,NA,NA
WK023003,Wijk 03 Doornspijk,2014,4.169451217575383,0.06718636643169819,0.018117660082533963,0.10555511760065421,0.08456387831889309,-0.18289550293433834,0.041845213363955025
WK023003,Wijk 03 Doornspijk,2016,4.207858465107209,0.10559361396352394,NA,NA,NA,NA,NA
WK023003,Wijk 03 Doornspijk,2018,4.167647060591046,0.06538220944736055,0.030274202481667862,0.09499195051600232,0.07848192811691884,-0.17782920120096835,0.039463329533739606
WK023003,Wijk 03 Doornspijk,2020,4.173260476800719,0.07099562565703346,0.03019517305323669,0.09135596380128115,0.07297948702824446,-0.16555513110528172,0.042020132879552606
WK023003,Wijk 03 Doornspijk,2022,4.173533190039463,0.07126833889577833,0.03439049403483488,0.08899183430376631,0.0761096495894935,-0.1749072523830609,0.0466836133507443
WK023200,Wijk 00 Epe,2002,4.161009248960815,0.05874439781712934,NA,NA,NA,NA,NA
WK023200,Wijk 00 Epe,2008,4.166900132467608,0.06463528132392306,NA,NA,NA,NA,NA
WK023200,Wijk 00 Epe,2012,4.185504446062157,0.08323959491847181,NA,NA,NA,NA,NA
WK023200,Wijk 00 Epe,2014,4.192437867209121,0.09017301606543611,0.03175399342031901,0.04667491076456604,0.04083541602886294,-0.06409154067387508,0.035000236525562944
WK023200,Wijk 00 Epe,2016,4.2241261648634225,0.12186131371973742,NA,NA,NA,NA,NA
WK023200,Wijk 00 Epe,2018,4.187985779398866,0.08572092825518084,0.03205505077499045,0.04921154016864762,0.03760202810204427,-0.06819263127409744,0.03504494048359565
WK023200,Wijk 00 Epe,2020,4.185117206368305,0.08285235522461962,0.028654398723969063,0.053585456329221424,0.03131100078208905,-0.0676956227842876,0.036997122173627404
WK023200,Wijk 00 Epe,2022,4.206358426474938,0.10409357533125266,0.033007582737514835,0.06943069776393204,0.04219638428085639,-0.06791294280665745,0.027371853355606584
WK023201,Wijk 01 Emst,2002,4.227971029876236,0.1257061787325508,NA,NA,NA,NA,NA
WK023201,Wijk 01 Emst,2008,4.202551712031665,0.10028686088798026,NA,NA,NA,NA,NA
WK023201,Wijk 01 Emst,2012,4.243779869885923,0.14151501874223812,NA,NA,NA,NA,NA
WK023201,Wijk 01 Emst,2014,4.243118174398326,0.14085332325464078,-0.0073183847873254815,0.09210970739469715,0.09767260094019076,-0.13147632685865682,0.08986572656573488
WK023201,Wijk 01 Emst,2016,4.27485308826364,0.1725882371199548,NA,NA,NA,NA,NA
WK023201,Wijk 01 Emst,2018,4.265234841437208,0.16296999029352358,0.019453545417042216,0.10101989988900488,0.09235062027559274,-0.13502610998366996,0.08517203469555344
WK023201,Wijk 01 Emst,2020,4.227008405458443,0.12474355431475867,0.009241113675332348,0.08486298534019221,0.08190945408343284,-0.13747186532034275,0.08620186653614377
WK023201,Wijk 01 Emst,2022,4.2327493857747465,0.13048453463106158,0.012984071131378009,0.11054121140725054,0.0850384016029127,-0.13712751921639416,0.059048369705914185
WK023202,Wijk 02 Vaassen,2002,4.079297817163522,-0.02296703398016336,NA,NA,NA,NA,NA
WK023202,Wijk 02 Vaassen,2008,4.082342302359846,-0.01992254878383921,NA,NA,NA,NA,NA
WK023202,Wijk 02 Vaassen,2012,4.106848831328112,0.004583980184427276,NA,NA,NA,NA,NA
WK023202,Wijk 02 Vaassen,2014,4.138769065759619,0.03650421461593406,0.017971707319322426,0.054162135440561796,0.0300675503068332,-0.09887030431242323,0.033173125861639584
WK023202,Wijk 02 Vaassen,2016,4.168734820192146,0.06646996904846089,NA,NA,NA,NA,NA
WK023202,Wijk 02 Vaassen,2018,4.155201791963998,0.05293694082031256,0.02540410279865776,0.05856889782423349,0.03105698736882611,-0.0986322715525065,0.036539224381101444
WK023202,Wijk 02 Vaassen,2020,4.14398737017013,0.041722519026445304,0.022829768913079623,0.041910577402495514,0.02725591314281445,-0.08707907950446521,0.03680533907252065
WK023202,Wijk 02 Vaassen,2022,4.161397973445447,0.0591331223017612,0.026240549475381056,0.06841714841286706,0.03184195408158366,-0.09693905850091239,0.029572528832841526
WK023203,Wijk 03 Oene,2002,4.244205282823606,0.1419404316799208,NA,NA,NA,NA,NA
WK023203,Wijk 03 Oene,2008,4.246351636890203,0.1440867857465172,NA,NA,NA,NA,NA
WK023203,Wijk 03 Oene,2012,4.2432359715104875,0.14097112036680215,NA,NA,NA,NA,NA
WK023203,Wijk 03 Oene,2014,4.2386975385505234,0.13643268740683812,-0.022946917276851185,0.10583637500257918,0.11104901613148001,-0.1722023933180268,0.11469660686765655
WK023203,Wijk 03 Oene,2016,4.246821150653494,0.1445562995098088,NA,NA,NA,NA,NA
WK023203,Wijk 03 Oene,2018,4.259159930898948,0.15689507975526226,0.004228005361712584,0.1186634190372826,0.10080404508567457,-0.1728422430644326,0.10604185333502486
WK023203,Wijk 03 Oene,2020,4.2252096417980995,0.12294479065441459,-0.008546702290319013,0.10295525405574633,0.10317217502099854,-0.17621201687311538,0.1015760807411038
WK023203,Wijk 03 Oene,2022,4.2236337613120885,0.12136891016840301,-0.005533139893623442,0.12023480393753767,0.10686509246818253,-0.17338062687883876,0.07318278053514468
WK023300,Schil rondom het centrum,2002,4.078427176690843,-0.023837674452842697,NA,NA,NA,NA,NA
WK023300,Schil rondom het centrum,2008,4.074624130406031,-0.027640720737654126,NA,NA,NA,NA,NA
WK023300,Schil rondom het centrum,2012,4.084938611129662,-0.017326240014023237,NA,NA,NA,NA,NA
WK023300,Schil rondom het centrum,2014,4.09982359196187,-0.0024412591818145164,0.02591725041861708,0.053069745759118464,0.012560957959866866,-0.0900942709765287,-0.0038949423428885233
WK023300,Schil rondom het centrum,2016,4.105263157256213,0.0029983061125283634,NA,NA,NA,NA,NA
WK023300,Schil rondom het centrum,2018,4.129202995051837,0.026938143908150705,0.018702127706792193,0.05936537725105711,0.012175867775848373,-0.06625792508449263,0.0029526962589453694
WK023300,Schil rondom het centrum,2020,4.140577564019477,0.03831271287579124,0.021045083780783232,0.06456617298356046,0.0102402306244184,-0.05770070248575312,1.619279727820055e-4
WK023300,Schil rondom het centrum,2022,4.163130012500756,0.0608651613570704,0.02553899508920032,0.07026705245566905,0.013264940280019342,-0.061818760020404824,0.013612933552586224
WK023301,Centrum Ermelo,2002,4.0951049837265545,-0.007159867417130575,NA,NA,NA,NA,NA
WK023301,Centrum Ermelo,2008,4.0967150021660474,-0.005549848977638285,NA,NA,NA,NA,NA
WK023301,Centrum Ermelo,2012,4.098491822427085,-0.0037730287166004685,NA,NA,NA,NA,NA
WK023301,Centrum Ermelo,2014,4.0761591068751075,-0.026105744268577293,0.02318017641117712,-0.0050660226251344285,0.00306038537133331,-0.05257220814585986,0.005291924719906303
WK023301,Centrum Ermelo,2016,4.137593071028584,0.035328219884899134,NA,NA,NA,NA,NA
WK023301,Centrum Ermelo,2018,4.145526138603835,0.04326128746014954,0.019069545454824307,0.02531804824260925,0.0070059604845068195,-0.024358918314556464,0.016226651592765342
WK023301,Centrum Ermelo,2020,4.173986371855294,0.07172152071160832,0.02474056152937762,0.02857633458363999,0.0062746983584237095,-0.007177627668692554,0.01930755390885926
WK023301,Centrum Ermelo,2022,4.192475986370985,0.09021113522729925,0.034377661008758865,0.04244822721369464,0.006987880635302236,-0.018683131452541083,0.02508049782208429
WK023302,Tonsel en Veldzicht,2002,4.220859910221072,0.1185950590773868,NA,NA,NA,NA,NA
WK023302,Tonsel en Veldzicht,2008,4.202493093593651,0.10022824244996471,NA,NA,NA,NA,NA
WK023302,Tonsel en Veldzicht,2012,4.2008911869510674,0.09862633580738202,NA,NA,NA,NA,NA
WK023302,Tonsel en Veldzicht,2014,4.1527685108789205,0.05050365973523522,-0.01618005723998064,0.0732467583696743,0.082123679300965,-0.11219830213823268,0.023511581442808994
WK023302,Tonsel en Veldzicht,2016,4.181483979431582,0.07921912828789715,NA,NA,NA,NA,NA
WK023302,Tonsel en Veldzicht,2018,4.204769027445221,0.10250417630153559,-0.010499707803884402,0.0838870167399652,0.08364473386478069,-0.0781762765501975,0.02364841005087134
WK023302,Tonsel en Veldzicht,2020,4.214063619469827,0.11179876832614166,-0.00958299910871024,0.0914012590013793,0.08153098286831172,-0.0766785447493787,0.025128070314539418
WK023302,Tonsel en Veldzicht,2022,4.23237077616775,0.130105925024065,-0.0034479569603969467,0.08615003731715351,0.07297007817510733,-0.07084893998939953,0.045282706481600384
WK023303,Buitengebied west,2002,4.288585674542956,0.1863208233992704,NA,NA,NA,NA,NA
WK023303,Buitengebied west,2008,4.244165065244995,0.14190021410130985,NA,NA,NA,NA,NA
WK023303,Buitengebied west,2012,4.183444475106732,0.08117962396304731,NA,NA,NA,NA,NA
WK023303,Buitengebied west,2014,4.1769625020014205,0.0746976508577352,0.005967297067817223,0.10193471258055924,0.07340656041421796,-0.14813803030711425,0.04152711110225476
WK023303,Buitengebied west,2016,4.2034743057457895,0.10120945460210462,NA,NA,NA,NA,NA
WK023303,Buitengebied west,2018,4.213279856706708,0.11101500556302349,0.008267004885059544,0.09757003674169333,0.08446370607809477,-0.12693751824227703,0.04765177610045254
WK023303,Buitengebied west,2020,4.203062015361385,0.1007971642176995,0.006949122701774767,0.09489397765267484,0.06635295095807157,-0.11053998162606425,0.043141094531242326
WK023303,Buitengebied west,2022,4.21002854510449,0.1077636939608042,0.00876392398518755,0.09728286638119438,0.06847743846676162,-0.11583850716547489,0.04907797229313526
WK023304,Buitengebied midden,2002,4.3430513775311965,0.24078652638751116,NA,NA,NA,NA,NA
WK023304,Buitengebied midden,2008,4.332819075435007,0.2305542242913218,NA,NA,NA,NA,NA
WK023304,Buitengebied midden,2012,4.349593039479837,0.24732818833615106,NA,NA,NA,NA,NA
WK023304,Buitengebied midden,2014,4.411877356808919,0.3096125056652338,0.15285684408971278,0.12110878779491559,0.1156649957581476,-0.15189774548164575,0.07187962350410332
WK023304,Buitengebied midden,2016,4.385028763142483,0.28276391199879686,NA,NA,NA,NA,NA
WK023304,Buitengebied midden,2018,4.379719994501676,0.27745514335799154,0.14717022557998677,0.06761142514365474,0.11215833985618365,-0.12693866601904993,0.07745381879721604
WK023304,Buitengebied midden,2020,4.437942214385076,0.3356773632413915,0.14860788472350894,0.13601199716949816,0.09867313334557265,-0.12788829782195205,0.08027264582476362
WK023304,Buitengebied midden,2022,4.421213163546645,0.3189483124029602,0.13773374857407858,0.13810114802194837,0.09828485121482367,-0.13274476440660704,0.07757332899871626
WK023305,Buitengebied oost,2002,4.261041624220356,0.1587767730766705,NA,NA,NA,NA,NA
WK023305,Buitengebied oost,2008,4.222884357276773,0.12061950613308849,NA,NA,NA,NA,NA
WK023305,Buitengebied oost,2012,4.2320132207355075,0.12974836959182215,NA,NA,NA,NA,NA
WK023305,Buitengebied oost,2014,4.223018985526132,0.120754134382447,0.07694449165182983,0.0959087823348615,0.09093868985274134,-0.21559852146034253,0.07256069200335656
WK023305,Buitengebied oost,2016,4.244563507190316,0.14229865604663042,NA,NA,NA,NA,NA
WK023305,Buitengebied oost,2018,4.275770013038371,0.173505161894686,0.075198023152512,0.12353076655120415,0.09920993141249822,-0.2029507658310573,0.07851720660952864
WK023305,Buitengebied oost,2020,4.259877125850902,0.15761227470721664,0.0710704681925955,0.12147047844022031,0.10670895008884769,-0.21250507790769682,0.07086745589324973
WK023305,Buitengebied oost,2022,4.263201058816624,0.16093620767293867,0.07317312748511998,0.11990258654429073,0.10092123405551838,-0.20980220687306353,0.07674146646107284
WK024301,Binnenstad,2002,4.048722805508543,-0.05354204563514255,NA,NA,NA,NA,NA
WK024301,Binnenstad,2008,4.125296256157318,0.02303140501363314,NA,NA,NA,NA,NA
WK024301,Binnenstad,2012,4.106575748328806,0.004310897185120741,NA,NA,NA,NA,NA
WK024301,Binnenstad,2014,4.09362269476659,-0.008642156377095643,0.04672099811722777,-0.09142059953293438,-0.018738277329542013,0.05191195969383595,0.002883762674316728
WK024301,Binnenstad,2016,4.155620691542445,0.05335584039875968,NA,NA,NA,NA,NA
WK024301,Binnenstad,2018,4.188746114662418,0.08648126351873238,0.032361545036846726,-0.04886033170207067,-0.01846800213398546,0.11337304936963416,0.008075002948307349
WK024301,Binnenstad,2020,4.1920302483143,0.08976539717061452,0.039142352783322086,-0.06347386485326993,-0.0228598931473687,0.12274036400642412,0.01421643838150665
WK024301,Binnenstad,2022,4.2251403344051885,0.12287548326150398,0.041989911470371184,-0.03502996524610734,-0.03717554994969378,0.1277125710413718,0.025378515945561866
WK024302,Waterfront,2002,4.2732342929101055,0.1709694417664208,NA,NA,NA,NA,NA
WK024302,Waterfront,2008,4.219177596081479,0.11691274493779354,NA,NA,NA,NA,NA
WK024302,Waterfront,2012,4.23504503264042,0.1327801814967346,NA,NA,NA,NA,NA
WK024302,Waterfront,2014,4.1586767166871885,0.05641186554350286,0.03680195756261425,0.04774498131198761,7.638638288433308e-5,-0.014966869510687875,-0.01324459020329577
WK024302,Waterfront,2016,4.406592680973961,0.3043278298302758,NA,NA,NA,NA,NA
WK024302,Waterfront,2018,4.289543154517181,0.1872783033734967,0.004880745242958387,0.1195099764431982,0.07820447747483676,-0.045448733102679405,0.0301318373151826
WK024302,Waterfront,2020,4.211519772721972,0.10925492157828688,-0.0015463779992145473,0.05412305043866938,0.010794968970063044,0.016903395206942173,0.028979884961826487
WK024302,Waterfront,2022,4.179849809214952,0.07758495807126643,0.009068800677826797,0.06689685243311223,-0.0014258293584108659,-0.025699682464607257,0.02874481678334507
WK024303,Zeebuurt,2002,3.9445988042160995,-0.1576660469275861,NA,NA,NA,NA,NA
WK024303,Zeebuurt,2008,3.933590180756599,-0.16867467038708558,NA,NA,NA,NA,NA
WK024303,Zeebuurt,2012,3.9550407727452668,-0.14722407839841897,NA,NA,NA,NA,NA
WK024303,Zeebuurt,2014,4.001649146386675,-0.10061570475701039,-0.007415155363256961,-0.036633101463953884,-0.019531645980477505,-0.013068154165552022,-0.023967647783770273
WK024303,Zeebuurt,2016,4.045492491422211,-0.056772359721474666,NA,NA,NA,NA,NA
WK024303,Zeebuurt,2018,4.089988336499939,-0.012276514643746475,-0.01995055603432772,-0.004036896628591824,-0.021094105671458436,0.04231016773380063,-0.00950512404316941
WK024303,Zeebuurt,2020,4.120306390402425,0.018041539258739466,-0.017921870497537705,-0.0026391414536784605,-0.016069609442671554,0.059411981630468284,-0.00473982097784138
WK024303,Zeebuurt,2022,4.099871619246141,-0.002393231897543802,-0.019964185939366164,-0.004181037852491386,-0.02938804059893941,0.05996382457839469,-0.008823792085141773
WK024304,Friesegracht,2002,4.155051954662364,0.05278710351867889,NA,NA,NA,NA,NA
WK024304,Friesegracht,2008,4.1264926394550505,0.024227788311365565,NA,NA,NA,NA,NA
WK024304,Friesegracht,2012,4.118901167647023,0.016636316503337724,NA,NA,NA,NA,NA
WK024304,Friesegracht,2014,4.157115789744473,0.05485093860078726,0.016824291131397245,0.011998513241615766,0.007233791318801461,0.011356916113075962,0.007437426795896622
WK024304,Friesegracht,2016,4.197751150153622,0.0954862990099377,NA,NA,NA,NA,NA
WK024304,Friesegracht,2018,4.25057544461547,0.14831059347178496,0.00750638710949453,0.037789908900153026,0.008662148996309129,0.07625468748008249,0.01809746098574552
WK024304,Friesegracht,2020,4.246222880394413,0.143958029250728,0.012907050478734524,0.018459088441975746,0.0032067174349139087,0.08788860585454263,0.021496567040560865
WK024304,Friesegracht,2022,4.240196618526372,0.1379317673826876,0.014639635446448262,0.029557369635879228,-0.013452665004618449,0.09548361740389448,0.011703809901083837
WK024305,Stadsdennen,2002,4.037528069907822,-0.06473678123586385,NA,NA,NA,NA,NA
WK024305,Stadsdennen,2008,4.038604854604887,-0.06365999653879774,NA,NA,NA,NA,NA
WK024305,Stadsdennen,2012,4.067825062325566,-0.034439788818119474,NA,NA,NA,NA,NA
WK024305,Stadsdennen,2014,3.976549007612228,-0.12571584353145704,-0.005015843512526752,0.001244053233058504,-0.023617943416371807,-0.046635550947180214,-0.051690558888437065
WK024305,Stadsdennen,2016,4.032718826860698,-0.06954602428298741,NA,NA,NA,NA,NA
WK024305,Stadsdennen,2018,4.071418885527809,-0.030845965615876707,-0.0029584697792270197,0.017508405548837983,-0.01827568343994873,0.01167788069181519,-0.038798098637354415
WK024305,Stadsdennen,2020,4.092983675115089,-0.009281176028595768,-0.0060723385450797834,0.020117538349728143,-0.018997008470306113,0.027099799767441146,-0.03142916713037943
WK024305,Stadsdennen,2022,4.103054610445161,7.897593014762339e-4,-3.9965157030974886e-4,0.0058095966382257155,-0.018359220310601318,0.035123929049527595,-0.021384894505366337
WK024306,De Sypel,2002,4.148141555751871,0.04587670460818544,NA,NA,NA,NA,NA
WK024306,De Sypel,2008,4.130870981146665,0.028606130002980255,NA,NA,NA,NA,NA
WK024306,De Sypel,2012,4.185641709757729,0.08337685861404406,NA,NA,NA,NA,NA
WK024306,De Sypel,2014,4.1479502456411925,0.04568539449750685,0.0016568072924731878,0.008395619456789672,0.034250929675560905,-0.03581749025973717,0.03719952833242009
WK024306,De Sypel,2016,4.224687782648425,0.1224229315047391,NA,NA,NA,NA,NA
WK024306,De Sypel,2018,4.24622812304872,0.14396327190503458,0.003789945072105927,0.03587916158278333,0.03153095956848234,0.036304590329747685,0.03645861535191495
WK024306,De Sypel,2020,4.2526750768514034,0.15041022570771814,0.0011788843633090383,0.044267381520267074,0.02587048544526045,0.04093270284499994,0.03816077153388146
WK024306,De Sypel,2022,4.243037014515682,0.14077216337199686,-2.820952253519306e-4,0.03529697863303728,0.023855885605009643,0.045775502243064786,0.03612589211623674
WK024307,Stationsomgeving,2002,4.169243230755158,0.06697837961147231,NA,NA,NA,NA,NA
WK024307,Stationsomgeving,2008,4.069614638661078,-0.03265021248260721,NA,NA,NA,NA,NA
WK024307,Stationsomgeving,2012,4.058677731696183,-0.043587119447501876,NA,NA,NA,NA,NA
WK024307,Stationsomgeving,2014,4.096841299849488,-0.005423551294197439,-0.032670696190968525,9.916134436624843e-4,0.015902954819566828,-0.02653200490532396,0.036884581538865195
WK024307,Stationsomgeving,2016,4.132036092157395,0.029771241013709676,NA,NA,NA,NA,NA
WK024307,Stationsomgeving,2018,4.1326693260426834,0.03040447489899871,-0.03311166367154136,-0.03243944002290651,0.01967428473915916,0.0411776215928433,0.035103672261444084
WK024307,Stationsomgeving,2020,4.12286593567476,0.020601084531074267,-0.021446687597173605,-0.05117278051314039,0.03157090029173414,0.029585923817036407,0.032063728532617686
WK024307,Stationsomgeving,2022,4.176209773438205,0.07394492229451986,-0.00937461688721105,-0.010760086289534227,0.022894871668316184,0.03424969554451083,0.036935058258437806
WK024308,Stadsweiden,2002,4.066457798909467,-0.03580705223421808,NA,NA,NA,NA,NA
WK024308,Stadsweiden,2008,4.045850618809464,-0.056414232334221256,NA,NA,NA,NA,NA
WK024308,Stadsweiden,2012,4.058852832268456,-0.0434120188752296,NA,NA,NA,NA,NA
WK024308,Stadsweiden,2014,4.064347331340927,-0.03791751980275868,0.020875702328787143,-0.008972449694611993,-0.006316074801643141,-0.03968068836500858,-0.0038240092702823913
WK024308,Stadsweiden,2016,4.106088190484537,0.0038233393408522096,NA,NA,NA,NA,NA
WK024308,Stadsweiden,2018,4.142274112869966,0.04000926172628105,0.012975415609760945,0.011479654483475535,-0.005078053857781332,0.015124598459045603,0.005507647031780021
WK024308,Stadsweiden,2020,4.151830697497615,0.04956584635392991,0.019521421641516427,0.01536457030851341,-0.004921850623901367,0.01698312319863603,0.002618581829165121
WK024308,Stadsweiden,2022,4.14988114694411,0.04761629580042447,0.027782441450940963,0.011196592629900925,-0.014050880532040295,0.012683992915190298,0.010004149336432303
WK024309,Slingerbos,2002,4.133545350084335,0.03128049894064969,NA,NA,NA,NA,NA
WK024309,Slingerbos,2008,4.153919245990635,0.051654394846949905,NA,NA,NA,NA,NA
WK024309,Slingerbos,2012,4.165768394525901,0.06350354338221526,NA,NA,NA,NA,NA
WK024309,Slingerbos,2014,4.130690525604805,0.02842567446112002,-0.01113925900531904,0.038232041649477265,0.03285926684086215,-0.05181188562797778,0.02028551060407711
WK024309,Slingerbos,2016,4.207119269453191,0.10485441830950618,NA,NA,NA,NA,NA
WK024309,Slingerbos,2018,4.229497796850389,0.12723294570670357,-0.013595763162685202,0.0757999294423881,0.04217056416095166,5.221553800498726e-4,0.022336059885998922
WK024309,Slingerbos,2020,4.2207889783043715,0.11852412716068594,-0.00972763119488427,0.06787454200894188,0.041267075974735876,-0.001458416870852599,0.02056855724274481
WK024309,Slingerbos,2022,4.223458967372476,0.12119411622879163,-0.0011947037972440384,0.06954421243837872,0.033997246764440964,-0.0031673573868356356,0.02201471821005129
WK024310,Tweelingstad,2002,4.029432382290437,-0.07283246885324787,NA,NA,NA,NA,NA
WK024310,Tweelingstad,2008,4.004200621388301,-0.09806422975538387,NA,NA,NA,NA,NA
WK024310,Tweelingstad,2012,4.036586444356209,-0.06567840678747622,NA,NA,NA,NA,NA
WK024310,Tweelingstad,2014,3.9871544559731644,-0.11511039517052085,-0.007769203420791234,-0.027820789604655095,-0.01430736282280381,-0.05202204641186538,-0.013190992910405633
WK024310,Tweelingstad,2016,4.015972805099154,-0.086292046044531,NA,NA,NA,NA,NA
WK024310,Tweelingstad,2018,4.058112828379318,-0.04415202276436653,-0.004905432774798962,-0.015105003488263213,-0.012857485800839695,1.0240596178583413e-4,-0.011386506662250754
WK024310,Tweelingstad,2020,4.062566537725492,-0.03969831341819338,-0.0017808442329353567,-0.0278884108723253,-0.015295013602604155,0.012482024078055758,-0.007216068788384605
WK024310,Tweelingstad,2022,4.055523064584543,-0.0467417865591423,0.0025784523054571194,-0.028614516134251443,-0.01912392052289484,0.01658465854715529,-0.01816646075460871
WK024311,Frankrijk,2002,4.0887091156192605,-0.013555735524425178,NA,NA,NA,NA,NA
WK024311,Frankrijk,2008,4.106447326777625,0.004182475633939766,NA,NA,NA,NA,NA
WK024311,Frankrijk,2012,4.089571778203922,-0.012693072939763102,NA,NA,NA,NA,NA
WK024311,Frankrijk,2014,4.0695659305316925,-0.03269892061199287,-0.01275024948570603,0.055714196053574847,0.021243098452849524,-0.09831706570576414,0.0014111000730526115
WK024311,Frankrijk,2016,4.104116802502976,0.0018519513592905458,NA,NA,NA,NA,NA
WK024311,Frankrijk,2018,4.135641427782919,0.03337657663923329,-0.01293757376662955,0.06195129893789832,0.01986010260344932,-0.04936370191079636,0.01386645077531129
WK024311,Frankrijk,2020,4.129539202752722,0.027274351609036462,-0.01052092173644768,0.052760603427286445,0.018166915234299728,-0.04335036430392079,0.01021811898781847
WK024311,Frankrijk,2022,4.150590246719803,0.04832539557611767,-0.01582720121839641,0.057007362000130325,0.018235953157452283,-0.0408514326199423,0.02976071425687347
WK024312,Drielanden,2002,4.081218528319836,-0.021046322823849575,NA,NA,NA,NA,NA
WK024312,Drielanden,2008,4.116209776676568,0.013944925532882665,NA,NA,NA,NA,NA
WK024312,Drielanden,2012,4.122266957583785,0.02000210644010004,NA,NA,NA,NA,NA
WK024312,Drielanden,2014,4.087964506367229,-0.014300344776455897,0.0030411990182907457,0.04259769511547444,0.02191622481448289,-0.08119160695971221,-6.63856764992054e-4
WK024312,Drielanden,2016,4.138129859284343,0.03586500814065772,NA,NA,NA,NA,NA
WK024312,Drielanden,2018,4.155035699903986,0.052770848760300734,0.010903833055431,0.06747147300536104,0.02133673218402615,-0.05873022140063116,0.01178903191611344
WK024312,Drielanden,2020,4.160952001331102,0.058687150187417374,0.009069526401893398,0.06100950378189061,0.024203746741458764,-0.04856660565962294,0.012970978921797218
WK024312,Drielanden,2022,4.143851279840173,0.04158642869648777,0.010675844174558573,0.045925092321088455,0.022572859990216083,-0.060006159308592974,0.02241879151921734
WK024313,Industrieterrein Lorentz,2002,4.293850480719059,0.19158562957537378,NA,NA,NA,NA,NA
WK024313,Industrieterrein Lorentz,2008,4.176510281589009,0.07424543044532445,NA,NA,NA,NA,NA
WK024313,Industrieterrein Lorentz,2012,4.165597594614989,0.0633327434713043,NA,NA,NA,NA,NA
WK024313,Industrieterrein Lorentz,2014,4.108893137347615,0.006628286203930646,-0.1475019428917659,0.09361182486880591,0.08184431918498061,-0.08512297827395093,0.06379706331586064
WK024313,Industrieterrein Lorentz,2016,4.006486566329019,-0.09577828481466662,NA,NA,NA,NA,NA
WK024313,Industrieterrein Lorentz,2018,4.100949200667224,-0.0013156504764611683,-0.15071879036044664,0.08033511015976254,0.045389996540927034,-0.034793059993128074,0.05847109317642359
WK024313,Industrieterrein Lorentz,2020,4.131445925439935,0.029181074296249863,-0.17200991889687597,0.10277105853535792,0.04789102982468443,-0.017060323474496132,0.06758922830757932
WK024313,Industrieterrein Lorentz,2022,4.077848782431084,-0.024416068712600755,-0.2043502409617205,0.10487363340608293,0.04828118480782924,-0.028643717290114945,0.05542307132532231
WK024314,Buitengebied Harderwijk,2002,4.413490063091715,0.3112252119480295,NA,NA,NA,NA,NA
WK024314,Buitengebied Harderwijk,2008,4.406041430778379,0.3037765796346939,NA,NA,NA,NA,NA
WK024314,Buitengebied Harderwijk,2012,4.436314972528196,0.33405012138451035,NA,NA,NA,NA,NA
WK024314,Buitengebied Harderwijk,2014,4.500191402357033,0.3979265512133482,0.10887702507717655,0.10190398429276787,0.20553955940518562,-0.11977390086809181,0.10137988330630981
WK024314,Buitengebied Harderwijk,2016,4.497217800883385,0.39495294973969947,NA,NA,NA,NA,NA
WK024314,Buitengebied Harderwijk,2018,4.434288146128,0.33202329498431543,0.10753256079873089,0.10420954134520194,0.1296250593995365,-0.08942097338806736,0.08007710682891332
WK024314,Buitengebied Harderwijk,2020,4.412314074170059,0.3100492230263732,0.10948449558989769,0.10048290554523949,0.11901134145440294,-0.09197733106473752,0.07304781150157028
WK024314,Buitengebied Harderwijk,2022,4.335114273579861,0.23284942243617587,0.05362814332908936,0.09015475452603153,0.0907323837271339,-0.028257731482219925,0.026591872336140836
WK024315,Hierden,2002,4.229696550504483,0.12743169936079718,NA,NA,NA,NA,NA
WK024315,Hierden,2008,4.211630144168155,0.10936529302446973,NA,NA,NA,NA,NA
WK024315,Hierden,2012,4.243009823950703,0.1407449728070181,NA,NA,NA,NA,NA
WK024315,Hierden,2014,4.211562616294746,0.10929776515106011,0.01889017872135948,0.08902842522845676,0.0912306775829919,-0.14700550508116145,0.057153988699413086
WK024315,Hierden,2016,4.267208420832598,0.16494356968891238,NA,NA,NA,NA,NA
WK024315,Hierden,2018,4.244836846096396,0.14257199495271008,0.01315638036456139,0.09834886967645746,0.08836200940642033,-0.11309768989764749,0.05580242540291811
WK024315,Hierden,2020,4.228618543248564,0.12635369210487854,0.011808218720072622,0.09414661369179726,0.07709921726079781,-0.10715943016329005,0.050459072595500566
WK024315,Hierden,2022,4.2010482965785725,0.09878344543488703,0.02246706125088809,0.08673415102712023,0.06718493497996511,-0.10957200277966503,0.031969300956578205
WK024400,Wijk 00 Hattem,2002,4.135313438128265,0.0330485869845796,NA,NA,NA,NA,NA
WK024400,Wijk 00 Hattem,2008,4.130687803797363,0.028422952653677714,NA,NA,NA,NA,NA
WK024400,Wijk 00 Hattem,2012,4.152730927505113,0.050466076361427414,NA,NA,NA,NA,NA
WK024400,Wijk 00 Hattem,2014,4.193311848508143,0.09104699736445807,0.025154631348863105,0.07277876442984176,0.02854080611554487,-0.050511237029377896,0.01508403249958595
WK024400,Wijk 00 Hattem,2016,4.1683480722823925,0.06608322113870718,NA,NA,NA,NA,NA
WK024400,Wijk 00 Hattem,2018,4.21385058879553,0.11158573765184587,0.023896022144118498,0.08480396269742102,0.027024623692285622,-0.051114005285967275,0.026975134403987713
WK024400,Wijk 00 Hattem,2020,4.225437412007885,0.12317256086420054,0.026254679695305656,0.08731910233078505,0.025885960333249445,-0.040985922002610774,0.024698740507470906
WK024400,Wijk 00 Hattem,2022,4.22543553598113,0.1231706848374448,0.026864368462743007,0.08455440906077702,0.025631141570377054,-0.0472339574750499,0.033354723218597324
WK024401,Wijk 01 Polder Hattem en Molecaten,2002,4.295571482846919,0.19330663170323384,NA,NA,NA,NA,NA
WK024401,Wijk 01 Polder Hattem en Molecaten,2008,4.245405039061667,0.1431401879179815,NA,NA,NA,NA,NA
WK024401,Wijk 01 Polder Hattem en Molecaten,2012,4.26366905344062,0.16140420229693436,NA,NA,NA,NA,NA
WK024401,Wijk 01 Polder Hattem en Molecaten,2014,4.297648081377182,0.19538323023349666,-0.03834563275354778,0.11453707781702553,0.11891798272766853,-0.08086445423634801,0.08113825667869821
WK024401,Wijk 01 Polder Hattem en Molecaten,2016,4.229003653032797,0.12673880188911216,NA,NA,NA,NA,NA
WK024401,Wijk 01 Polder Hattem en Molecaten,2018,4.311473188010161,0.20920833686647533,-0.01589038928204767,0.11558673801128366,0.10035654308319282,-0.07798750122233596,0.08714294627638215
WK024401,Wijk 01 Polder Hattem en Molecaten,2020,4.306143890943301,0.2038790397996159,-0.014167444257929268,0.11710808684396806,0.09140308161452503,-0.07177856511748608,0.0813138807165378
WK024401,Wijk 01 Polder Hattem en Molecaten,2022,4.2918894192122305,0.18962456806854502,-0.020882097023629618,0.10486597875876318,0.09119484431878329,-0.07717322691119798,0.09161906892582589
WK024600,Wijk 00 Heerde,2002,4.1342754607581735,0.03201060961448809,NA,NA,NA,NA,NA
WK024600,Wijk 00 Heerde,2008,4.099876379103255,-0.0023884720404303396,NA,NA,NA,NA,NA
WK024600,Wijk 00 Heerde,2012,4.121652571073683,0.019387719929997722,NA,NA,NA,NA,NA
WK024600,Wijk 00 Heerde,2014,4.157811515630882,0.05554666448719659,0.01890592839417251,0.05786180072336204,0.05221312606039627,-0.10792003233460315,0.034485841643868656
WK024600,Wijk 00 Heerde,2016,4.203176930797265,0.1009120796535795,NA,NA,NA,NA,NA
WK024600,Wijk 00 Heerde,2018,4.1893611384090885,0.08709628726540286,0.024239105112221954,0.07979136230737666,0.049029222292778944,-0.10324393261759379,0.03728053017061881
WK024600,Wijk 00 Heerde,2020,4.194294194999205,0.092029343855520293,0.023881989444308225,0.08158656181824739,0.05173343902901415,-0.10346683605503337,0.038294189618983634
WK024600,Wijk 00 Heerde,2022,4.188787016940435,0.08652216579675003,0.022754387916028823,0.08902040448522876,0.05218776693437489,-0.10967229721909826,0.03223190368021554
WK024601,Wijk 01 Wapenveld,2002,4.091289618976912,-0.010975232166773465,NA,NA,NA,NA,NA
WK024601,Wijk 01 Wapenveld,2008,4.040299977771618,-0.061964873372067096,NA,NA,NA,NA,NA
WK024601,Wijk 01 Wapenveld,2012,4.062127449611955,-0.04013740153172975,NA,NA,NA,NA,NA
WK024601,Wijk 01 Wapenveld,2014,4.092676115570745,-0.009588735572940031,0.027768224668755188,0.047147334196424306,0.05106214338110107,-0.15706609734157873,0.021499659522357866
WK024601,Wijk 01 Wapenveld,2016,4.130505773031514,0.028240921887828174,NA,NA,NA,NA,NA
WK024601,Wijk 01 Wapenveld,2018,4.136359439374065,0.03409458823037995,0.03038109938053595,0.07837090356790431,0.05322853806743494,-0.1552986080526308,0.02741265526713526
WK024601,Wijk 01 Wapenveld,2020,4.149509191026967,0.04724433988328163,0.02969237220793596,0.08521407568822587,0.05458175918334451,-0.1438438289401522,0.021599961743927233
WK024601,Wijk 01 Wapenveld,2022,4.152953917554557,0.050689066410871106,0.03228053465100965,0.08397449348290953,0.05406489432308999,-0.1393319265694052,0.019701070523266896
WK025200,Wijk 00 Heumen,2002,4.091107854378931,-0.011156996764753378,NA,NA,NA,NA,NA
WK025200,Wijk 00 Heumen,2008,4.112131996376805,0.009867145233119115,NA,NA,NA,NA,NA
WK025200,Wijk 00 Heumen,2012,4.144689965251236,0.042425114107550135,NA,NA,NA,NA,NA
WK025200,Wijk 00 Heumen,2014,4.177362804388731,0.07509795324504671,-0.004814225716137199,0.06702969592507615,0.033274287494802136,-0.04015325694098064,0.01976145248228595
WK025200,Wijk 00 Heumen,2016,4.183953796099068,0.08168894495538294,NA,NA,NA,NA,NA
WK025200,Wijk 00 Heumen,2018,4.176934534155968,0.07466968301228266,1.9263392749662738e-4,0.06315911129182675,0.030474260521723202,-0.043376178845640406,0.024219856116876215
WK025200,Wijk 00 Heumen,2020,4.171947125546826,0.06968227440314043,0.0046200053163332555,0.04592840707601657,0.027981285925188667,-0.032591651480397,0.023744227565998654
WK025200,Wijk 00 Heumen,2022,4.1881370578838855,0.08587220674019985,0.007273248791924758,0.06292234676279923,0.022117168672700152,-0.03908348970953391,0.032642932222309344
WK025201,Wijk 01 Overasselt,2002,4.147999963999532,0.04573511285584757,NA,NA,NA,NA,NA
WK025201,Wijk 01 Overasselt,2008,4.174756869482816,0.07249201833913102,NA,NA,NA,NA,NA
WK025201,Wijk 01 Overasselt,2012,4.198730888586327,0.09646603744264111,NA,NA,NA,NA,NA
WK025201,Wijk 01 Overasselt,2014,4.193282249064173,0.0910173979204878,-0.005926471479463068,0.09522527822698722,0.0744532678819986,-0.1165864852079005,0.04385180849886524
WK025201,Wijk 01 Overasselt,2016,4.195813311090652,0.09354845994696724,NA,NA,NA,NA,NA
WK025201,Wijk 01 Overasselt,2018,4.207873919037262,0.10560906789357659,-0.0056310987931589285,0.09409995876984213,0.07983034692407194,-0.10866476029493116,0.04597462128775236
WK025201,Wijk 01 Overasselt,2020,4.22838160063217,0.12611674948848475,0.0019211942730831637,0.10382591119042849,0.08272330817562082,-0.108615211362903,0.04626154721225502
WK025201,Wijk 01 Overasselt,2022,4.229259073985008,0.1269942228413232,0.0011051965680200632,0.10268420413912975,0.07344659376186888,-0.10737158216638099,0.0571298105386852
WK026200,Wijk 00 Lochem kern,2002,4.100122166177807,-0.0021426849658773713,NA,NA,NA,NA,NA
WK026200,Wijk 00 Lochem kern,2008,4.120322587637575,0.018057736493889625,NA,NA,NA,NA,NA
WK026200,Wijk 00 Lochem kern,2012,4.122020179716607,0.01975532857292174,NA,NA,NA,NA,NA
WK026200,Wijk 00 Lochem kern,2014,4.147931671591995,0.04566682044830934,0.022207148005021125,0.0637795019663635,0.025816593090287856,-0.08016547850739131,0.01402905589402788
WK026200,Wijk 00 Lochem kern,2016,4.141311780377764,0.039046929234078556,NA,NA,NA,NA,NA
WK026200,Wijk 00 Lochem kern,2018,4.149340571491667,0.0470757203479818,0.01805473034067035,0.06287522844762317,0.027435597034877808,-0.07659280831849216,0.015302972843302372
WK026200,Wijk 00 Lochem kern,2020,4.162801075024555,0.06053622388087011,0.019271537928362913,0.06783904496630455,0.02989434643537677,-0.07534553044444908,0.018876824995274696
WK026200,Wijk 00 Lochem kern,2022,4.149075643181136,0.04681079203745071,0.020823990628221184,0.047339966190314664,0.023816879207359514,-0.07814742414533558,0.03297738015689062
WK026201,Wijk 01 Lochem buitengebied,2002,4.289598852327723,0.18733400118403715,NA,NA,NA,NA,NA
WK026201,Wijk 01 Lochem buitengebied,2008,4.268447531873295,0.16618268072960915,NA,NA,NA,NA,NA
WK026201,Wijk 01 Lochem buitengebied,2012,4.2797141590695515,0.1774493079258663,NA,NA,NA,NA,NA
WK026201,Wijk 01 Lochem buitengebied,2014,4.27185700297141,0.16959215182772452,-0.011274258764903688,0.13791922130358863,0.12530607874518962,-0.1845343568060344,0.10217546734988404
WK026201,Wijk 01 Lochem buitengebied,2016,4.274440260677657,0.17217540953397137,NA,NA,NA,NA,NA
WK026201,Wijk 01 Lochem buitengebied,2018,4.309990961505806,0.20772611036211983,0.016171344983008037,0.13649157961140257,0.14118354863183893,-0.18392506899806924,0.09780470613393924
WK026201,Wijk 01 Lochem buitengebied,2020,4.280370155653789,0.17810530451010323,0.002379527891644104,0.1372871825327127,0.12904732452894455,-0.1812863225092808,0.0906775920660825
WK026201,Wijk 01 Lochem buitengebied,2022,4.277087155645718,0.17482230450203315,0.004453762606997596,0.1130378602878476,0.11665269433472925,-0.18039221879152761,0.12107020606398598
WK026202,Wijk 02 Laren,2002,4.207142596159003,0.10487774501531738,NA,NA,NA,NA,NA
WK026202,Wijk 02 Laren,2008,4.198393519477565,0.09612866833388034,NA,NA,NA,NA,NA
WK026202,Wijk 02 Laren,2012,4.202889663153019,0.10062481200933282,NA,NA,NA,NA,NA
WK026202,Wijk 02 Laren,2014,4.225900086331012,0.12363523518732653,-0.007933958217535708,0.12965469536415458,0.09620002601456976,-0.16375304014422912,0.06946751217036674
WK026202,Wijk 02 Laren,2016,4.238469376913945,0.13620452577026,NA,NA,NA,NA,NA
WK026202,Wijk 02 Laren,2018,4.245292858130584,0.1430280069868988,0.008924623950959916,0.1291918119857454,0.10184953173255583,-0.1639190656600452,0.0669811049776826
WK026202,Wijk 02 Laren,2020,4.233830450837759,0.13156559969407433,0.0020692716303090997,0.13052074900843808,0.09795848785385737,-0.16405975418391303,0.0650768453853825
WK026202,Wijk 02 Laren,2022,4.214658936813374,0.11239408566968884,2.760485210351613e-4,0.09994914890709206,0.08813304686713141,-0.15504964405773627,0.07908548543216616
WK026203,Wijk 03 Barchem,2002,4.299896752795744,0.19763190165205927,NA,NA,NA,NA,NA
WK026203,Wijk 03 Barchem,2008,4.269104162116354,0.16683931097266805,NA,NA,NA,NA,NA
WK026203,Wijk 03 Barchem,2012,4.261526441457013,0.15926159031332793,NA,NA,NA,NA,NA
WK026203,Wijk 03 Barchem,2014,4.256401661290065,0.15413681014637973,0.03274003786624684,0.1339496798523954,0.09941583005055216,-0.1767505139349991,0.06478177631218413
WK026203,Wijk 03 Barchem,2016,4.267255253178738,0.16499040203505222,NA,NA,NA,NA,NA
WK026203,Wijk 03 Barchem,2018,4.274750353740903,0.17248550259721754,0.044818784415978176,0.1299297344685788,0.10353938681820661,-0.17299740438355685,0.06719500127801051
WK026203,Wijk 03 Barchem,2020,4.2514224415916555,0.14915759044796983,0.038972765849968186,0.12056097121394005,0.09682524689661685,-0.1728549419137802,0.06565354840122468
WK026203,Wijk 03 Barchem,2022,4.233928481959443,0.13166363081575808,0.04076317522284153,0.10236204940604607,0.08643607481607159,-0.1753893297276029,0.07749166109840151
WK026204,Wijk 04 Gorssel,2002,4.27212842867665,0.16986357753296508,NA,NA,NA,NA,NA
WK026204,Wijk 04 Gorssel,2008,4.239388484911178,0.13712363376749231,NA,NA,NA,NA,NA
WK026204,Wijk 04 Gorssel,2012,4.256777489453197,0.154512638309512,NA,NA,NA,NA,NA
WK026204,Wijk 04 Gorssel,2014,4.2307915599563595,0.1285267088126738,0.016718124708853303,0.07936926125805936,0.07417840370152108,-0.08896479216432408,0.047225711308563866
WK026204,Wijk 04 Gorssel,2016,4.2535579140238315,0.1512930628801468,NA,NA,NA,NA,NA
WK026204,Wijk 04 Gorssel,2018,4.247398657559014,0.1451338064153287,0.024378240851660835,0.09041149156747953,0.07568548408490058,-0.09444782929352492,0.04910641920481236
WK026204,Wijk 04 Gorssel,2020,4.26277051191602,0.1605056607723351,0.026521148919645066,0.09873254716531148,0.07541341632900418,-0.09066654128509564,0.05050508964346973
WK026204,Wijk 04 Gorssel,2022,4.2610951215893085,0.1588302704456231,0.028927014021655494,0.09998656423884852,0.0710718281500202,-0.09435608899184171,0.05320095302694034
WK026205,Wijk 01 Almen-Harfsen,2002,4.2364613116485685,0.13419646050488315,NA,NA,NA,NA,NA
WK026205,Wijk 01 Almen-Harfsen,2008,4.224637917360889,0.12237306621720359,NA,NA,NA,NA,NA
WK026205,Wijk 01 Almen-Harfsen,2012,4.232569716868188,0.1303048657245023,NA,NA,NA,NA,NA
WK026205,Wijk 01 Almen-Harfsen,2014,4.233633276476202,0.13136842533251647,0.019221927867614286,0.09981651166207946,0.11322194042735116,-0.17135438867833563,0.07046243405380694
WK026205,Wijk 01 Almen-Harfsen,2016,4.2334975939354,0.13123274279171532,NA,NA,NA,NA,NA
WK026205,Wijk 01 Almen-Harfsen,2018,4.26518771573003,0.16292286458634472,0.032974306655977954,0.11690982530465735,0.11591437027335622,-0.1736159347538401,0.07074029710619303
WK026205,Wijk 01 Almen-Harfsen,2020,4.235473974410404,0.13320912326671788,0.028330218482935158,0.11347347055574099,0.09661270811866725,-0.17494094994384832,0.06973367605322257
WK026205,Wijk 01 Almen-Harfsen,2022,4.236950397086256,0.13468554594257026,0.029399308071435582,0.11475388943862706,0.08791872817159604,-0.17638928380816996,0.07900290406908123
WK026300,Wijk 00 Kerkdriel,2002,4.04197850939871,-0.06028634174497526,NA,NA,NA,NA,NA
WK026300,Wijk 00 Kerkdriel,2008,4.098377204034483,-0.003887647109202784,NA,NA,NA,NA,NA
WK026300,Wijk 00 Kerkdriel,2012,4.0682642630175305,-0.034000588126154974,NA,NA,NA,NA,NA
WK026300,Wijk 00 Kerkdriel,2014,4.073641372271994,-0.028623478871691213,-0.026917909392727174,0.028955937296198917,0.04387046398378729,-0.09966242933142332,0.025130458572472807
WK026300,Wijk 00 Kerkdriel,2016,4.082682589542663,-0.019582261601022805,NA,NA,NA,NA,NA
WK026300,Wijk 00 Kerkdriel,2018,4.053804980323411,-0.04845987082027463,-0.02515531131385443,0.02532046639688673,0.04486962926805439,-0.12037249370938986,0.026877838538028262
WK026300,Wijk 00 Kerkdriel,2020,4.062684404221988,-0.03958044692169704,-0.024363396056673894,0.039965390732001865,0.03900274220833567,-0.11482707659123959,0.02064189278587865
WK026300,Wijk 00 Kerkdriel,2022,4.049128307226267,-0.05313654391741791,-0.020872764046952385,0.03051943692602093,0.03481743748179292,-0.12344785720127381,0.02584720292299421
WK026301,Wijk 01 Ammerzoden,2002,4.0335198847717235,-0.06874496637196216,NA,NA,NA,NA,NA
WK026301,Wijk 01 Ammerzoden,2008,4.0477380991200365,-0.05452675202364812,NA,NA,NA,NA,NA
WK026301,Wijk 01 Ammerzoden,2012,4.0540209550795865,-0.04824389606409863,NA,NA,NA,NA,NA
WK026301,Wijk 01 Ammerzoden,2014,4.097706269684575,-0.0045585814591107285,-0.03141622792457012,0.06758893623399863,0.05570567802660826,-0.12517131637859258,0.0287343485834448
WK026301,Wijk 01 Ammerzoden,2016,4.09045085787787,-0.01181399326581587,NA,NA,NA,NA,NA
WK026301,Wijk 01 Ammerzoden,2018,4.102541903373357,2.770522296716117e-4,-0.02592619493550123,0.05545916353089912,0.05454307706614609,-0.11668167009727484,0.032882676665402184
WK026301,Wijk 01 Ammerzoden,2020,4.080660854794051,-0.021603996349634395,-0.02537712855614812,0.0314914198206016,0.043151971102744414,-0.10339393428100684,0.03252367556417428
WK026301,Wijk 01 Ammerzoden,2022,4.124981097901013,0.02271624675732768,-0.02225345531094761,0.06356379748281521,0.05639704691195055,-0.11243510402947313,0.03744396170298238
WK026302,Wijk 02 Hedel,2002,4.07859642842013,-0.02366842272355552,NA,NA,NA,NA,NA
WK026302,Wijk 02 Hedel,2008,4.09636254324983,-0.00590230789385499,NA,NA,NA,NA,NA
WK026302,Wijk 02 Hedel,2012,4.115671138378883,0.01340628723519795,NA,NA,NA,NA,NA
WK026302,Wijk 02 Hedel,2014,4.099980784467534,-0.002284066676151226,-0.0406359810912757,0.04128949490700602,0.051688960703016075,-0.08572933184666091,0.031102790651762986
WK026302,Wijk 02 Hedel,2016,4.127957511841565,0.025692660697880156,NA,NA,NA,NA,NA
WK026302,Wijk 02 Hedel,2018,4.128299001320681,0.026034150176995608,-0.03868921766598905,0.04611542358181581,0.04721583820270132,-0.059880360587991094,0.031272466646458316
WK026302,Wijk 02 Hedel,2020,4.087554653997854,-0.014710197145831357,-0.04164466650889474,0.01583874206966941,0.03659150556774359,-0.05721728415310523,0.03172150587875532
WK026302,Wijk 02 Hedel,2022,4.149060442963703,0.0467955918200166,-0.03844789213075894,0.05507148759860289,0.05279733743905624,-0.059135526159319385,0.036510185072435565
WK026303,Wijk 03 Heerewaarden,2002,3.9402387818993483,-0.16202606924433713,NA,NA,NA,NA,NA
WK026303,Wijk 03 Heerewaarden,2008,3.950464875197465,-0.15179997594622044,NA,NA,NA,NA,NA
WK026303,Wijk 03 Heerewaarden,2012,3.976758782512043,-0.12550606863164218,NA,NA,NA,NA,NA
WK026303,Wijk 03 Heerewaarden,2014,3.940975399119405,-0.1612894520242803,-0.024903322671334768,-0.0015351134685961496,0.047214478382742876,-0.18958359435486888,0.007518100087776344
WK026303,Wijk 03 Heerewaarden,2016,3.977601587522827,-0.12466326362085792,NA,NA,NA,NA,NA
WK026303,Wijk 03 Heerewaarden,2018,4.0186506307307335,-0.0836142204129523,-0.019971387701245985,0.046627912164858676,0.046965810718360416,-0.1899609163590079,0.03272436076408219
WK026303,Wijk 03 Heerewaarden,2020,4.030201969763581,-0.07206288138010386,-0.021153797775641723,0.046659703557940496,0.04249029332354049,-0.1710314043181539,0.030972323832210474
WK026303,Wijk 03 Heerewaarden,2022,4.02368316694655,-0.0785816841971347,-0.01376241708556117,0.05177891352364373,0.041536718568444,-0.20251800140534382,0.044383102201682297
WK026304,Wijk 04 Rossum,2002,4.1034970143712854,0.001232163227600402,NA,NA,NA,NA,NA
WK026304,Wijk 04 Rossum,2008,4.131845730063279,0.02958087891959403,NA,NA,NA,NA,NA
WK026304,Wijk 04 Rossum,2012,4.128098693762522,0.025833842618836818,NA,NA,NA,NA,NA
WK026304,Wijk 04 Rossum,2014,4.099023306048885,-0.003241545094800696,-0.020508495755939368,0.037762336019468275,0.06575314565415265,-0.12090378496319087,0.03465525395070834
WK026304,Wijk 04 Rossum,2016,4.125269171982808,0.023004320839122953,NA,NA,NA,NA,NA
WK026304,Wijk 04 Rossum,2018,4.121257080958041,0.018992229814355943,-0.020153671759996567,0.066237930641516,0.06608820616792502,-0.12738471099136842,0.03420447575627964
WK026304,Wijk 04 Rossum,2020,4.114243493199528,0.011978642055843302,-0.018167172710026564,0.06606410401700158,0.05168985014007534,-0.12353822016018573,0.03593008076897841
WK026304,Wijk 04 Rossum,2022,4.107722546971223,0.005457695827537858,-0.018190097314217033,0.06337325966302915,0.046942373230207696,-0.1247703041417816,0.03810246439029935
WK026701,Nijkerk-stad,2002,4.063556940172547,-0.03870791097113804,NA,NA,NA,NA,NA
WK026701,Nijkerk-stad,2008,4.085534039396844,-0.016730811746841597,NA,NA,NA,NA,NA
WK026701,Nijkerk-stad,2012,4.109646924840555,0.007382073696869827,NA,NA,NA,NA,NA
WK026701,Nijkerk-stad,2014,4.11383928433369,0.011574433190005543,0.0023898271635247772,0.04659143200139401,0.010447329673770508,-0.05038995497184357,0.002535799323159523
WK026701,Nijkerk-stad,2016,4.126538695021841,0.02427384387815561,NA,NA,NA,NA,NA
WK026701,Nijkerk-stad,2018,4.124521649598796,0.022256798455110582,-7.405313383849609e-4,0.04379105299260257,0.010449645458832979,-0.04372179893000336,0.01247843027206306
WK026701,Nijkerk-stad,2020,4.143182527863276,0.04091767671959106,0.0017067930211187073,0.048427507655809235,0.012545087332943157,-0.02967094259207931,0.007909231301798996
WK026701,Nijkerk-stad,2022,4.147327813901889,0.04506296275820389,0.001131028622595162,0.04735108566996136,0.017408265667900692,-0.03616414534480616,0.015336728142552549
WK026702,"Appel, Driedorp, Kruishaar, Prinsenkamp",2002,4.261789652682851,0.15952480153916623,NA,NA,NA,NA,NA
WK026702,"Appel, Driedorp, Kruishaar, Prinsenkamp",2008,4.21837415303909,0.11610930189540479,NA,NA,NA,NA,NA
WK026702,"Appel, Driedorp, Kruishaar, Prinsenkamp",2012,4.232970586441505,0.13070573529782034,NA,NA,NA,NA,NA
WK026702,"Appel, Driedorp, Kruishaar, Prinsenkamp",2014,4.263535213324994,0.16127036218130883,0.02012446350131138,0.1102956419068498,0.10362897628577629,-0.14337806991965554,0.07059935040702661
WK026702,"Appel, Driedorp, Kruishaar, Prinsenkamp",2016,4.281311192118556,0.17904634097487102,NA,NA,NA,NA,NA
WK026702,"Appel, Driedorp, Kruishaar, Prinsenkamp",2018,4.28752319001698,0.1852583388732943,0.02296368039906564,0.10494419877141564,0.12283166652531306,-0.13858448064612502,0.07310327382362464
WK026702,"Appel, Driedorp, Kruishaar, Prinsenkamp",2020,4.293035259712365,0.19077040856867994,0.025508225602197367,0.10594138696187184,0.11577510466978755,-0.13002941457351574,0.07357510590833868
WK026702,"Appel, Driedorp, Kruishaar, Prinsenkamp",2022,4.2745833856178335,0.17231853447414863,0.027654393325120548,0.09837052402192437,0.09669568506023246,-0.11858003647143019,0.06817796853830109
WK026703,Nijkerkerveen en Holkerveen,2002,4.144461211579289,0.0421963604356036,NA,NA,NA,NA,NA
WK026703,Nijkerkerveen en Holkerveen,2008,4.144711450744255,0.04244659960056954,NA,NA,NA,NA,NA
WK026703,Nijkerkerveen en Holkerveen,2012,4.143030170727543,0.04076531958385755,NA,NA,NA,NA,NA
WK026703,Nijkerkerveen en Holkerveen,2014,4.153789986729522,0.05152513558583645,-0.006654002119697777,0.0690216650098296,0.05799714810431274,-0.09126756191474777,0.022427886506139316
WK026703,Nijkerkerveen en Holkerveen,2016,4.1902495149895245,0.087984663845839,NA,NA,NA,NA,NA
WK026703,Nijkerkerveen en Holkerveen,2018,4.170237301854012,0.06797245071032731,-0.005826514491971211,0.0821851599207476,0.05757837877184661,-0.0955105048786408,0.029545931388344843
WK026703,Nijkerkerveen en Holkerveen,2020,4.198774750650237,0.09650989950655196,-0.0011757518830551705,0.08576089053270765,0.058549821659267816,-0.07282171779102646,0.026196656988657863
WK026703,Nijkerkerveen en Holkerveen,2022,4.201655925320092,0.09939107417640658,1.3148561723968195e-4,0.08083442681047373,0.05539213782610625,-0.07049139697796086,0.03352442090054751
WK026704,"Arkemheen, Achterhoek, De Veenhuis",2002,4.404678350563857,0.3024134994201717,NA,NA,NA,NA,NA
WK026704,"Arkemheen, Achterhoek, De Veenhuis",2008,4.307248719511601,0.2049838683679157,NA,NA,NA,NA,NA
WK026704,"Arkemheen, Achterhoek, De Veenhuis",2012,4.328116781181488,0.22585193003780338,NA,NA,NA,NA,NA
WK026704,"Arkemheen, Achterhoek, De Veenhuis",2014,4.329676408781008,0.2274115576373227,0.03534817090625328,0.12254359255301304,0.1391710974446615,-0.15255890625401688,0.08290760298741151
WK026704,"Arkemheen, Achterhoek, De Veenhuis",2016,4.30433793485458,0.20207308371089494,NA,NA,NA,NA,NA
WK026704,"Arkemheen, Achterhoek, De Veenhuis",2018,4.306131621361526,0.20386677021784091,0.031452203613523015,0.11462339601226933,0.12500451150907327,-0.14834941625654258,0.08113607533951749
WK026704,"Arkemheen, Achterhoek, De Veenhuis",2020,4.321000795791629,0.21873594464794338,0.031058961628943314,0.11833166647078573,0.12231069930386007,-0.13695916401842725,0.08399378126278126
WK026704,"Arkemheen, Achterhoek, De Veenhuis",2022,4.327640205789346,0.22537535464566036,0.03429227609766416,0.1113105647195291,0.13259687853750074,-0.13937906808139255,0.08655470337235865
WK026705,Hoevelaken,2002,4.156140645732787,0.053875794589101765,NA,NA,NA,NA,NA
WK026705,Hoevelaken,2008,4.165875643884843,0.06361079274115762,NA,NA,NA,NA,NA
WK026705,Hoevelaken,2012,4.182834147170955,0.08056929602726985,NA,NA,NA,NA,NA
WK026705,Hoevelaken,2014,4.219326086969198,0.1170612358255131,0.013395434196823222,0.06292840368974026,0.033601992454155315,-0.007352335987525768,0.014487741472319779
WK026705,Hoevelaken,2016,4.228780120531531,0.1265152693878462,NA,NA,NA,NA,NA
WK026705,Hoevelaken,2018,4.221115235785561,0.11885038464187507,0.0024356226562119217,0.07034501077625124,0.03500495469543692,-0.008979432337263404,0.020044228851238126
WK026705,Hoevelaken,2020,4.224329695913208,0.12206484476952281,0.00205959624852355,0.05981185082991747,0.03339070025119086,0.01155963833516751,0.015243059104723152
WK026705,Hoevelaken,2022,4.246814511810447,0.1445496606667617,0.008527282733660338,0.06042728720000801,0.035338630807749856,0.01367857475983745,0.02657788516550574
WK026801,Nijmegen-Centrum,2002,3.971146589103532,-0.13111826204015348,NA,NA,NA,NA,NA
WK026801,Nijmegen-Centrum,2008,4.0539122915667205,-0.04835255957696425,NA,NA,NA,NA,NA
WK026801,Nijmegen-Centrum,2012,4.0509010154673675,-0.05136383567631761,NA,NA,NA,NA,NA
WK026801,Nijmegen-Centrum,2014,4.035341996095239,-0.06692285504844663,-0.01127115774717366,-0.16972754484707653,-0.054125385187885365,0.16374692357156648,0.004454309162122183
WK026801,Nijmegen-Centrum,2016,4.019931008717341,-0.08233384242634409,NA,NA,NA,NA,NA
WK026801,Nijmegen-Centrum,2018,4.07598621163422,-0.026278639509465514,-0.0192452299569082,-0.15210894140400583,-0.055187807177706834,0.19357356653448934,0.006689772494665699
WK026801,Nijmegen-Centrum,2020,4.115645306860728,0.013380455717042428,-0.007998859452692743,-0.14385636193408213,-0.05758756955022505,0.2104331926433831,0.012390054010659032
WK026801,Nijmegen-Centrum,2022,4.083371156312035,-0.018893694831650293,-0.007455179018179566,-0.17482678992327744,-0.058062547541290595,0.21106962563420975,0.010381196016887254
WK026802,Nijmegen-Oost,2002,4.077299837130807,-0.024965014012878074,NA,NA,NA,NA,NA
WK026802,Nijmegen-Oost,2008,4.132509529448291,0.030244678304606216,NA,NA,NA,NA,NA
WK026802,Nijmegen-Oost,2012,4.168725335222047,0.06646048407836201,NA,NA,NA,NA,NA
WK026802,Nijmegen-Oost,2014,4.200005190556189,0.09774033941250349,-0.013457155380328887,0.005250959072960469,-0.010806369444718491,0.08839669562030252,0.02835620954428759
WK026802,Nijmegen-Oost,2016,4.2117084301895495,0.10944357904586402,NA,NA,NA,NA,NA
WK026802,Nijmegen-Oost,2018,4.214409766256262,0.11214491511257721,-0.014889749047239286,0.00766972033379628,-0.016434072442247188,0.09894598187245927,0.036853034395807845
WK026802,Nijmegen-Oost,2020,4.228917521191447,0.12665267004776268,-0.007948831098270048,8.615925781162052e-4,-0.019841626391006843,0.11611305482433379,0.03746848013458927
WK026802,Nijmegen-Oost,2022,4.24533961993227,0.14307476878858494,-0.0021277029846037436,0.01121586588930403,-0.01266235804239859,0.11252868166005763,0.03412028226622534
WK026803,Nijmegen-Oud-West,2002,3.7993686072784674,-0.3028962438652178,NA,NA,NA,NA,NA
WK026803,Nijmegen-Oud-West,2008,3.872791533563914,-0.22947331757977144,NA,NA,NA,NA,NA
WK026803,Nijmegen-Oud-West,2012,3.9012051028953105,-0.20105974824837497,NA,NA,NA,NA,NA
WK026803,Nijmegen-Oud-West,2014,3.945290618713316,-0.15697423243036918,-0.03483610692444006,-0.11102562643873434,-0.05701881104956368,0.05935503912360008,-0.013448727141231444
WK026803,Nijmegen-Oud-West,2016,3.936879228982948,-0.16538562216073763,NA,NA,NA,NA,NA
WK026803,Nijmegen-Oud-West,2018,4.005586065397431,-0.09667878574625509,-0.0323782669939444,-0.08828451367909451,-0.05226291484686189,0.07850174626254287,-0.0022548364888974443
WK026803,Nijmegen-Oud-West,2020,4.058238025196672,-0.044026825947013515,-0.024281864934147204,-0.06980489791287668,-0.05000519436447377,0.09809845658621925,0.0019666746782645676
WK026803,Nijmegen-Oud-West,2022,4.029796009867614,-0.07246884127607096,-0.02657255189922775,-0.0817973869549408,-0.0562394658784592,0.08440130446598078,0.007739258990575731
WK026804,Nijmegen-Nieuw-West,2002,3.8832538654733892,-0.21901098567029584,NA,NA,NA,NA,NA
WK026804,Nijmegen-Nieuw-West,2008,3.885046398812283,-0.21721845233140208,NA,NA,NA,NA,NA
WK026804,Nijmegen-Nieuw-West,2012,3.887041219674586,-0.21522363146909906,NA,NA,NA,NA,NA
WK026804,Nijmegen-Nieuw-West,2014,3.937312126462064,-0.1649527246816214,-0.02994817209526231,-0.0943471485522339,-0.033438836037743364,0.04492147322387668,-0.05214004122025879
WK026804,Nijmegen-Nieuw-West,2016,3.9763125906305876,-0.12595226051309766,NA,NA,NA,NA,NA
WK026804,Nijmegen-Nieuw-West,2018,4.001679014252218,-0.10058583689146702,-0.029043729106483437,-0.04674577844552378,-0.02692880699522674,0.04139980925567176,-0.03926733159990509
WK026804,Nijmegen-Nieuw-West,2020,4.034874012946025,-0.0673908381976599,-0.02303455362303232,-0.05430178705056729,-0.02638092251098099,0.058845204904358066,-0.02251877991743763
WK026804,Nijmegen-Nieuw-West,2022,4.023290477756053,-0.07897437338763241,-0.02202498592810782,-0.051727660098912304,-0.0285023668550679,0.053293238786033835,-0.03001259929157853
WK026805,Nijmegen-Midden,2002,4.021067631218642,-0.0811972199250429,NA,NA,NA,NA,NA
WK026805,Nijmegen-Midden,2008,4.0542125925485974,-0.04805225859508825,NA,NA,NA,NA,NA
WK026805,Nijmegen-Midden,2012,4.08504319782361,-0.0172216533200753,NA,NA,NA,NA,NA
WK026805,Nijmegen-Midden,2014,4.097537008273404,-0.004727842870281045,-0.02172872181320642,-0.018274428358557752,-0.02103580855428418,0.06035111818712129,-0.004040002331354264
WK026805,Nijmegen-Midden,2016,4.138371569199278,0.03610671805559256,NA,NA,NA,NA,NA
WK026805,Nijmegen-Midden,2018,4.122779475947056,0.0205146248033707,-0.016128615868937043,-0.004398589367720633,-0.021168601168252654,0.05917567041503677,0.0030347607932439857
WK026805,Nijmegen-Midden,2020,4.153443649360606,0.05117879821692144,-0.007881372165560592,-0.0018721246092891662,-0.020191915950985417,0.07516337280442865,0.005960838138327691
WK026805,Nijmegen-Midden,2022,4.147548716218204,0.04528386507451905,-0.007492857333768288,0.0068597469658246936,-0.022111828974834973,0.06453674359535652,0.0034920608219408044
WK026806,Nijmegen-Zuid,2002,3.9505954710745406,-0.15166938006914488,NA,NA,NA,NA,NA
WK026806,Nijmegen-Zuid,2008,3.972927948389847,-0.1293369027538382,NA,NA,NA,NA,NA
WK026806,Nijmegen-Zuid,2012,3.9884452069450926,-0.11381964419859254,NA,NA,NA,NA,NA
WK026806,Nijmegen-Zuid,2014,4.003335024889511,-0.09892982625417408,0.007065058938109891,-0.052362029015756824,-0.03764261150336635,0.010495773783169593,-0.026486018456330654
WK026806,Nijmegen-Zuid,2016,4.003793263887595,-0.09847158725608944,NA,NA,NA,NA,NA
WK026806,Nijmegen-Zuid,2018,4.015377330220965,-0.0868875209227199,0.002570689152967582,-0.03927145262286302,-0.042415584231462675,0.012879739973262925,-0.020650913194624965
WK026806,Nijmegen-Zuid,2020,4.043075948158647,-0.05918890298503897,0.0086141397873211855,-0.045071212346643165,-0.04193891047295319,0.031197412116625408,-0.011990332069389471
WK026806,Nijmegen-Zuid,2022,4.034661960495922,-0.06760289064776348,0.01425168806108349,-0.03712714173545716,-0.045564093717228714,0.021874210053819804,-0.021037553309981177
WK026807,Dukenburg,2002,3.832602421126894,-0.26966243001679113,NA,NA,NA,NA,NA
WK026807,Dukenburg,2008,3.858840316661951,-0.24342453448173376,NA,NA,NA,NA,NA
WK026807,Dukenburg,2012,3.8908295616122324,-0.2114352895314525,NA,NA,NA,NA,NA
WK026807,Dukenburg,2014,3.9084958755150065,-0.1937689756286785,-8.973842764387936e-4,-0.0756890961545924,-0.03766057797452003,-0.044306285028885374,-0.03521563219424218
WK026807,Dukenburg,2016,3.9417700083734672,-0.16049484277021764,NA,NA,NA,NA,NA
WK026807,Dukenburg,2018,3.905738470847854,-0.19652638029583092,-0.008837865929726647,-0.06799509652893819,-0.03827345432658041,-0.044525810341855473,-0.036894153168730494
WK026807,Dukenburg,2020,3.932465563413756,-0.1697992877299288,-0.0035921646736735793,-0.07541434214055265,-0.03856853495389247,-0.03721677704285635,-0.015007468918954053
WK026807,Dukenburg,2022,3.919883918386294,-0.18238093275739098,-0.0011407890096207373,-0.084045108095274,-0.03300902063927689,-0.04287777588103634,-0.021308239132183285
WK026808,Lindenholt,2002,3.8264779171667183,-0.27578693397696663,NA,NA,NA,NA,NA
WK026808,Lindenholt,2008,3.8787756043168047,-0.22348924682688062,NA,NA,NA,NA,NA
WK026808,Lindenholt,2012,3.9017810011520098,-0.20048384999167537,NA,NA,NA,NA,NA
WK026808,Lindenholt,2014,3.9423277922951745,-0.159937058848511,-0.00916331903969342,-0.08410673780401456,-0.0172525639643765,-0.027171091610372015,-0.02224334643005481
WK026808,Lindenholt,2016,3.9582378771025675,-0.14402697404111778,NA,NA,NA,NA,NA
WK026808,Lindenholt,2018,3.943595465091112,-0.1586693860525732,-0.013048538237349916,-0.07844417599842414,-0.019066230118177065,-0.02866205840205685,-0.0194483832965655
WK026808,Lindenholt,2020,3.974065400387371,-0.12819945075631384,-0.0056132788252632225,-0.08004308483207363,-0.0194183808054849,-0.014562026106586072,-0.008562680186906304
WK026808,Lindenholt,2022,3.9824859525687635,-0.11977889857492184,-0.0049017588764105995,-0.06714655682541525,-0.015087098084651729,-0.023532897099999308,-0.009110587688445233
WK026809,Nijmegen-Noord,2002,4.104161264208201,0.0018964130645157805,NA,NA,NA,NA,NA
WK026809,Nijmegen-Noord,2008,4.109714919650036,0.007450068506351341,NA,NA,NA,NA,NA
WK026809,Nijmegen-Noord,2012,4.183218284860774,0.08095343371708878,NA,NA,NA,NA,NA
WK026809,Nijmegen-Noord,2014,4.155005823224424,0.05274097208073837,-0.03562937789282811,0.05141149425827275,0.051457441064768045,-0.029093068930758144,0.014594483581283551
WK026809,Nijmegen-Noord,2016,4.226294084571546,0.12402923342786076,NA,NA,NA,NA,NA
WK026809,Nijmegen-Noord,2018,4.220446587948728,0.11818173680504264,-0.03131312500292055,0.07474431980309154,0.0500967066862322,-0.002247020254119747,0.02690085557275889
WK026809,Nijmegen-Noord,2020,4.212858866065205,0.11059401492151966,-0.025683739377700538,0.07473368074156916,0.04026535217900578,-0.0025142480771958857,0.02379296945584089
WK026809,Nijmegen-Noord,2022,4.213520564263954,0.11125571312026779,-0.01496290026488137,0.06782295367379453,0.035620096684270554,-0.0019234646474721544,0.024699027674555965
WK026900,Wijk 00 Oldebroek,2002,4.124075835275373,0.021810984131687645,NA,NA,NA,NA,NA
WK026900,Wijk 00 Oldebroek,2008,4.145831406453736,0.043566555310050874,NA,NA,NA,NA,NA
WK026900,Wijk 00 Oldebroek,2012,4.164283528823575,0.06201867767989019,NA,NA,NA,NA,NA
WK026900,Wijk 00 Oldebroek,2014,4.1743337605737665,0.07206890943008126,0.02141083081390899,0.08347657070997778,0.0612509178706509,-0.16901527993956733,0.07494586997511066
WK026900,Wijk 00 Oldebroek,2016,4.183228036038525,0.08096318489483943,NA,NA,NA,NA,NA
WK026900,Wijk 00 Oldebroek,2018,4.198489244192431,0.0962243930487462,0.026684290946779984,0.09388960959481793,0.06278862489564896,-0.16345105101728058,0.07631291862877965
WK026900,Wijk 00 Oldebroek,2020,4.1864422857340395,0.08417743459035407,0.02557622394075776,0.0913126526679543,0.04917417162072106,-0.15334220383557215,0.0714565901964928
WK026900,Wijk 00 Oldebroek,2022,4.150116000528994,0.04785114938530854,0.02963972435129402,0.09771355048948158,0.04962100491661567,-0.16349343291435925,0.03437030254227626
WK026901,Wijk 01 Wezep,2002,4.171833914042149,0.06956906289846415,NA,NA,NA,NA,NA
WK026901,Wijk 01 Wezep,2008,4.18601052103177,0.08374566988808513,NA,NA,NA,NA,NA
WK026901,Wijk 01 Wezep,2012,4.2078017644385435,0.10553691329485836,NA,NA,NA,NA,NA
WK026901,Wijk 01 Wezep,2014,4.214796492365649,0.11253164122196406,0.020724489775614075,0.05429722836221636,0.03557597394501548,-0.07085152175318564,0.0727854708923035
WK026901,Wijk 01 Wezep,2016,4.193232658270204,0.09096780712651828,NA,NA,NA,NA,NA
WK026901,Wijk 01 Wezep,2018,4.216488320154686,0.11422346901100054,0.020100894148385024,0.06126395879443124,0.03164808110724746,-0.0665470601912349,0.0677575951521714
WK026901,Wijk 01 Wezep,2020,4.22328635786105,0.12102150671736452,0.022092550506355727,0.07154154502861196,0.02894324935924163,-0.06733515367612947,0.06577931549928438
WK026901,Wijk 01 Wezep,2022,4.167170987998003,0.06490613685431776,0.02710240847968031,0.06295099632114916,0.02939001251030679,-0.07861521647585791,0.024077936019039122
WK026902,Wijk 02 Oosterwolde,2002,4.211644244850329,0.10937939370664382,NA,NA,NA,NA,NA
WK026902,Wijk 02 Oosterwolde,2008,4.1714226113996755,0.06915776025598985,NA,NA,NA,NA,NA
WK026902,Wijk 02 Oosterwolde,2012,4.17555480704964,0.073289955905955,NA,NA,NA,NA,NA
WK026902,Wijk 02 Oosterwolde,2014,4.230561009625435,0.1282961584817502,0.00191217368342963,0.12841759546877668,0.1040353430215765,-0.20644626853794865,0.10037731484591579
WK026902,Wijk 02 Oosterwolde,2016,4.233573501592618,0.131308650448933,NA,NA,NA,NA,NA
WK026902,Wijk 02 Oosterwolde,2018,4.236647727644203,0.13438287650051783,0.004635711971987297,0.13375403205875622,0.10039809928869975,-0.20220426337353184,0.09779929655460613
WK026902,Wijk 02 Oosterwolde,2020,4.222636818784716,0.12037196764103103,0.0031187317405496334,0.13341361848954536,0.09004792241853515,-0.200046628455481,0.09383832344788155
WK026902,Wijk 02 Oosterwolde,2022,4.194607442113363,0.09234259096967823,0.00641503917627413,0.12630929843852784,0.09092429266976702,-0.19873512304244909,0.0674290837275581
WK027300,Wijk 00 Putten,2002,4.1572997537317535,0.05503490258806816,NA,NA,NA,NA,NA
WK027300,Wijk 00 Putten,2008,4.131770725967049,0.029505874823363698,NA,NA,NA,NA,NA
WK027300,Wijk 00 Putten,2012,4.132756264996412,0.030491413852727117,NA,NA,NA,NA,NA
WK027300,Wijk 00 Putten,2014,4.1226262350993705,0.0203613839556858,0.0029589977832249806,0.0654348299953994,0.038920335915616756,-0.106812893853482,0.01986011411492637
WK027300,Wijk 00 Putten,2016,4.141459914501883,0.03919506335819738,NA,NA,NA,NA,NA
WK027300,Wijk 00 Putten,2018,4.151143253552699,0.048878402409013935,-1.5829434917504593e-4,0.07207384920907163,0.03691368261485514,-0.0862970275011996,0.02634619243546151
WK027300,Wijk 00 Putten,2020,4.158769021318277,0.05650417017459241,2.183288487283446e-4,0.07422342764338659,0.034543810233322696,-0.07881656955016257,0.026335172999317067
WK027300,Wijk 00 Putten,2022,4.153822675196668,0.05155782405298302,-5.621151817779849e-4,0.07871023580679458,0.02897737320330154,-0.08332938582487408,0.027761716049538677
WK027301,Wijk 01 Bosgebied en Krachtighuizen,2002,4.313896859415011,0.2116320082713253,NA,NA,NA,NA,NA
WK027301,Wijk 01 Bosgebied en Krachtighuizen,2008,4.283164538135597,0.18089968699191183,NA,NA,NA,NA,NA
WK027301,Wijk 01 Bosgebied en Krachtighuizen,2012,4.227436159816199,0.12517130867251391,NA,NA,NA,NA,NA
WK027301,Wijk 01 Bosgebied en Krachtighuizen,2014,4.232113451407632,0.1298486002639471,0.0865411611160492,0.09926207086369392,0.09814348640097176,-0.17759015911621848,0.02349204099945048
WK027301,Wijk 01 Bosgebied en Krachtighuizen,2016,4.1548383834772205,0.05257353233353487,NA,NA,NA,NA,NA
WK027301,Wijk 01 Bosgebied en Krachtighuizen,2018,4.273590418330749,0.17132556718706435,0.07689111398801514,0.10225021874377191,0.11377525087883354,-0.16230219153900227,0.04071117511544579
WK027301,Wijk 01 Bosgebied en Krachtighuizen,2020,4.270543021127887,0.1682781699842017,0.07616257657506084,0.11254025959134124,0.09826968794522534,-0.1592385762571118,0.04054422212968582
WK027301,Wijk 01 Bosgebied en Krachtighuizen,2022,4.259040011403006,0.15677516025932126,0.07092467635290794,0.11729057268216675,0.08986023954787047,-0.16903117299216275,0.04773084466853858
WK027401,Renkum Zuid,2002,4.101745957609336,-5.188935343485023e-4,NA,NA,NA,NA,NA
WK027401,Renkum Zuid,2008,4.104887225561724,0.002622374418038985,NA,NA,NA,NA,NA
WK027401,Renkum Zuid,2012,4.108587599421497,0.00632274827781209,NA,NA,NA,NA,NA
WK027401,Renkum Zuid,2014,4.147944376324004,0.04567952518031889,0.0016475403589423787,0.020635130812041432,0.008914506177738346,-0.039462495085184915,0.05394484291678136
WK027401,Renkum Zuid,2016,4.139664647649719,0.03739979650603415,NA,NA,NA,NA,NA
WK027401,Renkum Zuid,2018,4.153499190794974,0.05123433965128855,-0.0019571744245688587,0.023732912334394833,0.007692690264373347,-0.0447703815774197,0.06653629305450867
WK027401,Renkum Zuid,2020,4.153448919184535,0.05118406804084978,0.003102778997743382,0.024394568614820027,0.008990128715448546,-0.040471056817074136,0.05516764852991171
WK027401,Renkum Zuid,2022,4.11491956514957,0.012654714005884879,0.00586605514195774,0.02380959900867707,0.006693152407873234,-0.04206457727733375,0.018350484724710334
WK027402,Renkum Noord,2002,4.095786505029334,-0.006478346114350949,NA,NA,NA,NA,NA
WK027402,Renkum Noord,2008,4.095962052270032,-0.006302798873653194,NA,NA,NA,NA,NA
WK027402,Renkum Noord,2012,4.118089189512352,0.01582433836866678,NA,NA,NA,NA,NA
WK027402,Renkum Noord,2014,4.156225551354921,0.053960700211235564,0.011486256965853932,0.021236784004741178,0.010597098134991365,-0.06015072737021524,0.07079128847586401
WK027402,Renkum Noord,2016,4.1407347424891325,0.038469891345447545,NA,NA,NA,NA,NA
WK027402,Renkum Noord,2018,4.1631185182223795,0.06085366707869377,0.00792666045016462,0.044510773772516,0.00881890181764464,-0.06962983157856664,0.06922716261693486
WK027402,Renkum Noord,2020,4.168412715818236,0.0661478646745504,0.012928809533880412,0.03574227627792133,0.00938871690235197,-0.06614364824375644,0.07423171020415288
WK027402,Renkum Noord,2022,4.126975911101762,0.02471105995807716,0.013524402124223971,0.04488534953267029,0.007659725911816004,-0.06527845839788862,0.02392004078725522
WK027403,Heelsum ten westen van de rijksweg,2002,4.145252239252717,0.04298738810903221,NA,NA,NA,NA,NA
WK027403,Heelsum ten westen van de rijksweg,2008,4.143128210438486,0.04086335929480114,NA,NA,NA,NA,NA
WK027403,Heelsum ten westen van de rijksweg,2012,4.145625030746731,0.043360179603046244,NA,NA,NA,NA,NA
WK027403,Heelsum ten westen van de rijksweg,2014,4.195230584430139,0.09296573328645373,0.015009371034722718,0.03876709304105054,0.021695022863651752,-0.04842627719894483,0.06592052354597329
WK027403,Heelsum ten westen van de rijksweg,2016,4.177710222360999,0.07544537121731411,NA,NA,NA,NA,NA
WK027403,Heelsum ten westen van de rijksweg,2018,4.1863393705378185,0.0840745193941335,0.007718530389072078,0.04615706956118597,0.02023454372810446,-0.058565397337243856,0.06852977305301461
WK027403,Heelsum ten westen van de rijksweg,2020,4.195142919894834,0.09287806875114905,0.008674284341909238,0.04097195939046745,0.020623180566414573,-0.054212276217993904,0.07682092067035134
WK027403,Heelsum ten westen van de rijksweg,2022,4.110807636943827,0.008542785800141605,0.010070674355413428,0.03484809629573274,0.01590251700729993,-0.05508200605355245,0.0028035041952476666
WK027404,Heelsum ten oosten van de rijksweg,2002,4.56945432712856,0.46718947598487454,NA,NA,NA,NA,NA
WK027404,Heelsum ten oosten van de rijksweg,2008,4.5616494309001405,0.4593845797564549,NA,NA,NA,NA,NA
WK027404,Heelsum ten oosten van de rijksweg,2012,4.50369610180882,0.4014312506651351,NA,NA,NA,NA,NA
WK027404,Heelsum ten oosten van de rijksweg,2014,4.494878237965451,0.3926133868217655,0.02497635254000899,0.127746895801976,0.1217468091538867,-0.06493323117160012,0.18307656049749363
WK027404,Heelsum ten oosten van de rijksweg,2016,4.5509818904636425,0.44871703931995705,NA,NA,NA,NA,NA
WK027404,Heelsum ten oosten van de rijksweg,2018,4.498612121934428,0.39634727079074283,0.017918884302488638,0.13126383376001896,0.13415572456120584,-0.06948089401049978,0.1824897221775288
WK027404,Heelsum ten oosten van de rijksweg,2020,4.496187000305527,0.39392214916184204,0.02102369119423991,0.1286288517100506,0.1274792836630415,-0.06577743047192712,0.18256775306643694
WK027404,Heelsum ten oosten van de rijksweg,2022,4.402951762091722,0.3006869109480368,0.03226415155488094,0.11329831699886325,0.1215221695837256,-0.06529073617629857,0.09889300898686532
WK027405,Wolfheze ten zuiden van het spoor,2002,4.225513836721697,0.12324898557801163,NA,NA,NA,NA,NA
WK027405,Wolfheze ten zuiden van het spoor,2008,4.205627752739831,0.10336290159614589,NA,NA,NA,NA,NA
WK027405,Wolfheze ten zuiden van het spoor,2012,4.208778011361615,0.1065131602179296,NA,NA,NA,NA,NA
WK027405,Wolfheze ten zuiden van het spoor,2014,4.265004931795637,0.16274008065195228,0.048846247373415724,0.04285008905986616,0.057321222032953756,-0.07117316453244624,0.08489568671816253
WK027405,Wolfheze ten zuiden van het spoor,2016,4.215163929192782,0.11289907804909673,NA,NA,NA,NA,NA
WK027405,Wolfheze ten zuiden van het spoor,2018,4.238651487786661,0.13638663664297562,0.047864966454246136,0.03274741569052105,0.060421322464744694,-0.07237900582172234,0.06773193785518573
WK027405,Wolfheze ten zuiden van het spoor,2020,4.236042341261115,0.13377749011742993,0.05038891993652139,0.025854782414406967,0.061138315488514255,-0.0680371789364659,0.06443265121445282
WK027405,Wolfheze ten zuiden van het spoor,2022,4.288489107144435,0.18622425600075004,0.056042203416268796,0.1023246443057198,0.07074208615036935,-0.0745884937130417,0.03170381584143351
WK027406,Wolfheze ten noorden van het spoor,2002,4.147915792379089,0.04565094123540368,NA,NA,NA,NA,NA
WK027406,Wolfheze ten noorden van het spoor,2008,4.1277987177864155,0.02553386664273053,NA,NA,NA,NA,NA
WK027406,Wolfheze ten noorden van het spoor,2012,4.218033931142035,0.1157690799983498,NA,NA,NA,NA,NA
WK027406,Wolfheze ten noorden van het spoor,2014,4.299826015858473,0.19756116471478816,0.04382293614499475,0.09542370963366796,0.09699116151202931,-0.08353741065877265,0.0448607680828686
WK027406,Wolfheze ten noorden van het spoor,2016,4.234118217612252,0.13185336646856702,NA,NA,NA,NA,NA
WK027406,Wolfheze ten noorden van het spoor,2018,4.2894624078134695,0.18719755666978413,0.043670069526934516,0.09016745595254436,0.06347247665771014,-0.0865895962085707,0.0764771507411657
WK027406,Wolfheze ten noorden van het spoor,2020,4.2796706962270985,0.1774058450834134,0.045857958690115656,0.08370701482251687,0.059672730316688995,-0.08451179609144278,0.0726799373455345
WK027406,Wolfheze ten noorden van het spoor,2022,4.25684217095561,0.1545773198119253,0.05204999920423592,0.09975218495099974,0.06031925974368371,-0.08914470442226445,0.03160058033527013
WK027407,Buitengebied Doorwerth,2002,4.4407701521277305,0.33850530098404524,NA,NA,NA,NA,NA
WK027407,Buitengebied Doorwerth,2008,4.421472171387035,0.3192073202433491,NA,NA,NA,NA,NA
WK027407,Buitengebied Doorwerth,2012,4.463195183771044,0.36093033262735896,NA,NA,NA,NA,NA
WK027407,Buitengebied Doorwerth,2014,4.472254659136357,0.3699898079926711,0.06388667586760727,0.11772814621009418,0.10369127678836594,-0.049869710640874775,0.13455341976747823
WK027407,Buitengebied Doorwerth,2016,4.47150686367738,0.3692420125336948,NA,NA,NA,NA,NA
WK027407,Buitengebied Doorwerth,2018,4.474948386656817,0.37268353551313277,0.058218219660481324,0.12219730295595077,0.10859105772716962,-0.050858603381163506,0.13453555855069427
WK027407,Buitengebied Doorwerth,2020,4.435724522513431,0.333459671369746,0.07753700628093693,0.10719518607242258,0.10158899232492455,-0.04948041714575373,0.09661890383721529
WK027407,Buitengebied Doorwerth,2022,4.390108922399772,0.28784407125608735,0.06999202864982051,0.12495596349588516,0.09768796892597123,-0.05568168783826107,0.05088979802267122
WK027408,Bebouwde kom Doorwerth,2002,4.1269480919673285,0.02468324082364316,NA,NA,NA,NA,NA
WK027408,Bebouwde kom Doorwerth,2008,4.109448255725246,0.0071834045815605384,NA,NA,NA,NA,NA
WK027408,Bebouwde kom Doorwerth,2012,4.148784179030824,0.0465193278871386,NA,NA,NA,NA,NA
WK027408,Bebouwde kom Doorwerth,2014,4.164267174416235,0.062002323272548975,0.054073463002387995,0.013102588970504538,-0.009063238774863,-0.017676354820074094,0.02156586489459328
WK027408,Bebouwde kom Doorwerth,2016,4.157780577540556,0.055515726396870496,NA,NA,NA,NA,NA
WK027408,Bebouwde kom Doorwerth,2018,4.161694126253265,0.05942927510958003,0.05009084604184148,0.014995554839255488,-0.006931894599401131,-0.018075430189526752,0.019350199017410676
WK027408,Bebouwde kom Doorwerth,2020,4.182454185305398,0.08018933416171242,0.05592228956434592,0.022571173316361114,-0.005193323136758197,-0.018211987842934808,0.02510118226069811
WK027408,Bebouwde kom Doorwerth,2022,4.14410161833441,0.04183676719072517,0.0616617456433022,0.024260554220372127,-0.0073493473283243035,-0.0279190761821092,-0.008817109162515963
WK027409,Heveadorp,2002,4.2836403517497725,0.1813755006060875,NA,NA,NA,NA,NA
WK027409,Heveadorp,2008,4.189736360438084,0.08747150929439852,NA,NA,NA,NA,NA
WK027409,Heveadorp,2012,4.255905651550143,0.15364080040645772,NA,NA,NA,NA,NA
WK027409,Heveadorp,2014,4.337987369174577,0.23572251803089173,0.08763679106330763,0.05609531321674328,0.039409485274237065,-0.05921862750816284,0.11179955598476621
WK027409,Heveadorp,2016,4.35598162003435,0.2537167688906649,NA,NA,NA,NA,NA
WK027409,Heveadorp,2018,4.369495378713233,0.2672305275695479,0.084053321913339335,0.08436200136425627,0.037794836041548006,-0.05951247666118915,0.12053284491159318
WK027409,Heveadorp,2020,4.381583198296015,0.27931834715233006,0.08625282764199287,0.0918418713977923,0.04381218403654895,-0.06205159074921495,0.11946305482521076
WK027409,Heveadorp,2022,4.3455167892411515,0.2432519380974664,0.0926975901273979,0.1057567516714931,0.04638862076324604,-0.0672984135989308,0.06570738913426
WK027410,Oosterbeek West,2002,4.3911996919763165,0.28893484083263166,NA,NA,NA,NA,NA
WK027410,Oosterbeek West,2008,4.316820232822092,0.21455538167840674,NA,NA,NA,NA,NA
WK027410,Oosterbeek West,2012,4.37342333020078,0.2711584790570949,NA,NA,NA,NA,NA
WK027410,Oosterbeek West,2014,4.3819638185775,0.2796989674338144,0.05276144292692977,0.13656102318699498,0.09690446610777131,-0.03631927075601977,0.02979130596813791
WK027410,Oosterbeek West,2016,4.4546490658569216,0.3523842147132369,NA,NA,NA,NA,NA
WK027410,Oosterbeek West,2018,4.392564832066676,0.29029998092299103,0.05816216385962392,0.13711336910685323,0.11621124852706881,-0.03820499223556492,0.01701819166500964
WK027410,Oosterbeek West,2020,4.358190562277078,0.2559257111333924,0.056026052678759396,0.1354196063035996,0.10111812389879259,-0.03652758617717591,-1.1048557058354718e-4
WK027410,Oosterbeek West,2022,4.349575619870634,0.24731076872694838,0.06105178358078238,0.13730212751804893,0.09853626686008467,-0.03882148460460521,-0.010757924627362787
WK027411,Oosterbeek Zuidoost,2002,4.277305899319757,0.17504104817607086,NA,NA,NA,NA,NA
WK027411,Oosterbeek Zuidoost,2008,4.287442224375604,0.18517737323191846,NA,NA,NA,NA,NA
WK027411,Oosterbeek Zuidoost,2012,4.2935752131417635,0.19131036199807827,NA,NA,NA,NA,NA
WK027411,Oosterbeek Zuidoost,2014,4.315132015998694,0.21286716485500928,-4.716347677882615e-4,0.06495578487176766,0.029975353469466667,0.011301864166950603,0.10710579711461234
WK027411,Oosterbeek Zuidoost,2016,4.316681417919152,0.21441656677546617,NA,NA,NA,NA,NA
WK027411,Oosterbeek Zuidoost,2018,4.323124979100413,0.2208601279567281,-7.922660602598626e-5,0.07710550172973415,0.03004885864399435,0.0038393220759234846,0.10994567211310179
WK027411,Oosterbeek Zuidoost,2020,4.31654408159258,0.2142792304488948,3.2682457413809885e-4,0.061245418554211194,0.03217473665873,0.0169361456373628,0.10359610502445243
WK027411,Oosterbeek Zuidoost,2022,4.273877136407998,0.1716122852643128,0.005747402115503757,0.08123617004743153,0.030928259204670405,0.008910667743973652,0.0447897861527332
WK027412,Oosterbeek Noordoost,2002,4.318163152635966,0.2158983014922806,NA,NA,NA,NA,NA
WK027412,Oosterbeek Noordoost,2008,4.317643769082868,0.21537891793918224,NA,NA,NA,NA,NA
WK027412,Oosterbeek Noordoost,2012,4.305469868015393,0.2032050168717087,NA,NA,NA,NA,NA
WK027412,Oosterbeek Noordoost,2014,4.3509930019889635,0.24872815084527802,0.02160846348126523,0.08487073858873503,0.028124421709874062,0.021717903071864983,0.09240662399353845
WK027412,Oosterbeek Noordoost,2016,4.351940170941393,0.24967531979770763,NA,NA,NA,NA,NA
WK027412,Oosterbeek Noordoost,2018,4.354375606855793,0.2521107557121082,0.014410277996367585,0.0988000676630261,0.029990910865326226,0.0043195403813552505,0.10458995880603277
WK027412,Oosterbeek Noordoost,2020,4.353424877781852,0.2511600266381671,0.013393682270867902,0.09269245633991846,0.03307396046124983,0.01387486471526835,0.09812506285086221
WK027412,Oosterbeek Noordoost,2022,4.314000664976833,0.21173581383314755,0.02025746627376441,0.09953359978436749,0.030263632255050722,0.008555429952639115,0.05312568556732551
WK027500,Wijk 00 Dieren,2002,4.017920153920383,-0.08434469722330176,NA,NA,NA,NA,NA
WK027500,Wijk 00 Dieren,2008,4.028741324838248,-0.07352352630543717,NA,NA,NA,NA,NA
WK027500,Wijk 00 Dieren,2012,4.044091254063007,-0.058173597080678575,NA,NA,NA,NA,NA
WK027500,Wijk 00 Dieren,2014,4.052185449869124,-0.05007940127456177,0.012123599865290779,0.038014768921490125,0.014321146641245956,-0.1128423174259401,-0.0016965992766488059
WK027500,Wijk 00 Dieren,2016,4.089140023177041,-0.013124827966644454,NA,NA,NA,NA,NA
WK027500,Wijk 00 Dieren,2018,4.102454297528237,1.894463845519868e-4,0.014005245586736503,0.043205585450884265,0.01858881907353847,-0.08381559831743132,0.008205394590823789
WK027500,Wijk 00 Dieren,2020,4.1112658489703096,0.009000997826624772,0.01571671076750199,0.042125834323864984,0.019600833657419263,-0.07699174814617944,0.008549367224017708
WK027500,Wijk 00 Dieren,2022,4.128589139835553,0.02632428869186693,0.018090510978182765,0.041615498595491386,0.018283280063598722,-0.06607924276056501,0.014414241815158773
WK027501,Wijk 01 Rheden,2002,4.041272303140579,-0.06099254800310711,NA,NA,NA,NA,NA
WK027501,Wijk 01 Rheden,2008,4.039715671209028,-0.06254917993465754,NA,NA,NA,NA,NA
WK027501,Wijk 01 Rheden,2012,4.059993135889786,-0.04227171525389946,NA,NA,NA,NA,NA
WK027501,Wijk 01 Rheden,2014,4.0938330418790825,-0.008431809264602734,-0.0026464016573762516,0.041823946458440384,0.009103172578706058,-0.0753373731401708,0.01862484649579758
WK027501,Wijk 01 Rheden,2016,4.1093946245912445,0.00712977344755946,NA,NA,NA,NA,NA
WK027501,Wijk 01 Rheden,2018,4.095226078182701,-0.007038772960984811,-0.001310037920292884,0.045895585245495876,0.010597306621187609,-0.07305658037295158,0.010834953465575899
WK027501,Wijk 01 Rheden,2020,4.121785346396311,0.019520495252625714,0.005739523057076465,0.04321860676643493,0.012232329354367527,-0.06464419125014532,0.02297422732489184
WK027501,Wijk 01 Rheden,2022,4.112233653843624,0.009968802699939293,0.006803959112964584,0.04056610235754224,0.010971511357379237,-0.06997674214462007,0.021603972016673016
WK027502,Wijk 02 Velp,2002,4.118833804976537,0.016568953832851955,NA,NA,NA,NA,NA
WK027502,Wijk 02 Velp,2008,4.155826436660819,0.05356158551713324,NA,NA,NA,NA,NA
WK027502,Wijk 02 Velp,2012,4.153609852591819,0.05134500144813372,NA,NA,NA,NA,NA
WK027502,Wijk 02 Velp,2014,4.179837511117353,0.07757265997366788,-0.0024517782388446736,0.028077492231784927,-0.00849950700491954,0.05896984069103072,0.0014766122946161732
WK027502,Wijk 02 Velp,2016,4.191355588982071,0.0890907378383859,NA,NA,NA,NA,NA
WK027502,Wijk 02 Velp,2018,4.17122368589893,0.0689588347552448,-0.004553023829784722,0.016418448243477914,-0.008595350439308841,0.053665518023879186,0.012023242756980985
WK027502,Wijk 02 Velp,2020,4.19185720650494,0.08959235536125482,-5.781106102672001e-4,0.015077545954000415,-0.007272967240103402,0.06600294328832934,0.016362943969295368
WK027502,Wijk 02 Velp,2022,4.1961235185033035,0.09385866735961773,0.004034830662479676,0.024546873909796298,-9.770866194359403e-4,0.05780022155110681,0.00845382785567062
WK027700,Wijk 00,2002,4.380968633005782,0.27870378186209677,NA,NA,NA,NA,NA
WK027700,Wijk 00,2008,4.38921682906079,0.28695197791710497,NA,NA,NA,NA,NA
WK027700,Wijk 00,2012,4.400734239100975,0.29846938795729056,NA,NA,NA,NA,NA
WK027700,Wijk 00,2014,4.385880624419047,0.28361577327536164,0.04158128289702998,0.09015308556819734,0.06649294280144474,0.026907280410449715,0.058481181598239604
WK027700,Wijk 00,2016,4.404270545209763,0.3020056940660774,NA,NA,NA,NA,NA
WK027700,Wijk 00,2018,4.411580975743187,0.30931612459950203,0.03673301145160019,0.10864679717150467,0.07783470649831305,0.026164520052004914,0.05993708942607888
WK027700,Wijk 00,2020,4.39686999671851,0.2946051455748245,0.03705249704103498,0.08602752337918801,0.08014727060801263,0.03151636990566181,0.05986148464092678
WK027700,Wijk 00,2022,4.386487526877403,0.2842226757337177,0.022273871993763905,0.09306703579751566,0.0786719199764527,0.02763459734954108,0.0625752506164441
WK027900,Wijk 00,2002,3.8775759659240445,-0.22468888521964053,NA,NA,NA,NA,NA
WK027900,Wijk 00,2008,3.9074734862867437,-0.19479136485694176,NA,NA,NA,NA,NA
WK027900,Wijk 00,2012,3.917159428244055,-0.18510542289963022,NA,NA,NA,NA,NA
WK027900,Wijk 00,2014,3.9613157175632874,-0.1409491335803983,-0.0036064227051684303,0.06960876171175896,0.023520541726965445,-0.09979144037405184,-0.13068057393990273
WK027900,Wijk 00,2016,4.004570751298813,-0.09769409984487246,NA,NA,NA,NA,NA
WK027900,Wijk 00,2018,4.00936265099458,-0.09290220014910464,-0.004802835105403993,0.088143049141453,0.022453100016603042,-0.09528708750269682,-0.10340842669906014
WK027900,Wijk 00,2020,4.015388552956588,-0.08687629818709697,-0.006613138432419955,0.07891636052270785,0.019512758731168336,-0.08922947885285441,-0.08946280015569909
WK027900,Wijk 00,2022,4.005249081376092,-0.09701576976759413,-0.00494428311675521,0.07900670333995566,0.01983514448584027,-0.11515709434448267,-0.07575624013215243
WK028100,Tiel kern,2002,3.8115646311796483,-0.2907002199640373,NA,NA,NA,NA,NA
WK028100,Tiel kern,2008,3.8367006170398117,-0.26556423410387375,NA,NA,NA,NA,NA
WK028100,Tiel kern,2012,3.861134924576034,-0.24112992656765117,NA,NA,NA,NA,NA
WK028100,Tiel kern,2014,3.863046388517,-0.23921846262668495,-0.012619544183123495,-0.12018611150506213,-0.027592849914280165,-0.03962168415845332,-0.039198272865766104
WK028100,Tiel kern,2016,3.8900679067020913,-0.2121969444415943,NA,NA,NA,NA,NA
WK028100,Tiel kern,2018,3.8890235888112885,-0.213241262332397,-0.021036953473293773,-0.10094955474158872,-0.031153668855576667,-0.034837983615289204,-0.02526310164664894
WK028100,Tiel kern,2020,3.90209454667812,-0.20017030446556489,-0.014558152561024237,-0.10016664022332632,-0.03584688077475262,-0.015068826971634182,-0.034529803934827775
WK028100,Tiel kern,2022,3.9075389635098343,-0.19472588763385124,-0.014703232839989623,-0.11059693371545158,-0.03295294920805708,-0.016779427170479116,-0.0196933446998741
WK028101,Tiel-Noord,2002,3.8962950449738796,-0.20596980616980548,NA,NA,NA,NA,NA
WK028101,Tiel-Noord,2008,3.9191650993216625,-0.18309975182202262,NA,NA,NA,NA,NA
WK028101,Tiel-Noord,2012,3.9408321561194546,-0.16143269502423035,NA,NA,NA,NA,NA
WK028101,Tiel-Noord,2014,3.983410047793003,-0.11885480335068244,-0.016947193610325883,-0.04707291315700534,0.004005951611699946,-0.07155489902390194,0.01271425082885051
WK028101,Tiel-Noord,2016,4.006207521880729,-0.09605732926295674,NA,NA,NA,NA,NA
WK028101,Tiel-Noord,2018,3.9998721812944695,-0.10239266984921556,-0.021249979609467076,-0.02547342118719392,0.003013023088822205,-0.06999114363672584,0.011308851495348786
WK028101,Tiel-Noord,2020,3.9923146364172153,-0.10995021472647039,-0.015810258948168662,-0.04101590214689195,-0.004193813245850586,-0.059645315942606955,0.01071507555704748
WK028101,Tiel-Noord,2022,4.012250619903635,-0.09001423124004952,-0.01446914206105451,-0.02517278042165066,-0.0018677939478725365,-0.05908684150359008,0.010582326694117994
WK028102,Wadenoijen en Kapel Avezaath,2002,4.002728236212432,-0.09953661493125357,NA,NA,NA,NA,NA
WK028102,Wadenoijen en Kapel Avezaath,2008,3.9722551535634643,-0.13000969758022102,NA,NA,NA,NA,NA
WK028102,Wadenoijen en Kapel Avezaath,2012,4.003987120305911,-0.09827773083777376,NA,NA,NA,NA,NA
WK028102,Wadenoijen en Kapel Avezaath,2014,4.069403776764482,-0.032861074379202826,-0.05567002939529216,0.02064213986529551,0.07169044388601455,-0.1391964750480427,0.06967284631282178
WK028102,Wadenoijen en Kapel Avezaath,2016,4.098614440402811,-0.0036504107408742493,NA,NA,NA,NA,NA
WK028102,Wadenoijen en Kapel Avezaath,2018,4.11292509281848,0.010660241674794917,-0.0315900579147143,0.043636934479609625,0.06828044637931241,-0.13832679226858777,0.06865971099917467
WK028102,Wadenoijen en Kapel Avezaath,2020,4.092714689101876,-0.009550162041809206,-0.03322227895436699,0.024559005712951713,0.05790284678083722,-0.12577582686322347,0.0669860912819921
WK028102,Wadenoijen en Kapel Avezaath,2022,4.111012785018744,0.008747933875058839,-0.030146187094785868,0.03962918834827832,0.06303945506917989,-0.133588544307087,0.06981402185947316
WK028103,Tiel-Zuid,2002,3.900938199990118,-0.2013266511535676,NA,NA,NA,NA,NA
WK028103,Tiel-Zuid,2008,3.9359873643240615,-0.16627748681962337,NA,NA,NA,NA,NA
WK028103,Tiel-Zuid,2012,3.9104960600346588,-0.19176879110902653,NA,NA,NA,NA,NA
WK028103,Tiel-Zuid,2014,3.9719404519530155,-0.13032439919066968,-0.010156436144961294,-0.014450455982790824,0.02813693712105441,-0.12380730729364836,-0.010047136890323875
WK028103,Tiel-Zuid,2016,3.982393748155028,-0.11987110298865761,NA,NA,NA,NA,NA
WK028103,Tiel-Zuid,2018,3.9550195991585686,-0.14724525198511648,-0.019135085864801137,-0.011298086582561175,0.019772834614429715,-0.14155273482209757,0.004967820669913426
WK028103,Tiel-Zuid,2020,3.955051754149687,-0.1472130969939984,-0.013696318896397438,-0.01954776496927014,0.014926279962461706,-0.129446513810426,5.51220719633164e-4
WK028103,Tiel-Zuid,2022,3.994565564407528,-0.10769928673615753,-0.0060240126436216495,-0.00441258137353688,0.014892831902793783,-0.13403700972957694,0.02188148510778388
WK028500,Wijk 00 Voorst,2002,4.181323316473139,0.07905846532945414,NA,NA,NA,NA,NA
WK028500,Wijk 00 Voorst,2008,4.175275167712124,0.07301031656843907,NA,NA,NA,NA,NA
WK028500,Wijk 00 Voorst,2012,4.214075549518746,0.11181069837506051,NA,NA,NA,NA,NA
WK028500,Wijk 00 Voorst,2014,4.22387698749627,0.12161213635258511,0.013604106649382481,0.12389771841308145,0.07308283733252598,-0.13457552214038224,0.045602996097977154
WK028500,Wijk 00 Voorst,2016,4.211431176128256,0.10916632498457089,NA,NA,NA,NA,NA
WK028500,Wijk 00 Voorst,2018,4.230460853423223,0.12819600227953767,0.019117568289444786,0.1233035693692066,0.07312251881638446,-0.13649582485611722,0.04914817066061876
WK028500,Wijk 00 Voorst,2020,4.237148108626164,0.13488325748247912,0.008815188499945337,0.12194976584945905,0.07405251370974042,-0.12417041994517085,0.05423620936850491
WK028500,Wijk 00 Voorst,2022,4.239206348110454,0.13694149696676797,0.021784310674822862,0.1163191916828853,0.06899530375005031,-0.13360808116473277,0.06345077202374201
WK028501,Wijk 01 Twello-Nijbroek,2002,4.1745329987302995,0.07226814758661469,NA,NA,NA,NA,NA
WK028501,Wijk 01 Twello-Nijbroek,2008,4.179608312321213,0.0773434611775281,NA,NA,NA,NA,NA
WK028501,Wijk 01 Twello-Nijbroek,2012,4.218200573427171,0.11593572228348566,NA,NA,NA,NA,NA
WK028501,Wijk 01 Twello-Nijbroek,2014,4.2233652362218965,0.12110038507821103,0.0027378312678170078,0.07676684623964646,0.055694475970567016,-0.05116872938883825,0.03706996098901851
WK028501,Wijk 01 Twello-Nijbroek,2016,4.2204693276784315,0.11820447653474642,NA,NA,NA,NA,NA
WK028501,Wijk 01 Twello-Nijbroek,2018,4.229270494496463,0.12700564335277784,0.009909365496473097,0.07764469894959662,0.05880829648237815,-0.05511654017742598,0.03575982260175568
WK028501,Wijk 01 Twello-Nijbroek,2020,4.23650831793356,0.13424346678987523,0.010417887036049862,0.08851507945578901,0.06325139171287562,-0.06303672142021564,0.03509583000537609
WK028501,Wijk 01 Twello-Nijbroek,2022,4.24720263516339,0.1449377840197052,0.014658137604300443,0.09550363461895375,0.05928024015598545,-0.06739199981778966,0.04288777145825495
WK028502,Wijk 02 Klarenbeek-Teuge,2002,4.213691697997239,0.11142684685355418,NA,NA,NA,NA,NA
WK028502,Wijk 02 Klarenbeek-Teuge,2008,4.199123708560804,0.09685885741711868,NA,NA,NA,NA,NA
WK028502,Wijk 02 Klarenbeek-Teuge,2012,4.223713022087834,0.12144817094414871,NA,NA,NA,NA,NA
WK028502,Wijk 02 Klarenbeek-Teuge,2014,4.239142094069844,0.1368772429261582,-0.005874829897456941,0.11165240513819773,0.10974492944107979,-0.13547814338565461,0.05683288162999193
WK028502,Wijk 02 Klarenbeek-Teuge,2016,4.249793715405371,0.14752886426168604,NA,NA,NA,NA,NA
WK028502,Wijk 02 Klarenbeek-Teuge,2018,4.252866165109146,0.15060131396546067,0.006847147091979535,0.11843512293752831,0.10632197532653494,-0.13803456859469077,0.057031637204108324
WK028502,Wijk 02 Klarenbeek-Teuge,2020,4.255440996159277,0.15317614501559138,0.006026018804257527,0.1161723642490963,0.10742399354302298,-0.13627064666045774,0.05982441507967204
WK028502,Wijk 02 Klarenbeek-Teuge,2022,4.264930798400418,0.16266594725673325,0.005578508351588075,0.11981310362803127,0.1010603158726853,-0.13140712717343386,0.06762114657786217
WK028503,Wijk 03 Wilp,2002,4.1396849997194,0.037420148575714025,NA,NA,NA,NA,NA
WK028503,Wijk 03 Wilp,2008,4.131829948577321,0.02956509743363584,NA,NA,NA,NA,NA
WK028503,Wijk 03 Wilp,2012,4.19333352737206,0.0910686762283749,NA,NA,NA,NA,NA
WK028503,Wijk 03 Wilp,2014,4.205577982811999,0.10331313166831305,-0.00786149721142269,0.09559352887497372,0.06791952674326354,-0.09623339978353206,0.043894973045030275
WK028503,Wijk 03 Wilp,2016,4.189844605850744,0.08757975470705878,NA,NA,NA,NA,NA
WK028503,Wijk 03 Wilp,2018,4.228905294298887,0.1266404431552015,0.010438489187858915,0.10278496312385325,0.06874603320679087,-0.10384538323195938,0.04851634086865754
WK028503,Wijk 03 Wilp,2020,4.228593784482736,0.12632893333905015,0.010812973992715198,0.09726215311124316,0.06860748936389605,-0.1038912838669105,0.05353760073810599
WK028503,Wijk 03 Wilp,2022,4.254298880528623,0.1520340293849376,0.011020587382412989,0.11862201821356744,0.06680317553791118,-0.1057710927208646,0.06135934097191037
WK028901,Noordwest,2002,4.13273895221137,0.03047410106768503,NA,NA,NA,NA,NA
WK028901,Noordwest,2008,4.167857040073775,0.06559218893008927,NA,NA,NA,NA,NA
WK028901,Noordwest,2012,4.1801715118375675,0.07790666069388195,NA,NA,NA,NA,NA
WK028901,Noordwest,2014,4.120000191710063,0.017735340566378256,-0.0014211464696115795,0.07784423959084169,0.04130397274475127,-0.052406643237221225,-0.04758508206238221
WK028901,Noordwest,2016,4.15253079310112,0.05026594195743527,NA,NA,NA,NA,NA
WK028901,Noordwest,2018,4.200560199868118,0.09829534872443246,0.006109278309368286,0.09970143720247641,0.032520073191398186,-0.05006181801879724,0.010026378039986555
WK028901,Noordwest,2020,4.233191809395874,0.13092695825218795,0.01184205329668486,0.10200991980288505,0.06042500731169043,-0.03985474960749386,-0.003495272551578799
WK028901,Noordwest,2022,4.188366445155355,0.0861015940116696,0.00524173759569355,0.07640508412652249,0.039992875093607196,-0.030904919427611702,-0.0046331833765422105
WK028902,Wageningen Universiteit,2002,3.9341369650257327,-0.16812788611795262,NA,NA,NA,NA,NA
WK028902,Wageningen Universiteit,2008,3.9829573235711733,-0.11930752757251219,NA,NA,NA,NA,NA
WK028902,Wageningen Universiteit,2012,3.9107541568866364,-0.19151069425704853,NA,NA,NA,NA,NA
WK028902,Wageningen Universiteit,2014,3.8203632147219664,-0.28190163642171884,0.005424175058119832,0.038912433575901934,-0.010206288315358084,-0.009432334137945796,-0.30659962260243695
WK028902,Wageningen Universiteit,2016,3.824052527425151,-0.27821232371853405,NA,NA,NA,NA,NA
WK028902,Wageningen Universiteit,2018,3.8988705163850015,-0.2033943347586838,0.023118084023894467,0.010217004041026302,0.020789201544275323,-0.011875298921392205,-0.24564332544648812
WK028902,Wageningen Universiteit,2020,3.9208813522427484,-0.18138349890093702,-0.0017621478369212807,0.005179205343914524,0.024397692292803266,-2.7657629607693164e-4,-0.2089216724046569
WK028902,Wageningen Universiteit,2022,3.9373992439077603,-0.16486560723592447,0.012900230106061419,-0.003925572317229437,0.02623391048233389,0.004813821716098009,-0.2048879972231885
WK028903,De Weiden en Boomgaarden,2002,3.9527822810749784,-0.14948257006870694,NA,NA,NA,NA,NA
WK028903,De Weiden en Boomgaarden,2008,4.025059500931851,-0.07720535021183432,NA,NA,NA,NA,NA
WK028903,De Weiden en Boomgaarden,2012,4.109558783266057,0.007293932122371827,NA,NA,NA,NA,NA
WK028903,De Weiden en Boomgaarden,2014,4.088714536116965,-0.01355031502672023,-0.017496653922434352,0.05023308133095889,-0.013727897827288315,-0.022219388284038487,-0.010339456323918205
WK028903,De Weiden en Boomgaarden,2016,4.118055615901909,0.015790764758223955,NA,NA,NA,NA,NA
WK028903,De Weiden en Boomgaarden,2018,4.115731710834406,0.013466859690720688,-0.0013450075165229777,0.057574779227966714,-0.01825966701641802,-0.02405440603579938,-4.4883896850593416e-4
WK028903,De Weiden en Boomgaarden,2020,4.12738741868129,0.02512256753760434,-0.006205043857438932,0.06169731950782257,-0.015516722361354138,-0.016626996588184232,0.001774010836758802
WK028903,De Weiden en Boomgaarden,2022,4.13736167523337,0.03509682408968426,-3.4017587114066364e-4,0.04909288364272732,-0.016505740740959254,-0.0035967464524543275,0.006446603511510892
WK028904,De Horsten,2002,3.9998030650018,-0.10246178614188552,NA,NA,NA,NA,NA
WK028904,De Horsten,2008,4.046742325743193,-0.05552252540049185,NA,NA,NA,NA,NA
WK028904,De Horsten,2012,4.078114561493809,-0.024150289649875936,NA,NA,NA,NA,NA
WK028904,De Horsten,2014,4.03031098738054,-0.07195386376314494,-0.005600667258552605,0.00596441386052464,-0.030224827427471564,5.5974436422434e-4,-0.04265252730187006
WK028904,De Horsten,2016,4.128394166769916,0.026129315626231407,NA,NA,NA,NA,NA
WK028904,De Horsten,2018,4.100429045265832,-0.001835805877853171,0.008701866171261348,0.027760619622149558,-0.029282303868389346,9.339651959301912e-4,-0.00994995299880526
WK028904,De Horsten,2020,4.097027273191447,-0.005237577952238123,0.004925949351507814,0.020794337906636744,-0.029812124031690427,0.01175639270246122,-0.012902133881153773
WK028904,De Horsten,2022,4.108379398841885,0.006114547698199864,0.006788839589422093,0.007384875562013414,-0.03082466788180824,0.021010236273777336,0.001755264154794992
WK028905,Kortenoord,2002,3.6700171265896615,-0.4322477245540233,NA,NA,NA,NA,NA
WK028905,Kortenoord,2008,3.7801028246993504,-0.3221620264443346,NA,NA,NA,NA,NA
WK028905,Kortenoord,2012,3.835796736257724,-0.2664681148859617,NA,NA,NA,NA,NA
WK028905,Kortenoord,2014,3.7035955942332603,-0.39866925691042476,-0.028286844053150826,0.006847648443184801,-0.0316986145747469,-0.028556957059037137,-0.31697448966667485
WK028905,Kortenoord,2016,3.7705042182700823,-0.3317606328736028,NA,NA,NA,NA,NA
WK028905,Kortenoord,2018,3.9550993747703695,-0.14716547637331573,-0.010191589526888723,0.05472638056424103,-0.009750958453970596,-0.04040294773073171,-0.141546361225966
WK028905,Kortenoord,2020,3.9669744028113225,-0.1352904483323629,-0.01717442977282026,0.030337872569743973,0.007752722109598106,-0.03032300561969357,-0.12588360761919146
WK028905,Kortenoord,2022,4.035250566749773,-0.0670142843939124,-0.012449147737043406,0.03310179655894115,0.017292231727181445,-0.01662885159872895,-0.08833031334426292
WK028906,De Buurt,2002,3.8996491594715224,-0.20261569167216323,NA,NA,NA,NA,NA
WK028906,De Buurt,2008,3.9903059759754678,-0.11195887516821726,NA,NA,NA,NA,NA
WK028906,De Buurt,2012,3.9925842712282034,-0.10968057991548177,NA,NA,NA,NA,NA
WK028906,De Buurt,2014,3.9965439132010414,-0.10572093794264381,-0.009020982838268556,-0.03680337097577584,-0.062362236649698616,0.03416468252841063,-0.03169903000731171
WK028906,De Buurt,2016,4.013816730364415,-0.08844812077927033,NA,NA,NA,NA,NA
WK028906,De Buurt,2018,4.018667979205105,-0.08359687193857979,-0.014326913921404958,-0.01933086556079746,-0.06044182748336231,0.0355870720697818,-0.02508433704279717
WK028906,De Buurt,2020,4.044224762960854,-0.058040088182830796,-0.009497889855124762,-0.01622360006686973,-0.05917705208310407,0.04745290555842643,-0.020594451736158936
WK028906,De Buurt,2022,4.042929519628095,-0.059335331515589874,-0.008781678615723229,-0.027095334111132702,-0.0616282634180407,0.06037822916461168,-0.022208284535305187
WK028907,Boven- en Benedenbuurt,2002,3.95131352299641,-0.15095132814727477,NA,NA,NA,NA,NA
WK028907,Boven- en Benedenbuurt,2008,4.017634393650802,-0.08463045749288375,NA,NA,NA,NA,NA
WK028907,Boven- en Benedenbuurt,2012,4.046783770016462,-0.0554810811272233,NA,NA,NA,NA,NA
WK028907,Boven- en Benedenbuurt,2014,4.041327705731931,-0.06093714541175501,0.0014208237580558116,0.02157484444068017,-0.016695187894396824,0.029310411188474758,-0.09654803690456927
WK028907,Boven- en Benedenbuurt,2016,4.087532357972174,-0.01473249317151104,NA,NA,NA,NA,NA
WK028907,Boven- en Benedenbuurt,2018,4.103983437621699,0.00171858647801365,-0.009387644483460451,0.03702802987309488,-0.02171770801775651,0.028713289414244392,-0.03291738030810897
WK028907,Boven- en Benedenbuurt,2020,4.129856747013157,0.02759189586947256,-0.0024594277684465236,0.04580110630783031,-0.020888307165631958,0.03759186806914572,-0.03245334357342526
WK028907,Boven- en Benedenbuurt,2022,4.134461157807187,0.03219630666350178,-0.0068038043576326675,0.03197628056694757,-0.02369311179353722,0.04929365344260626,-0.018576711194882405
WK028908,Nude,2002,3.72273891510845,-0.37952593603523505,NA,NA,NA,NA,NA
WK028908,Nude,2008,3.8174120929585396,-0.284852758185146,NA,NA,NA,NA,NA
WK028908,Nude,2012,3.825139823808711,-0.27712502733497385,NA,NA,NA,NA,NA
WK028908,Nude,2014,3.856409745934773,-0.24585510520891224,-0.042706750954848154,-0.006388781225755632,-0.03900832092202104,-0.009470723762801074,-0.14828052834348662
WK028908,Nude,2016,3.9107199863035764,-0.19154486484010838,NA,NA,NA,NA,NA
WK028908,Nude,2018,3.9314553340410927,-0.17080951710259226,-0.04262991043719768,0.02156014227733996,-0.04339303316846506,-0.01244527478929169,-0.09390144098497812
WK028908,Nude,2020,3.9850893417912756,-0.11717550935240932,-0.040254850537054056,0.02061417089155159,-0.041363976752164154,0.0020787756034224094,-0.058249628558165394
WK028908,Nude,2022,3.9819066910556566,-0.12035816008802847,-0.03653283410404427,0.01918699124214313,-0.041702194621449314,0.016243343208765616,-0.07755346581344384
WK028909,Centrum,2002,3.9867150843225576,-0.11554976682112796,NA,NA,NA,NA,NA
WK028909,Centrum,2008,4.057995625226059,-0.04426922591762546,NA,NA,NA,NA,NA
WK028909,Centrum,2012,4.062028501179991,-0.04023634996369447,NA,NA,NA,NA,NA
WK028909,Centrum,2014,4.070275707969392,-0.03198914317429254,0.023956768270004956,-0.058308065859309276,-0.008742292263751695,0.053366420788213555,-0.04226197410945037
WK028909,Centrum,2016,4.0589552588755495,-0.043309592268135126,NA,NA,NA,NA,NA
WK028909,Centrum,2018,4.115862884050691,0.013598032907005668,0.004821815944649877,-0.03177096867300516,-0.010934983759552196,0.05391950441903565,-0.002437335024122795
WK028909,Centrum,2020,4.157064360117701,0.0547995089740154,0.016602730923993895,-0.026304437675611737,-0.011688564361448994,0.07219624281147163,0.003993537275610353
WK028909,Centrum,2022,4.142843292831325,0.040578441687639875,0.008703363739122963,-0.036122969348111045,-0.01385363114161928,0.08105220978194264,7.994686563043103e-4
WK028910,Veluvia-Hamelakkers,2002,4.212021190827192,0.10975633968350704,NA,NA,NA,NA,NA
WK028910,Veluvia-Hamelakkers,2008,4.269186741574178,0.16692189043049344,NA,NA,NA,NA,NA
WK028910,Veluvia-Hamelakkers,2012,4.263448216741821,0.16118336559813629,NA,NA,NA,NA,NA
WK028910,Veluvia-Hamelakkers,2014,4.275339512969833,0.17307466182614775,0.009711282532727484,0.08824353393735859,0.04225567740299035,0.009668322702117383,0.02319584525095371
WK028910,Veluvia-Hamelakkers,2016,4.295176155299769,0.19291130415608343,NA,NA,NA,NA,NA
WK028910,Veluvia-Hamelakkers,2018,4.304860670198736,0.20259581905505142,0.005512925628262498,0.11311990236501589,0.04026402740156557,0.013914099362212962,0.02978486429799424
WK028910,Veluvia-Hamelakkers,2020,4.305324470089762,0.20305961894607766,0.009999896376224176,0.09420745457752358,0.03885254433982475,0.02359671136653583,0.03640301228596905
WK028910,Veluvia-Hamelakkers,2022,4.311322305299637,0.20905745415595162,0.010397454696111901,0.0962400702780276,0.03417119658481448,0.03280164727926923,0.035447085317728146
WK028911,Wageningen-Hoog,2002,4.375021894565637,0.2727570434219515,NA,NA,NA,NA,NA
WK028911,Wageningen-Hoog,2008,4.402100602655632,0.299835751511947,NA,NA,NA,NA,NA
WK028911,Wageningen-Hoog,2012,4.4279760774566785,0.32571122631299304,NA,NA,NA,NA,NA
WK028911,Wageningen-Hoog,2014,4.442293380604689,0.34002852946100415,0.0667333956220796,0.1417451669611402,0.11319607569948857,-0.05619250104892524,0.07454639222722075
WK028911,Wageningen-Hoog,2016,4.4374664182549495,0.33520156711126403,NA,NA,NA,NA,NA
WK028911,Wageningen-Hoog,2018,4.4412419277124355,0.33897707656875065,0.06077041333945054,0.14292425532525407,0.11591761193314584,-0.057581268483158705,0.07694606445405859
WK028911,Wageningen-Hoog,2020,4.435949218994865,0.33368436785117933,0.06519795584594132,0.13744381906080055,0.10774026167782548,-0.05211457221799092,0.07541690348460266
WK028911,Wageningen-Hoog,2022,4.425973662605587,0.3237088114619029,0.06992613327585155,0.12171705041052167,0.1006304400021353,-0.04269556336537383,0.07413075113876791
WK028912,Buitengebied,2002,4.198613289687164,0.09634843854347878,NA,NA,NA,NA,NA
WK028912,Buitengebied,2008,4.23519994285982,0.1329350917161347,NA,NA,NA,NA,NA
WK028912,Buitengebied,2012,4.073429359915039,-0.028835491228646832,NA,NA,NA,NA,NA
WK028912,Buitengebied,2014,4.074036412412415,-0.028228438731270553,0.024122194078302718,0.09832774800495112,0.07867832285580187,-0.05260780408021686,-0.17674889959010964
WK028912,Buitengebied,2016,4.085773754483621,-0.016491096660063723,NA,NA,NA,NA,NA
WK028912,Buitengebied,2018,4.120207300492805,0.017942449349119066,0.025636295876174504,0.09575935859263235,0.09856768018080124,-0.05492282412618524,-0.14709806117430407
WK028912,Buitengebied,2020,4.052538683007729,-0.04972616813595674,0.028369064365915225,0.08956087368514329,0.08333219650969009,-0.04802256856160113,-0.2029657341351044
WK028912,Buitengebied,2022,4.055125120101933,-0.04713973104175175,0.024557325623116008,0.07539606089799403,0.07686105111267605,-0.0388324851274996,-0.1851216835480386
WK029300,Wijk 00,2002,3.965960076900373,-0.13630477424331222,NA,NA,NA,NA,NA
WK029300,Wijk 00,2008,4.005124535535071,-0.09714031560861487,NA,NA,NA,NA,NA
WK029300,Wijk 00,2012,4.032901344876264,-0.06936350626742127,NA,NA,NA,NA,NA
WK029300,Wijk 00,2014,4.063846392890427,-0.03841845825325879,-0.00887361006292287,0.005637031043496876,0.0023714848349602265,-0.03866545962128253,0.0011120955524892083
WK029300,Wijk 00,2016,4.088499048656406,-0.01376580248727977,NA,NA,NA,NA,NA
WK029300,Wijk 00,2018,4.0681178430015095,-0.034147008142175576,-0.007585453475131339,0.018858763658706177,-1.3445180485711838e-4,-0.045221406106263816,-6.446041462975934e-5
WK029300,Wijk 00,2020,4.089824242069294,-0.012440609074391517,-0.002895359848837966,0.018549031421235738,-0.004874182506860717,-0.036415275868708935,0.013195177728780106
WK029300,Wijk 00,2022,4.083738905030259,-0.018525946113426034,-0.01604695608523009,0.025159364519276108,0.003431033427043181,-0.045817535775941054,0.014748147801425538
WK029400,Wijk 00 Stad,2002,4.06710505827788,-0.03515979286580466,NA,NA,NA,NA,NA
WK029400,Wijk 00 Stad,2008,4.081042804381997,-0.021222046761688842,NA,NA,NA,NA,NA
WK029400,Wijk 00 Stad,2012,4.087023768276432,-0.01524108286725323,NA,NA,NA,NA,NA
WK029400,Wijk 00 Stad,2014,4.077812810001325,-0.024452041142360062,0.0023831148478265876,0.02317361259575728,0.023484220277405116,-0.09586176430439258,0.02236877544104326
WK029400,Wijk 00 Stad,2016,4.0872327228408265,-0.015032128302858569,NA,NA,NA,NA,NA
WK029400,Wijk 00 Stad,2018,4.101417903233096,-8.469479105892228e-4,0.003061453261298781,0.036185816224710676,0.025492680052149316,-0.08608615471254379,0.020499257263795503
WK029400,Wijk 00 Stad,2020,4.1199372097807325,0.017672358637047206,0.011436890104230456,0.04328929397396508,0.028756144144024817,-0.07810670417394777,0.012296734588774363
WK029400,Wijk 00 Stad,2022,4.101157193617286,-0.0011076575263984144,0.012756071904349365,0.03214854218683656,0.02174353793322246,-0.07873400668165867,0.010978197130851585
WK029401,Wijk 01 Land,2002,4.334619299893169,0.23235444874948355,NA,NA,NA,NA,NA
WK029401,Wijk 01 Land,2008,4.285451432894118,0.1831865817504325,NA,NA,NA,NA,NA
WK029401,Wijk 01 Land,2012,4.304849289562596,0.20258443841891088,NA,NA,NA,NA,NA
WK029401,Wijk 01 Land,2014,4.297073547985724,0.19480869684203836,0.01097546948337155,0.11248565258175958,0.12871573207003925,-0.21945204437179675,0.16208388707866445
WK029401,Wijk 01 Land,2016,4.29762738304726,0.19536253190357472,NA,NA,NA,NA,NA
WK029401,Wijk 01 Land,2018,4.325289473596262,0.22302462245257687,0.024764064536590146,0.12192673320862946,0.13325060070560923,-0.21632223628017974,0.15940546028192748
WK029401,Wijk 01 Land,2020,4.324349570588745,0.22208471944505973,0.018046277254287008,0.13458477405440963,0.13225958591981912,-0.21395806321365496,0.15115214543019864
WK029401,Wijk 01 Land,2022,4.288696077968104,0.18643122682441868,0.024773260973036233,0.1236910494739567,0.12062874074426373,-0.21281073920951235,0.1301489148426741
WK029600,Wijk 00 Wijchen buitengebied,2002,4.194997366662602,0.09273251551891698,NA,NA,NA,NA,NA
WK029600,Wijk 00 Wijchen buitengebied,2008,4.1699215987015394,0.06765674755785482,NA,NA,NA,NA,NA
WK029600,Wijk 00 Wijchen buitengebied,2012,4.214620563519724,0.11235571237603957,NA,NA,NA,NA,NA
WK029600,Wijk 00 Wijchen buitengebied,2014,4.2165149014620615,0.11425005031837596,-0.07561598001862382,0.1157623882875772,0.10850501408335946,-0.11950069604206975,0.08509932400813268
WK029600,Wijk 00 Wijchen buitengebied,2016,4.237639033431263,0.13537418228757706,NA,NA,NA,NA,NA
WK029600,Wijk 00 Wijchen buitengebied,2018,4.242940166621638,0.1406753154779529,-0.050321936238725766,0.10775654234781373,0.10462971339288528,-0.10595427087307754,0.08456526684905691
WK029600,Wijk 00 Wijchen buitengebied,2020,4.240946924465406,0.13868207332172086,-0.06918855656855384,0.1193239384842847,0.10242374549689787,-0.10299407214212854,0.0891170180512203
WK029600,Wijk 00 Wijchen buitengebied,2022,4.240746320808667,0.13848146966498193,-0.06518969454674496,0.10655217288676946,0.10204768315077417,-0.10435301590606694,0.09942432408024998
WK029601,Wijk 01 Wijchen kern,2002,4.035551094669108,-0.06671375647457745,NA,NA,NA,NA,NA
WK029601,Wijk 01 Wijchen kern,2008,4.06217551879806,-0.04008933234562461,NA,NA,NA,NA,NA
WK029601,Wijk 01 Wijchen kern,2012,4.085226082518372,-0.017038768625312867,NA,NA,NA,NA,NA
WK029601,Wijk 01 Wijchen kern,2014,4.067621833079546,-0.034643018064139906,-0.014386216467954753,0.02435635189307984,0.018102676250692524,-0.06814323356618425,0.005427403826226452
WK029601,Wijk 01 Wijchen kern,2016,4.0874054457533,-0.014859405390385907,NA,NA,NA,NA,NA
WK029601,Wijk 01 Wijchen kern,2018,4.11651011361578,0.014245262472094122,-0.010285265636612003,0.04816230346901173,0.01595878440733971,-0.05188756807310959,0.012297008305464013
WK029601,Wijk 01 Wijchen kern,2020,4.147481176479623,0.04521632533593722,-0.005711085067009014,0.056069815577832034,0.020910997882606665,-0.03964963624520896,0.01359623318771621
WK029601,Wijk 01 Wijchen kern,2022,4.1462079038051325,0.04394305266144767,7.469474606140672e-5,0.04861465133510916,0.01947170856717533,-0.0437602254846393,0.019542223497740794
WK029602,Wijk 02 Balgoij,2002,4.135471772921024,0.033206921777338985,NA,NA,NA,NA,NA
WK029602,Wijk 02 Balgoij,2008,4.146013665057138,0.043748813913452894,NA,NA,NA,NA,NA
WK029602,Wijk 02 Balgoij,2012,4.16186254321403,0.05959769207034515,NA,NA,NA,NA,NA
WK029602,Wijk 02 Balgoij,2014,4.194402187280805,0.09213733613712012,-0.03537017506493045,0.09376589538750954,0.11557998074587628,-0.15623267539963334,0.07439431046829771
WK029602,Wijk 02 Balgoij,2016,4.20720893248151,0.10494408133782562,NA,NA,NA,NA,NA
WK029602,Wijk 02 Balgoij,2018,4.236040189343875,0.1337753382001902,-0.022570116834187245,0.12050197495298343,0.10937981009734661,-0.14500355378967839,0.07146722377372558
WK029602,Wijk 02 Balgoij,2020,4.246092206241722,0.14382735509803693,-0.02605001434558314,0.13221788940967077,0.10426463459397868,-0.13910260258344131,0.07249744802341163
WK029602,Wijk 02 Balgoij,2022,4.22792258446457,0.12565773332088437,-0.02075787307586986,0.1157796629037837,0.09788305938702825,-0.14441295519223796,0.07716583929818
WK029603,Wijk 03 Batenburg,2002,4.054156500578046,-0.048108350565638794,NA,NA,NA,NA,NA
WK029603,Wijk 03 Batenburg,2008,4.13439442255971,0.03212957141602458,NA,NA,NA,NA,NA
WK029603,Wijk 03 Batenburg,2012,4.184986147520028,0.0827212963763423,NA,NA,NA,NA,NA
WK029603,Wijk 03 Batenburg,2014,4.136451351826399,0.03418650068271398,-0.011499121993421986,0.10793091777735868,0.07808874047376328,-0.2040129057176653,0.06367887014267919
WK029603,Wijk 03 Batenburg,2016,4.176216655944322,0.07395180480063646,NA,NA,NA,NA,NA
WK029603,Wijk 03 Batenburg,2018,4.140612141941893,0.03834729079820818,-0.0051517293746107615,0.10143501349577168,0.08032749226201924,-0.2055537477874187,0.06729026220244645
WK029603,Wijk 03 Batenburg,2020,4.176896673252659,0.07463182210897383,-0.005657904968511155,0.12963826653893162,0.08422938099286455,-0.19984330179925075,0.06626538134493927
WK029603,Wijk 03 Batenburg,2022,4.159232123209884,0.05696727206619905,-0.0019209980295399757,0.09992548343860803,0.07955178029040501,-0.2026826721933433,0.082093678560069
WK029604,Wijk 04 Bergharen,2002,4.162173938302422,0.05990908715873629,NA,NA,NA,NA,NA
WK029604,Wijk 04 Bergharen,2008,4.158208960186848,0.055944109043163145,NA,NA,NA,NA,NA
WK029604,Wijk 04 Bergharen,2012,4.176588709165052,0.07432385802136653,NA,NA,NA,NA,NA
WK029604,Wijk 04 Bergharen,2014,4.155311502264455,0.05304665112076967,-0.01497722139754172,0.08871065235007553,0.07650742068759792,-0.15161199633668881,0.054417795817326385
WK029604,Wijk 04 Bergharen,2016,4.195928468709045,0.09366361756535996,NA,NA,NA,NA,NA
WK029604,Wijk 04 Bergharen,2018,4.194583277253871,0.09231842611018544,-0.0045186076034230945,0.1097193767681224,0.07879652034771896,-0.14962769411759763,0.05794883071536445
WK029604,Wijk 04 Bergharen,2020,4.2278754315074805,0.12561058036379527,-0.0073710589961402135,0.12692126894559153,0.07997621748997502,-0.13827342360408282,0.06435757652845152
WK029604,Wijk 04 Bergharen,2022,4.191204375018613,0.08893952387492791,-0.011041770279287265,0.1256141478825371,0.07736699630733097,-0.16761204348799635,0.06461219345234308
WK029605,Wijk 05 Hernen,2002,4.082840023609048,-0.01942482753463726,NA,NA,NA,NA,NA
WK029605,Wijk 05 Hernen,2008,4.136766373406776,0.034501522263090514,NA,NA,NA,NA,NA
WK029605,Wijk 05 Hernen,2012,4.173465730925413,0.07120087978172791,NA,NA,NA,NA,NA
WK029605,Wijk 05 Hernen,2014,4.164788497448421,0.06252364630473582,-0.03378514433777223,0.11051058645025436,0.08103961893376427,-0.15904865067542592,0.06380723593391514
WK029605,Wijk 05 Hernen,2016,4.147337340719418,0.045072489575732774,NA,NA,NA,NA,NA
WK029605,Wijk 05 Hernen,2018,4.187320524766686,0.08505567362300076,-0.018955590270231894,0.11026964595469352,0.08587761943534308,-0.15384504438878707,0.06170904289198269
WK029605,Wijk 05 Hernen,2020,4.202227620627647,0.09996276948396174,-0.022001903142892933,0.12172679557113533,0.08431581236737984,-0.1479882476280382,0.0639103123163774
WK029605,Wijk 05 Hernen,2022,4.1888061347142305,0.08654128357054548,-0.01793639522649926,0.11416776741675017,0.07682854986118454,-0.1542698322135379,0.06775119373264762
WK029606,Wijk 06 Leur,2002,4.340552948021847,0.23828809687816188,NA,NA,NA,NA,NA
WK029606,Wijk 06 Leur,2008,4.2403165822792,0.13805173113551497,NA,NA,NA,NA,NA
WK029606,Wijk 06 Leur,2012,4.311852549899473,0.2095876987557874,NA,NA,NA,NA,NA
WK029606,Wijk 06 Leur,2014,4.294275783088321,0.19201093194463598,-0.04421446950220374,0.1189543687568774,0.1130850208790717,-0.13600385512502697,0.14018986693591745
WK029606,Wijk 06 Leur,2016,4.304964532593367,0.20269968144968128,NA,NA,NA,NA,NA
WK029606,Wijk 06 Leur,2018,4.33705333626168,0.23478848511799488,-0.028467796754780637,0.13952160202005198,0.11168890656437033,-0.1307327555621743,0.1427785288505273
WK029606,Wijk 06 Leur,2020,4.338187987593311,0.2359231364496257,-0.038745932658174664,0.14000013817064766,0.11924288667348885,-0.12532932195975183,0.1407553662234153
WK029606,Wijk 06 Leur,2022,4.3474394320063325,0.24517458086264726,-0.033337488383421564,0.14564497322982395,0.12017865450142136,-0.1334258792961591,0.14611432081098233
WK029607,Wijk 07 Niftrik,2002,4.0991179776588496,-0.0031468734848354497,NA,NA,NA,NA,NA
WK029607,Wijk 07 Niftrik,2008,4.149558899052818,0.047294047909133,NA,NA,NA,NA,NA
WK029607,Wijk 07 Niftrik,2012,4.1433604930070596,0.04109564186337433,NA,NA,NA,NA,NA
WK029607,Wijk 07 Niftrik,2014,4.122583757476401,0.020318906332715592,-0.06099306568238564,0.07743614430368083,0.07389810128412344,-0.13768407925049378,0.06766180567779043
WK029607,Wijk 07 Niftrik,2016,4.142507900583897,0.04024304944021273,NA,NA,NA,NA,NA
WK029607,Wijk 07 Niftrik,2018,4.174351259440555,0.07208640829687009,-0.05639193950002541,0.10457388025395677,0.08328741032159698,-0.13127903925800627,0.07189609647934783
WK029607,Wijk 07 Niftrik,2020,4.170973807708635,0.0687089565649498,-0.061358809228835756,0.12205829787604276,0.08138591008006932,-0.1450956644012349,0.07171922223890811
WK029607,Wijk 07 Niftrik,2022,4.174674411415669,0.07240956027198359,-0.05423819956799581,0.11449051928582854,0.08331316451149945,-0.14803949796820703,0.07688357401085809
WK029608,Wijk 08 Alverna,2002,4.141058749540928,0.03879389839724308,NA,NA,NA,NA,NA
WK029608,Wijk 08 Alverna,2008,4.178023928190687,0.07575907704700086,NA,NA,NA,NA,NA
WK029608,Wijk 08 Alverna,2012,4.205206585212864,0.10294173406917916,NA,NA,NA,NA,NA
WK029608,Wijk 08 Alverna,2014,4.197913165179581,0.09564831403589578,-0.0020367551400341764,0.06747668345901578,0.06937099346407392,-0.05949229718569481,0.02032968943853477
WK029608,Wijk 08 Alverna,2016,4.224842251877451,0.12257740073376597,NA,NA,NA,NA,NA
WK029608,Wijk 08 Alverna,2018,4.224291538616792,0.12202668747310677,-0.0019903904912301684,0.07343959425268581,0.06670170892858043,-0.04643108381055874,0.03030685859362915
WK029608,Wijk 08 Alverna,2020,4.237826726427778,0.13556187528409244,0.002160126486496307,0.07164073862787664,0.06381002120406772,-0.03546749050328711,0.03341847946893855
WK029608,Wijk 08 Alverna,2022,4.262489457635103,0.1602246064914174,0.009516685804222203,0.08844677670135863,0.06342528866075273,-0.03833787552835705,0.03717373085344065
WK029700,Wijk 00 Zaltbommel,2002,4.023295652937981,-0.0789691982057044,NA,NA,NA,NA,NA
WK029700,Wijk 00 Zaltbommel,2008,4.032590126963592,-0.06967472418009273,NA,NA,NA,NA,NA
WK029700,Wijk 00 Zaltbommel,2012,4.012210153796889,-0.09005469734679683,NA,NA,NA,NA,NA
WK029700,Wijk 00 Zaltbommel,2014,4.0407110733647515,-0.06155377777893349,-0.018120114922031187,-0.03462372588998539,0.002259047830338228,-0.016062917300615327,0.004993932503359914
WK029700,Wijk 00 Zaltbommel,2016,4.022164663406198,-0.08010018773748814,NA,NA,NA,NA,NA
WK029700,Wijk 00 Zaltbommel,2018,4.052078607189531,-0.05018624395415422,-0.020189077837955934,0.004199227580364174,0.0037409150396026897,-0.05249391142328725,0.014556602687121849
WK029700,Wijk 00 Zaltbommel,2020,4.07516526347476,-0.027099587668924546,-0.019360530853249694,-1.5631588155221593e-4,0.005242143369805535,-0.03084469760078676,0.018019813296858308
WK029700,Wijk 00 Zaltbommel,2022,4.097767281945279,-0.004497569198405886,-0.014404589568423656,0.0030733293076249764,3.2708426215356123e-4,-0.015900500189077373,0.022407106989316375
WK029701,Wijk 01 Brakel,2002,4.0549686726104,-0.04729617853328519,NA,NA,NA,NA,NA
WK029701,Wijk 01 Brakel,2008,4.068169984972968,-0.03409486617071666,NA,NA,NA,NA,NA
WK029701,Wijk 01 Brakel,2012,4.087479334149304,-0.014785516994381156,NA,NA,NA,NA,NA
WK029701,Wijk 01 Brakel,2014,4.061348028156007,-0.04091682298767837,-0.01830460883862163,0.07076307734851718,0.0619605669054834,-0.19127432691577728,0.03593846851271969
WK029701,Wijk 01 Brakel,2016,4.0682703229546435,-0.03399452818904157,NA,NA,NA,NA,NA
WK029701,Wijk 01 Brakel,2018,4.07099049438292,-0.03127435676076595,-0.014298768397740401,0.07532322979624852,0.05527455798076112,-0.18621470499501475,0.03864132885497925
WK029701,Wijk 01 Brakel,2020,4.05009525714063,-0.05216959400305493,-0.015565238813177623,0.0665317136448354,0.04513561427447103,-0.1826058922842647,0.03433420917508069
WK029701,Wijk 01 Brakel,2022,4.056770659927069,-0.045494191216616686,-0.00813531735241906,0.06298726562906103,0.045067829805767734,-0.1869117297333364,0.0414977604343097
WK029702,Wijk 02 Kerkwijk,2002,4.1541609395675145,0.05189608842382906,NA,NA,NA,NA,NA
WK029702,Wijk 02 Kerkwijk,2008,4.149589977414071,0.047325126270386424,NA,NA,NA,NA,NA
WK029702,Wijk 02 Kerkwijk,2012,4.160906902710288,0.05864205156660226,NA,NA,NA,NA,NA
WK029702,Wijk 02 Kerkwijk,2014,4.169618110852798,0.0673532597091131,-0.019231693046058918,0.07016985797330735,0.07970496910968392,-0.12375610946264626,0.06046623513482674
WK029702,Wijk 02 Kerkwijk,2016,4.149165080689734,0.046900229546048916,NA,NA,NA,NA,NA
WK029702,Wijk 02 Kerkwijk,2018,4.153792898410076,0.05152804726639091,-0.0172013694819989,0.07551729106241713,0.06483013136418471,-0.13234552912641107,0.06072752344819872
WK029702,Wijk 02 Kerkwijk,2020,4.138094376432237,0.03582952528855196,-0.021228629799902105,0.06874157080559805,0.06438663560035768,-0.12952466952597202,0.05345461820847014
WK029702,Wijk 02 Kerkwijk,2022,4.142787122262658,0.04052227111897327,-0.01833665255277928,0.06372098459350108,0.06233896832188861,-0.1259772940928604,0.05877626484922302
WK029703,Wijk 03 Nederhemert,2002,4.08596996584681,-0.016294885296875273,NA,NA,NA,NA,NA
WK029703,Wijk 03 Nederhemert,2008,4.086582635939709,-0.015682215203975586,NA,NA,NA,NA,NA
WK029703,Wijk 03 Nederhemert,2012,4.103019986200427,7.551350567415845e-4,NA,NA,NA,NA,NA
WK029703,Wijk 03 Nederhemert,2014,4.156178044633608,0.05391319348992172,0.0036530355690320895,0.0962258454219017,0.08358743739888835,-0.16652109755592842,0.03696797265602777
WK029703,Wijk 03 Nederhemert,2016,4.155695071363181,0.05343022021949568,NA,NA,NA,NA,NA
WK029703,Wijk 03 Nederhemert,2018,4.12727363757561,0.025008786431924588,-0.015316348036117849,0.10118009465488924,0.07267402020278473,-0.1695774162971035,0.03604843590747166
WK029703,Wijk 03 Nederhemert,2020,4.073089493035038,-0.029175358108647107,-0.017593047115883706,0.07882052386703094,0.062432843519279316,-0.16608802293882402,0.013252344559750091
WK029703,Wijk 03 Nederhemert,2022,4.088421459133953,-0.013843392009731705,-0.014266946504388207,0.07725623966640605,0.0606575136183487,-0.16682216553705065,0.029331966746952123
WK029900,Zevenaar,2002,3.9892935005515624,-0.1129713505921227,NA,NA,NA,NA,NA
WK029900,Zevenaar,2008,4.024460737315531,-0.07780411382815398,NA,NA,NA,NA,NA
WK029900,Zevenaar,2012,4.0548940185368325,-0.047370832606853076,NA,NA,NA,NA,NA
WK029900,Zevenaar,2014,4.096176275826039,-0.006088575317646025,-0.01180758703807987,0.044027148755714896,0.013465709287861826,-0.04356459721736688,-0.008209249105776277
WK029900,Zevenaar,2016,4.101879780442516,-3.850707011692926e-4,NA,NA,NA,NA,NA
WK029900,Zevenaar,2018,4.097164404872976,-0.005100446270709083,-0.010545010478246034,0.04119691507401635,0.019078549596234624,-0.04836952698468464,-0.0064613734780296595
WK029900,Zevenaar,2020,4.134921872116906,0.03265702097322159,-0.0059012766369734605,0.050164199248239186,0.016975791196266778,-0.030202276872110776,0.0016205840377995812
WK029900,Zevenaar,2022,4.150530637514761,0.0482657863710751,-0.004892258342512834,0.05848533044163786,0.014547451458554031,-0.030151508440695588,0.010276771254091368
WK029901,Babberich,2002,4.092442931878507,-0.009821919265178393,NA,NA,NA,NA,NA
WK029901,Babberich,2008,4.067925494174736,-0.03433935696894934,NA,NA,NA,NA,NA
WK029901,Babberich,2012,4.101437108465687,-8.277426779985384e-4,NA,NA,NA,NA,NA
WK029901,Babberich,2014,4.109127806341143,0.006862955197457679,-0.03454902996616392,0.07926785643411223,0.052425221919605525,-0.13906255711998697,0.04878146392989056
WK029901,Babberich,2016,4.12929538115638,0.027030530012694544,NA,NA,NA,NA,NA
WK029901,Babberich,2018,4.122434086171079,0.020169235027394622,-0.012863003074962341,0.0667153374401709,0.05480966056478415,-0.13623410209758807,0.04774134219498972
WK029901,Babberich,2020,4.183762619342027,0.08149776819834191,-0.006790685850262066,0.0990308622455543,0.05883539931919802,-0.11804654632295003,0.04846873880680146
WK029901,Babberich,2022,4.163065051394082,0.06080020025039759,-0.0021740124757445817,0.08234446503925003,0.05470285991961401,-0.12032900225095138,0.04625589001822922
WK029902,Angerlo,2002,4.050593147847802,-0.05167170329588315,NA,NA,NA,NA,NA
WK029902,Angerlo,2008,4.082143178133435,-0.0201216730102499,NA,NA,NA,NA,NA
WK029902,Angerlo,2012,4.10225779068451,-7.06045917565253e-6,NA,NA,NA,NA,NA
WK029902,Angerlo,2014,4.15516059954719,0.052895748403504694,-0.01563752503035196,0.11818041773773116,0.07553607028588148,-0.18604081795696856,0.06085760336721221
WK029902,Angerlo,2016,4.156447198290336,0.054182347146650614,NA,NA,NA,NA,NA
WK029902,Angerlo,2018,4.168315507713731,0.0660506565700461,-0.008275608658397172,0.11313641102551919,0.07150481823564658,-0.16851668782888915,0.05820172379616634
WK029902,Angerlo,2020,4.15822084958002,0.05595599843633514,-0.007863005004579968,0.10358978693097749,0.06485274615411764,-0.160710884708638,0.056087355064457695
WK029902,Angerlo,2022,4.158416584223845,0.05615173308016011,-0.014835468161121263,0.10654779848005626,0.058521362808261757,-0.157838264453216,0.0637563044061791
WK029903,Giesbeek,2002,4.06690768372106,-0.0353571674226256,NA,NA,NA,NA,NA
WK029903,Giesbeek,2008,4.065733247466659,-0.03653160367702623,NA,NA,NA,NA,NA
WK029903,Giesbeek,2012,4.067826663779306,-0.03443818736437863,NA,NA,NA,NA,NA
WK029903,Giesbeek,2014,4.130435525456641,0.028170674312955765,0.016628839750961875,0.0954874448238495,0.05371635295215465,-0.15386960097008648,0.01620763775607592
WK029903,Giesbeek,2016,4.097157874956491,-0.0051069761871935055,NA,NA,NA,NA,NA
WK029903,Giesbeek,2018,4.138452483779229,0.03618763263554421,0.02393415866838327,0.08876496059465958,0.05348201108113922,-0.15242339463336818,0.022429896924730033
WK029903,Giesbeek,2020,4.1666842876796455,0.06441943653596022,0.026023368095056232,0.10303391107319775,0.04338987167812389,-0.1378344339621398,0.029806719651721866
WK029903,Giesbeek,2022,4.144862191397108,0.04259734025342265,0.026626160665741756,0.09392088618999327,0.03973867069701692,-0.14990163771629336,0.03221326041696377
WK029904,Lathum,2002,4.088823616848141,-0.01344123429554427,NA,NA,NA,NA,NA
WK029904,Lathum,2008,4.086363627665243,-0.015901223478442437,NA,NA,NA,NA,NA
WK029904,Lathum,2012,4.107906012397611,0.005641161253925141,NA,NA,NA,NA,NA
WK029904,Lathum,2014,4.152801356941795,0.05053650579811058,-0.03202684039697797,0.09475908751215222,0.090656657378141825,-0.1650167190070464,0.06216432031184053
WK029904,Lathum,2016,4.15636981129023,0.05410496014654507,NA,NA,NA,NA,NA
WK029904,Lathum,2018,4.153573382629906,0.05130853148622065,-0.027276703548062744,0.09068929217041945,0.08359973230471954,-0.16225057169237794,0.06654678225152205
WK029904,Lathum,2020,4.175513665456582,0.07324881431289665,-0.026564574207590348,0.10805003794590974,0.08314767981328636,-0.1568907888366872,0.06550645959797777
WK029904,Lathum,2022,4.155431430598306,0.053166579454620985,-0.033518001036424945,0.10196462261614124,0.07607634064930517,-0.16123070575723938,0.06987432298283859
WK029905,Rijnstrangen,2002,4.362292030183924,0.2600271790402383,NA,NA,NA,NA,NA
WK029905,Rijnstrangen,2008,4.214358855954135,0.11209400481045005,NA,NA,NA,NA,NA
WK029905,Rijnstrangen,2012,4.213525749140655,0.1112608979969704,NA,NA,NA,NA,NA
WK029905,Rijnstrangen,2014,4.205170575755318,0.10290572461163307,-0.0022106771921665425,0.09845682018965671,0.09180496693710317,-0.19643665225502593,0.11129126693206565
WK029905,Rijnstrangen,2016,4.206348803501873,0.10408395235818814,NA,NA,NA,NA,NA
WK029905,Rijnstrangen,2018,4.2195022081486675,0.11723735700498207,0.01862562402896845,0.08948035431512989,0.10189003198571653,-0.19810221437230308,0.10534356104747
WK029905,Rijnstrangen,2020,4.182849031436692,0.08058418029300651,0.004498486115630412,0.077015719922337,0.08565145677690632,-0.1940923446489473,0.10751086212707986
WK029905,Rijnstrangen,2022,4.179922902145361,0.07765805100167615,0.01600597602721171,0.05047128188675418,0.09554970849618341,-0.19380667149290334,0.10943775608442985
WK029906,Pannerden,2002,4.083497074766378,-0.018767776377306814,NA,NA,NA,NA,NA
WK029906,Pannerden,2008,4.077641908777198,-0.024622942366486995,NA,NA,NA,NA,NA
WK029906,Pannerden,2012,4.0720857876699625,-0.030179063473722727,NA,NA,NA,NA,NA
WK029906,Pannerden,2014,4.099607965613311,-0.002656885530374731,4.107422307689294e-5,0.07867621433323048,0.05471493310522181,-0.1790410503555883,0.0429519431636841
WK029906,Pannerden,2016,4.058658927907031,-0.043605923236655166,NA,NA,NA,NA,NA
WK029906,Pannerden,2018,4.107314220804072,0.0050493696603866175,0.003042891688470681,0.08962366149287744,0.04688469386667633,-0.17503247216527001,0.04053059477763192
WK029906,Pannerden,2020,4.08786011709987,-0.014404734043814324,0.00611200666200475,0.07322049927422197,0.0352198237744466,-0.17007462785709002,0.041117564102602054
WK029906,Pannerden,2022,4.076230279616759,-0.02603457152692632,0.007619042249748394,0.06181818726120587,0.03638143806294024,-0.17555999716349874,0.04370675806267761
WK029907,Aerdt,2002,4.101021301458457,-0.0012435496852286232,NA,NA,NA,NA,NA
WK029907,Aerdt,2008,4.099083423350232,-0.003181427793453767,NA,NA,NA,NA,NA
WK029907,Aerdt,2012,4.098700608562526,-0.00356424258115921,NA,NA,NA,NA,NA
WK029907,Aerdt,2014,4.156501736981434,0.05423688583774848,-0.0011829961485642206,0.11251029693659392,0.08248232243875227,-0.2142062639415012,0.07463352655246744
WK029907,Aerdt,2016,4.1242975216004005,0.022032670456715746,NA,NA,NA,NA,NA
WK029907,Aerdt,2018,4.153986504807737,0.05172165366405156,0.006273102487491842,0.10963233721618629,0.07545571279280558,-0.21407282831164362,0.07443332947921122
WK029907,Aerdt,2020,4.12453705456217,0.022272203418484602,0.00731033704718323,0.08532286806845434,0.06267449955586346,-0.20660641781821715,0.0735709165652004
WK029907,Aerdt,2022,4.1343389524433505,0.03207410129966475,0.007821611715042531,0.0874347295250103,0.06721533447355792,-0.20630017285189928,0.0759025984379531
WK029908,Herwen,2002,4.052372157541448,-0.04989269360223652,NA,NA,NA,NA,NA
WK029908,Herwen,2008,4.049382774586628,-0.05288207655705666,NA,NA,NA,NA,NA
WK029908,Herwen,2012,4.072636309293674,-0.029628541850010272,NA,NA,NA,NA,NA
WK029908,Herwen,2014,4.120194038794972,0.017929187651286826,-0.028185939700304703,0.11432568339628774,0.06427755761227395,-0.1859739127091978,0.0534857990522273
WK029908,Herwen,2016,4.039998864636844,-0.06226598650684127,NA,NA,NA,NA,NA
WK029908,Herwen,2018,4.098926021438677,-0.003338829705008684,-0.013057717541065711,0.08102570596962186,0.060481160924196926,-0.18331135502301696,0.05152337596525495
WK029908,Herwen,2020,4.096745548898305,-0.0055193022453799475,-0.008270641580260682,0.07461223429711293,0.05724430752645418,-0.1753249476687766,0.046219745180089936
WK029908,Herwen,2022,4.0948592833388044,-0.007405567804881083,-0.010043049560720718,0.06518378457820992,0.056561239965240394,-0.17468943243651788,0.05558188964890693
WK029909,Lobith,2002,3.909348400580882,-0.1929164505628033,NA,NA,NA,NA,NA
WK029909,Lobith,2008,3.93255310474916,-0.16971174639452535,NA,NA,NA,NA,NA
WK029909,Lobith,2012,3.9597681131876765,-0.14249673795600887,NA,NA,NA,NA,NA
WK029909,Lobith,2014,3.9818962758609016,-0.12036857528278354,-0.0028797054343183796,0.04490500930012499,0.008189618456485876,-0.17853785997840388,0.00795436237332759
WK029909,Lobith,2016,3.943552802121569,-0.1587120490221158,NA,NA,NA,NA,NA
WK029909,Lobith,2018,3.9554299458474182,-0.146834905296267,0.0016935368320918265,0.01885754325925733,-5.60728087496956e-4,-0.1800627244359969,0.01323746713587751
WK029909,Lobith,2020,3.9728782973735357,-0.12938655377014943,0.008059915899698039,0.019078822669635932,-0.002638863800758122,-0.17179033755328546,0.01790390901455994
WK029909,Lobith,2022,3.964791886462416,-0.13747296468126965,0.018250602325220598,0.004574378103962108,-0.0013710349115642355,-0.17116751723319956,0.012240607034311174
WK029910,Tolkamer,2002,4.022378582286648,-0.07988626885703695,NA,NA,NA,NA,NA
WK029910,Tolkamer,2008,4.0029155739173765,-0.09934927722630837,NA,NA,NA,NA,NA
WK029910,Tolkamer,2012,4.043596296947112,-0.058668554196572506,NA,NA,NA,NA,NA
WK029910,Tolkamer,2014,4.095049182275929,-0.007215668867756389,0.005884767467473093,0.06999238193231343,0.04323658566331993,-0.1731184913201625,0.046789087389299364
WK029910,Tolkamer,2016,4.082761846135798,-0.01950300500788688,NA,NA,NA,NA,NA
WK029910,Tolkamer,2018,4.104423414640965,0.0021585634972797092,0.015638386835528772,0.07016205655333553,0.030293377101173,-0.17014204382405873,0.05620678683130088
WK029910,Tolkamer,2020,4.111412446161871,0.00914759501818504,0.02027629952919999,0.0713410751162445,0.03427299579133122,-0.1682313222652501,0.051488546846659114
WK029910,Tolkamer,2022,4.103587284709571,0.0013224335658851458,0.024916377228468477,0.05973305926953028,0.03499688824360109,-0.16982356378838417,0.05149967261266927
WK029911,Spijk,2002,3.916357668248448,-0.18590718289523733,NA,NA,NA,NA,NA
WK029911,Spijk,2008,3.9432476247921056,-0.15901722635157983,NA,NA,NA,NA,NA
WK029911,Spijk,2012,3.947850739985793,-0.15441411115789225,NA,NA,NA,NA,NA
WK029911,Spijk,2014,3.9989891487112774,-0.10327570243240781,-0.02012794621218641,0.07940121339095993,0.04779893416918453,-0.24318917223065195,0.032841268450285815
WK029911,Spijk,2016,3.985763857378184,-0.11650099376550158,NA,NA,NA,NA,NA
WK029911,Spijk,2018,3.968051185686208,-0.13421366545747687,-0.016103286762785628,0.05489973501331369,0.0356583193979473,-0.24203964310539156,0.03337120999943909
WK029911,Spijk,2020,3.9729915755391643,-0.1292732756045209,-0.008906341995211226,0.04419705541182822,0.03937997372630074,-0.24203943930231547,0.03809547655487666
WK029911,Spijk,2022,3.996610246887409,-0.10565460425627578,-0.008346848223047838,0.0589266031139709,0.04011318091108942,-0.2394583759468517,0.04311083588856312
WK030100,Wijk 00 Centrum - De Hoven,2002,4.0631391383958215,-0.039125712747863604,NA,NA,NA,NA,NA
WK030100,Wijk 00 Centrum - De Hoven,2008,4.090242046845635,-0.012022804298049984,NA,NA,NA,NA,NA
WK030100,Wijk 00 Centrum - De Hoven,2012,4.092339095250751,-0.009925755892933957,NA,NA,NA,NA,NA
WK030100,Wijk 00 Centrum - De Hoven,2014,4.081505410819333,-0.02075944032435175,-0.013709755349522857,-0.05276659790662904,-0.002013137373736742,0.025366117107397168,0.022363933198139438
WK030100,Wijk 00 Centrum - De Hoven,2016,4.125790220154272,0.023525369010587178,NA,NA,NA,NA,NA
WK030100,Wijk 00 Centrum - De Hoven,2018,4.127577886581043,0.02531303543735758,-0.014243674573520777,-0.03548522764984084,6.027034378907644e-5,0.03686964716188535,0.03811202015504449
WK030100,Wijk 00 Centrum - De Hoven,2020,4.1412301313239,0.03896528018021557,-0.0105302731290151,-0.030754484894891798,0.0011505552786866807,0.05008016860291593,0.029019314322519547
WK030100,Wijk 00 Centrum - De Hoven,2022,4.1276810863552,0.025416235211515245,-0.014413214496483058,-0.05044022437585388,-0.007053312471013846,0.05012462806072537,0.047198358494140426
WK030101,Wijk 01 Waterkwartier,2002,3.9750069277262403,-0.1272579234174447,NA,NA,NA,NA,NA
WK030101,Wijk 01 Waterkwartier,2008,3.950221287700381,-0.15204356344330436,NA,NA,NA,NA,NA
WK030101,Wijk 01 Waterkwartier,2012,3.9734638703451695,-0.1288009807985152,NA,NA,NA,NA,NA
WK030101,Wijk 01 Waterkwartier,2014,3.9669169219681284,-0.1353479291755569,-0.005703757302088905,-0.05388376637957746,-0.0308111301975659,-0.008508164385191076,-0.036441110911133834
WK030101,Wijk 01 Waterkwartier,2016,3.9821501425236874,-0.12011470861999796,NA,NA,NA,NA,NA
WK030101,Wijk 01 Waterkwartier,2018,3.9645798863308834,-0.13768496481280207,4.641238485381596e-4,-0.0704443961562818,-0.03298506902633278,0.0020831317129155554,-0.03680275519164145
WK030101,Wijk 01 Waterkwartier,2020,3.95944889794708,-0.14281595319660517,-0.00152543178424544,-0.09693196257094944,-0.02681219899003344,0.011646375640174225,-0.029192735491551335
WK030101,Wijk 01 Waterkwartier,2022,4.0183041142355815,-0.0839607369081034,0.004940387529755882,-0.05296925008450154,-0.027083865790626358,0.012307730462571631,-0.021155739025303297
WK030102,Wijk 02 Noordveen,2002,4.051619959348317,-0.05064489179536819,NA,NA,NA,NA,NA
WK030102,Wijk 02 Noordveen,2008,4.032118591800002,-0.07014625934368282,NA,NA,NA,NA,NA
WK030102,Wijk 02 Noordveen,2012,4.06128830321711,-0.040976547926574756,NA,NA,NA,NA,NA
WK030102,Wijk 02 Noordveen,2014,4.058091216036308,-0.04417363510737684,-0.028414939098915813,0.02910975059077859,0.007589853543974456,-0.03249924220818646,-0.019959057935027873
WK030102,Wijk 02 Noordveen,2016,4.08695893999632,-0.015305911147365509,NA,NA,NA,NA,NA
WK030102,Wijk 02 Noordveen,2018,4.095336841108904,-0.006928010034781479,-0.0201123247684444,0.03481093784614124,0.006876624102568258,-0.02557252538797212,-0.0029307218270747215
WK030102,Wijk 02 Noordveen,2020,4.1024658300113455,2.0097886765970256e-4,-0.01753977281969471,0.03090634543500434,0.010175959265332228,-0.013847856030686938,-0.009493696982295451
WK030102,Wijk 02 Noordveen,2022,4.131145383164678,0.028880532020991886,-0.01583330314698516,0.03886046397492264,0.008967377826887292,-0.011977179227035643,0.00886317259320249
WK030103,Wijk 03 Zuidwijken,2002,4.00418124325899,-0.09808360788469551,NA,NA,NA,NA,NA
WK030103,Wijk 03 Zuidwijken,2008,4.029259437954544,-0.07300541318914142,NA,NA,NA,NA,NA
WK030103,Wijk 03 Zuidwijken,2012,4.076153780509134,-0.026111070634550707,NA,NA,NA,NA,NA
WK030103,Wijk 03 Zuidwijken,2014,4.07992963466652,-0.022335216477165458,0.007255166794272183,0.03188598018226058,-0.0014695267453414121,-0.0466188248446979,-0.013388011863659193
WK030103,Wijk 03 Zuidwijken,2016,4.087936256747486,-0.01432859439619858,NA,NA,NA,NA,NA
WK030103,Wijk 03 Zuidwijken,2018,4.084692019242036,-0.017572831901649367,0.009334214366522228,0.014786096818708,0.0010922518877096786,-0.040235279836832324,-0.002550115137757199
WK030103,Wijk 03 Zuidwijken,2020,4.083591694222126,-0.01867315692155921,0.011632053497993929,0.013179089777340235,0.008733786427863552,-0.03771765970571433,-0.014500426919042884
WK030103,Wijk 03 Zuidwijken,2022,4.147332142956304,0.04506729181261879,0.014577804045821968,0.051112213343653366,0.009930021549291169,-0.03663822938812663,0.006085482261978621
WK030104,Wijk 04 Leesten,2002,4.147805929192735,0.045541078049050006,NA,NA,NA,NA,NA
WK030104,Wijk 04 Leesten,2008,4.112847059595087,0.010582208451401696,NA,NA,NA,NA,NA
WK030104,Wijk 04 Leesten,2012,4.130476201088017,0.028211349944332036,NA,NA,NA,NA,NA
WK030104,Wijk 04 Leesten,2014,4.138258294143426,0.03599344299974044,-0.007060547889582279,0.08363874065213846,0.03596403508380047,-0.07250649069720563,-0.0040422941494108414
WK030104,Wijk 04 Leesten,2016,4.120401226346919,0.01813637520323364,NA,NA,NA,NA,NA
WK030104,Wijk 04 Leesten,2018,4.12479795980189,0.022533108658204362,-0.009291139740826591,0.07427859625679069,0.034881587420000235,-0.07675122466394545,-5.847106138148071e-4
WK030104,Wijk 04 Leesten,2020,4.149379692144801,0.04711484100111555,-0.005282451844855859,0.07617767419392153,0.03621905353202281,-0.07603638079105327,0.016036945911080062
WK030104,Wijk 04 Leesten,2022,4.171535486614103,0.06927063547041835,0.0010845115994965362,0.07923272708539399,0.03661791180653367,-0.07875999969254166,0.03109548467153557
WK030105,Wijk 05 Warnsveld,2002,4.211800576537655,0.10953572539397054,NA,NA,NA,NA,NA
WK030105,Wijk 05 Warnsveld,2008,4.15956683371909,0.057301982575405065,NA,NA,NA,NA,NA
WK030105,Wijk 05 Warnsveld,2012,4.197234584919261,0.09496973377557599,NA,NA,NA,NA,NA
WK030105,Wijk 05 Warnsveld,2014,4.190255827082888,0.08799097593920248,0.012166122959421656,0.07340706998469165,0.029879892116181136,-0.05274420831930886,0.025282099198216612
WK030105,Wijk 05 Warnsveld,2016,4.1951322612099435,0.09286741006625826,NA,NA,NA,NA,NA
WK030105,Wijk 05 Warnsveld,2018,4.201860348450596,0.09959549730691088,0.012984377458654635,0.07318583833622977,0.03011628870984232,-0.04830426784633036,0.031613260648514205
WK030105,Wijk 05 Warnsveld,2020,4.198571899380801,0.09630704823711574,0.013137548390754285,0.07112839771194779,0.030088792003682824,-0.04716866889037661,0.029120979021107146
WK030105,Wijk 05 Warnsveld,2022,4.226358484064375,0.1240936329206894,0.02253483599623216,0.0792155928216886,0.029291302080684905,-0.046281411879637774,0.03933331390172123
WK030200,Wijk 00 Nunspeet,2002,4.091847463692841,-0.010417387450844707,NA,NA,NA,NA,NA
WK030200,Wijk 00 Nunspeet,2008,4.116148869677848,0.01388401853416329,NA,NA,NA,NA,NA
WK030200,Wijk 00 Nunspeet,2012,4.111518917007455,0.009254065863769504,NA,NA,NA,NA,NA
WK030200,Wijk 00 Nunspeet,2014,4.115487229793591,0.013222378649905971,0.024682510381042813,0.08056946313578885,0.025958936006283805,-0.1274518676654266,0.009463336792216823
WK030200,Wijk 00 Nunspeet,2016,4.121806895047716,0.019542043904030724,NA,NA,NA,NA,NA
WK030200,Wijk 00 Nunspeet,2018,4.146591617874399,0.04432676673071332,0.025132256668021387,0.07372372083051595,0.024735082316016566,-0.09231609909835162,0.013051806014510737
WK030200,Wijk 00 Nunspeet,2020,4.143692289194488,0.04142743805080188,0.026749878709619025,0.07320154117923072,0.02574276884996913,-0.10247866440952537,0.0182119137215081
WK030200,Wijk 00 Nunspeet,2022,4.146177395994079,0.04391254485039381,0.026599636951055772,0.061581510178469814,0.028124335898328454,-0.09894605670541397,0.02655311852795343
WK030201,Wijk 01 Elspeet-Vierhouten,2002,4.177254488485037,0.07498963734135161,NA,NA,NA,NA,NA
WK030201,Wijk 01 Elspeet-Vierhouten,2008,4.173874159890425,0.07160930874673951,NA,NA,NA,NA,NA
WK030201,Wijk 01 Elspeet-Vierhouten,2012,4.1620372622123565,0.05977241106867165,NA,NA,NA,NA,NA
WK030201,Wijk 01 Elspeet-Vierhouten,2014,4.191526858587145,0.08926200744345979,0.052135759646942725,0.12039392459406083,0.07596939614143662,-0.18219815695146419,0.022961084012483507
WK030201,Wijk 01 Elspeet-Vierhouten,2016,4.228653218706803,0.12638836756311794,NA,NA,NA,NA,NA
WK030201,Wijk 01 Elspeet-Vierhouten,2018,4.226941529803964,0.12467667866027905,0.058578659461046394,0.12213683331484396,0.07325363838590931,-0.16384505878918498,0.03455260628766409
WK030201,Wijk 01 Elspeet-Vierhouten,2020,4.2100839851424405,0.10781913399875562,0.05832646328541708,0.11807700737592629,0.06392683950768815,-0.16533445478785477,0.03282327861757864
WK030201,Wijk 01 Elspeet-Vierhouten,2022,4.215270654946257,0.11300580380257176,0.060446911058810754,0.11591112666060005,0.061329233658954756,-0.16613283803181284,0.041451370456018787
WK030301,Wijk 01 Dronten west,2002,3.9550684846020956,-0.14719636654158946,NA,NA,NA,NA,NA
WK030301,Wijk 01 Dronten west,2008,4.0642960082724695,-0.03796884287121555,NA,NA,NA,NA,NA
WK030301,Wijk 01 Dronten west,2012,4.075121539409624,-0.027143311734060895,NA,NA,NA,NA,NA
WK030301,Wijk 01 Dronten west,2014,4.133471311555015,0.03120646041132948,0.011642508955856055,0.09580831123045139,0.04744078262011145,-0.1467820516053861,0.023096909210296366
WK030301,Wijk 01 Dronten west,2016,4.127009985934919,0.02474513479123356,NA,NA,NA,NA,NA
WK030301,Wijk 01 Dronten west,2018,4.111324213975994,0.00905936283230935,-0.005011243014985937,0.07987154592098883,0.04620842952445681,-0.14334587254767758,0.031336502949527
WK030301,Wijk 01 Dronten west,2020,4.116401612449103,0.014136761305417618,-0.002908985812657771,0.0716125731173715,0.052492888540484485,-0.13671586649016793,0.029656151950387066
WK030301,Wijk 01 Dronten west,2022,4.1460561043509765,0.043791253207291395,0.005493000309913513,0.08725239089819335,0.06018924841841506,-0.1401083141707149,0.03096492775148409
WK030302,Wijk 02 Dronten Noord,2002,3.9254471655751266,-0.17681768556855834,NA,NA,NA,NA,NA
WK030302,Wijk 02 Dronten Noord,2008,3.948667959796262,-0.15359689134742316,NA,NA,NA,NA,NA
WK030302,Wijk 02 Dronten Noord,2012,3.9506885742954667,-0.15157627684821814,NA,NA,NA,NA,NA
WK030302,Wijk 02 Dronten Noord,2014,3.988612431811364,-0.11365241933232134,0.025186075070108636,0.016898891578874472,-3.0961855559185546e-4,-0.10901839548741901,-0.046409371938293885
WK030302,Wijk 02 Dronten Noord,2016,3.9794145531408667,-0.12285029800281864,NA,NA,NA,NA,NA
WK030302,Wijk 02 Dronten Noord,2018,4.016022181983195,-0.08624266916048977,0.020239033280691366,0.02943641753764016,-0.001959936942727383,-0.09768838783780137,-0.03626979519829285
WK030302,Wijk 02 Dronten Noord,2020,4.031785696782993,-0.07047915436069221,0.016214709784941377,0.031718933169379855,0.0034915828864897362,-0.08968303552141303,-0.032221344680090434
WK030302,Wijk 02 Dronten Noord,2022,4.105696223631787,0.003431372488101406,0.03350710954207295,0.05124005075980082,0.01152555166437672,-0.08631229471853348,-0.006529044759615972
WK030303,Wijk 03 Dronten Midden,2002,3.972129418424879,-0.13013543271880607,NA,NA,NA,NA,NA
WK030303,Wijk 03 Dronten Midden,2008,3.995002994512211,-0.1072618566314738,NA,NA,NA,NA,NA
WK030303,Wijk 03 Dronten Midden,2012,4.017659558901231,-0.08460529224245394,NA,NA,NA,NA,NA
WK030303,Wijk 03 Dronten Midden,2014,4.075967414681936,-0.026297436461749105,0.04239657996690982,0.018509220249200604,-0.0034766224160413467,-0.07674163849005308,-0.00698497577176538
WK030303,Wijk 03 Dronten Midden,2016,4.0695171034859055,-0.03274774765777951,NA,NA,NA,NA,NA
WK030303,Wijk 03 Dronten Midden,2018,4.095736975103614,-0.00652787604007092,0.0368158855074868,0.029517080447186084,-0.00545474731669069,-0.0668739263257287,-5.321683523247059e-4
WK030303,Wijk 03 Dronten Midden,2020,4.102113086721913,-1.5176442177229277e-4,0.03439647295539617,0.028993313868126206,-0.002158073608994818,-0.06118279023075692,-2.006874055432494e-4
WK030303,Wijk 03 Dronten Midden,2022,4.1334150529321665,0.031150201788481404,0.04032214019054313,0.03300206541907631,0.009361360264065421,-0.058711422444795824,0.007176058359592112
WK030304,Wijk 04 Dronten Zuid,2002,3.9978048817562737,-0.10445996938741138,NA,NA,NA,NA,NA
WK030304,Wijk 04 Dronten Zuid,2008,4.026046096585858,-0.07621875455782731,NA,NA,NA,NA,NA
WK030304,Wijk 04 Dronten Zuid,2012,4.049826072112374,-0.052438779031311084,NA,NA,NA,NA,NA
WK030304,Wijk 04 Dronten Zuid,2014,4.101282382339166,-9.824688045196271e-4,0.03006121620581393,0.06623152716873239,0.03357393725862574,-0.13819271259657032,0.0073435631588783445
WK030304,Wijk 04 Dronten Zuid,2016,4.12361940560708,0.021354554463394872,NA,NA,NA,NA,NA
WK030304,Wijk 04 Dronten Zuid,2018,4.113397825551716,0.011132974408030396,0.025306932588770762,0.0687909924691295,0.030938812553483762,-0.13449013518962566,0.020586371986271786
WK030304,Wijk 04 Dronten Zuid,2020,4.117606845876134,0.015341994732448318,0.023589679669556884,0.06950733617758187,0.035213518644315836,-0.1281217113984677,0.015153171639461172
WK030304,Wijk 04 Dronten Zuid,2022,4.154009177774566,0.051744326630880765,0.029087862517287958,0.09050559906701845,0.039114103871044276,-0.12930490435580758,0.022341665531337408
WK030305,Wijk 05 Buitengebied Dronten,2002,4.066341794975271,-0.03592305616841492,NA,NA,NA,NA,NA
WK030305,Wijk 05 Buitengebied Dronten,2008,4.0738052143187495,-0.02845963682493569,NA,NA,NA,NA,NA
WK030305,Wijk 05 Buitengebied Dronten,2012,4.048471652964822,-0.0537931981788631,NA,NA,NA,NA,NA
WK030305,Wijk 05 Buitengebied Dronten,2014,4.120479821782613,0.018214970638927776,0.014275042467080565,0.074934937074052535,0.12783979886321134,-0.21771326262720384,0.01887845486178681
WK030305,Wijk 05 Buitengebied Dronten,2016,4.096996579435788,-0.005268271707897586,NA,NA,NA,NA,NA
WK030305,Wijk 05 Buitengebied Dronten,2018,4.110767888064159,0.008503036920473597,0.009068736255016504,0.08478874968048304,0.12686224131356405,-0.22355268875434073,0.011335998425750398
WK030305,Wijk 05 Buitengebied Dronten,2020,4.090433283409031,-0.01183156773465366,-0.00764447124432634,0.07986306770095948,0.1208682053191582,-0.21800988749132968,0.013091517980884447
WK030305,Wijk 05 Buitengebied Dronten,2022,4.102771998733334,5.071475896488324e-4,-0.006551903950736566,0.08578184596024978,0.12728482327139917,-0.22041871818403752,0.014411100492773572
WK030306,Wijk 06 Biddinghuizen,2002,3.943682422383844,-0.1585824287598411,NA,NA,NA,NA,NA
WK030306,Wijk 06 Biddinghuizen,2008,3.9775461059962427,-0.12471874514744218,NA,NA,NA,NA,NA
WK030306,Wijk 06 Biddinghuizen,2012,4.037897392967902,-0.0643674581757836,NA,NA,NA,NA,NA
WK030306,Wijk 06 Biddinghuizen,2014,4.020529166118724,-0.08173568502496079,0.03600098831713785,0.04759625698901918,0.04701318716506603,-0.21365381873658193,0.0013077012403977456
WK030306,Wijk 06 Biddinghuizen,2016,4.018276286286269,-0.08398856485741665,NA,NA,NA,NA,NA
WK030306,Wijk 06 Biddinghuizen,2018,4.022967103948092,-0.07929774719559302,0.009108559514949254,0.0746813892563623,0.030701806810370304,-0.21019826729515698,0.01640876451788181
WK030306,Wijk 06 Biddinghuizen,2020,4.020616750982854,-0.08164810016083168,0.0031832448052560437,0.07406732802280007,0.020692773537980533,-0.1915567580662976,0.011965311539428983
WK030306,Wijk 06 Biddinghuizen,2022,4.012338889908928,-0.0899259612347576,0.009476025962880458,0.0654923159826987,0.021186200159935067,-0.20484617049056217,0.018765667150290096
WK030307,Wijk 07 Swifterbant,2002,3.919895432756529,-0.1823694183871562,NA,NA,NA,NA,NA
WK030307,Wijk 07 Swifterbant,2008,3.9397883571141747,-0.1624764940295105,NA,NA,NA,NA,NA
WK030307,Wijk 07 Swifterbant,2012,3.933521267476993,-0.16874358366669234,NA,NA,NA,NA,NA
WK030307,Wijk 07 Swifterbant,2014,3.96675657659411,-0.1355082745495754,0.023353276288753392,0.024018487698557342,0.026428965340148176,-0.2018897301182151,-0.007419273758819484
WK030307,Wijk 07 Swifterbant,2016,4.0178874625999565,-0.0843773885437289,NA,NA,NA,NA,NA
WK030307,Wijk 07 Swifterbant,2018,3.996420616816188,-0.1058442343274976,0.01964087387892377,0.047912805185077866,0.029319460180707763,-0.2050360743908249,0.0023187008186176267
WK030307,Wijk 07 Swifterbant,2020,3.998497855788451,-0.10376699535523394,0.017552624700401538,0.03803725071591488,0.0253441940940718,-0.19245916214924963,0.007758097283627219
WK030307,Wijk 07 Swifterbant,2022,4.010078501060446,-0.09218635008323925,0.004329108603014137,0.05234147724664733,0.02034679028069542,-0.19668323695045328,0.0274795107368569
WK030701,Stadskern,2002,4.059572706326808,-0.042692144816877345,NA,NA,NA,NA,NA
WK030701,Stadskern,2008,4.10304909153715,7.842403934642594e-4,NA,NA,NA,NA,NA
WK030701,Stadskern,2012,4.130637151938064,0.02837230079437839,NA,NA,NA,NA,NA
WK030701,Stadskern,2014,4.100469134138388,-0.0017957170052979154,0.013223294098616632,-0.14814490420142093,-0.03585868039874729,0.1948651977379434,-0.025880624241689985
WK030701,Stadskern,2016,4.12728755355306,0.025022702409374646,NA,NA,NA,NA,NA
WK030701,Stadskern,2018,4.175058374362215,0.07279352321852982,0.0014876596919084465,-0.12539819436408775,-0.04094009580394071,0.20779868973191667,0.029845463962732882
WK030701,Stadskern,2020,4.212708500299965,0.11044364915628017,0.011653397979092555,-0.11590050146275264,-0.036949761375545044,0.23116960421998192,0.02047090979550313
WK030701,Stadskern,2022,4.256805449331782,0.15454059818809704,0.009848694770343714,-0.08148703610500949,-0.03545630257499076,0.23721135481682964,0.02442388728092366
WK030702,Nederberg,2002,4.117001587188485,0.014736736044798988,NA,NA,NA,NA,NA
WK030702,Nederberg,2008,4.1757099052509385,0.07344505410725385,NA,NA,NA,NA,NA
WK030702,Nederberg,2012,4.162389169548902,0.06012431840521688,NA,NA,NA,NA,NA
WK030702,Nederberg,2014,4.195137292475844,0.09287244133215877,-0.027780379238988875,-0.05951786329393545,-0.01947108248933118,0.19760666990716416,0.0020350964472498527
WK030702,Nederberg,2016,4.1606330931555755,0.05836824201189063,NA,NA,NA,NA,NA
WK030702,Nederberg,2018,4.072319362972865,-0.029945488170819372,-0.019780212623847274,-0.1549250076045599,-0.038067929237528435,0.20771472962578988,-0.02488706833067388
WK030702,Nederberg,2020,4.165857933520832,0.06359308237714677,-0.02571282450534838,-0.0810864369067927,-0.018107769763567344,0.22057352650629491,-0.032073412953439934
WK030702,Nederberg,2022,4.215523388854321,0.11325853771063557,-0.025537053482383935,-0.038191994579952766,-0.013284352894126718,0.22882364113460993,-0.03855170246751127
WK030703,Soesterkwartier,2002,3.9665696798236603,-0.1356951713200249,NA,NA,NA,NA,NA
WK030703,Soesterkwartier,2008,3.973598110554103,-0.12866674058958205,NA,NA,NA,NA,NA
WK030703,Soesterkwartier,2012,4.033502101301779,-0.0687627498419069,NA,NA,NA,NA,NA
WK030703,Soesterkwartier,2014,4.037978621126043,-0.06428623001764244,-0.031185318581188125,-0.08512465048183239,-0.03500074287855328,0.11295347372495822,-0.025928991801027163
WK030703,Soesterkwartier,2016,4.061828913417964,-0.040435937725722085,NA,NA,NA,NA,NA
WK030703,Soesterkwartier,2018,4.063527144671599,-0.03873770647208655,-0.037475013446929925,-0.05536748709045289,-0.037644997310828515,0.09877111601482003,-0.007021324638695565
WK030703,Soesterkwartier,2020,4.09115523182331,-0.01110961932037512,-0.03026659354529313,-0.048577654669858236,-0.039006577921063545,0.11569223013707758,-0.008951023321238066
WK030703,Soesterkwartier,2022,4.116030557411269,0.01376570626758492,-0.02669317833684881,-0.04010888363050934,-0.038151205608453954,0.12125671578388239,-0.002537741940485637
WK030704,Eemkwartier,2002,4.0111197523403215,-0.09114509880336381,NA,NA,NA,NA,NA
WK030704,Eemkwartier,2008,4.020945500931585,-0.08131935021210017,NA,NA,NA,NA,NA
WK030704,Eemkwartier,2012,4.113310848356698,0.011045997213012347,NA,NA,NA,NA,NA
WK030704,Eemkwartier,2014,3.997515766549359,-0.1047490845943255,-0.016570930826504966,-0.12058970940129336,0.0010133922900469772,0.14568567622208453,-0.11428751287865903
WK030704,Eemkwartier,2016,4.145475584301936,0.043210733158250386,NA,NA,NA,NA,NA
WK030704,Eemkwartier,2018,4.084796479667576,-0.017468371476109336,-0.052584414552035226,-0.1526308767393612,-0.029871025792835487,0.1938569032666366,0.02376104234148569
WK030704,Eemkwartier,2020,4.114898050928133,0.012633199784447973,-0.029026060897930108,-0.1289699433882669,-0.0498897145074848,0.1996541124324423,0.020864806145687347
WK030704,Eemkwartier,2022,3.9458976763028337,-0.15636717484085108,-0.03179494908131573,-0.048054415254965656,-0.03797561938852979,0.17590592368247732,-0.21444811479851741
WK030705,Isselt,2002,4.105386014325912,0.0031211631822278202,NA,NA,NA,NA,NA
WK030705,Isselt,2008,4.19633524411621,0.09407039297252522,NA,NA,NA,NA,NA
WK030705,Isselt,2012,4.052115159306566,-0.05014969183711885,NA,NA,NA,NA,NA
WK030705,Isselt,2014,4.17948602369043,0.0772211725467447,-0.04075071690677046,-0.06349760679902587,0.04299014070374294,0.07451411574662985,0.06396523980216795
WK030705,Isselt,2016,4.108721358144484,0.006456507000798719,NA,NA,NA,NA,NA
WK030705,Isselt,2018,4.058347997377581,-0.043916853766103985,-0.06292768901788796,-0.1036587218156782,0.013965991507363584,0.06751039981500184,0.04119316574509657
WK030705,Isselt,2020,4.030145639678666,-0.07211921146501933,-0.07151745672740308,-0.1391877368003837,0.014544274054707406,0.07480269338576477,0.0492390146222951
WK030705,Isselt,2022,4.151592685300425,0.04932783415673958,-0.07630717103855905,0.010129308203170208,0.00943018982706591,0.08056584827328217,0.025509658891780126
WK030706,De Koppel,2002,3.973429122095746,-0.1288357290479399,NA,NA,NA,NA,NA
WK030706,De Koppel,2008,3.9793863492888466,-0.12287850185483855,NA,NA,NA,NA,NA
WK030706,De Koppel,2012,4.058446653684924,-0.043818197458761775,NA,NA,NA,NA,NA
WK030706,De Koppel,2014,4.043208204102305,-0.05905664704138054,-0.013897712686286685,-0.10973552437764506,-0.03777557985044875,0.12663479014502704,-0.024282620272027333
WK030706,De Koppel,2016,4.065332076616426,-0.0369327745272594,NA,NA,NA,NA,NA
WK030706,De Koppel,2018,4.0806267248077575,-0.021638126335927384,-0.015634761116568023,-0.09496568472326776,-0.04011786308601123,0.14105719177948123,-0.011977009189561821
WK030706,De Koppel,2020,4.08046259894465,-0.021802252199035428,-0.01727881253321159,-0.0971374647753268,-0.04663297937870999,0.1518329251618633,-0.012585920673650641
WK030706,De Koppel,2022,4.104011182178986,0.001746331035301106,-0.01881933984310802,-0.06211413928479359,-0.04257731375710411,0.14065084682423673,-0.015393722903930176
WK030707,Kruiskamp,2002,3.976824272727763,-0.1254405784159218,NA,NA,NA,NA,NA
WK030707,Kruiskamp,2008,3.956587541183918,-0.1456773099597674,NA,NA,NA,NA,NA
WK030707,Kruiskamp,2012,4.02617212786225,-0.07609272328143497,NA,NA,NA,NA,NA
WK030707,Kruiskamp,2014,4.026175883777098,-0.0760889673665872,-0.005794393634270299,-0.11795043345672367,-0.04848088833413038,0.1437392410757639,-0.04760249301722702
WK030707,Kruiskamp,2016,4.046834685885953,-0.05543016525773301,NA,NA,NA,NA,NA
WK030707,Kruiskamp,2018,4.052907885948442,-0.04935696519524332,-0.0132461207108722,-0.09537778834297016,-0.04700483352483268,0.1410625770355197,-0.03479079965208825
WK030707,Kruiskamp,2020,4.063858071419998,-0.03840677972368723,-0.013252255686239974,-0.08963178024272134,-0.04826516833019663,0.1559264392182014,-0.043184014682730955
WK030707,Kruiskamp,2022,4.099267748955386,-0.0029971021882993776,-0.0026220487418781562,-0.06345111570844549,-0.042850207106907456,0.15068261314146794,-0.04475634377253655
WK030708,Schothorst-Zuid,2002,4.053733952155419,-0.04853089898826698,NA,NA,NA,NA,NA
WK030708,Schothorst-Zuid,2008,4.06116783874167,-0.04109701240201475,NA,NA,NA,NA,NA
WK030708,Schothorst-Zuid,2012,4.096121911349611,-0.0061429397940745804,NA,NA,NA,NA,NA
WK030708,Schothorst-Zuid,2014,4.108550265750229,0.006285414606544012,-0.009696278898467863,-0.035960982974501184,-0.020069820904737252,0.09038967472835976,-0.01837717734410973
WK030708,Schothorst-Zuid,2016,4.116226030245921,0.013961179102234912,NA,NA,NA,NA,NA
WK030708,Schothorst-Zuid,2018,4.10831853039816,0.006053679254474483,-0.016565906125373113,-0.034640903579906936,-0.02084084175717748,0.08633609744242195,-0.008234766725490155
WK030708,Schothorst-Zuid,2020,4.1304844649615475,0.0282196138178626,-0.008171089161074006,-0.0437324729343022,-0.02547895833304607,0.10535672369002896,2.45410556255639e-4
WK030708,Schothorst-Zuid,2022,4.163608494242912,0.061343643099226776,-0.007930195996560467,-0.015113586796915908,-0.0216096448194365,0.10108811857353976,0.004908952138599515
WK030709,Schothorst-Noord,2002,4.020496200692708,-0.081768650450977,NA,NA,NA,NA,NA
WK030709,Schothorst-Noord,2008,4.016853399688981,-0.08541145145470441,NA,NA,NA,NA,NA
WK030709,Schothorst-Noord,2012,4.0506588717581575,-0.051605979385527544,NA,NA,NA,NA,NA
WK030709,Schothorst-Noord,2014,4.0856899679884355,-0.01657488315524996,-2.0738824961040608e-4,-0.0462136142401677,-0.01745146239208347,0.0633517354539955,-0.016054153727384186
WK030709,Schothorst-Noord,2016,4.128250940479258,0.025986089335571932,NA,NA,NA,NA,NA
WK030709,Schothorst-Noord,2018,4.108358734473127,0.006093883329441668,-0.008452858180886083,-0.019996734777911435,-0.024179892213396524,0.05937126099765908,-6.478924960236372e-4
WK030709,Schothorst-Noord,2020,4.119415264081332,0.017150412937646554,-0.004398547651101801,-0.021955610987288928,-0.02538753910228512,0.07618636610903977,-0.00729425543071762
WK030709,Schothorst-Noord,2022,4.152233847918879,0.049968996775194195,-0.003714976905700755,-0.002795655653554552,-0.021894877172700198,0.07090079432455958,0.007473712182589872
WK030710,Liendert,2002,3.957826660018215,-0.14443819112547018,NA,NA,NA,NA,NA
WK030710,Liendert,2008,3.941199432793419,-0.1610654183502661,NA,NA,NA,NA,NA
WK030710,Liendert,2012,3.9826834341582753,-0.1195814169854098,NA,NA,NA,NA,NA
WK030710,Liendert,2014,3.979559429476736,-0.12270542166694952,0.004702518518152682,-0.09309825721012725,-0.050024643548142345,0.09093611884730435,-0.07522115827413722
WK030710,Liendert,2016,4.00481987400153,-0.09744497714215457,NA,NA,NA,NA,NA
WK030710,Liendert,2018,4.019558980912187,-0.08270587023149804,-0.002112322546988049,-0.06558583519103589,-0.04519016550635812,0.09276964475596257,-0.06258719174307881
WK030710,Liendert,2020,4.033710032379989,-0.06855481876369672,4.162685378737481e-4,-0.06665333900801028,-0.04511781645632445,0.11291636839048169,-0.07011630022771768
WK030710,Liendert,2022,4.065817544261036,-0.036447306882648786,0.008208542074509991,-0.047628416397330876,-0.04385762255154182,0.10620979269937549,-0.05937960270766181
WK030711,Rustenburg,2002,4.105036349027096,0.0027714978834115504,NA,NA,NA,NA,NA
WK030711,Rustenburg,2008,4.106237237032822,0.003972385889136583,NA,NA,NA,NA,NA
WK030711,Rustenburg,2012,4.1468624523841875,0.0445976012405022,NA,NA,NA,NA,NA
WK030711,Rustenburg,2014,4.13085173914775,0.028586888004064788,-0.01785687710234898,0.005919468592188129,0.01434467085317442,0.02323597855850786,0.0029436471025430485
WK030711,Rustenburg,2016,4.15605088721182,0.05378603606813465,NA,NA,NA,NA,NA
WK030711,Rustenburg,2018,4.1807890597704995,0.07852420862681449,-0.01784622760056768,0.04087997118123176,0.011455153658474642,0.030307775253049122,0.013727536134626322
WK030711,Rustenburg,2020,4.190769891977081,0.08850504083339587,-0.014290484706814051,0.04713730750814012,0.00936643317946589,0.04342981431637642,0.0028619705362272533
WK030711,Rustenburg,2022,4.209987362911098,0.10772251176741318,-0.006305689295158442,0.05142005466352039,0.011004148104006153,0.037735976386047206,0.013868021908997578
WK030712,Buitengebied-Oost,2002,4.386725043085805,0.28446019194212085,NA,NA,NA,NA,NA
WK030712,Buitengebied-Oost,2008,4.343419907487346,0.24115505634366086,NA,NA,NA,NA,NA
WK030712,Buitengebied-Oost,2012,4.314005183193998,0.2117403320503123,NA,NA,NA,NA,NA
WK030712,Buitengebied-Oost,2014,4.2792778508078015,0.17701299966411588,-0.03408680676626459,0.06540773700604131,0.08001586901332551,-0.027746182851644336,0.09342238326265771
WK030712,Buitengebied-Oost,2016,4.336143215610057,0.2338783644663711,NA,NA,NA,NA,NA
WK030712,Buitengebied-Oost,2018,4.343873989012367,0.24160913786868232,-0.03968132132693424,0.11841080212008252,0.08789980089486234,-0.025747471025776923,0.10072732720644834
WK030712,Buitengebied-Oost,2020,4.325397572849709,0.22313272170602305,-0.05012557770960844,0.09392645213226329,0.09416339486744427,-0.01222196512878015,0.09739041754470376
WK030712,Buitengebied-Oost,2022,4.309364137193325,0.20709928604963931,-0.04253800727826563,0.0752417436752106,0.09358853034690448,-0.017122257767490014,0.0979292770732796
WK030713,Schuilenburg,2002,3.962799824692479,-0.13946502645120606,NA,NA,NA,NA,NA
WK030713,Schuilenburg,2008,3.9056042657057892,-0.19666058543789577,NA,NA,NA,NA,NA
WK030713,Schuilenburg,2012,3.963700392787902,-0.1385644583557834,NA,NA,NA,NA,NA
WK030713,Schuilenburg,2014,3.957694612928296,-0.14457023821538892,-0.01425963485780856,-0.05668286358646102,-0.04144689630962103,0.07281604147497345,-0.10499688493647204
WK030713,Schuilenburg,2016,3.9682498564894826,-0.13401499465420266,NA,NA,NA,NA,NA
WK030713,Schuilenburg,2018,4.004576040331562,-0.09768881081212319,-0.026223509597002856,-0.029106161853871125,-0.040692556175094874,0.06825464576328989,-0.06992122894944457
WK030713,Schuilenburg,2020,4.06919359057483,-0.03307126056885492,-0.012922755929764915,-0.028091495686088087,-0.036635795419384325,0.09031018934424659,-0.045731402877864445
WK030713,Schuilenburg,2022,4.104467418711525,0.0022025675678395734,-0.006196035928904694,-0.02209053011099562,-0.0343561376365127,0.08667462887668222,-0.02182935763242996
WK030714,Randenbroek,2002,4.028587614334481,-0.07367723680920432,NA,NA,NA,NA,NA
WK030714,Randenbroek,2008,4.026441813757308,-0.07582303738637698,NA,NA,NA,NA,NA
WK030714,Randenbroek,2012,4.0624326586153945,-0.03983219252829138,NA,NA,NA,NA,NA
WK030714,Randenbroek,2014,4.050972027519773,-0.0512928236239122,0.002877456646185446,-0.09146244525264657,-0.03649652110381359,0.11729425597951611,-0.04350556989315389
WK030714,Randenbroek,2016,4.094376035817457,-0.007888815326228376,NA,NA,NA,NA,NA
WK030714,Randenbroek,2018,4.105888126319645,0.0036232751759593903,-0.010390555032391205,-0.052927528558371524,-0.03331893966300371,0.12436709909619263,-0.024106800666467112
WK030714,Randenbroek,2020,4.140806705652281,0.0385418545085963,-0.002680935843251072,-0.04324290257481895,-0.03000239731457942,0.1401797631335827,-0.025711672892337237
WK030714,Randenbroek,2022,4.162924386400588,0.0606595352569033,0.006491855301010852,-0.04004501738479892,-0.027995146412048002,0.13891552357455217,-0.016707679821813114
WK030715,Vermeerkwartier,2002,4.215986871172131,0.11372202002844577,NA,NA,NA,NA,NA
WK030715,Vermeerkwartier,2008,4.227167661947991,0.1249028108043054,NA,NA,NA,NA,NA
WK030715,Vermeerkwartier,2012,4.234012617598482,0.13174776645479705,NA,NA,NA,NA,NA
WK030715,Vermeerkwartier,2014,4.2739660832454245,0.17170123210173935,-0.005689175392070034,0.020356414077170572,0.002856649128007466,0.14609485678612802,0.008082487502503066
WK030715,Vermeerkwartier,2016,4.280102175595381,0.17783732445169556,NA,NA,NA,NA,NA
WK030715,Vermeerkwartier,2018,4.294542716940914,0.19227786579722828,-0.013068430615507186,0.020913886031249166,5.207419120109387e-4,0.15199233448676805,0.0319193339827071
WK030715,Vermeerkwartier,2020,4.2792269565157115,0.1769621053720263,-0.012357519657576326,0.0046230927014264045,-0.003264697851340028,0.16831986952387384,0.019641360655642145
WK030715,Vermeerkwartier,2022,4.319652035340665,0.21738718419698003,-0.006899551929403961,0.016131895606392475,7.076204547458121e-4,0.17394878224233948,0.03349843782290589
WK030716,Leusderkwartier,2002,4.196442558140069,0.0941777069963828,NA,NA,NA,NA,NA
WK030716,Leusderkwartier,2008,4.210619387727401,0.1083545365837154,NA,NA,NA,NA,NA
WK030716,Leusderkwartier,2012,4.228804469217691,0.1265396180740053,NA,NA,NA,NA,NA
WK030716,Leusderkwartier,2014,4.2511207368973025,0.14885588575361733,0.012716441135889425,0.021229502318917914,-0.001783622271133214,0.10290724927232069,0.01378631529762226
WK030716,Leusderkwartier,2016,4.297481534082697,0.195216682939011,NA,NA,NA,NA,NA
WK030716,Leusderkwartier,2018,4.280802018701,0.17853716755731475,0.005706117506384768,0.02505345554140754,-2.4285337416647362e-4,0.11557218513370496,0.03244826274998368
WK030716,Leusderkwartier,2020,4.280878991262636,0.17861414011895044,0.007062201620400723,0.01734639346302676,-0.0017653945861271063,0.12698150945314382,0.02898943016850596
WK030716,Leusderkwartier,2022,4.296519216213461,0.1942543650697758,0.008244182861367287,0.03636629557643724,0.004604274715182051,0.11715748653082274,0.027882125385966215
WK030717,De Berg-Zuid,2002,4.155539311774144,0.053274460630459444,NA,NA,NA,NA,NA
WK030717,De Berg-Zuid,2008,4.143622720810096,0.041357869666410654,NA,NA,NA,NA,NA
WK030717,De Berg-Zuid,2012,4.177328330886777,0.07506347974309102,NA,NA,NA,NA,NA
WK030717,De Berg-Zuid,2014,4.257412217799466,0.1551473666557807,0.0022691929702186083,0.009338951065677517,0.007759268153955387,0.10434793219810277,0.03143202226782617
WK030717,De Berg-Zuid,2016,4.238034593522639,0.13576974237895378,NA,NA,NA,NA,NA
WK030717,De Berg-Zuid,2018,4.2750290470111985,0.1727641958675136,-0.00292855085221687,0.01934675511044987,0.005219373749551974,0.1098429255857176,0.04128369227401072
WK030717,De Berg-Zuid,2020,4.269917779947464,0.16765292880377883,0.003191015150294053,0.005039029545567798,0.002047765792897058,0.12468994855427543,0.03268516976074422
WK030717,De Berg-Zuid,2022,4.29748855687745,0.19522370573376496,0.003855382482193037,0.026280650744015806,0.010205640907332664,0.11729621539010959,0.03758581621011363
WK030718,De Berg-Noord,2002,4.397075259145394,0.29481040800170877,NA,NA,NA,NA,NA
WK030718,De Berg-Noord,2008,4.399384966285586,0.29712011514190106,NA,NA,NA,NA,NA
WK030718,De Berg-Noord,2012,4.3828100354285,0.28054518428481473,NA,NA,NA,NA,NA
WK030718,De Berg-Noord,2014,4.435375600839552,0.3331107496958663,-2.54090027734237e-4,0.08925218412157136,0.06855657518693611,0.0946523174559242,0.08090376295916862
WK030718,De Berg-Noord,2016,4.395457479953152,0.2931926288094666,NA,NA,NA,NA,NA
WK030718,De Berg-Noord,2018,4.437370735468297,0.3351058843246118,-4.92506407674881e-4,0.09672430512146632,0.06338475805588266,0.0908890690194235,0.08460025853551396
WK030718,De Berg-Noord,2020,4.435138953606824,0.33287410246313903,0.008574630522206687,0.08306367341695498,0.06040559401891989,0.1000431366314042,0.08078706787365303
WK030718,De Berg-Noord,2022,4.44331833469172,0.3410534835480349,0.010297660094464416,0.09063250414903914,0.06502948357818736,0.09880376925560763,0.07629006647073601
WK030719,Hoogland,2002,4.166464611439294,0.0641997602956085,NA,NA,NA,NA,NA
WK030719,Hoogland,2008,4.17802961217851,0.07576476103482443,NA,NA,NA,NA,NA
WK030719,Hoogland,2012,4.1898534663401,0.08758861519641524,NA,NA,NA,NA,NA
WK030719,Hoogland,2014,4.222853247982331,0.12058839683864594,0.0013139173663026572,0.04497744161259187,0.028357689647683204,0.03216128515065318,0.013778063061414728
WK030719,Hoogland,2016,4.248451764600427,0.14618691345674115,NA,NA,NA,NA,NA
WK030719,Hoogland,2018,4.243248610723784,0.140983759580099,-0.004228953302957603,0.06354597921875979,0.02635379460158722,0.024992966320151414,0.03031997274255789
WK030719,Hoogland,2020,4.246484319754098,0.14421946861041268,-0.002255523649292493,0.05822112994407967,0.026838786414301548,0.04288897354978383,0.018526102351539835
WK030719,Hoogland,2022,4.238810045404491,0.1365451942608058,0.0018081932022383854,0.054875010284483876,0.024191480164792414,0.029864961785851296,0.025805548823439595
WK030720,Zielhorst,2002,4.165502969999037,0.0632381188553512,NA,NA,NA,NA,NA
WK030720,Zielhorst,2008,4.112394388019911,0.010129536876226374,NA,NA,NA,NA,NA
WK030720,Zielhorst,2012,4.1063367890401645,0.0040719378964794144,NA,NA,NA,NA,NA
WK030720,Zielhorst,2014,4.11499170793858,0.01272685679489419,0.0012803009316666764,-0.016566964226856946,-0.005426750353828611,0.04476983528977504,-0.011329564845862243
WK030720,Zielhorst,2016,4.133190240992677,0.030925389848991833,NA,NA,NA,NA,NA
WK030720,Zielhorst,2018,4.159203012849601,0.056938161705916285,0.0046002668457488655,0.010603092169086725,-0.01043762949679594,0.04639896627840705,0.005773465909469307
WK030720,Zielhorst,2020,4.151578875392267,0.04931402424858134,0.009683144131322433,-0.009446503659388025,-0.013088962952380961,0.06621642386295107,-0.004050077133923415
WK030720,Zielhorst,2022,4.1916514305178465,0.08938657937416118,0.011693612569995484,0.01824818338377265,-0.01006422178980165,0.059981721062638486,0.009527284147555933
WK030721,Kattenbroek,2002,4.1725857357043905,0.07032088456070493,NA,NA,NA,NA,NA
WK030721,Kattenbroek,2008,4.132243005772642,0.029978154628956047,NA,NA,NA,NA,NA
WK030721,Kattenbroek,2012,4.137897021823258,0.03563217067957213,NA,NA,NA,NA,NA
WK030721,Kattenbroek,2014,4.166304988080629,0.06404013693694358,0.00529193910605947,0.018621410650785902,-0.002292094864874327,0.04975152569622122,-0.007332643651248924
WK030721,Kattenbroek,2016,4.155383023374705,0.053118172231020395,NA,NA,NA,NA,NA
WK030721,Kattenbroek,2018,4.157668248561607,0.05540339741792215,-9.920583252811845e-5,0.025325721201879217,-0.0038298181929274353,0.020687386857125505,0.013319313384372675
WK030721,Kattenbroek,2020,4.140256318125983,0.03799146698229842,0.002742427776771452,0.012172072829080607,-0.006259931366421854,0.03265476019517712,-0.003317862452309206
WK030721,Kattenbroek,2022,4.14425507856193,0.041990227418244076,0.0031740343399103738,0.010515773286875323,-0.007242244949919851,0.019724469644169674,0.015818195097208273
WK030722,Calveen,2002,4.433518697961207,0.3312538468175227,NA,NA,NA,NA,NA
WK030722,Calveen,2008,4.4079007113983515,0.3056358602546666,NA,NA,NA,NA,NA
WK030722,Calveen,2012,4.3892489856764785,0.2869841345327936,NA,NA,NA,NA,NA
WK030722,Calveen,2014,4.3586030852789035,0.2563382341352187,-0.01720227844442464,0.10191320315820934,0.1026225969259443,0.008068079652213683,0.060936632843275655
WK030722,Calveen,2016,4.327423591912428,0.22515874076874284,NA,NA,NA,NA,NA
WK030722,Calveen,2018,4.361626850906043,0.2593619997623578,-0.01827615615435156,0.08322242017628127,0.1315431909074292,4.937334036624547e-4,0.06237881142933638
WK030722,Calveen,2020,4.331265608357911,0.22900075721422536,-0.018255708428456457,0.07244162817350358,0.10642384358921982,0.008358678523647198,0.0600323153563111
WK030722,Calveen,2022,4.346698499638389,0.244433648494704,-0.015787043145670365,0.09799791469761604,0.10098212597065383,-0.003203924963165217,0.06444457593526966
WK030724,Nieuwland,2002,4.083570877240746,-0.01869397390293919,NA,NA,NA,NA,NA
WK030724,Nieuwland,2008,4.122295714351391,0.02003086320770503,NA,NA,NA,NA,NA
WK030724,Nieuwland,2012,4.104117926595051,0.001853075451365942,NA,NA,NA,NA,NA
WK030724,Nieuwland,2014,4.1228637917817395,0.020598940638054362,-0.012307736622606064,0.03476818546430202,0.012578593642564013,-0.004465634981385209,-0.009974466864820642
WK030724,Nieuwland,2016,4.12683642370106,0.02457157255737427,NA,NA,NA,NA,NA
WK030724,Nieuwland,2018,4.134750904869026,0.03248605372534134,-0.018800122581669076,0.043763145130715456,0.009473546594669856,-0.014711364145064259,0.012760848726689089
WK030724,Nieuwland,2020,4.121196989779615,0.018932138635930452,-0.015853998976857128,0.03466738338403747,0.008725962676906708,-0.0031965863886373133,-0.005410622059519572
WK030724,Nieuwland,2022,4.122757790692738,0.020492939549052413,-0.011105843470734287,0.020612959057236802,0.006860445977535264,-0.014546925771660965,0.018672303756675314
WK030725,De Hoef,2002,4.443020574461926,0.340755723318241,NA,NA,NA,NA,NA
WK030725,De Hoef,2008,4.203790640631641,0.10152578948795576,NA,NA,NA,NA,NA
WK030725,De Hoef,2012,4.332543007910095,0.23027815676640961,NA,NA,NA,NA,NA
WK030725,De Hoef,2014,4.241379842122775,0.13911499097909008,0.08766832614364509,0.05648125897274206,0.03025028149520144,-0.02319733820402181,-0.012087537428477083
WK030725,De Hoef,2016,4.390325659337211,0.28806080819352586,NA,NA,NA,NA,NA
WK030725,De Hoef,2018,4.072986565383163,-0.02927828576052338,0.0385541989908149,-0.01971273950947782,0.054819926962435865,0.0447489887246838,-0.14768866092898067
WK030725,De Hoef,2020,4.102856259015864,5.914078721785898e-4,0.057438312802297956,-0.06948683101089145,0.07824196539353198,0.05902931894244532,-0.12463135825520559
WK030725,De Hoef,2022,4.089479714769145,-0.012785136374540174,0.06627816253953282,-0.10082737161158908,0.07116893646802361,-0.022018496149894033,-0.02738636762061385
WK030726,Hooglanderveen,2002,4.173289035237333,0.07102418409364694,NA,NA,NA,NA,NA
WK030726,Hooglanderveen,2008,4.152541045706096,0.050276194562411065,NA,NA,NA,NA,NA
WK030726,Hooglanderveen,2012,4.181936111777444,0.07967126063375866,NA,NA,NA,NA,NA
WK030726,Hooglanderveen,2014,4.186273625795232,0.08400877465154732,-0.0366420470968541,0.06104403942081864,0.045946751110053724,-0.0014064151364744498,0.015066446354003293
WK030726,Hooglanderveen,2016,4.211514720018842,0.1092498688751565,NA,NA,NA,NA,NA
WK030726,Hooglanderveen,2018,4.197738750003586,0.09547389885990026,-0.021028850163334827,0.06793300345843696,0.039678093182655555,-0.016282442166774574,0.02517409454891686
WK030726,Hooglanderveen,2020,4.210154134164266,0.10788928302058086,-0.017919609051576996,0.05476851509671246,0.04477215768973455,8.529473238433659e-4,0.02541527196186718
WK030726,Hooglanderveen,2022,4.213827307239372,0.11156245609568656,-0.010511998004928223,0.0567053712806411,0.041714529871074206,-0.005069799671905556,0.02872435262080478
WK030727,Hoogland-West,2002,4.313758155660285,0.2114933045165988,NA,NA,NA,NA,NA
WK030727,Hoogland-West,2008,4.331587323786105,0.22932247264241995,NA,NA,NA,NA,NA
WK030727,Hoogland-West,2012,4.375918339550626,0.27365348840694104,NA,NA,NA,NA,NA
WK030727,Hoogland-West,2014,4.371256963085151,0.26899211194146627,-0.007467974297902477,0.09209824288773494,0.12409975583912881,-0.04038807703218914,0.10065016454469386
WK030727,Hoogland-West,2016,4.382435915808207,0.2801710646645221,NA,NA,NA,NA,NA
WK030727,Hoogland-West,2018,4.412648860741653,0.3103840095979684,-0.006512930548786067,0.1164835637778546,0.13104343459450904,-0.03553815434362722,0.10490809611801791
WK030727,Hoogland-West,2020,4.398931886503628,0.2966670353599423,-0.001316528472133995,0.10337682264367197,0.11511299649495563,-0.025709012123451436,0.10520275681689988
WK030727,Hoogland-West,2022,4.385453028699833,0.28318817755614745,0.004920717974124861,0.09689062009159885,0.10751835899294421,-0.03363738678427052,0.10749586728174987
WK030728,Vathorst-De Velden,2002,4.245269716862282,0.14300486571859614,NA,NA,NA,NA,NA
WK030728,Vathorst-De Velden,2008,4.18623251370179,0.08396766255810527,NA,NA,NA,NA,NA
WK030728,Vathorst-De Velden,2012,4.189472281781647,0.0872074306379622,NA,NA,NA,NA,NA
WK030728,Vathorst-De Velden,2014,4.162328759723364,0.06006390857967843,-0.016009745400484235,0.03730318062481757,0.049131328470673245,-0.01127778001657389,9.169249012454537e-4
WK030728,Vathorst-De Velden,2016,4.173844670850703,0.07157981970701745,NA,NA,NA,NA,NA
WK030728,Vathorst-De Velden,2018,4.184200423255958,0.08193557211227233,-0.010083613240314383,0.052894874209795564,0.03346421671477537,-0.020182249759822066,0.02584234418783759
WK030728,Vathorst-De Velden,2020,4.177356455401166,0.07509160425748039,-0.0028791627428440213,0.03927515878076274,0.03198922390109036,-0.004235853052509946,0.010942237370981005
WK030728,Vathorst-De Velden,2022,4.177144798545407,0.0748799474017211,0.005375015421817937,0.028383497544774622,0.028271097453899014,-0.011830552927695701,0.024680889908924978
WK030729,Vathorst-Centrum,2002,4.236684164117752,0.13441931297406626,NA,NA,NA,NA,NA
WK030729,Vathorst-Centrum,2008,4.183130545539528,0.08086569439584279,NA,NA,NA,NA,NA
WK030729,Vathorst-Centrum,2012,4.169410811850338,0.06714596070665309,NA,NA,NA,NA,NA
WK030729,Vathorst-Centrum,2014,4.163012147767281,0.0607472966235962,-0.016895425829188477,0.030409100494810833,0.03589982269729341,0.009385794511980683,0.0019480047486995127
WK030729,Vathorst-Centrum,2016,4.172547744983824,0.07028289384013839,NA,NA,NA,NA,NA
WK030729,Vathorst-Centrum,2018,4.169774392495464,0.06750954135177871,0.0034197022682821167,0.033197634317933225,0.016217517396287944,-0.002799966060135667,0.01747465342941073
WK030729,Vathorst-Centrum,2020,4.170939849038312,0.06867499789462693,0.010287370251934094,0.0176255941253391,0.013776200676708903,0.01188672470253108,0.015099108138113486
WK030729,Vathorst-Centrum,2022,4.17648441821206,0.07421956706837499,0.01520800257805692,0.019530241163915732,0.01042709529349479,0.013742310954575253,0.01531191707833208
WK030730,Vathorst-De Bron,2002,4.061313267856508,-0.040951583287177074,NA,NA,NA,NA,NA
WK030730,Vathorst-De Bron,2008,4.060626545574598,-0.04163830556908762,NA,NA,NA,NA,NA
WK030730,Vathorst-De Bron,2012,4.145544301528302,0.04327945038461628,NA,NA,NA,NA,NA
WK030730,Vathorst-De Bron,2014,4.098891506329962,-0.0033733448137228572,-0.014448085749846707,-0.0012151853665695132,0.029820242800636713,-0.009904805551073186,-0.007625510946870429
WK030730,Vathorst-De Bron,2016,4.136663507040067,0.034398655896381504,NA,NA,NA,NA,NA
WK030730,Vathorst-De Bron,2018,4.1811195643589585,0.07885471321527293,-0.011547872685675342,0.04894495940206613,0.038831388820332984,-0.0076423536448765005,0.01026859132342538
WK030730,Vathorst-De Bron,2020,4.180032962368865,0.07776811122518042,-0.007751092299469188,0.025455961138707215,0.03292638461195631,0.004652630523399309,0.02248422725058639
WK030730,Vathorst-De Bron,2022,4.199129033194524,0.09686418205083858,0.009443023270563853,0.03331226274277286,0.03079564374817427,0.006214758206993837,0.01709849408233354
WK030731,Vathorst-De Laak,2002,4.290763414789835,0.18849856364614961,NA,NA,NA,NA,NA
WK030731,Vathorst-De Laak,2008,4.187422735848832,0.08515788470514693,NA,NA,NA,NA,NA
WK030731,Vathorst-De Laak,2012,4.168342896728779,0.06607804558509381,NA,NA,NA,NA,NA
WK030731,Vathorst-De Laak,2014,4.076940328194522,-0.025324522949162966,-0.013658531283615022,0.004955854547451374,0.0014743489127906216,-0.022474316151866614,0.004378121026076386
WK030731,Vathorst-De Laak,2016,4.087091503888306,-0.015173347255379523,NA,NA,NA,NA,NA
WK030731,Vathorst-De Laak,2018,4.103313904125671,0.0010490529819860664,0.004665221983269284,0.025287773526590163,-0.01336415647503661,-0.025656262925450157,0.010116476872613106
WK030731,Vathorst-De Laak,2020,4.121338013854327,0.019073162710642546,0.0010163903672117786,0.015388158094893897,0.001313576823314026,-0.009717866000594821,0.011072903425817425
WK030731,Vathorst-De Laak,2022,4.151052413293085,0.04878756214939971,0.00167412949117009,0.03219903296846998,0.0194657287728481,-0.024539300215928157,0.019987971132839434
WK030733,Bedrijventerrein Vathorst,2002,4.030214090342572,-0.07205076080111361,NA,NA,NA,NA,NA
WK030733,Bedrijventerrein Vathorst,2008,4.043840773964974,-0.05842407717871101,NA,NA,NA,NA,NA
WK030733,Bedrijventerrein Vathorst,2012,4.2684505803503745,0.16618572920668928,NA,NA,NA,NA,NA
WK030733,Bedrijventerrein Vathorst,2016,4.22624591069772,0.12398105955403516,NA,NA,NA,NA,NA
WK030733,Bedrijventerrein Vathorst,2018,4.317279942355251,0.2150150912115656,-0.0575307155428596,0.1151079838078819,0.07586477699924515,-0.023755106531473502,0.10532815247877181
WK030733,Bedrijventerrein Vathorst,2020,4.340783985489988,0.23851913434630312,-0.06691198135979881,0.11091186839275284,0.09389864656264141,0.0035034618999721934,0.09711713885073481
WK030733,Bedrijventerrein Vathorst,2022,3.749228215817649,-0.35303663532603613,-0.05591476345162871,-0.36881178951087396,-0.03196446493325472,-0.009361008757062472,0.11301539132678345
WK030734,Bosgebied,2002,4.343076106376424,0.2408112552327391,NA,NA,NA,NA,NA
WK030734,Bosgebied,2008,4.280001991278362,0.17773714013467717,NA,NA,NA,NA,NA
WK030734,Bosgebied,2012,4.408709944979605,0.3064450938359195,NA,NA,NA,NA,NA
WK030734,Bosgebied,2014,4.44626980400985,0.3440049528661646,0.05322395076463868,0.09453149680167157,0.09727601795990823,0.028315919535545863,0.07065756780439984
WK030734,Bosgebied,2016,4.487251838053518,0.38498698690983263,NA,NA,NA,NA,NA
WK030734,Bosgebied,2018,4.402590811894706,0.3003259607510212,0.0603693841824144,0.06629878496802753,0.08573956929180451,0.022605992901485066,0.06531222940728941
WK030734,Bosgebied,2020,4.392753162546735,0.29048831140304954,0.06599905249218534,0.08011924757410392,0.06659747350758262,0.03028651801529803,0.04748601981387912
WK030734,Bosgebied,2022,4.30264628652704,0.20038143538335476,0.06349810187392033,0.08950328610977838,0.047071780312798024,0.031024125525398318,-0.03071585843854035
WK030800,Wijk 00 Baarn,2002,4.105162982399345,0.0028981312556601684,NA,NA,NA,NA,NA
WK030800,Wijk 00 Baarn,2008,4.153448598072707,0.05118374692902102,NA,NA,NA,NA,NA
WK030800,Wijk 00 Baarn,2012,4.153807655627015,0.051542804483330394,NA,NA,NA,NA,NA
WK030800,Wijk 00 Baarn,2014,4.155326980685041,0.05306212954135616,0.012968693547124727,0.010225439582377467,0.002080233076363141,0.02671622294521286,0.0010715403902776652
WK030800,Wijk 00 Baarn,2016,4.182649843846492,0.08038499270280619,NA,NA,NA,NA,NA
WK030800,Wijk 00 Baarn,2018,4.172405411007941,0.0701405598642563,0.004668307594821082,0.014763382745771792,0.002372407642172247,0.031551541245435896,0.016784920636055023
WK030800,Wijk 00 Baarn,2020,4.180127839241051,0.07786298809736523,0.0073283067782838685,0.012084634927008748,5.442400300157309e-4,0.0414783336414578,0.01642747272059879
WK030800,Wijk 00 Baarn,2022,4.225633959395584,0.12336910825189865,0.013830138174960847,0.0448779619184468,0.0020447743419948713,0.039559550521668,0.02305668329482787
WK030801,"Wijk 01 Baarn-Noord, Eemdal en Eemland",2002,4.0881502695496446,-0.014114581594041182,NA,NA,NA,NA,NA
WK030801,"Wijk 01 Baarn-Noord, Eemdal en Eemland",2008,4.10215326090885,-1.1159023483599106e-4,NA,NA,NA,NA,NA
WK030801,"Wijk 01 Baarn-Noord, Eemdal en Eemland",2012,4.116718136749597,0.014453285605911696,NA,NA,NA,NA,NA
WK030801,"Wijk 01 Baarn-Noord, Eemdal en Eemland",2014,4.092759585225197,-0.009505265918488126,4.8599093919584984e-4,0.01703501083825428,-0.007854626544270715,-0.011007988071146281,-0.008163653080521523
WK030801,"Wijk 01 Baarn-Noord, Eemdal en Eemland",2016,4.132649902952998,0.030385051809313113,NA,NA,NA,NA,NA
WK030801,"Wijk 01 Baarn-Noord, Eemdal en Eemland",2018,4.113361222948263,0.011096371804577478,-0.0038538217966903737,0.028027212478254845,-0.00918768238961807,-0.006964324087065847,0.0030749875996966495
WK030801,"Wijk 01 Baarn-Noord, Eemdal en Eemland",2020,4.122319607755613,0.02005475661192795,7.648322458240418e-4,0.029236364223385977,-0.010349398821458312,-9.12144594530611e-5,4.941734236290153e-4
WK030801,"Wijk 01 Baarn-Noord, Eemdal en Eemland",2022,4.158438655062716,0.05617380391903129,0.007119414653351761,0.04913833891673953,-0.008284509793730752,-0.001259509701688551,0.00946006984435902
WK030802,Wijk 02 P.H.W.park,2002,4.34163735325281,0.23937250210912478,NA,NA,NA,NA,NA
WK030802,Wijk 02 P.H.W.park,2008,4.42074595421379,0.318481103070104,NA,NA,NA,NA,NA
WK030802,Wijk 02 P.H.W.park,2012,4.417179059141066,0.3149142079973812,NA,NA,NA,NA,NA
WK030802,Wijk 02 P.H.W.park,2014,4.419126279682449,0.31686142853876365,0.047143326596721526,0.1046823749257467,0.09453242541154695,-0.00689604111353934,0.07739934271828756
WK030802,Wijk 02 P.H.W.park,2016,4.423524247267286,0.32125939612360144,NA,NA,NA,NA,NA
WK030802,Wijk 02 P.H.W.park,2018,4.424144505668267,0.3218796545245819,0.03790697555144778,0.1140010475483601,0.09682994494826035,-0.0027238149413747986,0.07586550141788816
WK030802,Wijk 02 P.H.W.park,2020,4.430492401861803,0.32822755071811727,0.04237468193851617,0.10769586436582416,0.09313982233060684,0.006762525611887715,0.07825465647128207
WK030802,Wijk 02 P.H.W.park,2022,4.445041530386491,0.3427766792428056,0.04744113849293613,0.11221796108518048,0.09446098099332505,0.00557778397189945,0.08307881469946422
WK030804,Wijk 04 Buitengebied,2002,4.225196343415462,0.12293149227177708,NA,NA,NA,NA,NA
WK030804,Wijk 04 Buitengebied,2008,4.2127024073227695,0.11043755617908413,NA,NA,NA,NA,NA
WK030804,Wijk 04 Buitengebied,2012,4.30862220362017,0.2063573524764851,NA,NA,NA,NA,NA
WK030804,Wijk 04 Buitengebied,2014,4.277246764960545,0.17498191381685918,0.08044599623789442,0.10437366589357491,0.030601729917424415,-0.05375238758057072,0.013312909348535852
WK030804,Wijk 04 Buitengebied,2016,4.278193769770332,0.17592891862664595,NA,NA,NA,NA,NA
WK030804,Wijk 04 Buitengebied,2018,4.35008203334165,0.24781718219796522,0.09249017634094438,0.1120488819577457,0.05627855180559847,-0.04414441381811712,0.031143985911793442
WK030804,Wijk 04 Buitengebied,2020,4.379577009325557,0.2773121581818717,0.09856056380758292,0.1161846323712579,0.06965515372370891,-0.03525019492260932,0.028162003201930862
WK030804,Wijk 04 Buitengebied,2022,4.3576965457720025,0.2554316946283171,0.07497997607697113,0.12048820586668554,0.07534896562713334,-0.0485287829299227,0.03314332998744953
WK030805,Wijk 05 Lage Vuursche,2002,4.51493268643327,0.41266783528958434,NA,NA,NA,NA,NA
WK030805,Wijk 05 Lage Vuursche,2008,4.491560888044933,0.38929603690124814,NA,NA,NA,NA,NA
WK030805,Wijk 05 Lage Vuursche,2012,4.420838343294455,0.31857349215076985,NA,NA,NA,NA,NA
WK030805,Wijk 05 Lage Vuursche,2014,4.394796493986953,0.29253164284326805,0.09991321275324579,0.08792012906994093,0.11283906508033602,-0.07915542609149993,0.07101466203124494
WK030805,Wijk 05 Lage Vuursche,2016,4.404606927141046,0.30234207599736046,NA,NA,NA,NA,NA
WK030805,Wijk 05 Lage Vuursche,2018,4.370345858063268,0.2680810069195829,0.10483965208451765,0.06868112024532322,0.09883559676864707,-0.07622252047322575,0.07194715829432034
WK030805,Wijk 05 Lage Vuursche,2020,4.369191337639024,0.2669264864953388,0.1067248502348813,0.09852033582298753,0.05827761956297907,-0.07115506577794262,0.07455874665243332
WK030805,Wijk 05 Lage Vuursche,2022,4.390197596250415,0.2879327451067303,0.11554026217813088,0.12549126303435568,0.05144764930047425,-0.07766635734298763,0.07311992793675667
WK031001,Westbroek,2002,4.124399303939391,0.022134452795706104,NA,NA,NA,NA,NA
WK031001,Westbroek,2008,4.079892424452698,-0.022372426690986987,NA,NA,NA,NA,NA
WK031001,Westbroek,2012,4.112201160648866,0.009936309505181427,NA,NA,NA,NA,NA
WK031001,Westbroek,2014,4.140455854954832,0.038191003811146644,-0.01941189207664477,0.04238725550063142,0.07065645846406025,-0.11105990868231616,0.05561909060541568
WK031001,Westbroek,2016,4.181253644294504,0.0789887931508192,NA,NA,NA,NA,NA
WK031001,Westbroek,2018,4.234484097455965,0.13221924631228024,-0.005221557001155445,0.10111866729384113,0.07334934095470473,-0.10378220649311352,0.06675500155800305
WK031001,Westbroek,2020,4.229948767218021,0.12768391607433557,-0.014460270306611588,0.10443974447848751,0.06236817954420754,-0.09059188921766229,0.06592815157591414
WK031001,Westbroek,2022,4.151000839202875,0.04873598805919006,-0.02238412568259345,0.06772721416985701,0.04777066367489889,-0.11044767755432257,0.06606991345134998
WK031002,Hollandsche Rading,2002,4.109013113757866,0.006748262614181329,NA,NA,NA,NA,NA
WK031002,Hollandsche Rading,2008,4.104775431675581,0.0025105805318957346,NA,NA,NA,NA,NA
WK031002,Hollandsche Rading,2012,4.143197123300474,0.04093227215678892,NA,NA,NA,NA,NA
WK031002,Hollandsche Rading,2014,4.156429035441469,0.05416418429778308,0.0030986250695841573,0.03092638522789007,0.06710162504349247,-0.09175630938894958,0.0447938583457656
WK031002,Hollandsche Rading,2016,4.232912175409483,0.13064732426579867,NA,NA,NA,NA,NA
WK031002,Hollandsche Rading,2018,4.222062358309705,0.11979750716601978,-0.0014666919487325973,0.0885020459963689,0.07293690819040681,-0.08560759059078031,0.04543283551875669
WK031002,Hollandsche Rading,2020,4.238408461723917,0.13614361058023167,0.0020212958327717285,0.08656168587869598,0.06691612653273148,-0.06810003463023095,0.048744536966263165
WK031002,Hollandsche Rading,2022,4.210800727649475,0.10853587650578934,0.013191211456894043,0.06530808699112262,0.05983315591625325,-0.0772815489600441,0.04748497110156324
WK031003,Maartensdijk,2002,3.9586776409826037,-0.1435872101610817,NA,NA,NA,NA,NA
WK031003,Maartensdijk,2008,3.9450659111947424,-0.15719893994894282,NA,NA,NA,NA,NA
WK031003,Maartensdijk,2012,3.981802886287089,-0.1204619648565962,NA,NA,NA,NA,NA
WK031003,Maartensdijk,2014,4.038761320985743,-0.06350353015794197,-0.015575818874521228,0.005179892328846679,0.01859655212771289,-0.0778875479996499,0.006183392259669331
WK031003,Maartensdijk,2016,4.084723312959784,-0.017541538183901067,NA,NA,NA,NA,NA
WK031003,Maartensdijk,2018,4.10184333758924,-4.2151355444545937e-4,-0.016643735004938792,0.047491960515704514,0.019173233593381456,-0.061416446769849246,0.010973474111256327
WK031003,Maartensdijk,2020,4.120286387799264,0.0180215366555788,-0.013484043518603958,0.05319094845157174,0.01385899006574943,-0.04636914386837548,0.010824785525236795
WK031003,Maartensdijk,2022,4.08692388234684,-0.015340968796845223,-0.004583957507723782,0.03288457646476865,0.008717433228793354,-0.06205238173746637,0.009693360754782679
WK031004,Groenekan,2002,4.176960363485718,0.07469551234203331,NA,NA,NA,NA,NA
WK031004,Groenekan,2008,4.163203886264377,0.060939035120691355,NA,NA,NA,NA,NA
WK031004,Groenekan,2012,4.176338263451967,0.07407341230828225,NA,NA,NA,NA,NA
WK031004,Groenekan,2014,4.217643279269226,0.11537842812554033,-0.03858315981042067,0.053098382315637425,0.0899613814705877,-0.041871570900725213,0.0527733950504608
WK031004,Groenekan,2016,4.236254779366186,0.1339899282225013,NA,NA,NA,NA,NA
WK031004,Groenekan,2018,4.275081548226631,0.17281669708294545,-0.032372349419600384,0.09507648940836905,0.0878780671480833,-0.03002118093757416,0.0522556708836674
WK031004,Groenekan,2020,4.277675902957247,0.17541105181356206,-0.02959845549642311,0.09568593076132999,0.07794358722148313,-0.020318060949348453,0.05169805027652022
WK031004,Groenekan,2022,4.245753755436191,0.14348890429250555,-0.028856272277007468,0.0707937015159007,0.0729728596642111,-0.027455827416684692,0.056034442806085646
WK031005,De Leijen,2002,4.006487333773812,-0.09577751736987328,NA,NA,NA,NA,NA
WK031005,De Leijen,2008,3.9979038362798214,-0.10436101486386422,NA,NA,NA,NA,NA
WK031005,De Leijen,2012,4.0327936791132855,-0.06947117203039908,NA,NA,NA,NA,NA
WK031005,De Leijen,2014,4.080035666738004,-0.022229184405680686,0.01958502856364209,-0.015005324007306845,-0.005902974713105046,-0.039174899793365726,0.018268985544454587
WK031005,De Leijen,2016,4.141285168712878,0.03902031756919294,NA,NA,NA,NA,NA
WK031005,De Leijen,2018,4.150074576654616,0.04780972551093075,0.026769492418690196,0.03391184639797176,0.0036800820126653977,-0.03093619464700553,0.01438449932860871
WK031005,De Leijen,2020,4.144287664523118,0.042022813379432276,0.027946583787750577,0.042076981178554754,-0.007078832976339416,-0.029968169616053756,0.009046251005519859
WK031005,De Leijen,2022,4.124855906607412,0.02259105546372739,0.028368101295214214,0.03218669476289128,-0.012188758274782907,-0.03474269336815087,0.008967711048555422
WK031006,Bilthoven Noord,2002,4.283263938289567,0.18099908714588117,NA,NA,NA,NA,NA
WK031006,Bilthoven Noord,2008,4.285764192477779,0.18349934133409354,NA,NA,NA,NA,NA
WK031006,Bilthoven Noord,2012,4.257239026044502,0.15497417490081683,NA,NA,NA,NA,NA
WK031006,Bilthoven Noord,2014,4.311571998229303,0.2093071470856176,0.034862376438320505,0.06733579222354197,0.08727638834301131,-0.04929250620893314,0.06912509628967677
WK031006,Bilthoven Noord,2016,4.327283503017673,0.2250186518739877,NA,NA,NA,NA,NA
WK031006,Bilthoven Noord,2018,4.355526858429775,0.2532620072860889,0.0390732317833408,0.11075210721346773,0.08547528049930403,-0.05010483393227463,0.06806622172225062
WK031006,Bilthoven Noord,2020,4.35078928453894,0.24852443339525515,0.04251822011086415,0.10324856087348401,0.08139937310382381,-0.04432623075928074,0.06568451006636365
WK031006,Bilthoven Noord,2022,4.323057968108188,0.22079311696450232,0.04555340792667528,0.08565479330591297,0.07555033400636514,-0.054805707350489674,0.06884028907603833
WK031007,Bilthoven Zuid Oost,2002,4.2413341880920505,0.13906933694836499,NA,NA,NA,NA,NA
WK031007,Bilthoven Zuid Oost,2008,4.246893358656756,0.14462850751307063,NA,NA,NA,NA,NA
WK031007,Bilthoven Zuid Oost,2012,4.237932193057497,0.1356673419138114,NA,NA,NA,NA,NA
WK031007,Bilthoven Zuid Oost,2014,4.2104171596529065,0.10815230850922129,0.029785303935075984,0.045150189447243534,0.027245267359511046,-0.02067028067896594,0.026641828446356413
WK031007,Bilthoven Zuid Oost,2016,4.184155320598629,0.08189046945494427,NA,NA,NA,NA,NA
WK031007,Bilthoven Zuid Oost,2018,4.238920801736704,0.1366559505930184,0.043760474307401556,0.07396830558771382,0.027522455332095016,-0.01982886619765359,0.011233581563461376
WK031007,Bilthoven Zuid Oost,2020,4.250028865191513,0.14776401404782671,0.04824234950899685,0.0638994781125785,0.02223237506535302,-0.011891747787580715,0.025281559148478783
WK031007,Bilthoven Zuid Oost,2022,4.222510939887817,0.12024608874413187,0.04420271340250981,0.06651563321214707,0.025172931167777104,-0.01948314021539932,0.0038379511770969643
WK031008,Bilthoven Zuid West,2002,4.059012893357066,-0.04325195778661955,NA,NA,NA,NA,NA
WK031008,Bilthoven Zuid West,2008,4.080694608837015,-0.021570242306670186,NA,NA,NA,NA,NA
WK031008,Bilthoven Zuid West,2012,4.100913902374951,-0.0013509487687343297,NA,NA,NA,NA,NA
WK031008,Bilthoven Zuid West,2014,4.0381816292706505,-0.06408322187303506,-0.0015590640045701585,-0.017174431906576165,-0.02981711768442358,-0.005824145570021616,-0.009708462707443815
WK031008,Bilthoven Zuid West,2016,4.033974367589659,-0.06829048355402581,NA,NA,NA,NA,NA
WK031008,Bilthoven Zuid West,2018,4.067527239289752,-0.034737611853933315,0.0010929015623517685,-0.011086671436935999,-0.025662744870920857,0.004538483644053646,-0.0036195807524821615
WK031008,Bilthoven Zuid West,2020,4.08289646724124,-0.019368383902445187,0.004395746510713359,-0.006206192385625919,-0.02286686890798601,0.010984604000941875,-0.005675673120488783
WK031008,Bilthoven Zuid West,2022,4.063456736646125,-0.038808114497560386,9.289255057313034e-4,-0.011209050649510315,-0.02141571163794109,0.0026560955090113273,-0.009768373224851915
WK031009,De Bilt West,2002,4.156817089066378,0.054552237922692974,NA,NA,NA,NA,NA
WK031009,De Bilt West,2008,4.168677741484232,0.06641289034054644,NA,NA,NA,NA,NA
WK031009,De Bilt West,2012,4.185717387062094,0.08345253591840895,NA,NA,NA,NA,NA
WK031009,De Bilt West,2014,4.139115232027948,0.036850380884263415,-0.0014707235478978935,-0.00556026735841437,-0.001771308327555665,0.0371181903388336,0.008534489779297485
WK031009,De Bilt West,2016,4.178215899460897,0.0759510483172111,NA,NA,NA,NA,NA
WK031009,De Bilt West,2018,4.216773028059633,0.1145081769159469,-0.0021163256307220033,0.035432664210121013,0.005626758796245859,0.061106044855572,0.014459034684729767
WK031009,De Bilt West,2020,4.231722821818889,0.12945797067520323,0.006622327750821707,0.02900324569789511,0.004069220962685054,0.07162548903975516,0.018137687224045962
WK031009,De Bilt West,2022,4.224735269345186,0.12247041820150131,0.005177393378358073,0.030098024899978662,0.005199929180732386,0.06475543324243055,0.017239637500001313
WK031010,De Bilt Oost,2002,4.164085097266095,0.06182024612240965,NA,NA,NA,NA,NA
WK031010,De Bilt Oost,2008,4.148806629796243,0.046541778652558,NA,NA,NA,NA,NA
WK031010,De Bilt Oost,2012,4.15720958909669,0.05494473795300378,NA,NA,NA,NA,NA
WK031010,De Bilt Oost,2014,4.119435202291964,0.017170351148278307,-0.0025966731507739453,-0.013779957627837033,-0.01451104453916935,0.04478553956514741,0.0032724869009109
WK031010,De Bilt Oost,2016,4.149731903438856,0.047467052295171265,NA,NA,NA,NA,NA
WK031010,De Bilt Oost,2018,4.172973229473242,0.07070837832955684,-6.59850301629967e-4,0.012706903388766769,-0.013402992413963297,0.07408385848030599,-0.002019540823922912
WK031010,De Bilt Oost,2020,4.185658507251988,0.08339365610830278,0.004268427989758882,0.006225096263229056,-0.01708803277893054,0.08693239128782192,0.0030557733464232142
WK031010,De Bilt Oost,2022,4.173962891901463,0.071698040757778,0.006169521309546229,0.004761790080889723,-0.014660066171533695,0.07625011874629564,-8.233232074201664e-4
WK031200,Wijk 00 Bunnik,2002,4.214861184498612,0.11259633335492733,NA,NA,NA,NA,NA
WK031200,Wijk 00 Bunnik,2008,4.254612907897604,0.15234805675391885,NA,NA,NA,NA,NA
WK031200,Wijk 00 Bunnik,2012,4.252144448688107,0.14987959754442104,NA,NA,NA,NA,NA
WK031200,Wijk 00 Bunnik,2014,4.2517910325349675,0.14952618139128213,-0.008682030142491354,0.07725535446946037,0.027158603401997748,0.03608559617297259,0.017708657489342517
WK031200,Wijk 00 Bunnik,2016,4.2549529417084795,0.15268809056479407,NA,NA,NA,NA,NA
WK031200,Wijk 00 Bunnik,2018,4.279223136950818,0.17695828580713238,-0.006818999112440995,0.09534470649303507,0.029597297142616864,0.04200062828145291,0.016834653002468204
WK031200,Wijk 00 Bunnik,2020,4.295540173161286,0.1932753220176008,-0.0023826935480314596,0.0957842584449434,0.03065184979611615,0.05127390318247117,0.01794800414210127
WK031200,Wijk 00 Bunnik,2022,4.253207808311418,0.1509429571677327,-0.0034521961836547475,0.07594115268031139,0.024768057296819457,0.03622611274060084,0.0174598306336555
WK031201,Wijk 01 Odijk,2002,4.12473702736061,0.02247217621692567,NA,NA,NA,NA,NA
WK031201,Wijk 01 Odijk,2008,4.136692322302969,0.03442747115928462,NA,NA,NA,NA,NA
WK031201,Wijk 01 Odijk,2012,4.174366273546392,0.07210142240270613,NA,NA,NA,NA,NA
WK031201,Wijk 01 Odijk,2014,4.1912190939705445,0.08895424282685914,-0.008066649489379615,0.07676919852704178,0.031882862366645184,-0.027567378698170962,0.01593621012072248
WK031201,Wijk 01 Odijk,2016,4.171577477314064,0.06931262617037881,NA,NA,NA,NA,NA
WK031201,Wijk 01 Odijk,2018,4.196595241851329,0.09433039070764289,-0.014712232552375405,0.08647803672086962,0.03474042300561501,-0.02981170138324106,0.01763586491677444
WK031201,Wijk 01 Odijk,2020,4.220543526398041,0.11827867525435572,-0.013349249830224598,0.08876398351794053,0.03901461067885623,-0.015487664632275949,0.019336995520059182
WK031201,Wijk 01 Odijk,2022,4.208299608091303,0.10603475694761748,-0.008362529625639197,0.07756049745265092,0.04097455895434199,-0.026839495756552856,0.022701725922816367
WK031202,Wijk 02 Werkhoven,2002,4.080511548204198,-0.02175330293948749,NA,NA,NA,NA,NA
WK031202,Wijk 02 Werkhoven,2008,4.107377570259408,0.0051127191157233605,NA,NA,NA,NA,NA
WK031202,Wijk 02 Werkhoven,2012,4.1397923057003965,0.03752745455671178,NA,NA,NA,NA,NA
WK031202,Wijk 02 Werkhoven,2014,4.175841178778152,0.07357632763446693,-0.015422618158501905,0.11053777024363169,0.059146311404870054,-0.11750606363307628,0.03682092777754309
WK031202,Wijk 02 Werkhoven,2016,4.18198853991494,0.07972368877125467,NA,NA,NA,NA,NA
WK031202,Wijk 02 Werkhoven,2018,4.180605234109547,0.07834038296586159,-0.0121582792817476,0.1121921482310303,0.057505888227850396,-0.1191211433116398,0.03992176910036795
WK031202,Wijk 02 Werkhoven,2020,4.2041101101776475,0.10184525903396295,-0.011979680680031773,0.1280486323605426,0.05133369089634156,-0.11020543582841197,0.04464805228552224
WK031202,Wijk 02 Werkhoven,2022,4.171303495862862,0.06903864471917734,-0.00537816298645539,0.1036250602092728,0.04721413711576321,-0.11741509035364367,0.04099270073424013
WK031300,Wijk 00,2002,4.068494570362825,-0.03377028078086083,NA,NA,NA,NA,NA
WK031300,Wijk 00,2008,4.047685415143363,-0.054579436000322175,NA,NA,NA,NA,NA
WK031300,Wijk 00,2012,4.078722544951465,-0.02354230619221965,NA,NA,NA,NA,NA
WK031300,Wijk 00,2014,4.0933896146763376,-0.008875236467347192,0.0036111471463787944,0.05249231188501534,0.032918164956907296,-0.09222307712410698,-0.005673783331541918
WK031300,Wijk 00,2016,4.115213966571656,0.012949115427970937,NA,NA,NA,NA,NA
WK031300,Wijk 00,2018,4.09523971616464,-0.007025134979045628,2.5464778898931674e-4,0.049442648871448426,0.030305030392193462,-0.09381936926589139,0.006791907234214275
WK031300,Wijk 00,2020,4.1370246482302795,0.034759797086594414,0.0019766642887819887,0.03726708902659087,0.02969727719471908,-0.044017326651778564,0.009836093228280747
WK031300,Wijk 00,2022,4.146312629219204,0.04404777807551825,0.005996595738951718,0.03896296604987317,0.028108968788361513,-0.04578918149976692,0.016768428998098522
WK031702,Eemnes,2002,4.184691685323596,0.08242683417991066,NA,NA,NA,NA,NA
WK031702,Eemnes,2008,4.140617366868257,0.038352515724571545,NA,NA,NA,NA,NA
WK031702,Eemnes,2012,4.176887794582414,0.07462294343872834,NA,NA,NA,NA,NA
WK031702,Eemnes,2014,4.1833778050776855,0.08111295393399987,0.012549492209284054,0.04394294159232408,0.027772281266303954,-0.027607400614062035,0.024455639480149553
WK031702,Eemnes,2016,4.2066494510397074,0.10438459989602225,NA,NA,NA,NA,NA
WK031702,Eemnes,2018,4.181796439373731,0.07953158823004551,0.009069339661269245,0.040974884703485745,0.03144383694955135,-0.029997582323105784,0.028041109238844637
WK031702,Eemnes,2020,4.204676088004612,0.10241123686092639,0.014107086823108681,0.049312055233405504,0.03073650047866099,-0.01893877896576909,0.027194373291520045
WK031702,Eemnes,2022,4.195296732053693,0.09303188091000862,0.01695222824819256,0.04469350247591938,0.0306854651894952,-0.028162590398963436,0.028863275395364627
WK032110,Houten Noord-West,2002,4.131808744885748,0.029543893742063055,NA,NA,NA,NA,NA
WK032110,Houten Noord-West,2008,4.149941085683551,0.04767623453986621,NA,NA,NA,NA,NA
WK032110,Houten Noord-West,2012,4.194944402813086,0.0926795516694003,NA,NA,NA,NA,NA
WK032110,Houten Noord-West,2014,4.239997262196966,0.13773241105328105,-0.0025590635734199355,0.06250701695894863,0.01234808633591388,0.046080409571822044,0.019355961760016138
WK032110,Houten Noord-West,2016,4.243539198776096,0.14127434763241115,NA,NA,NA,NA,NA
WK032110,Houten Noord-West,2018,4.2298371026288395,0.12757225148515464,-0.008699928523780738,0.05601772014215251,0.0076415295133550245,0.050892855384322436,0.021720074969105142
WK032110,Houten Noord-West,2020,4.220740512674246,0.11847566153056144,-0.00489737160570277,0.05821614061345788,0.005932578082368053,0.037112601455106795,0.02211171298533118
WK032110,Houten Noord-West,2022,4.198158198908402,0.09589334776471699,-8.240069699799026e-4,0.060316117747105207,0.008483534665405277,0.0036648940000023915,0.024252808322183732
WK032111,Houten Noord-Oost,2002,4.045711880501704,-0.056552970641980824,NA,NA,NA,NA,NA
WK032111,Houten Noord-Oost,2008,4.077136687653588,-0.025128163490097874,NA,NA,NA,NA,NA
WK032111,Houten Noord-Oost,2012,4.106645020295789,0.004380169152103696,NA,NA,NA,NA,NA
WK032111,Houten Noord-Oost,2014,4.155045399067177,0.05278054792349157,0.008185031578582611,0.022915004306652033,-0.0201825171222377,0.03545067070557372,0.006412358454920633
WK032111,Houten Noord-Oost,2016,4.169990785675246,0.06772593453156077,NA,NA,NA,NA,NA
WK032111,Houten Noord-Oost,2018,4.151840104148005,0.04957525300431985,0.008239797631741682,0.015266899390718484,-0.022778144600614104,0.04357157795943548,0.005275122623038058
WK032111,Houten Noord-Oost,2020,4.1535093433138615,0.05124449217017601,0.01008112568712386,0.015790106877422064,-0.022811416706935907,0.04192433460081571,0.006260341711750002
WK032111,Houten Noord-Oost,2022,4.101719643489222,-5.452076544635067e-4,0.01267972540685376,0.012043263259904189,-0.020530918574714473,-0.012242489012452909,0.007505211265945616
WK032112,Houten Zuid-West,2002,4.014974221882372,-0.08729062926131367,NA,NA,NA,NA,NA
WK032112,Houten Zuid-West,2008,4.172449336294481,0.07018448515079612,NA,NA,NA,NA,NA
WK032112,Houten Zuid-West,2012,4.143016519853638,0.040751668709952435,NA,NA,NA,NA,NA
WK032112,Houten Zuid-West,2014,4.121285401356977,0.01902055021329211,-0.023108913067220543,0.053667445936940616,0.022805968026306637,-0.034159574018029534,-1.8437666470534614e-4
WK032112,Houten Zuid-West,2016,4.143411678094802,0.04114682695111666,NA,NA,NA,NA,NA
WK032112,Houten Zuid-West,2018,4.157872882151747,0.05560803100806228,-0.020316550574576826,0.07042218299768441,0.019073104228842945,-0.022184941485313452,0.008614235841424941
WK032112,Houten Zuid-West,2020,4.138452154733005,0.03618730358932008,-0.015090932348705328,0.0696628901108138,0.012491952668746552,-0.04390694143557449,0.01303033459403931
WK032112,Houten Zuid-West,2022,4.117057170945662,0.014792319801977098,-0.01732544506682206,0.05911902845997309,0.015363749273438088,-0.0604862453407349,0.018121232476122615
WK032113,Houten Zuid-Oost,2002,4.137469545117216,0.03520469397353067,NA,NA,NA,NA,NA
WK032113,Houten Zuid-Oost,2008,4.178397483969441,0.07613263282575604,NA,NA,NA,NA,NA
WK032113,Houten Zuid-Oost,2012,4.1582376567136645,0.05597280556997923,NA,NA,NA,NA,NA
WK032113,Houten Zuid-Oost,2014,4.16663367521538,0.0643688240716946,-0.0070804143262453625,0.07322564099085047,0.03130538205036828,-0.04756129446363643,0.014479509820357414
WK032113,Houten Zuid-Oost,2016,4.1690373092427935,0.06677245809910784,NA,NA,NA,NA,NA
WK032113,Houten Zuid-Oost,2018,4.172533465776854,0.0702686146331683,-0.0021020030824180267,0.08243450551838828,0.026746257119381923,-0.058226367349707424,0.02141622242752328
WK032113,Houten Zuid-Oost,2020,4.175532267473419,0.07326741632973403,0.0016956302888041525,0.08552074797551193,0.025396690509751036,-0.06073551904245947,0.021389866598126125
WK032113,Houten Zuid-Oost,2022,4.15075850227107,0.04849365112738455,0.004364113282528632,0.07291288380923629,0.023517847783801667,-0.07519972006122334,0.02289852631304105
WK032120,Houten Buitengebied,2002,4.287381108921031,0.18511625777734603,NA,NA,NA,NA,NA
WK032120,Houten Buitengebied,2008,4.310341042126804,0.20807619098311872,NA,NA,NA,NA,NA
WK032120,Houten Buitengebied,2012,4.336847948861568,0.23458309771788236,NA,NA,NA,NA,NA
WK032120,Houten Buitengebied,2014,4.391536315086434,0.289271463942748,-0.07047761407686846,0.11948394754884256,0.18341494883196094,-0.02106546741945622,0.0779156490582689
WK032120,Houten Buitengebied,2016,4.427303991532232,0.3250391403885462,NA,NA,NA,NA,NA
WK032120,Houten Buitengebied,2018,4.402715597168883,0.300450746025198,-0.05082856928181706,0.10139120387003496,0.17617855249927172,-0.018411050020784123,0.09212060895849221
WK032120,Houten Buitengebied,2020,4.327891888489651,0.2256270373459653,-0.04602957489263953,0.11213323192521656,0.10025357921104643,-0.02491472453857587,0.08418452564091737
WK032120,Houten Buitengebied,2022,4.2989277369236,0.1966628857799143,-0.04445865971757677,0.09586830428963777,0.10673249468743043,-0.052369150114437414,0.0908898966348599
WK032130,'t Goy,2002,4.18590124284345,0.08363639169976438,NA,NA,NA,NA,NA
WK032130,'t Goy,2008,4.163732302839682,0.061467451695996565,NA,NA,NA,NA,NA
WK032130,'t Goy,2012,4.18182851871296,0.07956366756927487,NA,NA,NA,NA,NA
WK032130,'t Goy,2014,4.161420536116894,0.059155684973208035,-0.02052686995933423,0.14147820950066464,0.06341469769499714,-0.18347837009251236,0.05826801782939255
WK032130,'t Goy,2016,4.227641990954259,0.1253771398105741,NA,NA,NA,NA,NA
WK032130,'t Goy,2018,4.1672747292523855,0.06500987810870008,-0.011690347723426144,0.12892528524873825,0.06094038500231706,-0.1782136552648808,0.06504821084595135
WK032130,'t Goy,2020,4.149736566901955,0.0474717157582697,-0.019444169058738234,0.12160568367016948,0.05778358315717554,-0.17877733564582823,0.06630395363549077
WK032130,'t Goy,2022,4.145542560632603,0.043277709488917904,-0.004729397857009648,0.11716929436602497,0.061745405049477925,-0.18572430254899533,0.054816710479419696
WK032131,'t Goy Buitengebied,2002,4.179336562863716,0.07707171172003055,NA,NA,NA,NA,NA
WK032131,'t Goy Buitengebied,2008,4.209362306683972,0.1070974555402871,NA,NA,NA,NA,NA
WK032131,'t Goy Buitengebied,2012,4.226413319877062,0.12414846873337645,NA,NA,NA,NA,NA
WK032131,'t Goy Buitengebied,2014,4.217690962634756,0.11542611149107057,-0.04686018825314831,0.15376527652485747,0.0954843446647441,-0.16547985164352286,0.07851653019814002
WK032131,'t Goy Buitengebied,2016,4.246525278802845,0.14426042765915947,NA,NA,NA,NA,NA
WK032131,'t Goy Buitengebied,2018,4.228975532586683,0.12671068144299832,-0.02472944947398209,0.13961544553786887,0.09290309612040164,-0.1633861683573937,0.08230775761610323
WK032131,'t Goy Buitengebied,2020,4.231177383734813,0.12891253259112748,-0.028626597760706158,0.1404036022052466,0.10214206260215804,-0.1660706697014172,0.08106413524584581
WK032131,'t Goy Buitengebied,2022,4.195879489651222,0.0936146385075373,-0.02925077087231258,0.11801944372288177,0.09748784768074495,-0.17409316684539314,0.08145128482161622
WK032140,Tull en 't Waal,2002,4.145167797631589,0.04290294648790319,NA,NA,NA,NA,NA
WK032140,Tull en 't Waal,2008,4.122120764661653,0.019855913517967307,NA,NA,NA,NA,NA
WK032140,Tull en 't Waal,2012,4.15696730165196,0.05470245050827537,NA,NA,NA,NA,NA
WK032140,Tull en 't Waal,2014,4.211319957187344,0.10905510604365828,0.0023757670937714164,0.11693943150603354,0.08913277895477477,-0.15300205890084828,0.0536091873899265
WK032140,Tull en 't Waal,2016,4.177779000572161,0.07551414942847559,NA,NA,NA,NA,NA
WK032140,Tull en 't Waal,2018,4.223347035018684,0.12108218387499939,0.0091086478308751,0.12080672529439634,0.07811411658689477,-0.14434259904759883,0.057395293210431776
WK032140,Tull en 't Waal,2020,4.202851600613546,0.10058674946986079,0.01118833683176355,0.11856587804462228,0.06919993143509535,-0.13909383608145298,0.04072643923983243
WK032140,Tull en 't Waal,2022,4.1937817760962055,0.0915169249525199,0.004749649118529801,0.10921891600789907,0.07222218904179323,-0.1523873813021924,0.05771355208648996
WK032150,Schalkwijk,2002,4.100134010293372,-0.0021308408503130207,NA,NA,NA,NA,NA
WK032150,Schalkwijk,2008,4.100994086366721,-0.0012707647769638073,NA,NA,NA,NA,NA
WK032150,Schalkwijk,2012,4.109473551994472,0.007208700850787038,NA,NA,NA,NA,NA
WK032150,Schalkwijk,2014,4.145123713016347,0.04285886187266215,-0.03513048763765936,0.12143312333085549,0.062095297614470475,-0.1601746377363674,0.05463556630136267
WK032150,Schalkwijk,2016,4.163208261068358,0.06094340992467321,NA,NA,NA,NA,NA
WK032150,Schalkwijk,2018,4.170275941115759,0.06801108997207383,-0.02609151772764474,0.12270475450346095,0.061511034479348047,-0.14945627855241556,0.05934309726932498
WK032150,Schalkwijk,2020,4.16595767797746,0.06369282683377442,-0.027551372516731055,0.1270648174592463,0.051451833145722395,-0.14352288374096434,0.05625043248650083
WK032150,Schalkwijk,2022,4.14428691724883,0.0420220661051447,-0.022356578114496466,0.11723426182466345,0.04968446119603081,-0.15768950716354696,0.05514942836249354
WK032151,Schalkwijk Buitengebied,2002,4.1635795856508695,0.061314734507184304,NA,NA,NA,NA,NA
WK032151,Schalkwijk Buitengebied,2008,4.196986302794131,0.09472145165044521,NA,NA,NA,NA,NA
WK032151,Schalkwijk Buitengebied,2012,4.195066606875263,0.09280175573157712,NA,NA,NA,NA,NA
WK032151,Schalkwijk Buitengebied,2014,4.2170151781262755,0.11475032698259037,-0.048615659508212124,0.155934306509927,0.10442706963639303,-0.18374522175148217,0.08674983209596421
WK032151,Schalkwijk Buitengebied,2016,4.199877700931214,0.09761284978752963,NA,NA,NA,NA,NA
WK032151,Schalkwijk Buitengebied,2018,4.24291270345724,0.14064785231355442,-0.028988879926127843,0.1468181557249202,0.11313537768032178,-0.17904215401500403,0.088725352849444
WK032151,Schalkwijk Buitengebied,2020,4.244592059537458,0.14232720839377322,-0.03357175297142122,0.14009437912428827,0.11661293820673505,-0.17059272782609505,0.08978437186026593
WK032151,Schalkwijk Buitengebied,2022,4.222623233640296,0.12035838249661032,-0.023555675618589646,0.12459247511705417,0.11152351859551833,-0.1831792720841741,0.0909773364868012
WK032700,Wijk 00 Leusden-Centrum Oost,2002,4.059135495632132,-0.043129355511552614,NA,NA,NA,NA,NA
WK032700,Wijk 00 Leusden-Centrum Oost,2008,4.063994833314956,-0.03827001782872932,NA,NA,NA,NA,NA
WK032700,Wijk 00 Leusden-Centrum Oost,2012,4.085115469992478,-0.017149381151207576,NA,NA,NA,NA,NA
WK032700,Wijk 00 Leusden-Centrum Oost,2014,4.134595720095252,0.03233086895156664,0.016095667057882544,0.0358902227232432,0.010586606527456738,-0.0422728510011145,0.012031223644098367
WK032700,Wijk 00 Leusden-Centrum Oost,2016,4.122111973945924,0.01984712280223877,NA,NA,NA,NA,NA
WK032700,Wijk 00 Leusden-Centrum Oost,2018,4.177053106455233,0.07478825531154813,0.01296538978114756,0.05474220791732699,0.014125944925060335,-0.024161744424673826,0.01711645711268677
WK032700,Wijk 00 Leusden-Centrum Oost,2020,4.1940660429378624,0.09180119179417688,0.01128468068621505,0.06487787195133368,0.012478472263265296,-0.013418089773923845,0.016578256667286427
WK032700,Wijk 00 Leusden-Centrum Oost,2022,4.209788278752567,0.10752342760888213,0.019834669777347883,0.07030086901892371,0.01669134363840259,-0.014524772259158944,0.015221317433366605
WK032701,Wijk 01 Leusden-Centrum West,2002,4.116767393776296,0.014502542632611116,NA,NA,NA,NA,NA
WK032701,Wijk 01 Leusden-Centrum West,2008,4.109554149488658,0.007289298344972359,NA,NA,NA,NA,NA
WK032701,Wijk 01 Leusden-Centrum West,2012,4.128768326683678,0.026503475539993358,NA,NA,NA,NA,NA
WK032701,Wijk 01 Leusden-Centrum West,2014,4.162597809081646,0.06033295793796091,0.009773026996431917,0.056404136005789814,0.024644887192876407,-0.03005283944078033,-4.362528163571925e-4
WK032701,Wijk 01 Leusden-Centrum West,2016,4.167627314351401,0.06536246320771617,NA,NA,NA,NA,NA
WK032701,Wijk 01 Leusden-Centrum West,2018,4.209374050137227,0.10710919899354224,0.004692279901495475,0.07731736398206214,0.02244891160522952,-0.011519584745923697,0.014170228250678546
WK032701,Wijk 01 Leusden-Centrum West,2020,4.225508195181746,0.12324334403806134,0.006194497080658253,0.07747336445868261,0.021182590635934095,0.0029789233056303345,0.01541396855715574
WK032701,Wijk 01 Leusden-Centrum West,2022,4.2499066441175,0.14764179297381436,0.016313154844223646,0.08117157965572214,0.02508552918281931,0.006115957002452353,0.018955572288596657
WK032702,Wijk 02 Leusden-Zuid,2002,4.177806419147793,0.07554156800410806,NA,NA,NA,NA,NA
WK032702,Wijk 02 Leusden-Zuid,2008,4.127493026722728,0.02522817557904309,NA,NA,NA,NA,NA
WK032702,Wijk 02 Leusden-Zuid,2012,4.240859557763886,0.13859470662020093,NA,NA,NA,NA,NA
WK032702,Wijk 02 Leusden-Zuid,2014,4.247334235259458,0.1450693841157721,0.012727777909266673,0.08569459380118223,0.05679666580204839,-0.04339463924062731,0.03324498584390189
WK032702,Wijk 02 Leusden-Zuid,2016,4.251167709553512,0.1489028584098263,NA,NA,NA,NA,NA
WK032702,Wijk 02 Leusden-Zuid,2018,4.259805400673008,0.15754054952932225,0.0067333198369539625,0.08460997290518664,0.05741414504870194,-0.0238288524958447,0.03261196423432411
WK032702,Wijk 02 Leusden-Zuid,2020,4.275429922862597,0.17316507171891157,0.012435937683914515,0.09428490230337805,0.046309641951600096,-0.01354837942241835,0.03368296920243697
WK032702,Wijk 02 Leusden-Zuid,2022,4.298648042835748,0.19638319169206306,0.021049770747228656,0.10087957775696627,0.051726650611238434,-0.012772942096374784,0.035500134673004204
WK032703,Wijk 03 Achterveld,2002,4.134396637303084,0.032131786159398136,NA,NA,NA,NA,NA
WK032703,Wijk 03 Achterveld,2008,4.151578787896806,0.049313936753121214,NA,NA,NA,NA,NA
WK032703,Wijk 03 Achterveld,2012,4.145796677148114,0.043531826004429224,NA,NA,NA,NA,NA
WK032703,Wijk 03 Achterveld,2014,4.206546732297269,0.10428188115358476,-0.011216984298796208,0.10568140136564398,0.06443136453972864,-0.09690754103408145,0.042293640581089476
WK032703,Wijk 03 Achterveld,2016,4.231167449895356,0.12890259875166973,NA,NA,NA,NA,NA
WK032703,Wijk 03 Achterveld,2018,4.211065600135388,0.10880074899170329,-0.004768373131414275,0.10434850103414266,0.06448827560650953,-0.09839767878838303,0.0431300242708482
WK032703,Wijk 03 Achterveld,2020,4.17830086961247,0.07603601846878545,-0.009948550025584863,0.09130030628121238,0.0472222817331224,-0.09423844275835132,0.04170042323838657
WK032703,Wijk 03 Achterveld,2022,4.211047818150149,0.10878296700646337,-0.0014213147513543686,0.1169198200807736,0.05284021446778981,-0.09593969068023342,0.03638393788948745
WK032704,Wijk 04 Stoutenburg,2002,4.35450793031624,0.25224307917255523,NA,NA,NA,NA,NA
WK032704,Wijk 04 Stoutenburg,2008,4.281055461934835,0.1787906107911499,NA,NA,NA,NA,NA
WK032704,Wijk 04 Stoutenburg,2012,4.2920743933149454,0.18980954217126003,NA,NA,NA,NA,NA
WK032704,Wijk 04 Stoutenburg,2014,4.302214128354727,0.19994927721104144,-0.05800206566959455,0.10540892673441749,0.15084920958587164,-0.07048445329574857,0.07217765985609514
WK032704,Wijk 04 Stoutenburg,2016,4.299813249319048,0.19754839817536324,NA,NA,NA,NA,NA
WK032704,Wijk 04 Stoutenburg,2018,4.311218446019682,0.20895359487599705,-0.03873891544687729,0.11690980424419851,0.12676057989510786,-0.0696952532538641,0.07371737943743188
WK032704,Wijk 04 Stoutenburg,2020,4.278256834469164,0.17599198332547872,-0.048325173235319666,0.11569305620116967,0.09172770844933331,-0.05949092391125829,0.07638731582155325
WK032704,Wijk 04 Stoutenburg,2022,4.29908294082302,0.1968180896793341,-0.04806887769652518,0.1331033006366284,0.09433326508073271,-0.05558688924650032,0.07303729090499826
WK032705,Wijk 05 't Ruige Veld,2002,4.146282325352757,0.044017474209072274,NA,NA,NA,NA,NA
WK032705,Wijk 05 't Ruige Veld,2008,4.116685150676908,0.014420299533222315,NA,NA,NA,NA,NA
WK032705,Wijk 05 't Ruige Veld,2012,4.117994920812851,0.015730069669165934,NA,NA,NA,NA,NA
WK032705,Wijk 05 't Ruige Veld,2014,4.1289512365410515,0.026686385397365984,0.010833559397816078,0.03878466943320627,-0.005464155614018875,-0.03302357161955455,0.015555883799916764
WK032705,Wijk 05 't Ruige Veld,2016,4.107792938271494,0.005528087127808891,NA,NA,NA,NA,NA
WK032705,Wijk 05 't Ruige Veld,2018,4.118044886265269,0.015780035121583807,0.0027579324296112453,0.04588697729841482,-0.006557434396204133,-0.0433474526751516,0.017040012464913188
WK032705,Wijk 05 't Ruige Veld,2020,4.135877825211026,0.03361297406734056,0.00635890515885401,0.04841428289529424,-0.006998506397138743,-0.0302344527800173,0.016072745190348094
WK032705,Wijk 05 't Ruige Veld,2022,4.15597963995441,0.053714788810724154,0.009028520592619499,0.05451908585001329,-0.0017478559247506,-0.02077161990831293,0.012686658201154576
WK033100,"Wijk 00 Lopik, Benschop en Polsbroek",2002,4.00417032936272,-0.09809452178096502,NA,NA,NA,NA,NA
WK033100,"Wijk 00 Lopik, Benschop en Polsbroek",2008,4.017271817144594,-0.08499303399909162,NA,NA,NA,NA,NA
WK033100,"Wijk 00 Lopik, Benschop en Polsbroek",2012,4.031583764699231,-0.07068108644445359,NA,NA,NA,NA,NA
WK033100,"Wijk 00 Lopik, Benschop en Polsbroek",2014,4.039869295255776,-0.062395555887909376,-0.015362228468758288,0.03581630782730323,0.05440872007240934,-0.15438277475433948,0.017124419435475532
WK033100,"Wijk 00 Lopik, Benschop en Polsbroek",2016,4.048023621614034,-0.054241229529652164,NA,NA,NA,NA,NA
WK033100,"Wijk 00 Lopik, Benschop en Polsbroek",2018,4.064905133459355,-0.03735971768433026,-0.011391050663100677,0.04751856795845722,0.049658902574361265,-0.14580687503623843,0.022660737482190087
WK033100,"Wijk 00 Lopik, Benschop en Polsbroek",2020,4.088384053330804,-0.013880797812880647,-0.008977173947684079,0.06521510309381942,0.042261567947911374,-0.1393870951970132,0.027006800290085526
WK033100,"Wijk 00 Lopik, Benschop en Polsbroek",2022,4.057273579721748,-0.04499127142193681,-0.009423196772580677,0.04523344907652227,0.04402995721264697,-0.1531263690713045,0.028294888132778848
WK033500,Wijk 00,2002,4.11057727818933,0.008312427045644903,NA,NA,NA,NA,NA
WK033500,Wijk 00,2008,4.146781111886653,0.0445162607429675,NA,NA,NA,NA,NA
WK033500,Wijk 00,2012,4.157323619510207,0.05505876836652119,NA,NA,NA,NA,NA
WK033500,Wijk 00,2014,4.110759906531747,0.008495055388061369,-0.002938014189687018,0.031346454574130024,0.014617863688069253,-0.03199629951747474,-0.0025349491669764425
WK033500,Wijk 00,2016,4.144097111189518,0.041832260045832625,NA,NA,NA,NA,NA
WK033500,Wijk 00,2018,4.114188218095129,0.011923366951444043,-0.00906789803121547,0.03696990010204664,0.012463771610382436,-0.04048717108534827,0.012044764355578406
WK033500,Wijk 00,2020,4.135870161270685,0.03360531012700074,-0.009077045364074313,0.049768806181966725,0.014686759656495555,-0.03546423723109669,0.013691026883709182
WK033500,Wijk 00,2022,4.138733507217225,0.03646865607353995,-0.006021594715814314,0.04923177339353207,0.017218240575891844,-0.03693038525281652,0.012970622072746574
WK033501,Wijk 01 Linschoten,2002,4.150209691120393,0.047944839976708176,NA,NA,NA,NA,NA
WK033501,Wijk 01 Linschoten,2008,4.151225116343173,0.048960265199486874,NA,NA,NA,NA,NA
WK033501,Wijk 01 Linschoten,2012,4.166480512871316,0.06421566172763041,NA,NA,NA,NA,NA
WK033501,Wijk 01 Linschoten,2014,4.157996403694671,0.055731552550986364,-0.029871964179406553,0.057190553350412086,0.047193557399428,-0.04617913208595475,0.027398538066507293
WK033501,Wijk 01 Linschoten,2016,4.1629771742600425,0.060712323116357346,NA,NA,NA,NA,NA
WK033501,Wijk 01 Linschoten,2018,4.1572936609167455,0.055028809773059996,-0.028232496530287324,0.060339105080015,0.047529131665460925,-0.053886429166958454,0.02927949872482963
WK033501,Wijk 01 Linschoten,2020,4.167616525939528,0.0653516747958425,-0.030060091929746173,0.07055826763244744,0.04213056397616701,-0.0482521879238929,0.03097512304086683
WK033501,Wijk 01 Linschoten,2022,4.16796756876011,0.06570271761642454,-0.028491190734270217,0.06649808686430246,0.045684481134408504,-0.051862452466059646,0.03387379281804319
WK033502,Wijk 02 Willeskop,2002,4.28304842334968,0.18078357220599442,NA,NA,NA,NA,NA
WK033502,Wijk 02 Willeskop,2008,4.242863440760411,0.1405985896167257,NA,NA,NA,NA,NA
WK033502,Wijk 02 Willeskop,2012,4.225894816428027,0.12362996528434095,NA,NA,NA,NA,NA
WK033502,Wijk 02 Willeskop,2014,4.161336884340302,0.05907203319661615,-0.06495766763634907,0.05972951384126546,0.0950745209469687,-0.08799828150338981,0.057223947548120636
WK033502,Wijk 02 Willeskop,2016,4.173448423165814,0.07118357202212876,NA,NA,NA,NA,NA
WK033502,Wijk 02 Willeskop,2018,4.193099969643158,0.09083511849947278,-0.058384198704908685,0.07401460620949298,0.11333611451804974,-0.09513637746519266,0.05700497394203126
WK033502,Wijk 02 Willeskop,2020,4.16201021933099,0.05974536818730522,-0.07115111894422375,0.08483133043248477,0.07966843420691078,-0.09057007290685345,0.05696679539898659
WK033502,Wijk 02 Willeskop,2022,4.190337908014985,0.0880730568712996,-0.06103153736476541,0.07652671597134508,0.08273687340575882,-0.08982120630118538,0.07966221116014609
WK033900,Wijk 00,2002,3.9171048060885534,-0.1851600450551317,NA,NA,NA,NA,NA
WK033900,Wijk 00,2008,3.947785700132806,-0.1544791510108791,NA,NA,NA,NA,NA
WK033900,Wijk 00,2012,3.9903706955766434,-0.11189415556704173,NA,NA,NA,NA,NA
WK033900,Wijk 00,2014,3.9684065542393663,-0.1338582969043188,-0.038775642067520884,0.07697388882618694,0.05622744914197018,-0.12764736732055043,-0.10063662548440484
WK033900,Wijk 00,2016,3.9626000355691726,-0.13966481557451288,NA,NA,NA,NA,NA
WK033900,Wijk 00,2018,4.018722222773217,-0.08354262837046866,-0.03226644772507749,0.07952170339485103,0.04954965841541589,-0.12544307635104845,-0.05490446610460989
WK033900,Wijk 00,2020,4.082972283587463,-0.01929256755622257,-0.032517770391675326,0.08377954959614207,0.03755038938938469,-0.10994822300195793,0.0018434868518836822
WK033900,Wijk 00,2022,4.089286301144327,-0.012978549999358043,-0.039339377647688335,0.08207110253426624,0.03573368214882476,-0.1165760732894595,0.025132116254698498
WK034000,Wijk 00 Rhenen,2002,3.952486982392649,-0.14977786875103594,NA,NA,NA,NA,NA
WK034000,Wijk 00 Rhenen,2008,3.9594509386046886,-0.142813912538997,NA,NA,NA,NA,NA
WK034000,Wijk 00 Rhenen,2012,3.9439196198747726,-0.15834523126891242,NA,NA,NA,NA,NA
WK034000,Wijk 00 Rhenen,2014,3.9368644161145494,-0.16540043502913598,0.0052881735127737846,-0.0702342371675589,-0.030062710409535603,-0.02212480971683171,-0.048266851247983786
WK034000,Wijk 00 Rhenen,2016,3.982513555793813,-0.1197512953498719,NA,NA,NA,NA,NA
WK034000,Wijk 00 Rhenen,2018,4.0174758532023285,-0.08478899794135716,-0.002857344877103375,-0.029160430245785456,-0.02659060273162062,-0.03487110593022677,0.008690485843378786
WK034000,Wijk 00 Rhenen,2020,4.000942106099688,-0.1013227450439968,2.3078379867795407e-4,-0.02149607292029072,-0.026420362877120927,-0.016688938053899146,-0.03694815499136426
WK034000,Wijk 00 Rhenen,2022,4.017269543663999,-0.08499530747968607,0.0068736917396567815,-0.04616469585416022,-0.03314986970344481,-0.017809071104268135,0.005254637442530032
WK034001,Wijk 01 Rhenen Oost,2002,4.059855895708267,-0.04240895543541798,NA,NA,NA,NA,NA
WK034001,Wijk 01 Rhenen Oost,2008,4.090476571783618,-0.011788279360067214,NA,NA,NA,NA,NA
WK034001,Wijk 01 Rhenen Oost,2012,4.096135527233721,-0.006129323909963724,NA,NA,NA,NA,NA
WK034001,Wijk 01 Rhenen Oost,2014,4.120946688447321,0.018681837303636144,-0.02043621949996846,0.03533414610659292,0.026702962709542543,-0.0389264139629904,0.016007361950459317
WK034001,Wijk 01 Rhenen Oost,2016,4.143871981599792,0.041607130456107706,NA,NA,NA,NA,NA
WK034001,Wijk 01 Rhenen Oost,2018,4.147101603983938,0.044836752840252334,-0.021367157133421445,0.06335387498161998,0.023687577461080942,-0.0495876625429154,0.028750120073888014
WK034001,Wijk 01 Rhenen Oost,2020,4.1734357874888826,0.07117093634519735,-0.020752478725081527,0.08318519149424868,0.026710113803659303,-0.04136487989648024,0.023392989668850814
WK034001,Wijk 01 Rhenen Oost,2022,4.13938659263101,0.03712174148732512,-0.014554523927775356,0.042731096829635544,0.016695273687346586,-0.035543601101713396,0.027793495999831528
WK034002,Wijk 02 Rhenen West,2002,4.032175686021161,-0.07008916512252389,NA,NA,NA,NA,NA
WK034002,Wijk 02 Rhenen West,2008,4.037765958779452,-0.06449889236423405,NA,NA,NA,NA,NA
WK034002,Wijk 02 Rhenen West,2012,4.0304696185062525,-0.07179523263743283,NA,NA,NA,NA,NA
WK034002,Wijk 02 Rhenen West,2014,4.050786664437796,-0.051478186705889335,0.0037719314457461055,0.02162792171553105,-0.0047976012708331964,-0.054464335898813825,-0.017616102697519828
WK034002,Wijk 02 Rhenen West,2016,4.0696486115946815,-0.032616239549003535,NA,NA,NA,NA,NA
WK034002,Wijk 02 Rhenen West,2018,4.067422067563767,-0.03484278357991885,1.9148299369645531e-4,0.04096051853266024,-0.005861086948331045,-0.0684692786409035,-0.0016644195170412658
WK034002,Wijk 02 Rhenen West,2020,4.09913640244972,-0.003128448693964285,9.775416206876995e-4,0.06571078075079706,-0.005128832640951657,-0.05911567754005344,-0.005572260884444187
WK034002,Wijk 02 Rhenen West,2022,4.083339595629605,-0.0189252555140802,0.0073475793238753926,0.031100710334646186,-0.011148061567828925,-0.05286405334763116,0.00663856974285801
WK034003,Wijk 03 Rhenen Noord,2002,3.969174088920149,-0.1330907622235363,NA,NA,NA,NA,NA
WK034003,Wijk 03 Rhenen Noord,2008,3.9489261011151777,-0.15333875002850753,NA,NA,NA,NA,NA
WK034003,Wijk 03 Rhenen Noord,2012,3.964590990490966,-0.13767386065271928,NA,NA,NA,NA,NA
WK034003,Wijk 03 Rhenen Noord,2014,3.9863012379758893,-0.11596361316779571,0.0018229891608300965,-0.013915576591337426,-0.01756467954474815,-0.05854685345800338,-0.027759492734537136
WK034003,Wijk 03 Rhenen Noord,2016,4.01056032450585,-0.09170452663783517,NA,NA,NA,NA,NA
WK034003,Wijk 03 Rhenen Noord,2018,3.9908430554303687,-0.11142179571331695,-0.0012151376245826088,-0.006169234141294268,-0.01881150558818372,-0.07092236861692015,-0.014303549742336445
WK034003,Wijk 03 Rhenen Noord,2020,4.0184339697190925,-0.08383088142459222,-0.0011370217956097155,0.021994558351867616,-0.02001791322445408,-0.06192782442460149,-0.02274268033179481
WK034003,Wijk 03 Rhenen Noord,2022,4.0175351714180625,-0.08472967972562215,0.0054827525161844325,0.010401037125765084,-0.025428509571178346,-0.05387656316328543,-0.02130839663310819
WK034004,Wijk 04 Grebbeberg,2002,4.580759306544352,0.47849445540066693,NA,NA,NA,NA,NA
WK034004,Wijk 04 Grebbeberg,2008,3.9935087499126314,-0.10875610123105384,NA,NA,NA,NA,NA
WK034004,Wijk 04 Grebbeberg,2012,4.349700361124632,0.24743550998094666,NA,NA,NA,NA,NA
WK034004,Wijk 04 Grebbeberg,2014,4.4763301335440975,0.37406528240041226,0.09189332516244741,0.11475540316781152,0.07117651009143505,-0.044281472538288735,0.14052151651700717
WK034004,Wijk 04 Grebbeberg,2016,4.368718611564787,0.26645376042110147,NA,NA,NA,NA,NA
WK034004,Wijk 04 Grebbeberg,2018,4.176041883455349,0.07377703231166421,0.07578229405806342,-0.10551348623333218,0.005465411685441457,-0.045498572102399826,0.1435413849038913
WK034004,Wijk 04 Grebbeberg,2020,4.474585314353238,0.3723204632095527,0.11796111522313796,0.07407282854720135,0.06662452321238266,-0.0298369488061776,0.14349894503300814
WK034004,Wijk 04 Grebbeberg,2022,3.989200807188131,-0.11306404395555436,0.1336721138769977,-0.34494536686410293,-0.008285340038925948,-0.030494096752178623,0.13698864582265524
WK034005,Wijk 05 Randzone,2002,4.237041505642688,0.13477665449900267,NA,NA,NA,NA,NA
WK034005,Wijk 05 Randzone,2008,4.315276632932785,0.21301178178909974,NA,NA,NA,NA,NA
WK034005,Wijk 05 Randzone,2012,4.287447570310923,0.18518271916723797,NA,NA,NA,NA,NA
WK034005,Wijk 05 Randzone,2014,4.292428186200633,0.19016333505694816,0.011731415283773711,0.10796776129494691,0.10537440254334358,-0.09450707764576156,0.059596833580645096
WK034005,Wijk 05 Randzone,2016,4.292917438375161,0.19065258723147618,NA,NA,NA,NA,NA
WK034005,Wijk 05 Randzone,2018,4.299347863397802,0.19708301225411715,0.021819515430295026,0.1103719627280053,0.11220498185321609,-0.10866638672593094,0.06135293896853121
WK034005,Wijk 05 Randzone,2020,4.307514737690941,0.20524988654725546,0.0203124021485582,0.12489660253185837,0.09619574313959674,-0.09724287471374575,0.06108801344098768
WK034005,Wijk 05 Randzone,2022,4.294211162703635,0.1919463115599504,0.02360557311952506,0.10355671651207912,0.09162326785060912,-0.08254114725136139,0.055701901329098226
WK034006,Wijk 06 Binnenveld,2002,4.214383869784613,0.11211901864092771,NA,NA,NA,NA,NA
WK034006,Wijk 06 Binnenveld,2008,4.156188892169199,0.05392404102551354,NA,NA,NA,NA,NA
WK034006,Wijk 06 Binnenveld,2012,4.149557929552037,0.04729307840835118,NA,NA,NA,NA,NA
WK034006,Wijk 06 Binnenveld,2014,4.16863610492312,0.06637125377943535,-0.08702853790095261,0.08286646719501246,0.1211403846689725,-0.12874714956896824,0.07814008938537093
WK034006,Wijk 06 Binnenveld,2016,4.2390816684510115,0.1368168173073264,NA,NA,NA,NA,NA
WK034006,Wijk 06 Binnenveld,2018,4.209811956895357,0.10754710575167119,-0.06260637406563764,0.10231860831977511,0.1212401803814158,-0.12890850981578938,0.07550320093190689
WK034006,Wijk 06 Binnenveld,2020,4.17746391536539,0.07519906422170453,-0.07845471269658799,0.11321184281524768,0.1016480365306829,-0.12630963220260857,0.06510352977497023
WK034006,Wijk 06 Binnenveld,2022,4.183095319660815,0.08083046851712991,-0.07027118365074597,0.089808477521498,0.09827094852515994,-0.11336587590077425,0.07638810202199198
WK034007,Wijk 07 Achterberg,2002,4.063531566298881,-0.03873328484480469,NA,NA,NA,NA,NA
WK034007,Wijk 07 Achterberg,2008,4.023663011653598,-0.07860183949008714,NA,NA,NA,NA,NA
WK034007,Wijk 07 Achterberg,2012,4.104236353279284,0.001971502135598891,NA,NA,NA,NA,NA
WK034007,Wijk 07 Achterberg,2014,4.130440922509841,0.02817607136615576,-0.023213890334814757,0.07399788907686222,0.06442362801551037,-0.10355189523938375,0.016520339847981323
WK034007,Wijk 07 Achterberg,2016,4.135565649836139,0.0333007986924547,NA,NA,NA,NA,NA
WK034007,Wijk 07 Achterberg,2018,4.1617542305049176,0.059489379361232685,-0.022314363102215923,0.09718074146564037,0.05763453451274521,-0.09946162739971935,0.02645009388478221
WK034007,Wijk 07 Achterberg,2020,4.175612021762833,0.07334717061914782,-0.02057758767475005,0.11367359557145396,0.053457313986103164,-0.09494026632639246,0.02173411506273283
WK034007,Wijk 07 Achterberg,2022,4.1636348152925855,0.06136996414890021,-0.013504061004484886,0.09111046145531007,0.048919304765721046,-0.08909794496476961,0.023942203897123267
WK034008,Wijk 08 Uiterwaarden Rhenen,2002,4.290394006569168,0.18812915542548328,NA,NA,NA,NA,NA
WK034008,Wijk 08 Uiterwaarden Rhenen,2008,4.269120191415735,0.16685534027204948,NA,NA,NA,NA,NA
WK034008,Wijk 08 Uiterwaarden Rhenen,2012,4.256475983953543,0.15421113280985765,NA,NA,NA,NA,NA
WK034008,Wijk 08 Uiterwaarden Rhenen,2014,4.261202067825772,0.15893721668208613,0.0036309437660422303,0.0741814953093893,0.10686093742231742,-0.06653173679410758,0.040795576978444534
WK034008,Wijk 08 Uiterwaarden Rhenen,2016,4.258330367996738,0.15606551685305223,NA,NA,NA,NA,NA
WK034008,Wijk 08 Uiterwaarden Rhenen,2018,4.290198857518664,0.18793400637497915,0.007689818531659666,0.09534095763310109,0.10345327977400834,-0.07604257967778785,0.0574925301139974
WK034008,Wijk 08 Uiterwaarden Rhenen,2020,4.282697913643981,0.18043306250029517,0.014458881215593281,0.10365311613471719,0.07918976556884551,-0.06426519408340016,0.04739649366453895
WK034008,Wijk 08 Uiterwaarden Rhenen,2022,4.295280556612571,0.1930157054688861,0.023168170292852765,0.09236109722516145,0.07385049505642513,-0.06397914245392321,0.0676150853483697
WK034009,Wijk 09 Remmerden,2002,4.212108871797735,0.10984402065405013,NA,NA,NA,NA,NA
WK034009,Wijk 09 Remmerden,2008,4.175597639968141,0.07333278882445673,NA,NA,NA,NA,NA
WK034009,Wijk 09 Remmerden,2012,4.193819871699445,0.09155502055575952,NA,NA,NA,NA,NA
WK034009,Wijk 09 Remmerden,2014,4.103020479646636,7.556285029514233e-4,-0.13358778215665293,0.11550217933651788,0.08175707181826443,-0.15375898053312242,0.0908431400379442
WK034009,Wijk 09 Remmerden,2016,4.14698432079319,0.04471946964950427,NA,NA,NA,NA,NA
WK034009,Wijk 09 Remmerden,2018,4.069864953311619,-0.03239989783206676,-0.13779318070395113,0.09340085716148648,0.07010249854320978,-0.1591169817661516,0.10100690893333941
WK034009,Wijk 09 Remmerden,2020,3.999978683756307,-0.10228616738737849,-0.16581970143554925,0.04948722884529821,0.06849956816697937,-0.15493210973346228,0.10047884676935513
WK034009,Wijk 09 Remmerden,2022,4.068201578301766,-0.03406327284191938,-0.1554897980598544,0.09469613193148761,0.06734087940839915,-0.1516169562468169,0.11100647012486466
WK034010,Wijk 10 Heuvelrug Rhenen,2002,4.453071767241922,0.3508069160982369,NA,NA,NA,NA,NA
WK034010,Wijk 10 Heuvelrug Rhenen,2008,4.409425932193328,0.3071610810496431,NA,NA,NA,NA,NA
WK034010,Wijk 10 Heuvelrug Rhenen,2012,4.329805814376797,0.2275409632331121,NA,NA,NA,NA,NA
WK034010,Wijk 10 Heuvelrug Rhenen,2014,4.379195036310534,0.2769301851668489,0.08425043610608053,0.09290714776211707,0.09556723703715983,-0.12349829727813433,0.12770366153962545
WK034010,Wijk 10 Heuvelrug Rhenen,2016,4.405064899754678,0.3028000486109932,NA,NA,NA,NA,NA
WK034010,Wijk 10 Heuvelrug Rhenen,2018,4.344685921779827,0.2424210706361417,0.082790855060228985,0.09542523031638148,0.09342152738207109,-0.12968104783056902,0.10046450570802903
WK034010,Wijk 10 Heuvelrug Rhenen,2020,4.32667689518876,0.22441204404507564,0.07450971123985009,0.11946065902680192,0.05045294604416095,-0.11883060233793381,0.09881933007219645
WK034010,Wijk 10 Heuvelrug Rhenen,2022,4.364777735421972,0.2625128842782871,0.0750824930754007,0.11506596937847245,0.057596884616037916,-0.1109560316418061,0.1257235688501817
WK034011,Wijk 11 Heuvelrug Elst,2002,4.1778253328446855,0.07556048170100009,NA,NA,NA,NA,NA
WK034011,Wijk 11 Heuvelrug Elst,2008,4.20585674254937,0.1035918914056854,NA,NA,NA,NA,NA
WK034011,Wijk 11 Heuvelrug Elst,2012,4.211164734057279,0.10889988291359395,NA,NA,NA,NA,NA
WK034011,Wijk 11 Heuvelrug Elst,2014,4.307405715081482,0.2051408639377969,0.08326972845198718,0.10815192380474496,0.07277830549887314,-0.1263675648613568,0.06730847104354809
WK034011,Wijk 11 Heuvelrug Elst,2016,4.31898468927605,0.21671983813236487,NA,NA,NA,NA,NA
WK034011,Wijk 11 Heuvelrug Elst,2018,4.336489967081351,0.23422511593766612,0.08163231532486966,0.1301675463641001,0.08122978736936638,-0.12551855922829155,0.06671402610762137
WK034011,Wijk 11 Heuvelrug Elst,2020,4.348441337985152,0.24617648684146642,0.08041003809560907,0.13646611204658252,0.06790405849882668,-0.1151515159762169,0.0765477941766646
WK034011,Wijk 11 Heuvelrug Elst,2022,4.276653841486238,0.17438899034255212,0.10628783401190373,0.07615525679921248,0.05114970051910279,-0.11632220905326478,0.057118408065597454
WK034012,Wijk 12 Uiterwaarden Elst,2002,4.28035591639805,0.17809106525436422,NA,NA,NA,NA,NA
WK034012,Wijk 12 Uiterwaarden Elst,2008,4.287576138983795,0.18531128784010953,NA,NA,NA,NA,NA
WK034012,Wijk 12 Uiterwaarden Elst,2012,4.240631042049315,0.13836619090562893,NA,NA,NA,NA,NA
WK034012,Wijk 12 Uiterwaarden Elst,2014,4.310674205271553,0.2084093541278683,0.03923386143503632,0.1217679261668642,0.10764131305681723,-0.1356842513176673,0.07545050478681736
WK034012,Wijk 12 Uiterwaarden Elst,2016,4.25758904349194,0.1553241923482546,NA,NA,NA,NA,NA
WK034012,Wijk 12 Uiterwaarden Elst,2018,4.317599279305862,0.2153344281621766,0.04381532500957467,0.13671288708204843,0.0901415709818988,-0.12179373320294862,0.06645837829160288
WK034012,Wijk 12 Uiterwaarden Elst,2020,4.3396308792304925,0.2373660280868073,0.0661368240757831,0.14286405024444826,0.07760859757891365,-0.12311708724294705,0.07387364343060872
WK034012,Wijk 12 Uiterwaarden Elst,2022,4.270454992085672,0.16819014094198761,0.03718841753344051,0.1137109527089674,0.06892220705692986,-0.123318984077127,0.07168754771977646
WK034013,Wijk 13 Elst,2002,4.069128330518619,-0.03313652062506593,NA,NA,NA,NA,NA
WK034013,Wijk 13 Elst,2008,4.093788583683151,-0.008476267460534804,NA,NA,NA,NA,NA
WK034013,Wijk 13 Elst,2012,4.09051618036764,-0.011748670776045508,NA,NA,NA,NA,NA
WK034013,Wijk 13 Elst,2014,4.0967541536351115,-0.005510697508574304,0.004446479731629377,0.05439247264712255,0.037468125921983536,-0.12129832140920116,0.019480545599891097
WK034013,Wijk 13 Elst,2016,4.101904211387995,-3.6063975568936606e-4,NA,NA,NA,NA,NA
WK034013,Wijk 13 Elst,2018,4.10886370302213,0.006598851878444134,0.0017831301811737212,0.0695610878460247,0.03769797766442136,-0.12012997218527768,0.01768662837210173
WK034013,Wijk 13 Elst,2020,4.135885794170072,0.03362094302638685,-6.54809540319807e-4,0.0950614472039563,0.032035314479194575,-0.10907971533937691,0.016258706222932417
WK034013,Wijk 13 Elst,2022,4.085576303793439,-0.01668854735024637,0.0025748312247041755,0.051136154892090196,0.026011091237491298,-0.11270273070580607,0.016292106001273718
WK034201,Wijk 01 't Hart-Soestdijk,2002,4.122078206251872,0.019813355108186714,NA,NA,NA,NA,NA
WK034201,Wijk 01 't Hart-Soestdijk,2008,4.1414892460236485,0.03922439487996331,NA,NA,NA,NA,NA
WK034201,Wijk 01 't Hart-Soestdijk,2012,4.147626981310978,0.04536213016729301,NA,NA,NA,NA,NA
WK034201,Wijk 01 't Hart-Soestdijk,2014,4.155752105358773,0.053487254215087515,0.0014819792257117043,0.0223839173185491,0.020099167031799477,-0.003247770010778951,0.012769960649805876
WK034201,Wijk 01 't Hart-Soestdijk,2016,4.17568456041186,0.07341970926817469,NA,NA,NA,NA,NA
WK034201,Wijk 01 't Hart-Soestdijk,2018,4.166817960725544,0.06455310958185813,-0.006383182515055392,0.0275264294207777,0.02482527310379342,-0.00405653276327869,0.022641122335620777
WK034201,Wijk 01 't Hart-Soestdijk,2020,4.193418931106023,0.09115407996233746,-8.24611416751854e-4,0.031198248443472913,0.025507977080507723,0.01570800620390761,0.019564459651200766
WK034201,Wijk 01 't Hart-Soestdijk,2022,4.195568837071793,0.09330398592810818,-0.001967933438245827,0.04023654056039131,0.025397885750614135,0.004555221074627275,0.02508227198072103
WK034202,Wijk 02 Klaarwater,2002,3.9492608892654673,-0.15300396187821796,NA,NA,NA,NA,NA
WK034202,Wijk 02 Klaarwater,2008,3.953180649574128,-0.14908420156955712,NA,NA,NA,NA,NA
WK034202,Wijk 02 Klaarwater,2012,3.961418590293978,-0.14084626084970717,NA,NA,NA,NA,NA
WK034202,Wijk 02 Klaarwater,2014,3.9986415554772377,-0.10362329566644762,-0.012101033682169086,-0.004994372820338776,-0.03281937199665227,-0.010436603667849622,-0.04327191349943815
WK034202,Wijk 02 Klaarwater,2016,4.013295622143223,-0.08896922900046224,NA,NA,NA,NA,NA
WK034202,Wijk 02 Klaarwater,2018,3.9679625097061835,-0.13430234143750203,-0.018507283191318478,-0.03579073750197875,-0.03095890057835091,-0.016780945445740002,-0.03226447472011414
WK034202,Wijk 02 Klaarwater,2020,4.037378051770358,-0.06488679937332682,-0.01433805109118992,-0.006755941580119592,-0.024520194501860163,-0.004143150641596883,-0.015129461558560521
WK034202,Wijk 02 Klaarwater,2022,4.035703953420314,-0.06656089772337113,-0.01228650271346829,0.0033702414779983206,-0.02827019583470876,-0.011451236246381577,-0.01792320440681113
WK034203,Wijk 03 Boerenstreek,2002,4.098174585834071,-0.0040902653096138355,NA,NA,NA,NA,NA
WK034203,Wijk 03 Boerenstreek,2008,4.162213765058218,0.059948913914532664,NA,NA,NA,NA,NA
WK034203,Wijk 03 Boerenstreek,2012,4.142535727036027,0.04027087589234139,NA,NA,NA,NA,NA
WK034203,Wijk 03 Boerenstreek,2014,4.082379429380863,-0.019885421762822878,-0.003900979724064207,0.032801547789874735,0.028322850025109054,-0.07876027104279289,0.0016514311890501257
WK034203,Wijk 03 Boerenstreek,2016,4.107180269388331,0.004915418244645141,NA,NA,NA,NA,NA
WK034203,Wijk 03 Boerenstreek,2018,4.084818260092223,-0.017446591051462516,-0.00909139873040598,0.026017816274669956,0.022898922032898825,-0.08289376698315114,0.025621836354525526
WK034203,Wijk 03 Boerenstreek,2020,4.093758847138607,-0.008506004005078427,-0.01095792099457202,0.02991804677839496,0.02583345520138528,-0.07825588051031028,0.02495629552002341
WK034203,Wijk 03 Boerenstreek,2022,4.114417380140919,0.012152528997233724,-0.011802931101676403,0.049277981984248445,0.02715488169636633,-0.08449427953155252,0.03201687594984753
WK034204,Wijk 04 de Eng-Soest-Midden,2002,3.9869471276365305,-0.11531772350715444,NA,NA,NA,NA,NA
WK034204,Wijk 04 de Eng-Soest-Midden,2008,4.002860060838888,-0.09940479030479765,NA,NA,NA,NA,NA
WK034204,Wijk 04 de Eng-Soest-Midden,2012,4.020628343660726,-0.08163650748295936,NA,NA,NA,NA,NA
WK034204,Wijk 04 de Eng-Soest-Midden,2014,4.0555281844617665,-0.046736666681918365,-0.007201465991432936,-0.014101994306997899,0.0010416788877647318,-0.004966410054137886,-0.02150847521711469
WK034204,Wijk 04 de Eng-Soest-Midden,2016,4.064522126219598,-0.0377427249240878,NA,NA,NA,NA,NA
WK034204,Wijk 04 de Eng-Soest-Midden,2018,4.050825933725579,-0.051438917418106064,-0.008936112710180969,-0.011416091233385937,0.0031723315824439893,-0.015358417063367394,-0.018900627993616012
WK034204,Wijk 04 de Eng-Soest-Midden,2020,4.097855414665819,-0.00440943647786582,-0.005944620826942009,3.7441802226042663e-4,0.0032354146538100775,0.005552988036014339,-0.007627636363008953
WK034204,Wijk 04 de Eng-Soest-Midden,2022,4.120869815248995,0.018604964105310307,1.0732505020027278e-4,0.018515005759107618,0.006854687899632109,-0.0036468104250483055,-0.0032252441785816967
WK034205,Wijk 05 Smitsveen,2002,3.925785221378476,-0.1764796297652091,NA,NA,NA,NA,NA
WK034205,Wijk 05 Smitsveen,2008,3.9116928790808108,-0.19057197206287474,NA,NA,NA,NA,NA
WK034205,Wijk 05 Smitsveen,2012,3.929213190194271,-0.17305166094941463,NA,NA,NA,NA,NA
WK034205,Wijk 05 Smitsveen,2014,3.9737657594218763,-0.12849909172180862,0.00692299339119644,-0.04297681636812008,-0.03565088230604761,-0.01247999365202752,-0.04431439278681005
WK034205,Wijk 05 Smitsveen,2016,3.9437190583891355,-0.15854579275454958,NA,NA,NA,NA,NA
WK034205,Wijk 05 Smitsveen,2018,3.908550929771391,-0.19371392137229412,-6.913240177460053e-4,-0.09838071714303842,-0.04218625982832532,-0.02197580589143653,-0.030479814491748084
WK034205,Wijk 05 Smitsveen,2020,3.932140529362939,-0.17012432178074652,-0.0011794315642511873,-0.09221313196881419,-0.040914669614933785,-0.005463724577834676,-0.030353364054912926
WK034205,Wijk 05 Smitsveen,2022,3.9661308261829276,-0.1361340249607576,0.0016893328408553565,-0.05690732716077838,-0.03886477606531937,-0.017499474021196025,-0.02455178055431949
WK034206,Wijk 06 Overhees,2002,4.002191176303627,-0.10007367484005848,NA,NA,NA,NA,NA
WK034206,Wijk 06 Overhees,2008,4.014922586828308,-0.08734226431537694,NA,NA,NA,NA,NA
WK034206,Wijk 06 Overhees,2012,4.029923874221426,-0.07234097692225933,NA,NA,NA,NA,NA
WK034206,Wijk 06 Overhees,2014,4.102013349432801,-2.5150171088361164e-4,0.015986525782430573,0.016615400529840858,0.005003555155021093,-0.03623821613325968,-0.001618767044916758
WK034206,Wijk 06 Overhees,2016,4.12404444757444,0.021779596430755055,NA,NA,NA,NA,NA
WK034206,Wijk 06 Overhees,2018,4.098288921436229,-0.003975929707456118,0.009000702231144042,0.011373727997301386,0.005377086646990848,-0.042467599249684386,0.012740152666791665
WK034206,Wijk 06 Overhees,2020,4.092238638942047,-0.010026212201638265,0.008803028417511655,-0.0021071446686955595,0.0037642468712862304,-0.036211009102354925,0.01572466628061406
WK034206,Wijk 06 Overhees,2022,4.106835293152158,0.004570442008472059,0.008399616891433686,0.022166309373723943,0.0043343810102044154,-0.042574405051258674,0.012244539784368454
WK034207,Wijk 07 Soest-Zuid,2002,4.180604458917239,0.07833960777355407,NA,NA,NA,NA,NA
WK034207,Wijk 07 Soest-Zuid,2008,4.1879827110720464,0.08571785992836135,NA,NA,NA,NA,NA
WK034207,Wijk 07 Soest-Zuid,2012,4.214865278407986,0.1126004272643011,NA,NA,NA,NA,NA
WK034207,Wijk 07 Soest-Zuid,2014,4.2481027872751556,0.1458379361314704,0.01672578685498448,0.03881679716683766,0.051440934991379694,-6.641071791593477e-4,0.03951852429742765
WK034207,Wijk 07 Soest-Zuid,2016,4.238999068535993,0.13673421739230726,NA,NA,NA,NA,NA
WK034207,Wijk 07 Soest-Zuid,2018,4.234613835647609,0.1323489845039239,0.012368203648460661,0.03323663065322293,0.05291077918387559,-0.006852420844514136,0.04068579186287861
WK034207,Wijk 07 Soest-Zuid,2020,4.245490512331789,0.1432256611881034,0.016593262601993702,0.027781632083231353,0.05052691386012813,0.010869563162120474,0.037454289480629496
WK034207,Wijk 07 Soest-Zuid,2022,4.2898024989144,0.18753764777071477,0.026071112058435843,0.061853368265805765,0.050641400736838114,0.007571264213636231,0.04140050249599856
WK034208,Wijk 08 Soesterberg,2002,4.064477728197689,-0.03778712294599678,NA,NA,NA,NA,NA
WK034208,Wijk 08 Soesterberg,2008,4.052654577287221,-0.04961027385646406,NA,NA,NA,NA,NA
WK034208,Wijk 08 Soesterberg,2012,4.055797739120176,-0.04646711202350918,NA,NA,NA,NA,NA
WK034208,Wijk 08 Soesterberg,2014,4.079501465502765,-0.02276338564092017,0.02106522085218367,0.0036713232385593626,0.005573101808641717,-0.042627689773163405,-0.010445341767141804
WK034208,Wijk 08 Soesterberg,2016,4.0739092451435015,-0.02835560600018386,NA,NA,NA,NA,NA
WK034208,Wijk 08 Soesterberg,2018,4.059100855015302,-0.04316399612838329,0.017567983835963714,-0.014693826414416003,0.0041842147927422585,-0.04140542867913572,-0.008816939663537807
WK034208,Wijk 08 Soesterberg,2020,4.098394969352509,-0.0038698817911763,0.014804319725523063,-0.004803898871680546,0.008929450042212343,-0.01853865457662059,-0.004261098110610826
WK034208,Wijk 08 Soesterberg,2022,4.105608485296606,0.0033436341529203013,0.013771991830654053,0.016458517457649237,0.0075633098692022786,-0.031968538256175294,-0.0024816467484102176
WK034401,Wijk 01 West,2002,3.9625039439814174,-0.13976090716226783,NA,NA,NA,NA,NA
WK034401,Wijk 01 West,2008,4.007509258219786,-0.09475559292389991,NA,NA,NA,NA,NA
WK034401,Wijk 01 West,2012,4.061391930802536,-0.04087292034114907,NA,NA,NA,NA,NA
WK034401,Wijk 01 West,2014,4.049151495309637,-0.05311335583404808,-0.05063145474736431,-0.09941005964844524,-0.04281419928402265,0.16662878007775284,-0.026886422231969034
WK034401,Wijk 01 West,2016,4.05185776057642,-0.05040709056726531,NA,NA,NA,NA,NA
WK034401,Wijk 01 West,2018,4.078365955995029,-0.023898895148656646,-0.05270685839539939,-0.09845191380293308,-0.0427134081897774,0.18823909337741468,-0.018265808137961706
WK034401,Wijk 01 West,2020,4.080327583746522,-0.021937267397163597,-0.04645290959022064,-0.12490637958843111,-0.04739201223665369,0.2057696681082819,-0.008955634090140331
WK034401,Wijk 01 West,2022,4.123239170311684,0.020974319167998672,-0.04370654225715748,-0.08929615167855437,-0.046120992126859744,0.2007344946372305,-6.364894066605031e-4
WK034402,Wijk 02 Noordwest,2002,3.8439820519604297,-0.25828279918325525,NA,NA,NA,NA,NA
WK034402,Wijk 02 Noordwest,2008,3.9174909403624802,-0.18477391078120553,NA,NA,NA,NA,NA
WK034402,Wijk 02 Noordwest,2012,3.939090312604976,-0.16317453853870967,NA,NA,NA,NA,NA
WK034402,Wijk 02 Noordwest,2014,3.9436493386302067,-0.15861551251347833,-0.04507735731950328,-0.13023731987813983,-0.06310602538463352,0.12265828618324143,-0.04285309611444341
WK034402,Wijk 02 Noordwest,2016,3.952534717040212,-0.14973013410347316,NA,NA,NA,NA,NA
WK034402,Wijk 02 Noordwest,2018,3.9810489481546454,-0.12121590298903978,-0.050301741884113425,-0.10390536030552254,-0.06638161905755703,0.13828705886696108,-0.038914240608808146
WK034402,Wijk 02 Noordwest,2020,4.047440164984832,-0.05482468615885269,-0.04450318888087048,-0.08580119823239077,-0.06919492740998968,0.16308257329923911,-0.01840794493484113
WK034402,Wijk 02 Noordwest,2022,4.033736963172648,-0.06852788797103784,-0.043176161184846976,-0.09006931949633033,-0.06764894676115278,0.14607296645561976,-0.013706426984327787
WK034403,Wijk 03 Overvecht,2002,3.8258037347891456,-0.27646111635453946,NA,NA,NA,NA,NA
WK034403,Wijk 03 Overvecht,2008,3.789461447699011,-0.3128034034446741,NA,NA,NA,NA,NA
WK034403,Wijk 03 Overvecht,2012,3.823951874656719,-0.27831297648696607,NA,NA,NA,NA,NA
WK034403,Wijk 03 Overvecht,2014,3.8007343994575877,-0.3015304516860977,-0.024715092308927898,-0.19452600952722154,-0.08452064568173227,0.08118450887287887,-0.07895321304109511
WK034403,Wijk 03 Overvecht,2016,3.785904810431372,-0.31636004071231294,NA,NA,NA,NA,NA
WK034403,Wijk 03 Overvecht,2018,3.759565074999258,-0.34269977614442726,-0.038197359638767206,-0.21818912253210887,-0.08743789596366129,0.08490577029961574,-0.08378116830950592
WK034403,Wijk 03 Overvecht,2020,3.7675810656608517,-0.3346837854828335,-0.030175514434304572,-0.2460430357073304,-0.0876759431753724,0.10376235635399124,-0.07455164851981765
WK034403,Wijk 03 Overvecht,2022,3.8410766875183424,-0.261188163625343,-0.02314285573109691,-0.18370837108377092,-0.07046767045083552,0.09437339490158163,-0.07824266126122152
WK034404,Wijk 04 Noordoost,2002,4.0934082534141245,-0.00885659772956087,NA,NA,NA,NA,NA
WK034404,Wijk 04 Noordoost,2008,4.145705186626991,0.043440335483305455,NA,NA,NA,NA,NA
WK034404,Wijk 04 Noordoost,2012,4.154634460895088,0.05236960975140282,NA,NA,NA,NA,NA
WK034404,Wijk 04 Noordoost,2014,4.181806910746386,0.07954205960270078,-0.03319479389434228,-0.0075520388433999,-0.03186038916271221,0.18559458533153173,-0.03344530382837683
WK034404,Wijk 04 Noordoost,2016,4.214400455281803,0.11213560413811802,NA,NA,NA,NA,NA
WK034404,Wijk 04 Noordoost,2018,4.252793741103385,0.1505288899597,-0.030128566655212297,0.01223471260668497,-0.03138960129366063,0.1944230464411247,0.005389298860762998
WK034404,Wijk 04 Noordoost,2020,4.268248493667202,0.16598364252351636,-0.026783404488192445,0.0110465858315053,-0.0338079777003203,0.2054787905404169,0.010049648340106666
WK034404,Wijk 04 Noordoost,2022,4.251032826020876,0.14876797487719046,-0.022757309346324674,8.730265152651526e-4,-0.03390089959149615,0.19284109810512035,0.01171205919462548
WK034405,Wijk 05 Oost,2002,4.088311331099107,-0.013953520044578277,NA,NA,NA,NA,NA
WK034405,Wijk 05 Oost,2008,4.1206334684612145,0.01836861731752924,NA,NA,NA,NA,NA
WK034405,Wijk 05 Oost,2012,4.160174627652844,0.057909776509158656,NA,NA,NA,NA,NA
WK034405,Wijk 05 Oost,2014,4.18219411746923,0.07992926632554434,-0.026104407181212784,-0.01054653884278381,-0.02646420622917662,0.18736853485091892,-0.04432411627220159
WK034405,Wijk 05 Oost,2016,4.203181146604843,0.10091629546115799,NA,NA,NA,NA,NA
WK034405,Wijk 05 Oost,2018,4.258339800224732,0.15607494908104697,-0.02934297913386196,0.008975003175878545,-0.02855641920873066,0.19942275542812354,0.005576588819637221
WK034405,Wijk 05 Oost,2020,4.2838614840318305,0.18159663288814568,-0.023602892199231427,0.009273148869007666,-0.0289144447827699,0.22216426424132524,0.0026765567598138534
WK034405,Wijk 05 Oost,2022,4.252136426039531,0.14987157489584552,-0.019967547624793747,0.009379668760177737,-0.03010644812288458,0.2002896909797084,-0.009723789096362552
WK034406,Wijk 06 Binnenstad,2002,4.145931299752354,0.04366644860866851,NA,NA,NA,NA,NA
WK034406,Wijk 06 Binnenstad,2008,4.242797489582148,0.14053263843846278,NA,NA,NA,NA,NA
WK034406,Wijk 06 Binnenstad,2012,4.250322873860969,0.14805802271728435,NA,NA,NA,NA,NA
WK034406,Wijk 06 Binnenstad,2014,4.249215398461705,0.14695054731801974,-0.050842374806660824,-0.11599632422711291,-0.046604923672430375,0.345592588282037,0.014801581742186567
WK034406,Wijk 06 Binnenstad,2016,4.298256785304507,0.19599193416082228,NA,NA,NA,NA,NA
WK034406,Wijk 06 Binnenstad,2018,4.283113541276405,0.18084869013271984,-0.045769303798433164,-0.10704126851982551,-0.049620542735513314,0.35526438967715585,0.0280154155093357
WK034406,Wijk 06 Binnenstad,2020,4.291038596112616,0.18877374496893104,-0.038988352747594206,-0.1149509966945264,-0.05353636220617611,0.3694239930597342,0.026825463557493157
WK034406,Wijk 06 Binnenstad,2022,4.287543163889019,0.1852783127453342,-0.035991160401334654,-0.09856362530477142,-0.056653531403752455,0.3491737270477676,0.027312902807424818
WK034407,Wijk 07 Zuid,2002,3.926495284370526,-0.17576956677315933,NA,NA,NA,NA,NA
WK034407,Wijk 07 Zuid,2008,4.00305402933405,-0.09921082180963471,NA,NA,NA,NA,NA
WK034407,Wijk 07 Zuid,2012,4.029714220831194,-0.07255063031249127,NA,NA,NA,NA,NA
WK034407,Wijk 07 Zuid,2014,4.006015739738857,-0.0962491114048278,-0.03277154822199239,-0.07543827013333589,-0.04721366879715261,0.10361552204186036,-0.044441146294207576
WK034407,Wijk 07 Zuid,2016,4.035792766915115,-0.06647208422856966,NA,NA,NA,NA,NA
WK034407,Wijk 07 Zuid,2018,4.0230436103797995,-0.07922124076388548,-0.03870099226284584,-0.07811132784095168,-0.048240137843383935,0.11989719083809419,-0.034065973654798486
WK034407,Wijk 07 Zuid,2020,4.050617184766749,-0.05164766637693604,-0.031804298221061095,-0.08008319157690634,-0.04675746071023496,0.13577081988210302,-0.028773535750836923
WK034407,Wijk 07 Zuid,2022,4.047333030996752,-0.05493182014693377,-0.028640255547192465,-0.07304221261292435,-0.0449386750315737,0.11847338443495661,-0.02678406139020016
WK034408,Wijk 08 Zuidwest,2002,3.8937479440705807,-0.20851690707310447,NA,NA,NA,NA,NA
WK034408,Wijk 08 Zuidwest,2008,3.9139164834775184,-0.18834836766616686,NA,NA,NA,NA,NA
WK034408,Wijk 08 Zuidwest,2012,3.961207760084729,-0.14105709105895653,NA,NA,NA,NA,NA
WK034408,Wijk 08 Zuidwest,2014,3.978733689486567,-0.12353116165711858,-0.036093897707418575,-0.09927902709952793,-0.06360774439801953,0.15720146801593585,-0.08175196046808866
WK034408,Wijk 08 Zuidwest,2016,3.993969140726282,-0.10829571041740292,NA,NA,NA,NA,NA
WK034408,Wijk 08 Zuidwest,2018,3.977714470878654,-0.1245503802650311,-0.04201136343581657,-0.10027102884963777,-0.06431361442340118,0.15773084737333168,-0.07568522092950754
WK034408,Wijk 08 Zuidwest,2020,4.007457747362656,-0.09480710378103002,-0.03704529368674264,-0.10087037970333035,-0.06541173432980013,0.1752042202628214,-0.06668391632397856
WK034408,Wijk 08 Zuidwest,2022,3.9750788477867203,-0.12718600335696442,-0.03360804903454119,-0.10895919028440455,-0.06703320250749831,0.16067411788645114,-0.07825967941697176
WK034409,Wijk 09 Leidsche Rijn,2002,4.152470450015242,0.05020559887155653,NA,NA,NA,NA,NA
WK034409,Wijk 09 Leidsche Rijn,2008,4.14256313387089,0.040298282727205294,NA,NA,NA,NA,NA
WK034409,Wijk 09 Leidsche Rijn,2012,4.077779768511761,-0.024485082631923578,NA,NA,NA,NA,NA
WK034409,Wijk 09 Leidsche Rijn,2014,4.0876229958041455,-0.014641855339539916,-0.030572279987434458,0.002331307971390091,0.007153105306591403,0.012273974396332536,-0.005827963026419756
WK034409,Wijk 09 Leidsche Rijn,2016,4.140183328612114,0.037918477468428344,NA,NA,NA,NA,NA
WK034409,Wijk 09 Leidsche Rijn,2018,4.130459730365658,0.028194879221971864,-0.020058931915074015,-0.011715584440813793,0.017726523944049714,0.045281565054998585,-0.0030386934211889057
WK034409,Wijk 09 Leidsche Rijn,2020,4.100226473996289,-0.002038377147396304,-0.02582321771453362,-0.03781583224757197,1.7328943746006882e-4,0.07602476668000016,-0.014597383302751194
WK034409,Wijk 09 Leidsche Rijn,2022,4.121404656759442,0.019139805615755914,-0.024473157996071616,-0.02699802294420868,-7.436143893870526e-5,0.07997153668446719,-0.00928618868949258
WK034410,Wijk 10 Vleuten-De Meern,2002,4.064140035777194,-0.03812481536649159,NA,NA,NA,NA,NA
WK034410,Wijk 10 Vleuten-De Meern,2008,4.080684120621571,-0.021580730522114424,NA,NA,NA,NA,NA
WK034410,Wijk 10 Vleuten-De Meern,2012,4.109319639962976,0.007054788819290818,NA,NA,NA,NA,NA
WK034410,Wijk 10 Vleuten-De Meern,2014,4.124985262681432,0.022720411537746583,-0.017292216536609863,0.025632554956122662,0.02477001995017356,-0.007291291594258304,-0.0030986552376817233
WK034410,Wijk 10 Vleuten-De Meern,2016,4.155285519677611,0.05302066853392565,NA,NA,NA,NA,NA
WK034410,Wijk 10 Vleuten-De Meern,2018,4.152931042071861,0.0506661909281761,-0.008977876334779955,0.018584893383202086,0.02338160139017894,0.011382754325692327,0.006294818163882425
WK034410,Wijk 10 Vleuten-De Meern,2020,4.159974489282993,0.05770963813930696,-0.005274873394930646,0.003820031319403529,0.022785540651288603,0.027880529953200433,0.008498409610344749
WK034410,Wijk 10 Vleuten-De Meern,2022,4.1746051998869556,0.0723403487432701,0.001496540361828625,0.01909283900950271,0.02340503472317509,0.01405154859814998,0.014294386050613417
WK034500,Centrum,2002,3.917146393956627,-0.18511845718705766,NA,NA,NA,NA,NA
WK034500,Centrum,2008,3.892598730386625,-0.20966612075706031,NA,NA,NA,NA,NA
WK034500,Centrum,2012,3.900162624094481,-0.20210222704920458,NA,NA,NA,NA,NA
WK034500,Centrum,2014,3.9496367480288312,-0.15262810311485375,-0.0169643731434691,-0.09787182501786479,-0.02608495518312975,0.03769698997797241,-0.04940393974836281
WK034500,Centrum,2016,3.97178077903829,-0.13048407210539514,NA,NA,NA,NA,NA
WK034500,Centrum,2018,3.9669534711451435,-0.1353113799985415,-0.031620154575600454,-0.059816916773524346,-0.031188045624035432,0.02001270474866156,-0.032698967774043124
WK034500,Centrum,2020,4.003821536815707,-0.09844331432797865,-0.026906402790457203,-0.06665684073503639,-0.032693697521134484,0.07056673128995297,-0.04275310457130381
WK034500,Centrum,2022,4.073963135967678,-0.028301715176007176,-0.028469732885843466,-0.04238923558744367,-0.0333926970350828,0.09281884477117078,-0.016868894438808273
WK034501,Noordoost,2002,3.900883652784843,-0.2013811983588423,NA,NA,NA,NA,NA
WK034501,Noordoost,2008,3.9641651957745916,-0.13809965536909333,NA,NA,NA,NA,NA
WK034501,Noordoost,2012,4.020826869638633,-0.08143798150505248,NA,NA,NA,NA,NA
WK034501,Noordoost,2014,4.003486984025643,-0.09877786711804261,-0.024756576662555117,-0.020927436730307673,0.0052029633873281024,-0.03237401447394125,-0.025922802638566965
WK034501,Noordoost,2016,4.0279916164123675,-0.07427323473131747,NA,NA,NA,NA,NA
WK034501,Noordoost,2018,4.058556846016524,-0.043708005127161095,-0.024893507784622137,0.02284662009698703,0.01005131082696192,-0.04212382553874105,-0.009588602727747156
WK034501,Noordoost,2020,4.0469107195637575,-0.05535413157992701,-0.025130529604903577,0.009507458414175652,0.009294063333211297,-0.031768601414239976,-0.01725652230817068
WK034501,Noordoost,2022,4.117415618700234,0.015150767556549172,-0.01918579546057626,0.026517127440096756,0.014411329027124463,-0.008302034218489877,0.0017101407683937917
WK034502,Zuidoost,2002,4.019856526898819,-0.08240832424486715,NA,NA,NA,NA,NA
WK034502,Zuidoost,2008,3.9977210360097355,-0.10454381513394977,NA,NA,NA,NA,NA
WK034502,Zuidoost,2012,3.984731824352676,-0.11753302679100933,NA,NA,NA,NA,NA
WK034502,Zuidoost,2014,3.986065135796117,-0.11619971534756797,-0.026598223494896427,-0.024926714600129546,-0.0032219514160408483,-0.030637613045548247,-0.030815212790953145
WK034502,Zuidoost,2016,4.0310266492817295,-0.07123820186195588,NA,NA,NA,NA,NA
WK034502,Zuidoost,2018,4.007401992157785,-0.09486285898590041,-0.033251485666326026,-0.0029241335060594944,-0.0031995526626454954,-0.03836748951648431,-0.017120197634385364
WK034502,Zuidoost,2020,4.030121491452225,-0.07214335969146002,-0.029640768204556554,0.0017397745403520644,-0.007071005089183415,-0.006925485000924457,-0.030245875937147913
WK034502,Zuidoost,2022,4.078976921715966,-0.02328792942771942,-0.028973006416441117,0.011600291620955746,-0.005921135357171448,0.016034422717567855,-0.016028501992630728
WK034503,Zuidwest,2002,3.8931229823361435,-0.2091418688075414,NA,NA,NA,NA,NA
WK034503,Zuidwest,2008,3.89947041987807,-0.2027944312656155,NA,NA,NA,NA,NA
WK034503,Zuidwest,2012,3.895207764744344,-0.20705708639934142,NA,NA,NA,NA,NA
WK034503,Zuidwest,2014,3.947917777159768,-0.15434707398391723,-0.025277235322977626,-0.04717241725880587,-0.02563939248538927,-0.02163491443206321,-0.0346231144846815
WK034503,Zuidwest,2016,4.003972948224756,-0.09829190291892967,NA,NA,NA,NA,NA
WK034503,Zuidwest,2018,3.9839838531288843,-0.11828099801480067,-0.02517501713878975,-0.015867135336696345,-0.02339699500044953,-0.03017735287851947,-0.023664497660345844
WK034503,Zuidwest,2020,4.004190665288654,-0.09807418585503111,-0.021388141409096506,-0.016348289176613538,-0.0228849674808661,-0.004392374824413406,-0.03306041296404186
WK034503,Zuidwest,2022,4.0645735539432994,-0.037691297200385665,-0.01700273615257328,-0.0015420135316912187,-0.02118762228026687,0.014100599545878424,-0.01205952478173298
WK034504,Noordwest,2002,3.9216046028629403,-0.1806602482807449,NA,NA,NA,NA,NA
WK034504,Noordwest,2008,3.9512602277158813,-0.15100462342780394,NA,NA,NA,NA,NA
WK034504,Noordwest,2012,3.9430483795532605,-0.15921647159042457,NA,NA,NA,NA,NA
WK034504,Noordwest,2014,3.97981690780031,-0.1224479433433748,-0.03763420359118423,-0.022758031421464302,-0.02121510504139938,0.004943191810728424,-0.045783795100055584
WK034504,Noordwest,2016,4.036727230809231,-0.06553762033445389,NA,NA,NA,NA,NA
WK034504,Noordwest,2018,4.033371556076452,-0.06889329506723335,-0.03364134769316367,0.013105776882966559,-0.021262490312149575,-0.0025820421733541866,-0.02451319177153271
WK034504,Noordwest,2020,4.039874772857702,-0.06239007828598358,-0.036045001866067745,-1.6945939045489233e-4,-0.021324177959325417,0.02105000062685726,-0.0259014396969931
WK034504,Noordwest,2022,4.083777910711941,-0.018486940431744703,-0.03470561440799059,0.0016685257227861008,-0.021038206220096674,0.042604622041004535,-0.007016267567448351
WK034505,West,2002,3.981750867575769,-0.12051398356791641,NA,NA,NA,NA,NA
WK034505,West,2008,4.002341339239333,-0.09992351190435264,NA,NA,NA,NA,NA
WK034505,West,2012,4.005961412098148,-0.09630343904553745,NA,NA,NA,NA,NA
WK034505,West,2014,4.059777921346908,-0.04248692979677781,-0.018209166117739175,0.006548511789327233,0.008391059481677125,-0.03976360872633034,5.462737762870814e-4
WK034505,West,2016,4.119072808929587,0.01680795778590274,NA,NA,NA,NA,NA
WK034505,West,2018,4.109609329886588,0.007344478742902858,-0.020233268974531263,0.051052265975410606,0.005779610245573997,-0.039713773139855524,0.010459644636304761
WK034505,West,2020,4.11337215766017,0.01110730651648493,-0.019652957989286856,0.04734698491975807,0.004216207108929727,-0.024506354106620713,0.003703426583704402
WK034505,West,2022,4.1523574091365125,0.050092557992827635,-0.0147438106227034,0.055568717499100945,0.006127965700737337,-0.014193353749264144,0.01733303916495661
WK035100,Wijk 00 Woudenberg,2002,4.0285870217172866,-0.07367782942639874,NA,NA,NA,NA,NA
WK035100,Wijk 00 Woudenberg,2008,4.0225537149785815,-0.07971113616510407,NA,NA,NA,NA,NA
WK035100,Wijk 00 Woudenberg,2012,4.050117726876329,-0.05214712426735611,NA,NA,NA,NA,NA
WK035100,Wijk 00 Woudenberg,2014,4.094873022192374,-0.007391828951311362,-0.006149553713720675,0.06065832482820769,0.02544380526168274,-0.09111407495807995,0.003769669630598565
WK035100,Wijk 00 Woudenberg,2016,4.10836543795933,0.006100586815645121,NA,NA,NA,NA,NA
WK035100,Wijk 00 Woudenberg,2018,4.107020171220357,0.004755320076671573,-0.011356494727891239,0.07131467144985072,0.02535663827000437,-0.0915903328034404,0.01103083788814784
WK035100,Wijk 00 Woudenberg,2020,4.101530292378585,-7.345587651000825e-4,-0.013181876456771664,0.0652434985201582,0.02457363794041005,-0.07931956456383354,0.0019497457949365833
WK035100,Wijk 00 Woudenberg,2022,4.108714500002056,0.006449648858370324,-0.010781476267176427,0.06035829979910061,0.023607883878365203,-0.08475637439953951,0.018021315847620165
WK035200,Wijk 00 Wijk bij Duurstede,2002,3.97735872258693,-0.12490612855675513,NA,NA,NA,NA,NA
WK035200,Wijk 00 Wijk bij Duurstede,2008,3.9904771824221785,-0.11178766872150676,NA,NA,NA,NA,NA
WK035200,Wijk 00 Wijk bij Duurstede,2012,4.0083716599354196,-0.09389319120826568,NA,NA,NA,NA,NA
WK035200,Wijk 00 Wijk bij Duurstede,2014,4.03872885312669,-0.06353599801699475,0.006743303382001085,0.017120754392636463,0.006514990269986072,-0.09214476276917662,-0.0017702832924420665
WK035200,Wijk 00 Wijk bij Duurstede,2016,4.1351902073224736,0.03292535617878805,NA,NA,NA,NA,NA
WK035200,Wijk 00 Wijk bij Duurstede,2018,4.075108056094826,-0.027156795048859168,0.0038590830164885303,0.039139344292633965,0.006568646494615886,-0.08612520782249172,0.00940133896989391
WK035200,Wijk 00 Wijk bij Duurstede,2020,4.089729344940874,-0.012535506202810725,0.003759163803295633,0.04934225550923793,0.004321708748739026,-0.07936267057353424,0.00940403630945067
WK035200,Wijk 00 Wijk bij Duurstede,2022,4.122648180463183,0.020383329319498045,0.010610513914678429,0.06622861649199069,0.005610809690000123,-0.08296481091861932,0.020898200141447863
WK035201,Wijk 01 Landelijk gebied,2002,4.055915293596126,-0.04634955754755967,NA,NA,NA,NA,NA
WK035201,Wijk 01 Landelijk gebied,2008,4.07948883773707,-0.02277601340661425,NA,NA,NA,NA,NA
WK035201,Wijk 01 Landelijk gebied,2012,4.110144966998028,0.007880115854343454,NA,NA,NA,NA,NA
WK035201,Wijk 01 Landelijk gebied,2014,4.137530348466246,0.03526549732256071,-0.06315511163823673,0.09645315578154408,0.09932459352943718,-0.1705103860184308,0.07315324566824669
WK035201,Wijk 01 Landelijk gebied,2016,4.208549095272498,0.10628424412881242,NA,NA,NA,NA,NA
WK035201,Wijk 01 Landelijk gebied,2018,4.195510387191365,0.09324553604767978,-0.023362665948917862,0.10142659465424188,0.10747009363798811,-0.1640957250046567,0.07180723870902388
WK035201,Wijk 01 Landelijk gebied,2020,4.173016581576211,0.07075173043252561,-0.03743105693763813,0.10500623317982634,0.09175919518433462,-0.15439570757827223,0.06581306658427474
WK035201,Wijk 01 Landelijk gebied,2022,4.198736374703742,0.09647152356005695,-0.028259910992630838,0.10593986278693093,0.08921056104150159,-0.15686643336343115,0.08644744408768631
WK035202,Wijk 02 Cothen,2002,4.054547957556392,-0.04771689358729303,NA,NA,NA,NA,NA
WK035202,Wijk 02 Cothen,2008,4.04534251743034,-0.05692233371334481,NA,NA,NA,NA,NA
WK035202,Wijk 02 Cothen,2012,4.067494328644748,-0.034770522498938077,NA,NA,NA,NA,NA
WK035202,Wijk 02 Cothen,2014,4.114750177852716,0.012485326709030728,-0.01568550961030547,0.07479974888152825,0.04367688627891996,-0.12230448128133885,0.03199868244022653
WK035202,Wijk 02 Cothen,2016,4.172850062655986,0.07058521151230075,NA,NA,NA,NA,NA
WK035202,Wijk 02 Cothen,2018,4.10374776613193,0.0014829149882441238,-0.017322633265490914,0.07549295526750477,0.03166989650646793,-0.12141007136104176,0.033052767840803805
WK035202,Wijk 02 Cothen,2020,4.13307631468846,0.030811463544775364,-0.016361964033717785,0.09078254376963384,0.03940787565664769,-0.11342130930907117,0.03040431746128253
WK035202,Wijk 02 Cothen,2022,4.143116441674806,0.04085159053112075,-0.008719248874094412,0.09046599719238468,0.03783789674722545,-0.11969167411806332,0.04095861958366806
WK035203,Wijk 03 Langbroek,2002,4.079073273739275,-0.02319157740441026,NA,NA,NA,NA,NA
WK035203,Wijk 03 Langbroek,2008,4.069380997197776,-0.03288385394590965,NA,NA,NA,NA,NA
WK035203,Wijk 03 Langbroek,2012,4.119297195685317,0.017032344541632393,NA,NA,NA,NA,NA
WK035203,Wijk 03 Langbroek,2014,4.136833992446553,0.03456914130286702,-0.009324288977023077,0.0797703690946714,0.060153955022195636,-0.14233534388826538,0.04630445005128814
WK035203,Wijk 03 Langbroek,2016,4.166873895442315,0.06460904429863028,NA,NA,NA,NA,NA
WK035203,Wijk 03 Langbroek,2018,4.164741379434517,0.06247652829083195,-0.0043958961677801195,0.09944876365947035,0.05555050298003868,-0.13791071396334328,0.049783871782446046
WK035203,Wijk 03 Langbroek,2020,4.150407408578194,0.04814255743450875,-0.010423389801125841,0.08546116908310628,0.05163407568597032,-0.12799458149332826,0.049465283959885954
WK035203,Wijk 03 Langbroek,2022,4.169128913671262,0.06686406252757712,-0.005290282368711556,0.09729642678232973,0.05295329322100362,-0.12973428304140905,0.05163890793436411
WK035300,Wijk 00 IJsselstein,2002,4.02841237107393,-0.07385248006975556,NA,NA,NA,NA,NA
WK035300,Wijk 00 IJsselstein,2008,4.03361524988167,-0.06864960126201476,NA,NA,NA,NA,NA
WK035300,Wijk 00 IJsselstein,2012,4.06127311022442,-0.0409917409192653,NA,NA,NA,NA,NA
WK035300,Wijk 00 IJsselstein,2014,4.094329020915939,-0.007935830227745957,-0.0056872762537818955,-0.006526940112328968,0.002796745468209315,0.004309976083023374,-0.0028283354128680496
WK035300,Wijk 00 IJsselstein,2016,4.122038101042803,0.019773249899117794,NA,NA,NA,NA,NA
WK035300,Wijk 00 IJsselstein,2018,4.123625693679657,0.021360842535972074,-0.008059289542025845,0.008501460452327175,0.0033285028159459845,0.016227893024519702,0.0013622757852047858
WK035300,Wijk 00 IJsselstein,2020,4.14726276231854,0.0449979111748555,0.004264377134537417,0.005855729827508329,0.006652104259545507,0.025598527814967093,0.0026271721382968736
WK035300,Wijk 00 IJsselstein,2022,4.094913283564001,-0.007351567579684409,-0.002748770110524541,0.01091254987162493,0.006075307856313516,0.003535742666634779,-0.02512639786373339
WK035501,Zeist Centrum,2002,4.137149755678406,0.034884904534720464,NA,NA,NA,NA,NA
WK035501,Zeist Centrum,2008,4.146285610914163,0.044020759770477084,NA,NA,NA,NA,NA
WK035501,Zeist Centrum,2012,4.138568049503381,0.036303198359695706,NA,NA,NA,NA,NA
WK035501,Zeist Centrum,2014,4.22923391762879,0.1269690664851049,0.025252982214578442,-0.03477901634973059,-0.006729864648925905,0.10477858456712677,0.03844638070205593
WK035501,Zeist Centrum,2016,4.261568077467723,0.15930322632403793,NA,NA,NA,NA,NA
WK035501,Zeist Centrum,2018,4.252469138203806,0.15020428706012126,0.014022409266443124,-0.005872876685244805,-0.0028551857656620933,0.10730604801083782,0.03760389223374694
WK035501,Zeist Centrum,2020,4.272104429144809,0.1698395780011245,0.015405000736057311,-0.00755171254403935,-0.0049674918281353226,0.12373210307998792,0.04322167855725367
WK035501,Zeist Centrum,2022,4.271111054457663,0.16884620331397748,0.021145462502577286,-0.014553786881740654,-0.007163488847795192,0.13092274579689903,0.03849527074403676
WK035502,Zeist-Noord,2002,3.8808512365783003,-0.2214136145653849,NA,NA,NA,NA,NA
WK035502,Zeist-Noord,2008,3.8668816481129507,-0.23538320303073448,NA,NA,NA,NA,NA
WK035502,Zeist-Noord,2012,3.877515603230281,-0.22474924791340403,NA,NA,NA,NA,NA
WK035502,Zeist-Noord,2014,3.9685760931972536,-0.13368875794643154,0.009442526136755175,-0.06932722830036445,-0.04522882777480807,0.018623524979031053,-0.04719875298704549
WK035502,Zeist-Noord,2016,3.987808944018762,-0.11445590712492337,NA,NA,NA,NA,NA
WK035502,Zeist-Noord,2018,3.9838761293717333,-0.11838872177195206,0.001077881033553108,-0.047779522442795416,-0.044100433588952576,0.020397093318164715,-0.04798374009192218
WK035502,Zeist-Noord,2020,4.011576172771253,-0.09068867837243193,0.009288421512469152,-0.05465272073951622,-0.040250914478918313,0.03921520953246051,-0.04428867419892731
WK035502,Zeist-Noord,2022,4.016057377177045,-0.08620747396664016,0.02341284237441885,-0.05249042042642701,-0.037168218773636845,0.03535855617251345,-0.05532023331350886
WK035503,Zeist-West,2002,3.9767786142422987,-0.12548623690138688,NA,NA,NA,NA,NA
WK035503,Zeist-West,2008,3.9802475633480645,-0.12201728779562042,NA,NA,NA,NA,NA
WK035503,Zeist-West,2012,3.997167299743032,-0.10509755140065383,NA,NA,NA,NA,NA
WK035503,Zeist-West,2014,4.049822820148959,-0.052442030994725344,0.006653847726523884,-0.03686267728785549,-0.025241859190142685,0.005788628071426906,-0.002779970314678229
WK035503,Zeist-West,2016,4.105712981245503,0.0034481301018181457,NA,NA,NA,NA,NA
WK035503,Zeist-West,2018,4.075781109618943,-0.026483741524741745,0.0040944287129912,-0.010952454288452585,-0.02119520836861923,0.0025193057368219935,-9.498133174834243e-4
WK035503,Zeist-West,2020,4.1081062064460925,0.005841355302407144,0.01005021697417862,-0.0011577626903976782,-0.019346695014280196,0.014332322859063247,0.0019632731738428743
WK035503,Zeist-West,2022,4.0949509135304885,-0.0073139376131964315,0.012883388509296408,-0.016246240135836917,-0.01713297519537502,0.014678216393966648,-0.0014963271852478422
WK035504,Zeist-Oost,2002,4.1779512614913825,0.07568641034769738,NA,NA,NA,NA,NA
WK035504,Zeist-Oost,2008,4.157255889645902,0.05499103850221729,NA,NA,NA,NA,NA
WK035504,Zeist-Oost,2012,4.157456400136337,0.05519154899265243,NA,NA,NA,NA,NA
WK035504,Zeist-Oost,2014,4.255377064679669,0.15311221353598392,0.05509195682169194,0.020588673731311836,0.0420008963405881,0.03156125190640091,0.003869434735990858
WK035504,Zeist-Oost,2016,4.258484913369259,0.1562200622255732,NA,NA,NA,NA,NA
WK035504,Zeist-Oost,2018,4.284251468580742,0.1819866174370565,0.057201444204351554,0.05997191720009257,0.04586595695297475,0.028988569470960308,-0.010041270391322995
WK035504,Zeist-Oost,2020,4.2963977158438675,0.1941328647001826,0.054236427318418316,0.056090452481904245,0.03885195623580933,0.04240512406433545,0.0025489045997149178
WK035504,Zeist-Oost,2022,4.259331270815055,0.15706641967137003,0.058735323199445154,0.03534107524170045,0.04036350744970999,0.04424047751412972,-0.02161396373361561
WK035505,Den Dolder e.o.,2002,4.1404348019123844,0.03816995076869888,NA,NA,NA,NA,NA
WK035505,Den Dolder e.o.,2008,4.120254678375524,0.017989827231838167,NA,NA,NA,NA,NA
WK035505,Den Dolder e.o.,2012,4.131544290472333,0.029279439328648384,NA,NA,NA,NA,NA
WK035505,Den Dolder e.o.,2014,4.2067793297754825,0.1045144786317976,0.05042015977756241,0.024014901093991826,0.04941858275890014,-0.05606404773669249,0.03672488273803545
WK035505,Den Dolder e.o.,2016,4.223670997254186,0.12140614611050075,NA,NA,NA,NA,NA
WK035505,Den Dolder e.o.,2018,4.216874581732163,0.11460973058847786,0.04766273328808767,0.045913141492015044,0.044203870674157465,-0.060147923214172644,0.036977908348390084
WK035505,Den Dolder e.o.,2020,4.217467890791594,0.11520303964790861,0.04880294572749621,0.029749112571920356,0.04066594092156132,-0.0472339233745238,0.04321896380145424
WK035505,Den Dolder e.o.,2022,4.227005755496171,0.12474090435248507,0.052048510997128906,0.04066056668624796,0.042629889962713614,-0.05096838802229025,0.040370324728684515
WK035601,Jutphaas Wijkersloot,2002,3.9990215796332707,-0.10324327151041439,NA,NA,NA,NA,NA
WK035601,Jutphaas Wijkersloot,2008,3.979467086487429,-0.12279776465625626,NA,NA,NA,NA,NA
WK035601,Jutphaas Wijkersloot,2012,4.004074927230095,-0.09818992391359045,NA,NA,NA,NA,NA
WK035601,Jutphaas Wijkersloot,2014,4.021212103233443,-0.08105274791024127,-0.0013184481842521917,-0.06719411728472545,-0.03558577706691933,0.06585582021503748,-0.04281022558938205
WK035601,Jutphaas Wijkersloot,2016,3.9854580725141764,-0.11680677862950882,NA,NA,NA,NA,NA
WK035601,Jutphaas Wijkersloot,2018,4.008431495292032,-0.09383335585165303,-0.01330548878193133,-0.0654867870683519,-0.036743623392787805,0.07329925951016483,-0.051596716118747075
WK035601,Jutphaas Wijkersloot,2020,4.056607170460986,-0.045657680682699216,-0.008669185976825686,-0.05723470711579727,-0.03437179629431937,0.0898446786253087,-0.03522666992106587
WK035601,Jutphaas Wijkersloot,2022,4.022786686530293,-0.07947816461339237,-0.007367342621978352,-0.054734937333754424,-0.03911170021738173,0.0583974995660332,-0.036661684006311326
WK035602,Zuilenstein,2002,3.9977340245189215,-0.1045308266247641,NA,NA,NA,NA,NA
WK035602,Zuilenstein,2008,4.037082585176044,-0.0651822659676411,NA,NA,NA,NA,NA
WK035602,Zuilenstein,2012,4.055711603653289,-0.04655324749039607,NA,NA,NA,NA,NA
WK035602,Zuilenstein,2014,4.084193883589742,-0.018070967553943548,-0.009489449505523313,-0.0073485279820183404,-0.01970015007755813,0.03786917971120505,-0.019402019700049067
WK035602,Zuilenstein,2016,4.055266230643211,-0.04699862050047404,NA,NA,NA,NA,NA
WK035602,Zuilenstein,2018,4.089725796176889,-0.012539054966795523,-0.010715676883500964,-0.010227491318986094,-0.022041080200576844,0.043076833169540654,-0.012631639733272568
WK035602,Zuilenstein,2020,4.118311122500143,0.01604627135645795,-0.004591710197955079,0.0013256255547153327,-0.02157626015223443,0.058761291107767955,-0.017872674955836117
WK035602,Zuilenstein,2022,4.0947735716874245,-0.007491279456261233,-0.005677971488926556,-0.004700226715129497,-0.016870774269027763,0.026704308455719906,-0.006946615438897648
WK035603,Batau Zuid,2002,4.0098378363659695,-0.09242701477771618,NA,NA,NA,NA,NA
WK035603,Batau Zuid,2008,4.0178846935276065,-0.08438015761607895,NA,NA,NA,NA,NA
WK035603,Batau Zuid,2012,4.050829862156627,-0.051434988987057874,NA,NA,NA,NA,NA
WK035603,Batau Zuid,2014,4.091650017896709,-0.010614833246976691,0.010354427070978629,-0.030995360479383675,-0.016867093937956833,0.049647749384365336,-0.022754555284980403
WK035603,Batau Zuid,2016,4.093545449050182,-0.008719402093503109,NA,NA,NA,NA,NA
WK035603,Batau Zuid,2018,4.074440904347305,-0.027823946796380096,-0.023377451910533815,-0.027965697546029226,-0.018296770996284836,0.05980396200026498,-0.017987988343797463
WK035603,Batau Zuid,2020,4.096648794851027,-0.005616056292657918,-0.0236847094141722,-0.02288667830690327,-0.02080097799504712,0.0693026071941362,-0.007546297770671775
WK035603,Batau Zuid,2022,4.09444457356454,-0.007820277579145546,-0.013243124336779625,-0.020399645612983047,-0.01506324157078536,0.04578805542720988,-0.00490232148580769
WK035604,Batau Noord,2002,3.9607822266437336,-0.14148262449995153,NA,NA,NA,NA,NA
WK035604,Batau Noord,2008,3.9703191823236232,-0.13194566882006162,NA,NA,NA,NA,NA
WK035604,Batau Noord,2012,4.006384940406893,-0.09587991073679185,NA,NA,NA,NA,NA
WK035604,Batau Noord,2014,4.036998171920372,-0.06526667922331339,-0.01064078620309183,-0.04006727837646503,-0.02328446550750308,0.007913613952460988,8.122369112853027e-4
WK035604,Batau Noord,2016,4.045263942073295,-0.05700090907039025,NA,NA,NA,NA,NA
WK035604,Batau Noord,2018,4.044130993644922,-0.058133857498763944,-0.01681698550379469,-0.020663497202635956,-0.025191452641837805,0.014679454201373952,-0.010141376351869664
WK035604,Batau Noord,2020,4.082450724357779,-0.019814126785906803,-0.009169940784086922,-0.015254424840061927,-0.026749276350340245,0.02615791887115389,0.005201596317428122
WK035604,Batau Noord,2022,4.041694647918914,-0.06057020322477167,-0.010427984580764667,-0.0215030210745153,-0.022478806898979273,4.309033348189028e-7,-0.006160821573847524
WK035605,Doorslag,2002,4.050617247852152,-0.051647603291533194,NA,NA,NA,NA,NA
WK035605,Doorslag,2008,4.075745430951722,-0.02651942019196371,NA,NA,NA,NA,NA
WK035605,Doorslag,2012,4.096842060174721,-0.005422790968964212,NA,NA,NA,NA,NA
WK035605,Doorslag,2014,4.139955853356113,0.037691002212428035,0.01297799312270115,-0.031133151950430323,-0.006708664725469917,0.07184617362935869,-0.009291347863731808
WK035605,Doorslag,2016,4.114192922670314,0.011928071526628118,NA,NA,NA,NA,NA
WK035605,Doorslag,2018,4.126058452289809,0.023793601146123985,-0.015118013705006159,-0.016711797582898712,-0.007990993881969428,0.07124988052931626,-0.007635474213318286
WK035605,Doorslag,2020,4.155003743348976,0.052738892205290405,-0.009849763687810403,-0.005537249968078695,-0.007284657641667558,0.08184352471990111,-0.006432961217054349
WK035605,Doorslag,2022,4.145584089776875,0.0433192386331898,-0.008489280930361137,0.0031460599454049953,-0.012174569134110079,0.059160807216926146,0.0016762215353296177
WK035606,Huis de Geer,2002,4.043332109622849,-0.058932741520836295,NA,NA,NA,NA,NA
WK035606,Huis de Geer,2008,4.11228538765069,0.010020536507005334,NA,NA,NA,NA,NA
WK035606,Huis de Geer,2012,4.132953162202396,0.03068831105871066,NA,NA,NA,NA,NA
WK035606,Huis de Geer,2014,4.182174377143288,0.07990952599960323,-0.017247767523915093,-0.0020969211983994035,0.027737990949392614,0.02649247205367462,0.04502375171885017
WK035606,Huis de Geer,2016,4.201329833454896,0.09906498231120989,NA,NA,NA,NA,NA
WK035606,Huis de Geer,2018,4.201279379243996,0.0990145281003103,-0.013309133064980582,0.04016401872692017,0.024283093135959076,0.02816908169193625,0.019707467610475194
WK035606,Huis de Geer,2020,4.216496760555476,0.114231909411791,-0.009184720236764688,0.031137026672626834,0.01986635211307517,0.028295127998754648,0.044118122864098885
WK035606,Huis de Geer,2022,4.189248703236698,0.08698385209301256,-0.0025861831068240675,0.0394556308113792,0.012402292979650436,0.012829968089701113,0.02488214331910564
WK035607,Blokhoeve,2002,3.963354676652573,-0.13891017449111243,NA,NA,NA,NA,NA
WK035607,Blokhoeve,2008,4.11777887987501,0.015514028731324655,NA,NA,NA,NA,NA
WK035607,Blokhoeve,2012,4.142810278138963,0.040545426995278466,NA,NA,NA,NA,NA
WK035607,Blokhoeve,2014,4.094138891868975,-0.00812595927470999,-0.04254153704366855,0.028290014750334228,0.0319608032809005,0.006183546168993528,-0.03201878643126992
WK035607,Blokhoeve,2016,4.093220645673364,-0.009044205470320565,NA,NA,NA,NA,NA
WK035607,Blokhoeve,2018,4.189673979231208,0.08740912808752295,-0.024832372945847045,0.045333814724778404,0.049561695701216664,0.010829871052764284,0.006516119554610307
WK035607,Blokhoeve,2020,4.123443390584725,0.021178539441040176,-0.033070716467847046,0.03826395506687742,0.010386346923412873,0.007148831147291096,-0.0015498772286943172
WK035607,Blokhoeve,2022,4.139873068616559,0.03760821747287433,-0.02802681526952463,0.02956053206152719,0.012236640734039881,0.0010471774349194289,0.02279068251191212
WK035608,Galecop,2002,4.057780901976235,-0.044483949167449584,NA,NA,NA,NA,NA
WK035608,Galecop,2008,4.090856812531093,-0.011408038612593078,NA,NA,NA,NA,NA
WK035608,Galecop,2012,4.078173695284779,-0.024091155858906782,NA,NA,NA,NA,NA
WK035608,Galecop,2014,4.1024108761838765,1.460250401911655e-4,-0.022841381884563198,0.02491469254679462,-0.006047000197454805,-0.0034385013404377766,0.007558215915852067
WK035608,Galecop,2016,4.099902263228836,-0.0023625879148492642,NA,NA,NA,NA,NA
WK035608,Galecop,2018,4.1161963194959625,0.013931468352277215,-0.02355840187239368,0.028964551573600734,-0.008533922348259396,9.187035098980825e-4,0.01614053748943123
WK035608,Galecop,2020,4.129652175574297,0.027387324430612196,-0.018221498116850594,0.03040564820191983,-0.010359736502860572,0.009934749371089673,0.015628161477313583
WK035608,Galecop,2022,4.112289070500665,0.010024219356980566,-0.016213500413068176,0.029989245621935095,-0.005486106723078011,-0.016798756101653104,0.018533336972844493
WK035610,Fokkesteeg,2002,4.043893049692437,-0.05837180145124847,NA,NA,NA,NA,NA
WK035610,Fokkesteeg,2008,4.02044047406677,-0.0818243770769159,NA,NA,NA,NA,NA
WK035610,Fokkesteeg,2012,4.027986637344712,-0.07427821379897304,NA,NA,NA,NA,NA
WK035610,Fokkesteeg,2014,4.013120956418829,-0.08914389472485654,-0.01590296439954365,-0.03975599935538697,-0.024485132207070194,0.019786307119808475,-0.028786105882664455
WK035610,Fokkesteeg,2016,4.021455026666527,-0.08080982447715788,NA,NA,NA,NA,NA
WK035610,Fokkesteeg,2018,4.026475905973279,-0.07578894517040596,-0.012123629148550894,-0.031525669538123524,-0.023957067323837265,0.01934155846401465,-0.027524137623909182
WK035610,Fokkesteeg,2020,4.079455225022446,-0.022809626121238984,-0.01171955223980358,-0.017423150586327357,-0.020572011361277596,0.037253439854638,-0.010348351788468765
WK035610,Fokkesteeg,2022,4.0272702713862305,-0.07499457975745459,-0.012350593363331957,-0.022006784555284143,-0.025528758461611685,0.003911384144538482,-0.019019827521765578
WK035611,Hoogzandveld,2002,4.078526620477801,-0.023738230665884385,NA,NA,NA,NA,NA
WK035611,Hoogzandveld,2008,4.058348110172549,-0.04391674097113577,NA,NA,NA,NA,NA
WK035611,Hoogzandveld,2012,4.105049016520661,0.002784165376975341,NA,NA,NA,NA,NA
WK035611,Hoogzandveld,2014,4.121410666469299,0.019145815325613765,0.005848865084826319,0.0099909580475108,-0.006857253738602363,0.005742424603469225,0.004420821328409528
WK035611,Hoogzandveld,2016,4.097453402788531,-0.004811448355153594,NA,NA,NA,NA,NA
WK035611,Hoogzandveld,2018,4.114624838959821,0.012359987816135285,-0.004015973450028275,0.021599469489119245,-0.004419990527532098,0.01395581828460563,-0.014759335980029504
WK035611,Hoogzandveld,2020,4.15997190002603,0.0577070488823452,0.0037311019461467214,0.015080401969970285,-0.00210786761308764,0.027786818220829707,0.013216594358485843
WK035611,Hoogzandveld,2022,4.115042525767698,0.012777674624012383,-1.8291717420011773e-4,0.01102420035376175,-0.006226280771057163,0.0016186603302869632,0.0065440118852206726
WK035612,Lekboulevard,2002,4.066717790218612,-0.03554706092507335,NA,NA,NA,NA,NA
WK035612,Lekboulevard,2008,4.050481711088835,-0.05178314005484945,NA,NA,NA,NA,NA
WK035612,Lekboulevard,2012,4.084531237517884,-0.017733613625801312,NA,NA,NA,NA,NA
WK035612,Lekboulevard,2014,4.0912939422973045,-0.010970908846380602,-0.0038205108027017515,0.013519609342151677,-0.014855504880871227,-0.002145532348853089,-0.003668970156106594
WK035612,Lekboulevard,2016,4.047732122658012,-0.054532728485673684,NA,NA,NA,NA,NA
WK035612,Lekboulevard,2018,4.068262642462101,-0.03400220868158402,-0.02275616076812951,0.027302184187450642,-0.025810462137009774,-0.005666037628455857,-0.007071732335439938
WK035612,Lekboulevard,2020,4.07130846135402,-0.030956389789665126,-0.013844940037530798,1.811371644877718e-4,-0.024345772442780262,0.009293119984892247,-0.0022399344587344097
WK035612,Lekboulevard,2022,4.030861641988113,-0.0714032091555728,-0.010590158648828786,-0.009901127771630037,-0.0289461183365416,-0.01839621500145602,-0.0035695893971166015
WK035613,Vreeswijk,2002,4.1144843650943965,0.012219513950711162,NA,NA,NA,NA,NA
WK035613,Vreeswijk,2008,4.072754279941122,-0.02951057120256337,NA,NA,NA,NA,NA
WK035613,Vreeswijk,2012,4.109256994427497,0.006992143283811874,NA,NA,NA,NA,NA
WK035613,Vreeswijk,2014,4.100674189373534,-0.0015906617701510468,0.007031013279038056,0.016137984904949117,-0.011849241610841273,-0.009395986965192428,-0.003514431378104766
WK035613,Vreeswijk,2016,4.086990431152678,-0.01527441999100678,NA,NA,NA,NA,NA
WK035613,Vreeswijk,2018,4.11330913552242,0.011044284378734809,-0.0022295629693733377,0.024989978978389404,-0.010716129310278242,-0.0047770791311397285,0.003777076811136449
WK035613,Vreeswijk,2020,4.138887278942313,0.03662242779862866,0.004488300344495503,0.023827062500191374,-0.009471685029631145,0.012034369867254558,0.005744380116318076
WK035613,Vreeswijk,2022,4.10411528503815,0.001850433894464426,-0.0015644956892142048,0.024040075035385775,-0.013926272931239561,-0.012337324433856996,0.005638451913389141
WK035614,Merwestein,2002,3.8343550455810056,-0.26790980556267957,NA,NA,NA,NA,NA
WK035614,Merwestein,2008,3.8389484374873706,-0.26331641365631453,NA,NA,NA,NA,NA
WK035614,Merwestein,2012,3.8758601821763805,-0.2264046689673047,NA,NA,NA,NA,NA
WK035614,Merwestein,2014,3.9225754845954612,-0.17968936654822443,-0.014159326603686073,-0.1426443546546434,-0.057554851803656604,0.05167140504023473,-0.017002238526473337
WK035614,Merwestein,2016,3.8862995839421233,-0.21596526720156212,NA,NA,NA,NA,NA
WK035614,Merwestein,2018,3.9401772965992423,-0.16208755454444296,-0.020691507263583847,-0.09430211968669593,-0.03632756801624993,0.04347812385037051,-0.05424448342828402
WK035614,Merwestein,2020,3.9584443744658984,-0.14382047667778664,-0.024814460581741995,-0.09318067460324893,-0.03943473367729998,0.06176998330691749,-0.04816059112241356
WK035614,Merwestein,2022,3.923763960031294,-0.178500891112391,-0.0219065836639976,-0.0847276570709142,-0.04787159061111281,0.034307819986427755,-0.058302879752794363
WK035615,Park Oudegein,2002,4.163310561135801,0.06104570999211566,NA,NA,NA,NA,NA
WK035615,Park Oudegein,2008,4.274591166722223,0.172326315578537,NA,NA,NA,NA,NA
WK035615,Park Oudegein,2012,4.213571736646846,0.1113068855031606,NA,NA,NA,NA,NA
WK035615,Park Oudegein,2014,4.322284856192504,0.2200200050488194,0.06103994319267209,-0.01709117210302152,0.04609196765803635,0.02385633818897705,0.1061229281121554
WK035615,Park Oudegein,2016,4.297133455807129,0.19486860466344297,NA,NA,NA,NA,NA
WK035615,Park Oudegein,2018,4.422803006774763,0.3205381556310774,0.06210614868695203,0.05903721885147676,0.045971327590766095,0.02717359715621435,0.12624986334566812
WK035615,Park Oudegein,2020,4.461794220947918,0.3595293698042325,0.07076194028262849,0.06573476653216562,0.056184523668431345,0.04081175945402376,0.12603637986698324
WK035615,Park Oudegein,2022,4.354206546469745,0.25194169532605926,0.06094841438074862,0.018123949438579836,0.032887689665070975,0.016434081727097833,0.12354756011456182
WK035616,Zandveld,2002,4.068412663683644,-0.0338521874600405,NA,NA,NA,NA,NA
WK035616,Zandveld,2008,4.028513959145972,-0.07375089199771402,NA,NA,NA,NA,NA
WK035616,Zandveld,2012,4.029944557807809,-0.07232029333587567,NA,NA,NA,NA,NA
WK035616,Zandveld,2014,4.093340944810133,-0.008923906333552938,0.03516505042923545,-0.028982741485144427,-0.02577065170543975,0.016501781036289864,-0.005837344608494367
WK035616,Zandveld,2016,4.06449639166518,-0.03776845947850464,NA,NA,NA,NA,NA
WK035616,Zandveld,2018,4.076027124463453,-0.026237726680232477,-0.006715191629309129,-0.014255012384482695,-0.02265894010448418,0.023815352153545872,-0.006423934715502633
WK035616,Zandveld,2020,4.107404321268724,0.005139470125039297,0.0013548965587701586,-0.02112840008261752,-0.022669436819705926,0.04165404118555937,0.005928369283032925
WK035616,Zandveld,2022,4.050001832057166,-0.05226301908651903,-0.0027992361446930545,-0.03270869576960872,-0.02897629038424173,0.010499698070958534,0.0017215051410656408
WK035618,Het Klooster,2002,4.287318405901757,0.1850535547580712,NA,NA,NA,NA,NA
WK035618,Het Klooster,2008,4.104890650763423,0.0026257996197372587,NA,NA,NA,NA,NA
WK035618,Het Klooster,2012,4.204325252988284,0.10206040184459877,NA,NA,NA,NA,NA
WK035618,Het Klooster,2014,4.199264094555625,0.09699924341193963,-0.13149906367889844,0.1141965503223076,0.12315755824966093,-0.062379174960539095,0.053523373479408505
WK035618,Het Klooster,2016,4.241843599048409,0.139578747904724,NA,NA,NA,NA,NA
WK035618,Het Klooster,2018,4.2593265613637294,0.1570617102200439,-0.09618541933470381,0.10183784632896463,0.12130504642287955,-0.04993113926993323,0.08003537607283667
WK035618,Het Klooster,2020,4.21793988855155,0.11567503740786522,-0.08593491312641845,0.0710182498500098,0.0921336846215688,-0.04596650953437498,0.0844245255970794
WK035618,Het Klooster,2022,4.19154071991393,0.08927586877024474,-0.13033383376733274,0.10495600482847212,0.10120793465833108,-0.07155734686328502,0.08500310991405889
WK035620,Laagraven,2002,4.1949070539024165,0.09264220275873185,NA,NA,NA,NA,NA
WK035620,Laagraven,2008,4.238139067435471,0.13587421629178528,NA,NA,NA,NA,NA
WK035620,Laagraven,2012,4.245069360533983,0.14280450939029798,NA,NA,NA,NA,NA
WK035620,Laagraven,2014,4.2443417615140255,0.14207691037034043,-0.053722453349530006,0.0364908731854705,0.11528845621661109,-0.035628838724721154,0.07964887304250982
WK035620,Laagraven,2016,4.216588517473384,0.11432366632969847,NA,NA,NA,NA,NA
WK035620,Laagraven,2018,4.4330426140524235,0.3307777629087383,0.00433906461574105,0.09591777022253595,0.15600773862594502,-0.02936735310628478,0.10388054255080074
WK035620,Laagraven,2020,4.43472860733357,0.3324637561898845,0.005987800055308157,0.11262559567858821,0.14764083478487203,-0.04025767144955058,0.10646719712066613
WK035620,Laagraven,2022,4.404996388441094,0.3027315372974087,0.01564803297856273,0.0778783814431953,0.14653266631105696,-0.0548409953484106,0.1175134519130037
WK035621,Plettenburg,2002,4.171866929961522,0.06960207881783653,NA,NA,NA,NA,NA
WK035621,Plettenburg,2008,4.267755575721399,0.16549072457771322,NA,NA,NA,NA,NA
WK035621,Plettenburg,2012,4.247231159151888,0.1449663080082029,NA,NA,NA,NA,NA
WK035621,Plettenburg,2014,4.277674563110354,0.17540971196666838,-0.07759345027841846,0.07446918019649643,0.10871011215188653,-0.003334302941067942,0.07315817283777143
WK035621,Plettenburg,2016,4.227116399846191,0.12485154870250582,NA,NA,NA,NA,NA
WK035621,Plettenburg,2018,4.294761111796613,0.19249626065292774,-0.058912258272143476,0.07569159929436618,0.10290336534107308,1.0452677473629143e-4,0.07270902751489566
WK035621,Plettenburg,2020,4.2255550299588505,0.12329017881516476,-0.02082875348237517,0.018086021419704078,0.09146574205257983,0.015219152002449566,0.01934801682280633
WK035621,Plettenburg,2022,3.769848838109775,-0.3324160130339106,-0.0360587514003997,-0.1868663571274993,-0.02685191916970867,-0.007532491219907323,-0.07510649411639578
WK035622,De Wiers,2002,4.261907348025724,0.15964249688203885,NA,NA,NA,NA,NA
WK035622,De Wiers,2008,4.281113424908152,0.1788485737644665,NA,NA,NA,NA,NA
WK035622,De Wiers,2012,4.166644209045579,0.06437935790189364,NA,NA,NA,NA,NA
WK035622,De Wiers,2014,4.139509174171604,0.037244323027918344,-0.18603787006967584,0.11167072583681724,0.08686509957853199,-0.017191945923608305,0.0419383136058532
WK035622,De Wiers,2016,4.0642468648316905,-0.03801798631199475,NA,NA,NA,NA,NA
WK035622,De Wiers,2018,4.074868501872957,-0.027396349270728315,-0.18553039638708205,0.051378958488276116,0.07806177708404138,0.003185901636147015,0.02550740990788889
WK035622,De Wiers,2020,4.087001151414668,-0.015263699729017022,-0.16595653674178776,0.05165717369932541,0.06956966896114901,-0.0019384611070100588,0.03140445545930586
WK035622,De Wiers,2022,4.079159396984952,-0.023105454158733243,-0.20566174758259426,0.07901979906357465,0.07317772569046188,-0.02325669779249849,0.053615466462322674
WK035623,Hoge Landen,2002,4.313868815641684,0.21160396449799862,NA,NA,NA,NA,NA
WK035623,Hoge Landen,2008,4.27061592503977,0.1683510738960853,NA,NA,NA,NA,NA
WK035623,Hoge Landen,2012,4.205363783342304,0.10309893219861836,NA,NA,NA,NA,NA
WK035623,Hoge Landen,2014,4.2699121280876735,0.16764727694398804,-0.04300882038650859,0.06953966371830853,0.05832187985687558,-0.0010153181521317706,0.08380987190744389
WK035623,Hoge Landen,2016,4.264733130188379,0.16246827904469419,NA,NA,NA,NA,NA
WK035623,Hoge Landen,2018,4.270066729105146,0.1678018779614605,-0.06086369734128531,0.09309052712943353,0.04230377442293059,-0.006613920297030951,0.09988519404741233
WK035623,Hoge Landen,2020,4.30294702713957,0.20068217599588567,-0.028665595900022788,0.06731379106594447,0.05989934252843377,0.004371598662274712,0.09776303963925531
WK035623,Hoge Landen,2022,4.327004310264234,0.2247394591205496,-0.025356808546897633,0.1051276129352645,0.055534228113876094,-0.01456497151100633,0.1039993981293127
WK035624,Stadscentrum,2002,3.8787716111453685,-0.2234932399983167,NA,NA,NA,NA,NA
WK035624,Stadscentrum,2008,3.8245903253750706,-0.27767452576861446,NA,NA,NA,NA,NA
WK035624,Stadscentrum,2012,3.847053350436527,-0.25521150070715776,NA,NA,NA,NA,NA
WK035624,Stadscentrum,2014,3.9496737776320936,-0.152591073511592,0.03161708976508884,-0.15294418607313343,-0.05398981147074274,0.09254512682755263,-0.06981929256035764
WK035624,Stadscentrum,2016,3.887605411303276,-0.21465943984040917,NA,NA,NA,NA,NA
WK035624,Stadscentrum,2018,3.9066359223735185,-0.19562892877016647,-0.011178560226072066,-0.14120625936513914,-0.05771579546491233,0.09905132114235751,-0.08457963485640073
WK035624,Stadscentrum,2020,3.9881064090212845,-0.11415844212240077,0.010587712910147415,-0.13121761773279497,-0.04919533896602384,0.11684008091147864,-0.06117327924520824
WK035624,Stadscentrum,2022,3.971441353056257,-0.13082349808742855,0.02842302637553255,-0.12487262433156314,-0.055303388601849954,0.07709787885260604,-0.056168390382154335
WK035625,Rijnhuizen,2002,4.311138653559471,0.20887380241578576,NA,NA,NA,NA,NA
WK035625,Rijnhuizen,2008,4.287692506515073,0.18542765537138767,NA,NA,NA,NA,NA
WK035625,Rijnhuizen,2012,4.3096581931891915,0.2073933420455072,NA,NA,NA,NA,NA
WK035625,Rijnhuizen,2014,4.437667381534284,0.33540253039059875,0.07732514304727005,0.12268647701782462,0.08418163152160674,-7.23248552444955e-4,0.05193252735634192
WK035625,Rijnhuizen,2016,4.201205109252556,0.0989402581088713,NA,NA,NA,NA,NA
WK035625,Rijnhuizen,2018,4.055469775692398,-0.04679507545128719,0.01139554414297368,0.027505488659097146,0.07156097918868874,0.006666053126906398,-0.16392314056895346
WK035625,Rijnhuizen,2020,4.266516855953078,0.1642520048093928,0.08167921740553265,0.013373970023753998,0.14211611723110673,0.006921116296792992,-0.07983841614779376
WK035625,Rijnhuizen,2022,4.06083711053174,-0.041427740611945506,0.009594104224061404,-0.07317316605612657,0.06477632632916,-0.003812096563383553,-0.038812908545657235
WK035800,Wijk 00 Aalsmeer,2002,4.112463157383455,0.010198306239770192,NA,NA,NA,NA,NA
WK035800,Wijk 00 Aalsmeer,2008,4.114945476658101,0.01268062551441561,NA,NA,NA,NA,NA
WK035800,Wijk 00 Aalsmeer,2012,4.1134077752324805,0.01114292408879467,NA,NA,NA,NA,NA
WK035800,Wijk 00 Aalsmeer,2014,4.097554097257272,-0.004710753886413405,0.0025282077794949475,-0.002099105008383382,0.013043149990219811,-0.027437440551882637,0.00925443390413756
WK035800,Wijk 00 Aalsmeer,2016,4.079384144791376,-0.02288070635230922,NA,NA,NA,NA,NA
WK035800,Wijk 00 Aalsmeer,2018,4.1347507505516505,0.03248589940796598,-0.015657170806388704,0.029696819604427792,0.012210266699488534,-0.004085970192031016,0.010321954102469071
WK035800,Wijk 00 Aalsmeer,2020,4.152690216181907,0.050425365038221356,-0.011474942208849804,0.034824179382155526,0.007351185353419411,0.008153318684424836,0.01157162382707117
WK035800,Wijk 00 Aalsmeer,2022,4.147656454707195,0.04539160356351021,-0.011993106110849338,0.048555343685515534,0.0074544746354694,-0.005924497422409845,0.007299388775784218
WK035801,Wijk 01 Kudelstraat en Kalslagen,2002,3.989644483613159,-0.11262036753052637,NA,NA,NA,NA,NA
WK035801,Wijk 01 Kudelstraat en Kalslagen,2008,4.022309252370742,-0.07995559877294313,NA,NA,NA,NA,NA
WK035801,Wijk 01 Kudelstraat en Kalslagen,2012,4.035876777583445,-0.06638807356024029,NA,NA,NA,NA,NA
WK035801,Wijk 01 Kudelstraat en Kalslagen,2014,4.046293136745489,-0.05597171439819569,0.007552575266535731,0.01733307890912247,0.019475022524407984,-0.12086467576336309,0.02053228466510092
WK035801,Wijk 01 Kudelstraat en Kalslagen,2016,4.012005090511147,-0.09025976063253843,NA,NA,NA,NA,NA
WK035801,Wijk 01 Kudelstraat en Kalslagen,2018,4.059549134988843,-0.042715716154842286,-0.0053650059651986015,0.036943307364687435,0.01665676009193718,-0.10994711737128411,0.018996339725015472
WK035801,Wijk 01 Kudelstraat en Kalslagen,2020,4.053314761468878,-0.048950089674807816,-0.001837493658801051,0.02111257720589459,0.011413066458536757,-0.10102900517449738,0.02139076549405901
WK035801,Wijk 01 Kudelstraat en Kalslagen,2022,4.052958513486403,-0.04930633765728215,0.005773046694866812,0.03393964524231504,0.006700532006612278,-0.11355447987621473,0.017834918275138185
WK035802,Wijk 02 Oosteinde,2002,4.074604248671962,-0.027660602471723066,NA,NA,NA,NA,NA
WK035802,Wijk 02 Oosteinde,2008,4.085581086134593,-0.016683765009092275,NA,NA,NA,NA,NA
WK035802,Wijk 02 Oosteinde,2012,4.116653056637012,0.014388205493327071,NA,NA,NA,NA,NA
WK035802,Wijk 02 Oosteinde,2014,4.134914038861629,0.032649187717943264,-0.022639002926810325,0.03570799786104046,0.046308108992027426,-0.05062982910399897,0.023901912895684406
WK035802,Wijk 02 Oosteinde,2016,4.093000435195444,-0.009264415948240873,NA,NA,NA,NA,NA
WK035802,Wijk 02 Oosteinde,2018,4.137235833323993,0.03497098218030829,-0.04208982103738023,0.04212974058183092,0.04323362046579819,-0.0359917623175911,0.027689204487650217
WK035802,Wijk 02 Oosteinde,2020,4.1316539419633855,0.02938909081969999,-0.031078524857637554,0.023643384574982797,0.03407271707571,-0.02642519037426917,0.029176704400913668
WK035802,Wijk 02 Oosteinde,2022,4.1298190005583955,0.02755414941471022,-0.03133633172480652,0.03478911214905937,0.025736412573924644,-0.03166112189157358,0.030026078308106063
WK036101,Zuid,2002,4.073226918377276,-0.029037932766409653,NA,NA,NA,NA,NA
WK036101,Zuid,2008,4.123411342913871,0.021146491770185388,NA,NA,NA,NA,NA
WK036101,Zuid,2012,4.132066019736822,0.029801168593136616,NA,NA,NA,NA,NA
WK036101,Zuid,2014,4.196887440150806,0.09462258900712103,0.008013705205921024,-0.018246053036479623,-0.014252259565403496,0.11720277930816175,0.0019044170949210628
WK036101,Zuid,2016,4.212651042794669,0.11038619165098386,NA,NA,NA,NA,NA
WK036101,Zuid,2018,4.209604059268184,0.10733920812449853,-0.006946488551409168,0.006587026125034386,-0.01498794326578825,0.1142668921156009,0.00841972170106037
WK036101,Zuid,2020,4.225901902371836,0.12363705122815095,-0.002997315382499184,0.0085806017183993,-0.015852582292707897,0.12009092260609672,0.013815424578861759
WK036101,Zuid,2022,4.226826006846745,0.12456115570306066,-3.638355191984541e-4,0.005041841653863164,-0.015136096016576703,0.12066312012093115,0.014356125464041193
WK036102,Oudorp,2002,4.071280064168138,-0.030984786975547036,NA,NA,NA,NA,NA
WK036102,Oudorp,2008,4.090790874307167,-0.011473976836517937,NA,NA,NA,NA,NA
WK036102,Oudorp,2012,4.112976574556474,0.01071172341278857,NA,NA,NA,NA,NA
WK036102,Oudorp,2014,4.1328818198040125,0.030616968660327492,0.0027945994453990263,-4.3154293995353605e-4,0.00390346341268622,0.020202231440188137,0.004148217302007381
WK036102,Oudorp,2016,4.135447652116828,0.03318280097314285,NA,NA,NA,NA,NA
WK036102,Oudorp,2018,4.143403979328232,0.04113912818454679,-0.009710195998370846,0.01761522837182792,0.002287768720172444,0.02473692726681001,0.006209399824107004
WK036102,Oudorp,2020,4.165737794660303,0.06347294351661817,-0.005666537501403496,0.019163594564637145,-0.004038229910888821,0.039413576361248044,0.014600540003024966
WK036102,Oudorp,2022,4.1678343219752,0.06556947083151565,-0.013012001430361188,0.02981793592953425,8.655513043506481e-5,0.03291491331403562,0.015762067887871642
WK036103,Overdie,2002,3.8674536113903017,-0.2348112397533832,NA,NA,NA,NA,NA
WK036103,Overdie,2008,3.8394721483388583,-0.262792702804827,NA,NA,NA,NA,NA
WK036103,Overdie,2012,3.893105465587892,-0.2091593855557932,NA,NA,NA,NA,NA
WK036103,Overdie,2014,3.9147612775289558,-0.1875035736147294,-0.007741070433324408,-0.13206723363493364,-0.056827481913219346,0.06710609795700904,-0.057973885590261336
WK036103,Overdie,2016,3.935269076019644,-0.16699577512404135,NA,NA,NA,NA,NA
WK036103,Overdie,2018,3.9596162209266845,-0.1426486302170008,-0.014947910564022145,-0.0863349377961738,-0.05600160464048164,0.06615437355012285,-0.05151855076644635
WK036103,Overdie,2020,3.999610072381582,-0.10265477876210324,-0.010835091602615735,-0.0726014977495614,-0.05440582330598422,0.07735606370132922,-0.0421684298052714
WK036103,Overdie,2022,3.999198850479394,-0.10306600066429125,-0.01056086372301799,-0.06827892204010529,-0.05595487323148578,0.07284602411122365,-0.04111736578090613
WK036104,West,2002,3.995584817613054,-0.10668003353063107,NA,NA,NA,NA,NA
WK036104,West,2008,4.022360540443373,-0.07990431070031238,NA,NA,NA,NA,NA
WK036104,West,2012,4.030379355494324,-0.07188549564936139,NA,NA,NA,NA,NA
WK036104,West,2014,4.092289516459718,-0.009975334683967463,0.015568874286908207,-0.030895197639794304,-0.013161840095168915,0.0518159708385105,-0.03330314207442323
WK036104,West,2016,4.132092832693935,0.02982798155025041,NA,NA,NA,NA,NA
WK036104,West,2018,4.125349439811759,0.023084588668073888,-0.0014752730379599044,0.007701806964207071,-0.011134656253785001,0.048729884038966054,-0.020737173043354623
WK036104,West,2020,4.168754516286555,0.06648966514286946,0.0036594247821629274,0.015738853311897907,-0.006707327295084767,0.06108729589900122,-0.007288581555108115
WK036104,West,2022,4.134447440164704,0.032182589021018095,0.00474173726960373,0.006870742503849222,-0.007467282777694882,0.0532182312596238,-0.02518083923436409
WK036105,Huiswaard,2002,3.955060526621791,-0.14720432452189414,NA,NA,NA,NA,NA
WK036105,Huiswaard,2008,4.021100553667517,-0.08116429747616806,NA,NA,NA,NA,NA
WK036105,Huiswaard,2012,4.032512352998513,-0.06975249814517247,NA,NA,NA,NA,NA
WK036105,Huiswaard,2014,4.065986931846704,-0.03627791929698066,0.00608410688047497,-0.02490777344152442,-0.01685126686046933,0.014153677278324298,-0.014756663153786478
WK036105,Huiswaard,2016,4.092435568172101,-0.009829282971583374,NA,NA,NA,NA,NA
WK036105,Huiswaard,2018,4.080600311656658,-0.021664539487027318,-0.019971833589036366,-0.014594416428489547,-0.017536904255548984,0.03704566152445541,-0.006607046738408119
WK036105,Huiswaard,2020,4.139729071776976,0.03746422063329129,-0.010897935291375957,0.020205252712866325,-0.017386961651922193,0.04922168094256671,-0.003677816078843861
WK036105,Huiswaard,2022,4.142564793544631,0.04029994240094537,-0.009520873999382241,0.013951799423499016,-0.013954902423852689,0.045009237424363586,0.004814681976317447
WK036106,De Mare,2002,3.8945093481033886,-0.2077555030402966,NA,NA,NA,NA,NA
WK036106,De Mare,2008,3.940043484327718,-0.1622213668159673,NA,NA,NA,NA,NA
WK036106,De Mare,2012,3.974349475548432,-0.1279153755952536,NA,NA,NA,NA,NA
WK036106,De Mare,2014,4.021023344492665,-0.08124150665102058,0.024231330933171504,-0.042705283734579616,-0.018235225452588308,-0.005115984226827873,-0.039416344170196536
WK036106,De Mare,2016,4.034497522661643,-0.06776732848204237,NA,NA,NA,NA,NA
WK036106,De Mare,2018,4.031613396160322,-0.0706514549833626,0.006020291437943946,-0.03140629398968937,-0.01718204013253163,-9.507277390476378e-4,-0.027132684560038166
WK036106,De Mare,2020,4.056182253102583,-0.04608259804110206,0.012759902675311555,-0.03160264834158021,-0.017544416361832547,0.009914313597180723,-0.01960974961018185
WK036106,De Mare,2022,4.049637259331716,-0.052627591811969306,0.002500051640387929,-0.035922579976629884,-0.014577729174124261,0.0016018813385652896,-0.006229215640168649
WK036107,Daalmeer/Koedijk,2002,3.9429929351370028,-0.15927191600668242,NA,NA,NA,NA,NA
WK036107,Daalmeer/Koedijk,2008,3.9348363665206967,-0.1674284846229887,NA,NA,NA,NA,NA
WK036107,Daalmeer/Koedijk,2012,3.9607330675230243,-0.14153178362066066,NA,NA,NA,NA,NA
WK036107,Daalmeer/Koedijk,2014,4.0240556225539015,-0.07820922858978357,0.017744587933644168,-0.0038033095776741957,-0.007157534412781776,-0.06624273957655719,-0.018750232956414845
WK036107,Daalmeer/Koedijk,2016,4.0463665004357745,-0.05589835070791064,NA,NA,NA,NA,NA
WK036107,Daalmeer/Koedijk,2018,4.022343670277215,-0.07992118086647026,0.0044988009918388375,0.0033317566093309238,-0.006822687272141108,-0.07248741995566912,-0.008441631239830077
WK036107,Daalmeer/Koedijk,2020,4.033806675353608,-0.06845817579007711,0.009598056136506002,-0.0019051527712993102,-0.007024443769887454,-0.06221298584956041,-0.006913649535836206
WK036107,Daalmeer/Koedijk,2022,4.044778642280899,-0.05748620886278675,0.011459341668161815,0.0025773083976293036,-0.00457247359623705,-0.07111665498886853,0.004166269656527445
WK036108,Centrum,2002,4.123842090201553,0.02157723905786745,NA,NA,NA,NA,NA
WK036108,Centrum,2008,4.12564291541674,0.023378064273054184,NA,NA,NA,NA,NA
WK036108,Centrum,2012,4.160676231233662,0.058411380089977316,NA,NA,NA,NA,NA
WK036108,Centrum,2014,4.157409811787915,0.055144960644229246,0.03546933796971158,-0.13827286869736274,-0.02451106903125723,0.18023429626572104,0.0022252641374163255
WK036108,Centrum,2016,4.190571262432535,0.08830641128884906,NA,NA,NA,NA,NA
WK036108,Centrum,2018,4.220071036559012,0.11780618541532656,0.012551171485050553,-0.0892265877495705,-0.02527231805937338,0.18682651922501495,0.03292740051420462
WK036108,Centrum,2020,4.2702221599877035,0.16795730884401844,0.021544492106165106,-0.07450385942757977,-0.026297655610844774,0.20535140529233842,0.04186292648393921
WK036108,Centrum,2022,4.285015823043017,0.1827509718993326,0.01791041488723943,-0.055435220195528004,-0.026082020446585776,0.20890134045979095,0.03745645719441575
WK036109,Schermer,2002,4.085593444613544,-0.01667140653014222,NA,NA,NA,NA,NA
WK036109,Schermer,2008,4.055563481056391,-0.04670137008729367,NA,NA,NA,NA,NA
WK036109,Schermer,2012,4.075475469944137,-0.02678938119954808,NA,NA,NA,NA,NA
WK036109,Schermer,2014,4.120720598628399,0.01845574748471318,-0.004418683043816069,0.08014460032222565,0.066496496259072,-0.16239022547394344,0.03862355942117478
WK036109,Schermer,2016,4.1183033342185205,0.016038483074835037,NA,NA,NA,NA,NA
WK036109,Schermer,2018,4.137059912078428,0.03479506093474256,-0.00947309516273496,0.0977521168173249,0.06379296910991253,-0.1601637408548462,0.04288681102508601
WK036109,Schermer,2020,4.148886728858536,0.04662187771485152,-0.010650854771176015,0.10467552960376086,0.057898349286483505,-0.15171751718141113,0.04641637077719399
WK036109,Schermer,2022,4.133802965695059,0.03153811455137393,-0.012556694667797772,0.09679383781795045,0.05463523182714175,-0.15491845840127194,0.047584197975351177
WK036110,Graft-De Rijp,2002,4.11129447533858,0.009029624194895574,NA,NA,NA,NA,NA
WK036110,Graft-De Rijp,2008,4.091370051656356,-0.010894799487329389,NA,NA,NA,NA,NA
WK036110,Graft-De Rijp,2012,4.094679578070682,-0.007585273073002646,NA,NA,NA,NA,NA
WK036110,Graft-De Rijp,2014,4.123704019230422,0.021439168086736852,0.02079168539927448,0.07510700547969507,0.04877799197818784,-0.16393209566221942,0.040694580891798615
WK036110,Graft-De Rijp,2016,4.137298676585233,0.035033825441547914,NA,NA,NA,NA,NA
WK036110,Graft-De Rijp,2018,4.1395470367071745,0.0372821855634892,0.011546436231138503,0.09894071285891076,0.04627200233129002,-0.16214212618437668,0.04266516032652632
WK036110,Graft-De Rijp,2020,4.144341066208303,0.04207621506461747,0.015567095799459946,0.08527322198284931,0.04488429220035449,-0.1473972019451347,0.04374880702708815
WK036110,Graft-De Rijp,2022,4.147117634418418,0.04485278327473261,0.019287440275948288,0.09456007132014971,0.03973477176470052,-0.150591824877269,0.04186232479120278
WK036111,Vroonermeer,2002,3.9241693238032487,-0.17809552734043613,NA,NA,NA,NA,NA
WK036111,Vroonermeer,2008,4.156342500472953,0.054077649329267945,NA,NA,NA,NA,NA
WK036111,Vroonermeer,2012,4.130866666731357,0.02860181558767216,NA,NA,NA,NA,NA
WK036111,Vroonermeer,2014,4.117092604136628,0.014827752992943546,0.001416436552720346,0.024827951282477317,0.028858848239313117,-0.0315640663543876,-0.00871141672717996
WK036111,Vroonermeer,2016,4.115697917512835,0.013433066369149493,NA,NA,NA,NA,NA
WK036111,Vroonermeer,2018,4.166751449587023,0.06448659844333862,-0.007961089988690585,0.034896254249605733,0.05204887347274713,-0.020076777859264875,0.005579338568940892
WK036111,Vroonermeer,2020,4.1696559553362125,0.06739110419252732,-0.010523036663815575,0.061410097452696384,0.01832993564229612,-0.007276518587252939,0.005450626348603009
WK036111,Vroonermeer,2022,4.189412595913416,0.08714774476973038,-0.01754344235825761,0.06920321903880096,0.029364919716076826,-0.019201092481831286,0.02532414085494117
WK036201,Randwijck,2002,4.282797957450199,0.18053310630651362,NA,NA,NA,NA,NA
WK036201,Randwijck,2008,4.295275786870071,0.19301093572638559,NA,NA,NA,NA,NA
WK036201,Randwijck,2012,4.275980787988706,0.1737159368450209,NA,NA,NA,NA,NA
WK036201,Randwijck,2014,4.270599604867483,0.1683347537237974,0.00640022300912212,0.044195112697823044,-0.003667634554194118,0.1670640836394402,-0.04565703106839407
WK036201,Randwijck,2016,4.284123017358952,0.18185816621526632,NA,NA,NA,NA,NA
WK036201,Randwijck,2018,4.302987301626246,0.20072245048256035,-0.005634914167406293,0.050816306874005145,-0.002205237767937762,0.17216304738764107,-0.014416751843742127
WK036201,Randwijck,2020,4.310702457253576,0.20843760610989182,5.578523858732957e-4,0.05407208032496768,3.9944073780324535e-4,0.18817262928091844,-0.0347643966196711
WK036201,Randwijck,2022,4.328186939975703,0.2259220888320177,-0.007289500760402092,0.05413682488833206,-0.0037912123140788493,0.18900822382431368,-0.006142246806147354
WK036202,Patrimonium,2002,4.236791730008258,0.13452687886457176,NA,NA,NA,NA,NA
WK036202,Patrimonium,2008,4.303876998321018,0.2016121471773323,NA,NA,NA,NA,NA
WK036202,Patrimonium,2012,4.280749561579371,0.1784847104356853,NA,NA,NA,NA,NA
WK036202,Patrimonium,2014,4.312819768685171,0.2105549175414854,0.03356612236178832,0.01614461541318491,-0.011507431220160779,0.1438289923435293,0.02852261864314334
WK036202,Patrimonium,2016,4.305837146487208,0.20357229534352256,NA,NA,NA,NA,NA
WK036202,Patrimonium,2018,4.299907014484111,0.19764216334042578,0.016441193079037436,0.020387502315904957,-0.012621512250793117,0.14552611042494384,0.027908869771332345
WK036202,Patrimonium,2020,4.327452652184433,0.2251878010407474,0.024580725213770877,0.0304771612441437,-0.01771423068480699,0.1606605740286027,0.027183571239036777
WK036202,Patrimonium,2022,4.325796064141405,0.2235312129977195,0.022166160650995543,0.024020758087835915,-0.012533323809023432,0.1624917246444883,0.02738589342342292
WK036203,Elsrijk,2002,4.2481452676443565,0.14588041650067102,NA,NA,NA,NA,NA
WK036203,Elsrijk,2008,4.2519329246061,0.14966807346241506,NA,NA,NA,NA,NA
WK036203,Elsrijk,2012,4.255934321785825,0.15366947064213993,NA,NA,NA,NA,NA
WK036203,Elsrijk,2014,4.262875502043642,0.1606106508999576,0.005680085318293196,0.030808520244837045,-0.011729043777225806,0.16256563109930303,-0.026714541985250095
WK036203,Elsrijk,2016,4.2747791305129565,0.172514279369272,NA,NA,NA,NA,NA
WK036203,Elsrijk,2018,4.2567732827838105,0.15450843164012454,-0.011134758072829567,0.03317469385190208,-0.009834892789360778,0.14872295581515052,-0.006419567164737997
WK036203,Elsrijk,2020,4.277322519597907,0.1750576684542211,-0.0033721633026153404,0.031433562702396375,-0.008471352358563299,0.17502871570588469,-0.019561094292881644
WK036203,Elsrijk,2022,4.2880714142166765,0.18580656307299104,-0.006833370634043529,0.030831992792697223,-0.012480054600531788,0.1752920388463114,-0.0010040433314425481
WK036204,Stadshart,2002,4.23561084179739,0.13334599065370503,NA,NA,NA,NA,NA
WK036204,Stadshart,2008,4.233882342876491,0.13161749173280574,NA,NA,NA,NA,NA
WK036204,Stadshart,2012,4.151188212098928,0.04892336095524272,NA,NA,NA,NA,NA
WK036204,Stadshart,2014,4.182589592875691,0.08032474173200535,0.01800001133093026,-0.006008697489945553,-0.027870932282098696,0.1798111914981002,-0.08360683132498113
WK036204,Stadshart,2016,4.155350006189446,0.05308515504576057,NA,NA,NA,NA,NA
WK036204,Stadshart,2018,4.1468239281837205,0.04455907704003564,-0.0037890224581858607,-0.013079351160263758,-0.031713838243763934,0.1442665540409549,-0.05112526513870594
WK036204,Stadshart,2020,4.167126699244987,0.06486184810130165,0.01020788451804643,-0.01618165021315404,-0.024246283626585336,0.16659874211769318,-0.07151684469469888
WK036204,Stadshart,2022,4.18987089017682,0.08760603903313491,0.014988352250932023,-0.020257915674692956,-0.03471246445828339,0.16454765893926493,-0.03695959202408606
WK036205,"Uilenstede, Kronenburg",2002,3.586873597347027,-0.515391253796658,NA,NA,NA,NA,NA
WK036205,"Uilenstede, Kronenburg",2008,3.679962878856525,-0.42230197228716004,NA,NA,NA,NA,NA
WK036205,"Uilenstede, Kronenburg",2012,3.635750470235099,-0.4665143809085863,NA,NA,NA,NA,NA
WK036205,"Uilenstede, Kronenburg",2014,3.732543433486889,-0.36972141765679617,0.006734195495873132,-0.09449503694618926,-0.020145365960050444,0.15905526575936826,-0.42087047600579813
WK036205,"Uilenstede, Kronenburg",2016,3.7339021922932387,-0.3683626588504464,NA,NA,NA,NA,NA
WK036205,"Uilenstede, Kronenburg",2018,4.085115315275467,-0.017149535868218716,0.00838486012075024,-0.07409159303502504,-0.0030414100395950556,0.16143697184227826,-0.10983836475662717
WK036205,"Uilenstede, Kronenburg",2020,4.122629397103652,0.020364545959966864,0.017680081178437532,-0.08703882180782699,-0.0026797725413435203,0.19879160089132059,-0.10638854176062085
WK036205,"Uilenstede, Kronenburg",2022,4.054529948582003,-0.04773490256168283,0.006191225972665287,-0.07648410939726548,-0.011590873021570415,0.17458301410290858,-0.14043416021842134
WK036206,"Bankras, Kostverloren",2002,4.152047669616414,0.04978281847272932,NA,NA,NA,NA,NA
WK036206,"Bankras, Kostverloren",2008,4.144915010713167,0.042650159569482295,NA,NA,NA,NA,NA
WK036206,"Bankras, Kostverloren",2012,4.1453028867862605,0.04303803564257579,NA,NA,NA,NA,NA
WK036206,"Bankras, Kostverloren",2014,4.14828381998519,0.04601896884150517,-3.7429716303555223e-4,0.018259789223171122,-0.0301610918453334,0.11218371122875011,-0.05388914260204742
WK036206,"Bankras, Kostverloren",2016,4.162334457661076,0.06006960651739042,NA,NA,NA,NA,NA
WK036206,"Bankras, Kostverloren",2018,4.140732322305433,0.03846747116174828,-0.005888530922035703,0.01336886837727979,-0.034156867573336386,0.10597193562370032,-0.040827934343860055
WK036206,"Bankras, Kostverloren",2020,4.167393068887804,0.0651282177441184,0.003623945711381944,0.01532852413559722,-0.03444648783906626,0.13012101796671904,-0.04949878223051383
WK036206,"Bankras, Kostverloren",2022,4.173881269751701,0.0716164186080151,0.0022431509476008426,0.019759133127456727,-0.0393647449116251,0.12286141367122105,-0.03388253422663874
WK036207,Buitengebied Noord,2002,4.437186784225408,0.33492193308172197,NA,NA,NA,NA,NA
WK036207,Buitengebied Noord,2008,4.425548201135899,0.32328334999221364,NA,NA,NA,NA,NA
WK036207,Buitengebied Noord,2012,4.419605949779882,0.3173410986361968,NA,NA,NA,NA,NA
WK036207,Buitengebied Noord,2014,4.463798210958043,0.36153335981435714,-0.0088247753927251,0.12216761958240557,0.08982076876164513,0.07547106173136735,0.08289868513166375
WK036207,Buitengebied Noord,2016,4.440310335890004,0.33804548474631885,NA,NA,NA,NA,NA
WK036207,Buitengebied Noord,2018,4.460778636053992,0.3585137849103066,-0.007801890593078672,0.11599148758098943,0.08376662347906243,0.0748749474308414,0.09168261701249175
WK036207,Buitengebied Noord,2020,4.4543604711390214,0.3520956199953358,0.0011201458241159438,0.10236712599731682,0.07767440357599986,0.0744855639587564,0.09644838063914649
WK036207,Buitengebied Noord,2022,4.428655758459171,0.3263909073154856,-3.4157918372362914e-4,0.10653865710736493,0.07191492240876159,0.06461101728399085,0.08366788969909157
WK036208,Keizer Karelpark,2002,4.116785360257752,0.014520509114066415,NA,NA,NA,NA,NA
WK036208,Keizer Karelpark,2008,4.091479796445139,-0.010785054698546846,NA,NA,NA,NA,NA
WK036208,Keizer Karelpark,2012,4.081222360628153,-0.02104249051553311,NA,NA,NA,NA,NA
WK036208,Keizer Karelpark,2014,4.147020315325359,0.04475546418167433,0.005649192104221881,-0.001690033843471918,-0.03589974429209519,0.12001341234160907,-0.04331736212858977
WK036208,Keizer Karelpark,2016,4.178098858023493,0.07583400687980704,NA,NA,NA,NA,NA
WK036208,Keizer Karelpark,2018,4.176429185517752,0.07416433437406734,-5.309481660923905e-4,0.013211879488219502,-0.03230919580391524,0.12117800573954698,-0.02738540688369179
WK036208,Keizer Karelpark,2020,4.1691531757565015,0.06688832461281595,0.006424218185205507,0.014958132251990398,-0.033399288150281516,0.1348320053473873,-0.05592674302148599
WK036208,Keizer Karelpark,2022,4.1970029198051435,0.09473806866145805,0.008897132083476785,0.01579698773951956,-0.025171268512319732,0.1283473072077827,-0.033132089857001584
WK036209,Groenelaan,2002,4.07194358199537,-0.030321269148314876,NA,NA,NA,NA,NA
WK036209,Groenelaan,2008,4.050064991507715,-0.052199859635970396,NA,NA,NA,NA,NA
WK036209,Groenelaan,2012,4.027772099241548,-0.07449275190213692,NA,NA,NA,NA,NA
WK036209,Groenelaan,2014,4.0443743337938685,-0.05789051734981722,0.007628984172924725,0.00426626888662291,-0.0653909260719916,0.049579994910121,-0.053974839247494494
WK036209,Groenelaan,2016,4.036368542777428,-0.06589630836625739,NA,NA,NA,NA,NA
WK036209,Groenelaan,2018,4.045640366323732,-0.05662448481995359,-0.008122708910662026,-0.005631820548908028,-0.0673640192593091,0.057972289204351504,-0.03347822530542624
WK036209,Groenelaan,2020,4.048157717092887,-0.054107134050798436,0.006342188501196198,-0.015249255342790674,-0.07113702838970606,0.08355776448059449,-0.0576208033000926
WK036209,Groenelaan,2022,4.068028551524034,-0.03423629961965064,0.004694972027660692,-0.013382498647864328,-0.07301160668174034,0.08426044915259903,-0.036797615470305946
WK036210,"Waardhuizen, Middenhoven",2002,4.067133766162238,-0.03513108498144768,NA,NA,NA,NA,NA
WK036210,"Waardhuizen, Middenhoven",2008,4.048416527727393,-0.05384832341629231,NA,NA,NA,NA,NA
WK036210,"Waardhuizen, Middenhoven",2012,4.045727748611299,-0.056537102532386474,NA,NA,NA,NA,NA
WK036210,"Waardhuizen, Middenhoven",2014,4.102573372827581,3.0852168389592104e-4,0.006943886702977662,0.01533015807452821,-0.03578084754481887,0.02577809462606078,-0.01196277017485213
WK036210,"Waardhuizen, Middenhoven",2016,4.1338495102377495,0.03158465909406436,NA,NA,NA,NA,NA
WK036210,"Waardhuizen, Middenhoven",2018,4.111753705312586,0.009488854168900952,-0.0020361115630848233,0.03129187249716174,-0.03903673328097297,0.018420712426211863,8.491140895848722e-4
WK036210,"Waardhuizen, Middenhoven",2020,4.127605846581486,0.02534099543780044,0.013149059336399687,0.03671796543014693,-0.042281306214560124,0.02910597060058806,-0.011350693714774379
WK036210,"Waardhuizen, Middenhoven",2022,4.124376714731274,0.022111863587588383,0.005306294149693927,0.032581621788364094,-0.04087216613307034,0.025004589986456396,9.15237961440333e-5
WK036211,Bovenkerk - Westwijk Noord,2002,4.118248327621925,0.015983476478239052,NA,NA,NA,NA,NA
WK036211,Bovenkerk - Westwijk Noord,2008,4.112630075368078,0.010365224224393206,NA,NA,NA,NA,NA
WK036211,Bovenkerk - Westwijk Noord,2012,4.098284943776444,-0.003979907367241237,NA,NA,NA,NA,NA
WK036211,Bovenkerk - Westwijk Noord,2014,4.1153551368874925,0.013090285743807429,0.014653566141601501,0.016927536361565555,-0.02219620094296025,0.005015138717061678,-0.0013097545334613168
WK036211,Bovenkerk - Westwijk Noord,2016,4.138624149764737,0.036359298621052014,NA,NA,NA,NA,NA
WK036211,Bovenkerk - Westwijk Noord,2018,4.119261768316827,0.01699691717314135,0.002914801753816403,0.030377581821620505,-0.020495958183860023,-1.7296433791671586e-6,0.004202221424943351
WK036211,Bovenkerk - Westwijk Noord,2020,4.121668139451251,0.019403288307565818,0.01279863162333345,0.03212926225021492,-0.02699630903707673,0.010103825517465007,-0.0086321220463711
WK036211,Bovenkerk - Westwijk Noord,2022,4.152716059971955,0.05045120882826994,0.009420541541351888,0.05286035851437864,-0.01763357395137468,0.007916798871032894,-0.0021129161471190663
WK036212,Westwijk Zuid,2002,4.217290213846918,0.11502536270323305,NA,NA,NA,NA,NA
WK036212,Westwijk Zuid,2008,4.204345593316561,0.10208074217287573,NA,NA,NA,NA,NA
WK036212,Westwijk Zuid,2012,4.1772727967410255,0.07500794559733999,NA,NA,NA,NA,NA
WK036212,Westwijk Zuid,2014,4.148118292243184,0.04585344109949816,-0.008745477580156659,0.03511779912387222,0.048486196757318606,-0.036708236368458116,0.007703159166921905
WK036212,Westwijk Zuid,2016,4.146942138091385,0.044677286947699686,NA,NA,NA,NA,NA
WK036212,Westwijk Zuid,2018,4.128565437919712,0.026300586776027368,-0.017512372574490585,0.03290519408582416,0.02609367571911533,-0.03550761435139687,0.020321703896975095
WK036212,Westwijk Zuid,2020,4.145989063863399,0.043724212719714384,-0.00504731394793951,0.0390847510286394,0.019680744671958725,-0.029667012123960126,0.019673043091015613
WK036212,Westwijk Zuid,2022,4.17143634909939,0.06917149795570492,-0.0030069697983641226,0.05003396475516293,0.02857428006726517,-0.030508647540173954,0.024078870471814614
WK036213,Buitengebied Zuid,2002,4.155862625913438,0.053597774769753415,NA,NA,NA,NA,NA
WK036213,Buitengebied Zuid,2008,4.153574574761213,0.05130972361752742,NA,NA,NA,NA,NA
WK036213,Buitengebied Zuid,2012,4.15269302354008,0.0504281723963948,NA,NA,NA,NA,NA
WK036213,Buitengebied Zuid,2014,4.1860014557173395,0.08373660457365464,-0.05335372354576959,0.0963476607875214,0.055692070938595066,-0.08545002240463535,0.07050061879794285
WK036213,Buitengebied Zuid,2016,4.211272002653185,0.10900715150950034,NA,NA,NA,NA,NA
WK036213,Buitengebied Zuid,2018,4.178954119757706,0.07668926861402098,-0.047945379614615494,0.09670029714761773,0.048087911054717214,-0.08828509117586328,0.0681315312021645
WK036213,Buitengebied Zuid,2020,4.212055111295999,0.10979026015231401,-0.04210676113488166,0.10785181776622163,0.060697258412717364,-0.08382406151411727,0.06717200662237369
WK036213,Buitengebied Zuid,2022,4.186997509859349,0.08473265871566381,-0.04630589066841731,0.08435712778469895,0.06000607403244405,-0.08401777284294625,0.07069312040988414
WK036214,Amsterdamse Bos,2002,4.38779996329289,0.28553511214920446,NA,NA,NA,NA,NA
WK036214,Amsterdamse Bos,2008,4.439583656237014,0.3373188050933288,NA,NA,NA,NA,NA
WK036214,Amsterdamse Bos,2012,4.3650420151188944,0.2627771639752096,NA,NA,NA,NA,NA
WK036214,Amsterdamse Bos,2014,4.386817165521104,0.28455231437741924,0.05628538416523373,0.019183006659200263,0.04299462266707048,0.11717454573433297,0.048914755151581626
WK036214,Amsterdamse Bos,2016,4.424981172778507,0.32271632163482167,NA,NA,NA,NA,NA
WK036214,Amsterdamse Bos,2018,4.434367265989723,0.3321024148460374,0.05221305175650444,0.0561989514144215,0.05330349236108244,0.12391646094935749,0.04647045836467101
WK036214,Amsterdamse Bos,2020,4.465157864241959,0.3628930130982733,0.06407488089142273,0.0660846927776692,0.050926823580181815,0.1378877957304631,0.04391882011853602
WK036214,Amsterdamse Bos,2022,4.447309736184864,0.3450448850411785,0.06695744569276088,0.08098588169035174,0.03954501038321373,0.14617638776168412,0.011380159513167521
WK036300,Burgwallen-Oude Zijde,2002,4.2198193735833875,0.11755452243970249,NA,NA,NA,NA,NA
WK036300,Burgwallen-Oude Zijde,2008,4.384565351251926,0.2823005001082408,NA,NA,NA,NA,NA
WK036300,Burgwallen-Oude Zijde,2012,4.422802966623188,0.3205381154795029,NA,NA,NA,NA,NA
WK036300,Burgwallen-Oude Zijde,2014,4.332375859489487,0.23011100834580112,0.008436080916566448,-0.2154586712574415,-0.0688379288760904,0.5041650745452265,0.001806453017539796
WK036300,Burgwallen-Oude Zijde,2016,4.370690577364606,0.268425726220921,NA,NA,NA,NA,NA
WK036300,Burgwallen-Oude Zijde,2018,4.360663306228544,0.25839845508485815,0.002616527464777448,-0.24993899192448654,-0.07584270088672225,0.5521492494951292,0.029414370936160027
WK036300,Burgwallen-Oude Zijde,2020,4.399043933857335,0.2967790827136502,0.014666669383291985,-0.2542225363760224,-0.07862577679667575,0.5964081469862718,0.01855257951678425
WK036300,Burgwallen-Oude Zijde,2022,4.381622624590542,0.27935777344685686,0.007024999171946522,-0.2560799294594264,-0.0834319931570616,0.5989579743590431,0.012886722532354958
WK036301,Burgwallen-Nieuwe Zijde,2002,4.249630773645042,0.14736592250135622,NA,NA,NA,NA,NA
WK036301,Burgwallen-Nieuwe Zijde,2008,4.343711689058878,0.24144683791519322,NA,NA,NA,NA,NA
WK036301,Burgwallen-Nieuwe Zijde,2012,4.424937552892061,0.3226727017483756,NA,NA,NA,NA,NA
WK036301,Burgwallen-Nieuwe Zijde,2014,4.349878641281916,0.24761379013823054,0.0078075167946905465,-0.21464823800504473,-0.05375885817255576,0.5260901394018226,-0.017876769880682375
WK036301,Burgwallen-Nieuwe Zijde,2016,4.385946269751922,0.2836814186082365,NA,NA,NA,NA,NA
WK036301,Burgwallen-Nieuwe Zijde,2018,4.374770627543054,0.2725057763993691,0.00236016394202953,-0.2533555583734873,-0.059171851046209985,0.5635365748408829,0.019136447036153574
WK036301,Burgwallen-Nieuwe Zijde,2020,4.423141049328618,0.3208761981849325,0.02706247210602573,-0.26427802833934794,-0.06601823055828529,0.6088097395770306,0.015300245399509211
WK036301,Burgwallen-Nieuwe Zijde,2022,4.440913417696161,0.3386485665524756,0.01748510653266862,-0.2580657300314775,-0.06682664551166022,0.6228420615392887,0.023213774023655695
WK036302,Grachtengordel-West,2002,4.4654131021621595,0.3631482510184747,NA,NA,NA,NA,NA
WK036302,Grachtengordel-West,2008,4.524545359760242,0.42228050861655614,NA,NA,NA,NA,NA
WK036302,Grachtengordel-West,2012,4.580247427420127,0.477982576276441,NA,NA,NA,NA,NA
WK036302,Grachtengordel-West,2014,4.584854498751005,0.48258964760731915,-1.1813944705457239e-4,-0.03307001307743466,-0.04584540256520752,0.549577660550358,0.012045542146657684
WK036302,Grachtengordel-West,2016,4.64675713161747,0.5444922804737844,NA,NA,NA,NA,NA
WK036302,Grachtengordel-West,2018,4.610241874622912,0.5079770234792268,-0.005442170155129478,-0.046437024864167814,-0.05436960409520711,0.5752392912541119,0.03898653133961905
WK036302,Grachtengordel-West,2020,4.627823106398202,0.5255582552545165,0.0031242270832130947,-0.05700240403060774,-0.057765831896584456,0.6120736938153487,0.02512857028314659
WK036302,Grachtengordel-West,2022,4.641484088418248,0.5392192372745626,0.00400947804396135,-0.07331405042633556,-0.0600330591003012,0.6308514807384046,0.037705388018833136
WK036303,Grachtengordel-Zuid,2002,4.558090861259059,0.4558260101153737,NA,NA,NA,NA,NA
WK036303,Grachtengordel-Zuid,2008,4.638454955408913,0.5361901042652274,NA,NA,NA,NA,NA
WK036303,Grachtengordel-Zuid,2012,4.6402807123573035,0.5380158612136186,NA,NA,NA,NA,NA
WK036303,Grachtengordel-Zuid,2014,4.586076366995101,0.483811515851416,0.01654889000812863,-0.07409292323255616,-0.03757661069503207,0.570672259055143,0.008259900715732415
WK036303,Grachtengordel-Zuid,2016,4.620420542831555,0.5181556916878695,NA,NA,NA,NA,NA
WK036303,Grachtengordel-Zuid,2018,4.557289986313429,0.4550251351697438,0.01190338641964064,-0.08789966707339704,-0.03846633284953517,0.5290854389287125,0.04040230974432259
WK036303,Grachtengordel-Zuid,2020,4.622848229227677,0.5205833780839911,0.022858145148523232,-0.09729164491655627,-0.04051530148503989,0.6077876465852784,0.027744532751785306
WK036303,Grachtengordel-Zuid,2022,4.686109384225611,0.5838445330819264,0.02173607112028799,-0.06622079357335078,-0.04308990032943753,0.6288071209068365,0.04261203495758997
WK036304,Nieuwmarkt/Lastage,2002,4.216484120900081,0.11421926975639664,NA,NA,NA,NA,NA
WK036304,Nieuwmarkt/Lastage,2008,4.341846071116741,0.239581219973056,NA,NA,NA,NA,NA
WK036304,Nieuwmarkt/Lastage,2012,4.357284188512217,0.25501933736853205,NA,NA,NA,NA,NA
WK036304,Nieuwmarkt/Lastage,2014,4.3321922994307975,0.22992744828711204,-0.00693275309148697,-0.1288870752756942,-0.06472883900754467,0.43673285787780364,-0.006256742215966049
WK036304,Nieuwmarkt/Lastage,2016,4.331510713127211,0.22924586198352598,NA,NA,NA,NA,NA
WK036304,Nieuwmarkt/Lastage,2018,4.328121413998076,0.22585656285439093,-0.009826173343339184,-0.15542283269339724,-0.07368106641678059,0.4474971089271273,0.01728952638078037
WK036304,Nieuwmarkt/Lastage,2020,4.354957027143395,0.25269217599970967,-0.004457267716228333,-0.16222836365407514,-0.07595066119035976,0.4830276027083633,0.0123008658520093
WK036304,Nieuwmarkt/Lastage,2022,4.383845610413189,0.2815807592695041,-0.005500294097887718,-0.13457410467904182,-0.07436213791723782,0.4879703952949259,0.0080469006687452
WK036305,Haarlemmerbuurt,2002,4.200140972178504,0.09787612103481888,NA,NA,NA,NA,NA
WK036305,Haarlemmerbuurt,2008,4.316712809098757,0.21444795795507193,NA,NA,NA,NA,NA
WK036305,Haarlemmerbuurt,2012,4.3698722606141125,0.2676074094704274,NA,NA,NA,NA,NA
WK036305,Haarlemmerbuurt,2014,4.328042301287815,0.22577745014413,-0.02323552739843491,-0.06476440141876325,-0.07278974522071802,0.41111114545092026,-0.024544021268874457
WK036305,Haarlemmerbuurt,2016,4.386769203464358,0.28450435232067317,NA,NA,NA,NA,NA
WK036305,Haarlemmerbuurt,2018,4.365823092433802,0.2635582412901168,-0.03207975829572346,-0.08322273258644718,-0.08373622286567423,0.4637353158691291,-0.0011383608311677793
WK036305,Haarlemmerbuurt,2020,4.403223107835144,0.3009582566914587,-0.02190882015201254,-0.08386878300303988,-0.08287253190683892,0.4973256046553689,-0.007717212902019069
WK036305,Haarlemmerbuurt,2022,4.4198725772957,0.31760772615201477,-0.02170343492424432,-0.08053458951257125,-0.08192621384798013,0.4963810356652903,0.005390928771519886
WK036306,Jordaan,2002,4.246445928452151,0.1441810773084665,NA,NA,NA,NA,NA
WK036306,Jordaan,2008,4.355877489644297,0.2536126385006124,NA,NA,NA,NA,NA
WK036306,Jordaan,2012,4.376698366011365,0.27443351486767986,NA,NA,NA,NA,NA
WK036306,Jordaan,2014,4.368087757900581,0.2658229067568951,-0.020405434232545948,-0.08996287592227471,-0.09283792275647254,0.5087856073604743,-0.03975646769228625
WK036306,Jordaan,2016,4.407858160894889,0.30559330975120347,NA,NA,NA,NA,NA
WK036306,Jordaan,2018,4.3851204874709815,0.28285563632729654,-0.027579446984259726,-0.09605255444448647,-0.10098200456283943,0.5280542232899522,-0.020584580971070316
WK036306,Jordaan,2020,4.422652790983274,0.32038793983958824,-0.020659441100563967,-0.10072733463892468,-0.10455957617408126,0.566247395325105,-0.019913103571947168
WK036306,Jordaan,2022,4.420873094557488,0.3186082434138035,-0.0196235794868789,-0.13362789933517635,-0.10627976666980726,0.5791013488881024,-9.618599824366264e-4
WK036307,De Weteringschans,2002,4.467101730783857,0.36483687964017214,NA,NA,NA,NA,NA
WK036307,De Weteringschans,2008,4.544920865691548,0.44265601454786274,NA,NA,NA,NA,NA
WK036307,De Weteringschans,2012,4.540448789215167,0.43818393807148165,NA,NA,NA,NA,NA
WK036307,De Weteringschans,2014,4.498137137436509,0.39587228629282384,0.0016802089984238574,-0.0853403178769992,-0.059886992964464765,0.5655822744125473,-0.02616288627668363
WK036307,De Weteringschans,2016,4.524714773055249,0.42244992191156305,NA,NA,NA,NA,NA
WK036307,De Weteringschans,2018,4.50656104651993,0.4042961953762446,-0.006316267214367455,-0.08470841663079308,-0.05826790800471773,0.5595365139520122,-0.005947726725889529
WK036307,De Weteringschans,2020,4.560991741716287,0.45872689057260185,8.707568415249405e-5,-0.0948030384613009,-0.060589692798326884,0.6154225737080709,-0.001390027559993955
WK036307,De Weteringschans,2022,4.588316708745487,0.4860518576018014,8.45955292973468e-4,-0.08241287225885735,-0.06472950803228111,0.6240389721246602,0.008309310475305906
WK036308,Weesperbuurt/Plantage,2002,4.307978653452709,0.205713802309024,NA,NA,NA,NA,NA
WK036308,Weesperbuurt/Plantage,2008,4.3551158278323605,0.2528509766886755,NA,NA,NA,NA,NA
WK036308,Weesperbuurt/Plantage,2012,4.382747539290793,0.2804826881471074,NA,NA,NA,NA,NA
WK036308,Weesperbuurt/Plantage,2014,4.343928816530007,0.24166396538632162,-0.006950932530068761,-0.07187681056314722,-0.05166498375050017,0.4221453784449703,-0.04998868621493284
WK036308,Weesperbuurt/Plantage,2016,4.342062052535537,0.23979720139185173,NA,NA,NA,NA,NA
WK036308,Weesperbuurt/Plantage,2018,4.3842553487906395,0.28199049764695405,-0.010103903445633887,-0.08165154528103137,-0.0506823098911849,0.4307018915702121,-0.0062736353054081585
WK036308,Weesperbuurt/Plantage,2020,4.422026415461798,0.31976156431811265,-0.003788207156254172,-0.07026491363726034,-0.04929863149023126,0.4555568564331932,-0.012443539831335108
WK036308,Weesperbuurt/Plantage,2022,4.418539203266878,0.31627435212319244,-0.0010347975001863588,-0.08925610251238553,-0.052035707270079126,0.4537200608486655,0.0048808985571777465
WK036309,Oostelijke Eilanden/Kadijken,2002,4.000148261925349,-0.1021165892183358,NA,NA,NA,NA,NA
WK036309,Oostelijke Eilanden/Kadijken,2008,4.107952528400075,0.005687677256389886,NA,NA,NA,NA,NA
WK036309,Oostelijke Eilanden/Kadijken,2012,4.215493644225226,0.11322879308154123,NA,NA,NA,NA,NA
WK036309,Oostelijke Eilanden/Kadijken,2014,4.1824603893935315,0.08019553824984614,-0.011540235471350345,-0.09366142118997281,-0.0697470153040784,0.296425375007908,-0.041281164792660564
WK036309,Oostelijke Eilanden/Kadijken,2016,4.171543051621572,0.06927820047788678,NA,NA,NA,NA,NA
WK036309,Oostelijke Eilanden/Kadijken,2018,4.217417647180988,0.11515279603730283,-0.018520617147175098,-0.0780476619866087,-0.07230619706819498,0.3060450390582699,-0.022017766818988524
WK036309,Oostelijke Eilanden/Kadijken,2020,4.253889381369593,0.15162453022590755,-0.00875000936354295,-0.08107283689649696,-0.06750935283204747,0.3282110507054538,-0.019254321387459136
WK036309,Oostelijke Eilanden/Kadijken,2022,4.2359828166946265,0.1337179655509414,-0.007196536549582592,-0.11664310673303951,-0.06193013297239544,0.3360068154744812,-0.01651907366852256
WK036310,Westelijk Havengebied,2002,4.16759376305437,0.0653289119106847,NA,NA,NA,NA,NA
WK036310,Westelijk Havengebied,2008,4.294478664056441,0.1922138129127561,NA,NA,NA,NA,NA
WK036310,Westelijk Havengebied,2012,4.102794335208976,5.29484065291169e-4,NA,NA,NA,NA,NA
WK036310,Westelijk Havengebied,2014,4.102186687347603,-7.816379608209277e-5,-0.18690140928232285,0.06990007728285391,0.06994007046430638,0.05308346798544691,-0.006100370246366695
WK036310,Westelijk Havengebied,2016,4.170708817429743,0.06844396628605778,NA,NA,NA,NA,NA
WK036310,Westelijk Havengebied,2018,4.386393639794628,0.2841287886509427,-0.03936662619519132,0.07400552989259929,0.11076022871625811,0.16209459168947657,-0.02336493545219981
WK036310,Westelijk Havengebied,2020,4.371323485479243,0.2690586343355569,-0.03542427704392411,0.03130074712066764,0.08081960809423848,0.20714658723594143,-0.014784031071366785
WK036310,Westelijk Havengebied,2022,4.394395976791085,0.2921311256473996,-0.07079036940162839,0.06738459017100823,0.07581405781164396,0.2106337785458935,0.009089068520482062
WK036311,Bedrijventerrein Sloterdijk,2002,4.424754885677659,0.3224900345339743,NA,NA,NA,NA,NA
WK036311,Bedrijventerrein Sloterdijk,2008,4.487004952065276,0.38474010092159083,NA,NA,NA,NA,NA
WK036311,Bedrijventerrein Sloterdijk,2012,4.205113646963283,0.10284879581959715,NA,NA,NA,NA,NA
WK036311,Bedrijventerrein Sloterdijk,2014,4.2144620827137125,0.11219723157002669,-0.17572588538547265,0.051182899439989105,0.21204783280235884,-0.014215668126699091,0.03890805283985017
WK036311,Bedrijventerrein Sloterdijk,2016,4.407093238885603,0.3048283877419172,NA,NA,NA,NA,NA
WK036311,Bedrijventerrein Sloterdijk,2018,4.411028557586228,0.30876370644254314,-0.016772675344293615,-0.0013177015929956575,0.2544934299523461,0.17081642256220922,-0.09845576913472326
WK036311,Bedrijventerrein Sloterdijk,2020,3.795137756998255,-0.3071270941454302,-0.008742331925439172,-0.15688676002028373,0.07538101898104471,0.22027802256123905,-0.43715704374199127
WK036311,Bedrijventerrein Sloterdijk,2022,3.87519989109839,-0.22706496004529517,-0.011549531638056689,-0.21223049426565932,0.079800669512841,0.22878977893508182,-0.3118753825895023
WK036312,Houthavens,2002,3.9687166526351785,-0.13354819850850666,NA,NA,NA,NA,NA
WK036312,Houthavens,2008,4.190472243475379,0.08820739233169435,NA,NA,NA,NA,NA
WK036312,Houthavens,2012,4.499845169869488,0.39758031872580296,NA,NA,NA,NA,NA
WK036312,Houthavens,2014,4.423366305681268,0.32110145453758276,0.04897538895121519,0.03801040711460989,-0.005895023237448973,0.2754759322361874,-0.03546525052698088
WK036312,Houthavens,2016,4.458162493597587,0.3558976424539021,NA,NA,NA,NA,NA
WK036312,Houthavens,2018,4.28561738518748,0.18335253404379573,0.02821660129906076,-0.043754311140437645,-0.043099269158887225,0.30761336189377586,-0.06562384884971637
WK036312,Houthavens,2020,4.36709855131036,0.26483370016667535,-0.0010263084332922973,0.00125046665177941,-0.014015496660865354,0.2931745746783484,-0.014549536069294976
WK036312,Houthavens,2022,4.379841329378395,0.2775764782347093,-0.013752957852685113,0.010475782882806048,-0.017244156786865708,0.2875354739048436,0.010562336086610252
WK036313,Spaarndammer- en Zeeheldenbuurt,2002,3.930112887432807,-0.17215196371087801,NA,NA,NA,NA,NA
WK036313,Spaarndammer- en Zeeheldenbuurt,2008,4.055838038115917,-0.04642681302776806,NA,NA,NA,NA,NA
WK036313,Spaarndammer- en Zeeheldenbuurt,2012,4.115166556612503,0.01290170546881764,NA,NA,NA,NA,NA
WK036313,Spaarndammer- en Zeeheldenbuurt,2014,4.116705130106006,0.01444027896232045,-0.037468444459742116,-0.12266524479825669,-0.09605447601038045,0.30441677884973845,-0.03378833461903902
WK036313,Spaarndammer- en Zeeheldenbuurt,2016,4.155695622876166,0.05343077173248047,NA,NA,NA,NA,NA
WK036313,Spaarndammer- en Zeeheldenbuurt,2018,4.1334167447521395,0.031151893608454745,-0.04838376787450929,-0.1216073040220335,-0.10165331623806206,0.33430991370656316,-0.03151363196350379
WK036313,Spaarndammer- en Zeeheldenbuurt,2020,4.196234677878645,0.09396982673495949,-0.03927094246007054,-0.12201845293458755,-0.09599105806303655,0.368002890599094,-0.016752610406440147
WK036313,Spaarndammer- en Zeeheldenbuurt,2022,4.167461569697594,0.06519671855390899,-0.04549238251135681,-0.12590028924470054,-0.09367926765035658,0.34677394051429583,-0.016505282553973134
WK036314,Staatsliedenbuurt,2002,3.9814453397711373,-0.12081951137254783,NA,NA,NA,NA,NA
WK036314,Staatsliedenbuurt,2008,4.105994158298617,0.00372930715493152,NA,NA,NA,NA,NA
WK036314,Staatsliedenbuurt,2012,4.186252904991448,0.08398805384776223,NA,NA,NA,NA,NA
WK036314,Staatsliedenbuurt,2014,4.2070419727054205,0.10477712156173463,-0.02553631939282527,-0.0942250267480705,-0.1029264258634321,0.359722693280249,-0.03225779971418681
WK036314,Staatsliedenbuurt,2016,4.2533231679676575,0.15105831682397278,NA,NA,NA,NA,NA
WK036314,Staatsliedenbuurt,2018,4.240896525248423,0.13863167410473784,-0.03497881251950843,-0.08306728532446311,-0.10282269552586049,0.3876480096098369,-0.028147542135267323
WK036314,Staatsliedenbuurt,2020,4.311675532347777,0.20941068120409162,-0.028828057148496535,-0.08440316124798873,-0.10158746205046582,0.432328212851933,-0.008098851200890595
WK036314,Staatsliedenbuurt,2022,4.264334846706728,0.16206999556304272,-0.029454009452726415,-0.10827845798605021,-0.10449772922701726,0.4139215773210218,-0.009621385092185466
WK036315,Centrale Markt,2002,4.056398494275006,-0.045866356868679015,NA,NA,NA,NA,NA
WK036315,Centrale Markt,2008,4.114982769887155,0.012717918743470235,NA,NA,NA,NA,NA
WK036315,Centrale Markt,2012,4.219895458150812,0.11763060700712626,NA,NA,NA,NA,NA
WK036315,Centrale Markt,2014,4.26651989819115,0.16425504704746444,-0.003950388296106681,-0.06437261985877286,-0.07543714079960401,0.3276330973911634,-0.01961790138921573
WK036315,Centrale Markt,2016,4.279348374976684,0.17708352383299938,NA,NA,NA,NA,NA
WK036315,Centrale Markt,2018,4.2580843088352385,0.15581945769155317,-0.03093352419676478,-0.06216665108869342,-0.07517867566948436,0.3415683373894718,-0.017470028742976346
WK036315,Centrale Markt,2020,4.316536469560244,0.2142716184165591,-0.02312161511019835,-0.06326933335345503,-0.07244949112148898,0.38604235674711807,-0.012930298745416827
WK036315,Centrale Markt,2022,4.297563975443111,0.19529912429942628,-0.021229982344979435,-0.07947257190799371,-0.07809614103618544,0.3770851520898729,-0.0029873325012882666
WK036316,Frederik Hendrikbuurt,2002,4.19241199179938,0.09014714065569528,NA,NA,NA,NA,NA
WK036316,Frederik Hendrikbuurt,2008,4.304964476473876,0.20269962533019134,NA,NA,NA,NA,NA
WK036316,Frederik Hendrikbuurt,2012,4.353331217808228,0.25106636666454285,NA,NA,NA,NA,NA
WK036316,Frederik Hendrikbuurt,2014,4.320946606904575,0.2186817557608896,-0.016498749978589532,-0.059995233999758556,-0.09621021062895754,0.42647025956821943,-0.03508430920002447
WK036316,Frederik Hendrikbuurt,2016,4.3067816317148555,0.20451678057117076,NA,NA,NA,NA,NA
WK036316,Frederik Hendrikbuurt,2018,4.324414409470623,0.2221495583269373,-0.027760391875335674,-0.06944240628163956,-0.10148217681842167,0.44321761751232486,-0.022383084209990894
WK036316,Frederik Hendrikbuurt,2020,4.373155486237827,0.27089063509414135,-0.020546358886613957,-0.078013222844749,-0.10569203399095144,0.4923959069657436,-0.0172536561492881
WK036316,Frederik Hendrikbuurt,2022,4.375324793265355,0.27305994212166973,-0.021450365315364445,-0.09174357433328052,-0.10778217590729863,0.4962039582589917,-0.0021679005813786422
WK036317,Da Costabuurt,2002,4.225434523296063,0.12316967215237805,NA,NA,NA,NA,NA
WK036317,Da Costabuurt,2008,4.348651161283548,0.2463863101398628,NA,NA,NA,NA,NA
WK036317,Da Costabuurt,2012,4.382017661818435,0.27975281067474994,NA,NA,NA,NA,NA
WK036317,Da Costabuurt,2014,4.399702747679817,0.29743789653613173,-0.014562566149319878,-0.07765799382214317,-0.09236131629804246,0.49656457603862825,-0.014544803232991298
WK036317,Da Costabuurt,2016,4.443904238003303,0.34163938685961814,NA,NA,NA,NA,NA
WK036317,Da Costabuurt,2018,4.47381022288647,0.3715453717427845,-0.023281445576953632,-0.06042874866420875,-0.0950727256272577,0.5508048774705341,-4.765858593298069e-4
WK036317,Da Costabuurt,2020,4.530859566683131,0.42859471553944595,-0.016893444725841086,-0.056448885019766484,-0.09555678566570469,0.5960824290713932,0.001411401879364705
WK036317,Da Costabuurt,2022,4.542014047573952,0.4397491964302664,-0.01484417163990272,-0.08101078242990456,-0.09874650608747022,0.6143571672227504,0.01999348936479324
WK036318,Kinkerbuurt,2002,4.024173604772791,-0.078091246370894,NA,NA,NA,NA,NA
WK036318,Kinkerbuurt,2008,4.153078929461289,0.05081407831760398,NA,NA,NA,NA,NA
WK036318,Kinkerbuurt,2012,4.200515168643956,0.0982503175002705,NA,NA,NA,NA,NA
WK036318,Kinkerbuurt,2014,4.232492351579113,0.13022750043542808,-0.013092127368408308,-0.15166972628440192,-0.11871551197459665,0.44925141188198037,-0.03554654581914569
WK036318,Kinkerbuurt,2016,4.2883165521429785,0.1860517009992933,NA,NA,NA,NA,NA
WK036318,Kinkerbuurt,2018,4.316103271978223,0.21383842083453766,-0.02685046108403368,-0.1315440782172663,-0.11987557720917427,0.5156558536110208,-0.023547316266009196
WK036318,Kinkerbuurt,2020,4.388741341692329,0.28647649054864427,-0.021644872053199343,-0.11477631208376643,-0.11673696589679089,0.5575044732005333,-0.017869832618132676
WK036318,Kinkerbuurt,2022,4.430110874208502,0.32784602306481747,-0.022678544987827277,-0.11188847122355214,-0.11791887281451739,0.5780390115375641,0.002292900553149842
WK036319,Van Lennepbuurt,2002,4.113007540429979,0.01074268928629363,NA,NA,NA,NA,NA
WK036319,Van Lennepbuurt,2008,4.2478460498846555,0.14558119874097042,NA,NA,NA,NA,NA
WK036319,Van Lennepbuurt,2012,4.278079760962669,0.1758149098189834,NA,NA,NA,NA,NA
WK036319,Van Lennepbuurt,2014,4.305034330992218,0.20276947984853205,-0.014089598039651862,-0.10413725800953653,-0.1111616107019358,0.477184314925381,-0.04502636832572487
WK036319,Van Lennepbuurt,2016,4.353501385028773,0.25123653388508715,NA,NA,NA,NA,NA
WK036319,Van Lennepbuurt,2018,4.376436462847671,0.274171611703986,-0.025215409868846787,-0.09875198769825151,-0.11006949849542029,0.5289350231375519,-0.02072651537104769
WK036319,Van Lennepbuurt,2020,4.432524838621723,0.3302599874780383,-0.019264823386994444,-0.09480398949582577,-0.11098616080685919,0.5701388423520823,-0.014823881184364927
WK036319,Van Lennepbuurt,2022,4.422922060500129,0.32065720935644343,-0.016605364466763525,-0.13107486690978,-0.11553911854541273,0.5924865278017126,-0.008609968523313222
WK036320,Helmersbuurt,2002,4.249316146816701,0.14705129567301664,NA,NA,NA,NA,NA
WK036320,Helmersbuurt,2008,4.355011769783394,0.2527469186397077,NA,NA,NA,NA,NA
WK036320,Helmersbuurt,2012,4.380285913041247,0.278021061897561,NA,NA,NA,NA,NA
WK036320,Helmersbuurt,2014,4.431718345245947,0.3294534941022625,-0.02287749115975035,-0.06350309700744657,-0.0921835697686937,0.5198945279860249,-0.011876875947871986
WK036320,Helmersbuurt,2016,4.450423731253292,0.348158880109607,NA,NA,NA,NA,NA
WK036320,Helmersbuurt,2018,4.482549867780547,0.3802850166368618,-0.03317612721186936,-0.05212216196853854,-0.09408772887015338,0.5538372869272361,0.005833747760186689
WK036320,Helmersbuurt,2020,4.515403927658232,0.4131390765145472,-0.027216109561660068,-0.050771536708195106,-0.09937863082436484,0.5839415647615767,0.0065637888471902234
WK036320,Helmersbuurt,2022,4.5092199457169375,0.4069550945732523,-0.02528406072127209,-0.07583616800920256,-0.1097321261477161,0.6037937187546906,0.014013730696752151
WK036321,Overtoomse Sluis,2002,4.212910127364011,0.11064527622032576,NA,NA,NA,NA,NA
WK036321,Overtoomse Sluis,2008,4.343260522192039,0.24099567104835343,NA,NA,NA,NA,NA
WK036321,Overtoomse Sluis,2012,4.358650398588117,0.2563855474444325,NA,NA,NA,NA,NA
WK036321,Overtoomse Sluis,2014,4.382719974518669,0.280455123374984,-0.01788546743573909,-0.048259903412456444,-0.09892355200379833,0.42958639590658065,0.0159376503203969
WK036321,Overtoomse Sluis,2016,4.373412815861432,0.27114796471774627,NA,NA,NA,NA,NA
WK036321,Overtoomse Sluis,2018,4.402471690190346,0.30020683904666084,-0.026658065019579184,-0.03600738773547567,-0.10177598490130163,0.43795391502864206,0.026694361674375056
WK036321,Overtoomse Sluis,2020,4.462926595827856,0.36066174468417056,-0.021266154614899335,-0.02509044587223001,-0.10782178900434498,0.4826069602304367,0.03223317394520785
WK036321,Overtoomse Sluis,2022,4.452850439276727,0.35058558813304186,-0.018597341842020332,-0.062211657584147505,-0.1187904167750339,0.5028093606217147,0.04737564371252867
WK036322,Vondelbuurt,2002,4.413386584822053,0.3111217336783675,NA,NA,NA,NA,NA
WK036322,Vondelbuurt,2008,4.492194265357489,0.3899294142138038,NA,NA,NA,NA,NA
WK036322,Vondelbuurt,2012,4.501339926794966,0.399075075651281,NA,NA,NA,NA,NA
WK036322,Vondelbuurt,2014,4.555416830281562,0.4531519791378768,-0.0161670469163099,-0.036898148400443136,-0.04639026226381457,0.5425978036710675,0.010009633047376799
WK036322,Vondelbuurt,2016,4.527118959346199,0.4248541082025137,NA,NA,NA,NA,NA
WK036322,Vondelbuurt,2018,4.594961392862978,0.49269654171929267,-0.025855647823466645,-0.018895320286229915,-0.04561731730239062,0.5543813845283707,0.028683442603008848
WK036322,Vondelbuurt,2020,4.623462978267118,0.5211981271234329,-0.016662255763597325,-0.03245424568316105,-0.051559346684887056,0.5941273479120415,0.02774662734303661
WK036322,Vondelbuurt,2022,4.635776361212053,0.5335115100683685,-0.017556805085102132,-0.0502287230665714,-0.06152143672283532,0.6206286752091551,0.04218979973372202
WK036323,Zuidas,2002,4.109014093074472,0.006749241930786655,NA,NA,NA,NA,NA
WK036323,Zuidas,2008,4.084982051371553,-0.017282799772132054,NA,NA,NA,NA,NA
WK036323,Zuidas,2012,4.445840765950848,0.34357591480716226,NA,NA,NA,NA,NA
WK036323,Zuidas,2014,4.381016168153782,0.27875131701009725,0.03546119093574672,0.04051700213912805,-0.040034155896579424,0.318928003253134,-0.07612072342133226
WK036323,Zuidas,2016,4.32588847576155,0.22362362461786436,NA,NA,NA,NA,NA
WK036323,Zuidas,2018,4.273585089591167,0.17132023844748182,0.001858891542720383,-0.008408546396636579,-0.035706124268409856,0.319428815314993,-0.10585279774518534
WK036323,Zuidas,2020,4.309407781915017,0.2071429307713322,0.008822605449417055,-0.005036400453483655,-0.039868752802886376,0.33973562177199773,-0.09651014319371275
WK036323,Zuidas,2022,4.295193782139926,0.1929289309962417,-0.0010676263915553957,-0.04272565914522605,-0.02953061834607606,0.33992679328544034,-0.07367395840634125
WK036324,Oude Pijp,2002,4.198330646507495,0.0960657953638101,NA,NA,NA,NA,NA
WK036324,Oude Pijp,2008,4.338537020438992,0.23627216929530703,NA,NA,NA,NA,NA
WK036324,Oude Pijp,2012,4.353142221019244,0.2508773698755585,NA,NA,NA,NA,NA
WK036324,Oude Pijp,2014,4.344837039018848,0.24257218787516244,-0.026577154055799825,-0.11837924886686511,-0.11316082127214916,0.5596842821886856,-0.058994870118709374
WK036324,Oude Pijp,2016,4.349966690112437,0.24770183896875195,NA,NA,NA,NA,NA
WK036324,Oude Pijp,2018,4.384327550093935,0.2820626989502498,-0.03443774306447803,-0.11099957854980304,-0.11483946826944065,0.5827249033365325,-0.04038541450256131
WK036324,Oude Pijp,2020,4.440094786955191,0.3378299358115051,-0.023976730989643626,-0.11368514930579586,-0.11856237188708,0.6257411389376865,-0.031686950943662126
WK036324,Oude Pijp,2022,4.4352449336000825,0.33298008245639743,-0.021640776612046837,-0.13599237942985315,-0.11903035175294685,0.6250060688014394,-0.01536247855019542
WK036325,Nieuwe Pijp,2002,4.1858996059552105,0.08363475481152521,NA,NA,NA,NA,NA
WK036325,Nieuwe Pijp,2008,4.30088740324334,0.19862255209965557,NA,NA,NA,NA,NA
WK036325,Nieuwe Pijp,2012,4.353292216851719,0.2510273657080345,NA,NA,NA,NA,NA
WK036325,Nieuwe Pijp,2014,4.349754305683141,0.24748945453945534,-0.023274066530413615,-0.11097546634413331,-0.11307405602904137,0.5289837213966595,-0.0341706779536161
WK036325,Nieuwe Pijp,2016,4.350939796445263,0.24867494530157774,NA,NA,NA,NA,NA
WK036325,Nieuwe Pijp,2018,4.387918419218603,0.28565356807491793,-0.033130163330193044,-0.1001478979613599,-0.11795728400000473,0.5570624427248404,-0.02017352935836509
WK036325,Nieuwe Pijp,2020,4.422448189272137,0.3201833381284514,-0.02440140817430912,-0.10634868017660826,-0.12277509702752894,0.5867502674032916,-0.013041743896394188
WK036325,Nieuwe Pijp,2022,4.4179303588985475,0.31566550775486196,-0.021979647323326457,-0.12525383474289883,-0.12221673540981008,0.5840459653034037,0.0010697599274934078
WK036326,Zuid Pijp,2002,4.07660153520267,-0.02566331594101543,NA,NA,NA,NA,NA
WK036326,Zuid Pijp,2008,4.158089496403721,0.05582464526003582,NA,NA,NA,NA,NA
WK036326,Zuid Pijp,2012,4.219337081053379,0.11707222990969389,NA,NA,NA,NA,NA
WK036326,Zuid Pijp,2014,4.227536631558709,0.12527178041502335,-0.009994726656333292,-0.1439095832777968,-0.12603699003596738,0.45409635692546263,-0.048883276540342024
WK036326,Zuid Pijp,2016,4.2253098755025444,0.12304502435885918,NA,NA,NA,NA,NA
WK036326,Zuid Pijp,2018,4.255106443881902,0.15284159273821712,-0.01801532815397276,-0.13502055471600954,-0.12746302442188898,0.4749156319662573,-0.04157513193616915
WK036326,Zuid Pijp,2020,4.288722143047467,0.18645729190378146,-0.012804963833366684,-0.1439576243998353,-0.128816396854173,0.50349742187265345,-0.03146114488149732
WK036326,Zuid Pijp,2022,4.29013161939464,0.18786676825095552,-0.010098412289890892,-0.16371625543002352,-0.1275367860137061,0.5115232806802249,-0.02230505869564913
WK036327,Weesperzijde,2002,4.170774570869097,0.06850971972541178,NA,NA,NA,NA,NA
WK036327,Weesperzijde,2008,4.285922335626277,0.18365748448259195,NA,NA,NA,NA,NA
WK036327,Weesperzijde,2012,4.327702438447552,0.22543758730386684,NA,NA,NA,NA,NA
WK036327,Weesperzijde,2014,4.295366043614867,0.1931011924711811,-0.020082168397553547,-0.08852594086267249,-0.07106447793405564,0.4007871873140525,-0.02801340764859004
WK036327,Weesperzijde,2016,4.3342118975749875,0.23194704643130235,NA,NA,NA,NA,NA
WK036327,Weesperzijde,2018,4.3511531656141464,0.24888831447046122,-0.031555782679793254,-0.05382948357830122,-0.07034415776353913,0.4232308520068156,-0.018613113514721082
WK036327,Weesperzijde,2020,4.394892171676579,0.2926273205328945,-0.025233282466568953,-0.05738067738513767,-0.07832652623518546,0.4593395600087297,-0.005771753388943418
WK036327,Weesperzijde,2022,4.407567741447879,0.3053028903041946,-0.024276794003239215,-0.05630828906961848,-0.08552365565261798,0.4677241641903352,0.0036874648393348196
WK036328,Oosterparkbuurt,2002,4.047638475059536,-0.05462637608414947,NA,NA,NA,NA,NA
WK036328,Oosterparkbuurt,2008,4.1646137860129935,0.062348934869307815,NA,NA,NA,NA,NA
WK036328,Oosterparkbuurt,2012,4.205425006604476,0.10316015546079034,NA,NA,NA,NA,NA
WK036328,Oosterparkbuurt,2014,4.181841343872933,0.07957649272924797,-0.025236358509771722,-0.15588115760478743,-0.1099991009627693,0.4073939704027052,-0.03670086059612902
WK036328,Oosterparkbuurt,2016,4.212795453455496,0.11053060231181087,NA,NA,NA,NA,NA
WK036328,Oosterparkbuurt,2018,4.231137248596625,0.12887239745294027,-0.03582509535488174,-0.13359775178806518,-0.10787242124268828,0.43090708109274806,-0.02473941525417285
WK036328,Oosterparkbuurt,2020,4.299268129224275,0.19700327808059043,-0.029891988871720468,-0.11648653678855482,-0.10810133897135682,0.47140968825779805,-0.019926545545575772
WK036328,Oosterparkbuurt,2022,4.307177813175904,0.20491296203221918,-0.02847617876727726,-0.13553840331999673,-0.11121990876870795,0.4865781123087543,-0.006430659420553502
WK036329,Dapperbuurt,2002,3.9945466897970023,-0.10771816134668274,NA,NA,NA,NA,NA
WK036329,Dapperbuurt,2008,4.090200036551902,-0.01206481459178318,NA,NA,NA,NA,NA
WK036329,Dapperbuurt,2012,4.125569303726024,0.023304452582338965,NA,NA,NA,NA,NA
WK036329,Dapperbuurt,2014,4.092108028851997,-0.010156822291688534,-0.025169694703857416,-0.1875217865841971,-0.11002549537342837,0.35960355996428395,-0.04704340559448982
WK036329,Dapperbuurt,2016,4.121858494352405,0.019593643208718998,NA,NA,NA,NA,NA
WK036329,Dapperbuurt,2018,4.136783788944906,0.03451893780122098,-0.03561368962970502,-0.17514299148278092,-0.10844199086091333,0.3876685479142771,-0.03395093813965707
WK036329,Dapperbuurt,2020,4.196820213064561,0.09455536192087594,-0.025556633864590124,-0.1579625186257085,-0.10616752580314515,0.41422567891628886,-0.029983638701969417
WK036329,Dapperbuurt,2022,4.201922186985083,0.09965733584139766,-0.027456423017148818,-0.17087949839662597,-0.11179015304152463,0.4360591298929285,-0.026275719596231747
WK036330,Transvaalbuurt,2002,3.9522844604504397,-0.14998039069324542,NA,NA,NA,NA,NA
WK036330,Transvaalbuurt,2008,4.024779138247574,-0.07748571289611197,NA,NA,NA,NA,NA
WK036330,Transvaalbuurt,2012,4.0946955906395655,-0.007569260504119436,NA,NA,NA,NA,NA
WK036330,Transvaalbuurt,2014,4.100903592535661,-0.001361258608023862,-0.021211737554591995,-0.15859133952388338,-0.1235127427642542,0.35888114217566097,-0.05692658094095553
WK036330,Transvaalbuurt,2016,4.112986245349471,0.01072139420578539,NA,NA,NA,NA,NA
WK036330,Transvaalbuurt,2018,4.15285441122638,0.050589560082694295,-0.030024927086298902,-0.12826399493253007,-0.12513929086977923,0.3785724789963865,-0.04455470602508432
WK036330,Transvaalbuurt,2020,4.216104709860404,0.1138398587167188,-0.02333562934653118,-0.12000968809802402,-0.1252052221577799,0.41478704809193284,-0.032396649772879205
WK036330,Transvaalbuurt,2022,4.236203296055988,0.1339384449123031,-0.024225192082676126,-0.12113312752370099,-0.1274127652290687,0.42123361251427616,-0.01452408276652748
WK036331,Indische Buurt West,2002,3.8233804581597193,-0.2788843929839662,NA,NA,NA,NA,NA
WK036331,Indische Buurt West,2008,3.9557664752092445,-0.14649837593444107,NA,NA,NA,NA,NA
WK036331,Indische Buurt West,2012,4.038147258560272,-0.0641175925834133,NA,NA,NA,NA,NA
WK036331,Indische Buurt West,2014,4.0417876211181865,-0.06047723002549894,-0.02477535083836443,-0.15234072815159025,-0.12080377480400994,0.3163651741670881,-0.07892255039862266
WK036331,Indische Buurt West,2016,4.062746292499731,-0.03951855864395414,NA,NA,NA,NA,NA
WK036331,Indische Buurt West,2018,4.130077562946049,0.027812711802363946,-0.03620537805860415,-0.10686901315282746,-0.11770104264229295,0.3321067783741623,-0.0435186327180741
WK036331,Indische Buurt West,2020,4.156184163667517,0.05391931252383201,-0.02893028552791117,-0.1256810500435038,-0.12006679470259707,0.3593627996892454,-0.030765356891401648
WK036331,Indische Buurt West,2022,4.146478602161982,0.04421375101829679,-0.02619848707238137,-0.1587354457056631,-0.12199909708289022,0.3787524339819476,-0.027605653102716402
WK036332,Indische Buurt Oost,2002,3.632370530027549,-0.46989432111613677,NA,NA,NA,NA,NA
WK036332,Indische Buurt Oost,2008,3.735563850998324,-0.36670100014536117,NA,NA,NA,NA,NA
WK036332,Indische Buurt Oost,2012,3.8430725296051675,-0.25919232153851773,NA,NA,NA,NA,NA
WK036332,Indische Buurt Oost,2014,3.9104481468713064,-0.1918167042723785,-0.029236720118168694,-0.19865056210680837,-0.12787811299889773,0.26607201746407344,-0.10212332651257747
WK036332,Indische Buurt Oost,2016,3.933121284647696,-0.16914356649598905,NA,NA,NA,NA,NA
WK036332,Indische Buurt Oost,2018,3.920292096886546,-0.18197275425713966,-0.037467740370522896,-0.2032767914150707,-0.13035770637466448,0.27477625511888276,-0.08564677121576461
WK036332,Indische Buurt Oost,2020,3.996369657526478,-0.10589519361720727,-0.02661569212944757,-0.1986171965009891,-0.12819038589204662,0.3063784167514895,-0.058850335846213735
WK036332,Indische Buurt Oost,2022,4.017232680978231,-0.08503217016545414,-0.027110141440418966,-0.18379632366898171,-0.13497541540598576,0.3177169837891764,-0.056867273439244366
WK036333,Oostelijk Havengebied,2002,4.105078803306095,0.002813952162410294,NA,NA,NA,NA,NA
WK036333,Oostelijk Havengebied,2008,4.18459533854146,0.08233048739777471,NA,NA,NA,NA,NA
WK036333,Oostelijk Havengebied,2012,4.228478257961911,0.12621340681822668,NA,NA,NA,NA,NA
WK036333,Oostelijk Havengebied,2014,4.241017104903068,0.13875225375938252,0.0012733251416066343,-0.016705430960861557,-0.05459629568626714,0.22149390163402474,-0.012713246369120395
WK036333,Oostelijk Havengebied,2016,4.24263675426505,0.14037190312136447,NA,NA,NA,NA,NA
WK036333,Oostelijk Havengebied,2018,4.229109687058754,0.12684483591506848,-0.004770451230899947,-0.013932445376410783,-0.054731718468692625,0.21411345676842056,-0.013834005777348975
WK036333,Oostelijk Havengebied,2020,4.254879842480994,0.15261499133730957,0.0035366335509962547,-0.015591086160244154,-0.05485711000372849,0.23023795378072764,-0.010711399830441953
WK036333,Oostelijk Havengebied,2022,4.288809236440621,0.18654438529693626,0.010847053042638917,-0.010573529066202349,-0.05332957385937012,0.2491918870798542,-0.009591451899984645
WK036334,Zeeburgereiland/Nieuwe Diep,2002,4.00672978578082,-0.09553506536286507,NA,NA,NA,NA,NA
WK036334,Zeeburgereiland/Nieuwe Diep,2008,4.075089229672532,-0.027175621471153537,NA,NA,NA,NA,NA
WK036334,Zeeburgereiland/Nieuwe Diep,2012,3.945450750647383,-0.15681410049630187,NA,NA,NA,NA,NA
WK036334,Zeeburgereiland/Nieuwe Diep,2014,3.97801672815266,-0.12424812299102571,-0.009227005542033385,-0.04838564834146612,0.06205298928093004,0.05453021499061472,-0.18321867337907113
WK036334,Zeeburgereiland/Nieuwe Diep,2016,4.183109270076391,0.08084441893270661,NA,NA,NA,NA,NA
WK036334,Zeeburgereiland/Nieuwe Diep,2018,3.9155219842211686,-0.18674286692251704,-0.034130971509100744,-0.09879873129984097,-0.002523940727591149,0.07605616473918646,-0.12734538812517088
WK036334,Zeeburgereiland/Nieuwe Diep,2020,3.9401022463934035,-0.16216260475028194,-0.034969876540344405,-0.11380871904341013,-0.037359394990189025,0.09555034359541395,-0.07157495777175261
WK036334,Zeeburgereiland/Nieuwe Diep,2022,3.9197691318504613,-0.18249571929322408,-0.016155164731778363,-0.10855908235577287,-0.04027858896261219,0.07515843402526474,-0.09266131726832576
WK036335,IJburg West,2002,4.250504244309345,0.14823939316565912,NA,NA,NA,NA,NA
WK036335,IJburg West,2008,4.125525905495747,0.023261054352061557,NA,NA,NA,NA,NA
WK036335,IJburg West,2012,4.120387529903304,0.018122678759618895,NA,NA,NA,NA,NA
WK036335,IJburg West,2014,4.041572596331004,-0.060692254812681604,0.011148463961237975,-0.07850075119415324,-0.015464877818844544,0.05655680944043005,-0.034431899201352124
WK036335,IJburg West,2016,4.052119978595426,-0.0501448725482583,NA,NA,NA,NA,NA
WK036335,IJburg West,2018,4.091801032076426,-0.01046381906725915,0.01965493814472114,-0.05718040441230588,-0.02468531529438639,0.0676370761028213,-0.01589011360810962
WK036335,IJburg West,2020,4.088591558522157,-0.013673292621528431,0.022469514935647892,-0.07535295132866758,-0.03665940156224982,0.09168201489587086,-0.015812469562130057
WK036335,IJburg West,2022,4.075905191336613,-0.026359659807072312,0.02956962044788324,-0.06824601751242286,-0.0492953215434588,0.07677105962747953,-0.015159000826553684
WK036336,Sloterdijk,2002,4.150374762703174,0.04810991155948877,NA,NA,NA,NA,NA
WK036336,Sloterdijk,2008,4.3122064185099065,0.20994156736622085,NA,NA,NA,NA,NA
WK036336,Sloterdijk,2012,4.089323031401422,-0.012941819742263284,NA,NA,NA,NA,NA
WK036336,Sloterdijk,2014,4.18786949912089,0.08560464797720453,0.019912267048389644,-0.0769269963721254,-0.0317752058131985,0.28286382223663936,-0.1084692391225007
WK036336,Sloterdijk,2016,4.244884266465552,0.14261941532186628,NA,NA,NA,NA,NA
WK036336,Sloterdijk,2018,4.087996458817711,-0.014268392325974159,-0.018692591291476695,-0.10959379790622134,-0.07830653633923272,0.29101892947550767,-0.09869439626455156
WK036336,Sloterdijk,2020,4.267375944082806,0.16511109293912088,0.018325354024933647,-0.1360459430478554,-0.02300707442263023,0.35023307651089863,-0.04439432012622604
WK036336,Sloterdijk,2022,4.187862579624784,0.08559772848109823,-0.007451366906401661,-0.09924108355923317,-0.04971289338268948,0.3242903929939046,-0.08228732066448217
WK036337,Landlust,2002,3.860253992278701,-0.24201085886498427,NA,NA,NA,NA,NA
WK036337,Landlust,2008,3.947407522187608,-0.154857328956077,NA,NA,NA,NA,NA
WK036337,Landlust,2012,4.016978145360142,-0.08528670578354376,NA,NA,NA,NA,NA
WK036337,Landlust,2014,3.967250153404787,-0.1350146977388983,-0.027602616739522363,-0.1635539437756509,-0.11545490626065474,0.3420018697222662,-0.17040510068533676
WK036337,Landlust,2016,3.9962193876146754,-0.10604546352900933,NA,NA,NA,NA,NA
WK036337,Landlust,2018,4.0181268074601535,-0.08413804368353128,-0.036927866889146066,-0.1336423123656493,-0.11185626026046239,0.3462798551838058,-0.14799145935207958
WK036337,Landlust,2020,4.111988454648653,0.009723603504968105,-0.03368959041262683,-0.12045210509033172,-0.1159554879281598,0.38902301117954424,-0.10920222424345807
WK036337,Landlust,2022,4.108556575960708,0.0062917248170224075,-0.03138742346948151,-0.13772714339242778,-0.1109056974825874,0.38865086969878737,-0.10233888053726853
WK036338,Erasmuspark,2002,3.8887773047495875,-0.21348754639409806,NA,NA,NA,NA,NA
WK036338,Erasmuspark,2008,3.9984643742124364,-0.10380047693124898,NA,NA,NA,NA,NA
WK036338,Erasmuspark,2012,4.074566019229811,-0.027698831913873533,NA,NA,NA,NA,NA
WK036338,Erasmuspark,2014,4.024367217537219,-0.07789763360646593,-0.026109687427426215,-0.12516237868989114,-0.09639317037193285,0.34450516855432195,-0.17473756567153798
WK036338,Erasmuspark,2016,4.052374587260509,-0.049890263883176175,NA,NA,NA,NA,NA
WK036338,Erasmuspark,2018,4.054807137923276,-0.04745771322040936,-0.03417088173112483,-0.09912700555404373,-0.09926350752744992,0.3418450363946659,-0.15674135480245704
WK036338,Erasmuspark,2020,4.184595010361577,0.0823301592178924,-0.02906692581043419,-0.08258651052247723,-0.09770255612564148,0.3952895222489796,-0.10360337057253464
WK036338,Erasmuspark,2022,4.141797839423319,0.039532988279633835,-0.027398262261091415,-0.11234533277885285,-0.09575499994965542,0.3905473670240467,-0.11551578375481346
WK036339,De Kolenkit,2002,3.6920577565494144,-0.4102070945942707,NA,NA,NA,NA,NA
WK036339,De Kolenkit,2008,3.7503828020552987,-0.35188204908838683,NA,NA,NA,NA,NA
WK036339,De Kolenkit,2012,3.9228062211330554,-0.1794586300106297,NA,NA,NA,NA,NA
WK036339,De Kolenkit,2014,3.9215436800168537,-0.1807211711268317,-0.05547246250291373,-0.16799166038381758,-0.09269487687902483,0.29227079444659465,-0.15683296580767056
WK036339,De Kolenkit,2016,3.956173765042363,-0.14609108610132215,NA,NA,NA,NA,NA
WK036339,De Kolenkit,2018,3.961168548362041,-0.14109630278164462,-0.04195693267106575,-0.16169032393671784,-0.08792229667771796,0.29433704254821363,-0.14386379204435687
WK036339,De Kolenkit,2020,4.030584726780896,-0.07168012436278895,-0.046146813484646707,-0.15721646026364328,-0.08001176907249574,0.34037821548193464,-0.12868329702393816
WK036339,De Kolenkit,2022,4.059540680273988,-0.04272417086969737,-0.049523985024097855,-0.1329977562517677,-0.08415293503771863,0.33929754748576463,-0.11534704204187805
WK036340,Geuzenbuurt,2002,4.042234416031644,-0.060030435112040766,NA,NA,NA,NA,NA
WK036340,Geuzenbuurt,2008,4.099703088557106,-0.0025617625865782573,NA,NA,NA,NA,NA
WK036340,Geuzenbuurt,2012,4.137695170085241,0.035430318941555815,NA,NA,NA,NA,NA
WK036340,Geuzenbuurt,2014,4.116404953034065,0.01414010189037999,-0.012506351330431821,-0.10790088052165306,-0.11324967634381364,0.357003461197434,-0.10920645111115573
WK036340,Geuzenbuurt,2016,4.180787214071062,0.078522362927376535,NA,NA,NA,NA,NA
WK036340,Geuzenbuurt,2018,4.213357838838969,0.11109298769528365,-0.022755543440743594,-0.06738739240650939,-0.11295038632509974,0.3893637500374073,-0.07517744016977125
WK036340,Geuzenbuurt,2020,4.310981283643401,0.20871643249971633,-0.015266954308565613,-0.04196137490390264,-0.11334248849144418,0.4340710097389892,-0.0547837595353607
WK036340,Geuzenbuurt,2022,4.2374489329426375,0.13518408179895217,-0.011790348491519262,-0.13344401541199627,-0.11688208321762743,0.4401610915718922,-0.04286056265179741
WK036341,Van Galenbuurt,2002,3.8088940888188527,-0.29337076232483256,NA,NA,NA,NA,NA
WK036341,Van Galenbuurt,2008,3.9263637675655425,-0.17590108357814296,NA,NA,NA,NA,NA
WK036341,Van Galenbuurt,2012,3.968165894697446,-0.13409895644623934,NA,NA,NA,NA,NA
WK036341,Van Galenbuurt,2014,3.9775758102954875,-0.12468904084819767,-0.029589381416648956,-0.1645348273131356,-0.12132937983570716,0.34261699785356736,-0.1518524501362736
WK036341,Van Galenbuurt,2016,3.9545674707508955,-0.14769738039278973,NA,NA,NA,NA,NA
WK036341,Van Galenbuurt,2018,3.999827355289603,-0.10243749585408256,-0.0356924864018539,-0.14634567922799643,-0.12515841732684782,0.3455057605303831,-0.14074667342776778
WK036341,Van Galenbuurt,2020,4.145631663404528,0.04336681226084217,-0.030069208725461864,-0.11415523158427315,-0.12661871655610887,0.39929522960419106,-0.08508526047750525
WK036341,Van Galenbuurt,2022,4.051069519262878,-0.05119533188080719,-0.026735698725988702,-0.20213337769188558,-0.13290451355885416,0.40542779965551035,-0.09484954155958943
WK036342,Hoofdweg e.o.,2002,3.7935430074679513,-0.30872184367573346,NA,NA,NA,NA,NA
WK036342,Hoofdweg e.o.,2008,3.9039274795198105,-0.19833737162387427,NA,NA,NA,NA,NA
WK036342,Hoofdweg e.o.,2012,3.9691818698969237,-0.13308298124676163,NA,NA,NA,NA,NA
WK036342,Hoofdweg e.o.,2014,3.9930453867634377,-0.10921946438024728,-0.021712164175162463,-0.16502073288839295,-0.12143032871303311,0.35345739009139837,-0.1545136286950574
WK036342,Hoofdweg e.o.,2016,3.9941383882152133,-0.10812646292847165,NA,NA,NA,NA,NA
WK036342,Hoofdweg e.o.,2018,4.025868416430245,-0.07639643471344003,-0.02927306461388664,-0.1371513389691616,-0.1222519935527055,0.3553382807497923,-0.14305831832747887
WK036342,Hoofdweg e.o.,2020,4.152830049191607,0.0505651980479214,-0.021216491630684058,-0.11667301041783033,-0.12380938481281607,0.40079902515239424,-0.08853494024314261
WK036342,Hoofdweg e.o.,2022,4.1232272438931465,0.020962392749461108,-0.019316916963609036,-0.14213497853156798,-0.12479893126055738,0.41428282584186427,-0.10706960633666905
WK036343,Westindische Buurt,2002,4.072207916473304,-0.030056934670381816,NA,NA,NA,NA,NA
WK036343,Westindische Buurt,2008,4.161033561664902,0.0587687105212163,NA,NA,NA,NA,NA
WK036343,Westindische Buurt,2012,4.182780837904296,0.08051598676061072,NA,NA,NA,NA,NA
WK036343,Westindische Buurt,2014,4.183236076523486,0.08097122537980092,-0.01121209882392099,-0.09928194635423353,-0.10898528011205337,0.40144319380983956,-0.10099264313983104
WK036343,Westindische Buurt,2016,4.166400565448873,0.06413571430518748,NA,NA,NA,NA,NA
WK036343,Westindische Buurt,2018,4.205205080961942,0.10294022981825694,-0.01643339902946801,-0.08496199874708922,-0.10805753615909615,0.39246001844243666,-0.08006685468852665
WK036343,Westindische Buurt,2020,4.268801592727195,0.1665367415835101,-0.011760801192167394,-0.07333404694385867,-0.10729149686139045,0.42575703522967434,-0.066833948648748
WK036343,Westindische Buurt,2022,4.292373939011359,0.19010908786767347,-0.009831795580112615,-0.08148186097360054,-0.11273476687792715,0.4433067126130526,-0.0491492013137391
WK036344,Hoofddorppleinbuurt,2002,4.16403564440567,0.06177079326198521,NA,NA,NA,NA,NA
WK036344,Hoofddorppleinbuurt,2008,4.230499441566993,0.12823459042330781,NA,NA,NA,NA,NA
WK036344,Hoofddorppleinbuurt,2012,4.240715806060721,0.1384509549170357,NA,NA,NA,NA,NA
WK036344,Hoofddorppleinbuurt,2014,4.216407544684234,0.11414269354054843,-0.013205833754423814,-0.0787638419258361,-0.09019078767652652,0.39401011799139796,-0.09770696109406335
WK036344,Hoofddorppleinbuurt,2016,4.207761566428117,0.10549671528443197,NA,NA,NA,NA,NA
WK036344,Hoofddorppleinbuurt,2018,4.237539766131419,0.1352749149877331,-0.02756824972556877,-0.058647355542307274,-0.08995715675042336,0.39213936425650125,-0.08069168725046902
WK036344,Hoofddorppleinbuurt,2020,4.3159640882837795,0.21369923714009462,-0.022852076962050112,-0.0440870271816879,-0.09161151783605974,0.4319865383376444,-0.05973667921775225
WK036344,Hoofddorppleinbuurt,2022,4.326843826369688,0.2245789752260026,-0.02033636031959634,-0.05555045566773812,-0.0961384578574048,0.4374040323516277,-0.040799783280886064
WK036345,Schinkelbuurt,2002,4.229923334069942,0.1276584829262566,NA,NA,NA,NA,NA
WK036345,Schinkelbuurt,2008,4.315598836183126,0.21333398503944093,NA,NA,NA,NA,NA
WK036345,Schinkelbuurt,2012,4.345254578377281,0.24298972723359594,NA,NA,NA,NA,NA
WK036345,Schinkelbuurt,2014,4.341902773665382,0.2396379225216966,-0.02045120415883047,-0.07406599990586951,-0.10024545105938677,0.42826886629996247,0.006131711345820609
WK036345,Schinkelbuurt,2016,4.34575498334114,0.24349013219745497,NA,NA,NA,NA,NA
WK036345,Schinkelbuurt,2018,4.319512704256039,0.21724785311235306,-0.03379178615752345,-0.08726633813739551,-0.11012800347487899,0.4347863359862955,0.01364764489585524
WK036345,Schinkelbuurt,2020,4.387262449350311,0.2849975982066258,-0.028552993736695825,-0.08436741625235938,-0.11254761406963575,0.48518711756354904,0.025278504701767398
WK036345,Schinkelbuurt,2022,4.385280503980108,0.28301565283642327,-0.02699470553831764,-0.10192879055846747,-0.11189482249531628,0.4889169947593024,0.03491697666922207
WK036346,Willemspark,2002,4.4476889041147984,0.3454240529711133,NA,NA,NA,NA,NA
WK036346,Willemspark,2008,4.517619825904268,0.41535497476058325,NA,NA,NA,NA,NA
WK036346,Willemspark,2012,4.543164072884856,0.44089922174117085,NA,NA,NA,NA,NA
WK036346,Willemspark,2014,4.542686721309637,0.44042187016595163,-0.003179862330339668,-0.0033965048386744366,-0.07401138620005739,0.45817122248661224,0.06283840104841058
WK036346,Willemspark,2016,4.514638460828496,0.4123736096848104,NA,NA,NA,NA,NA
WK036346,Willemspark,2018,4.54501401265945,0.442749161515765,-0.020896714667950518,0.007278424030325619,-0.0780838630045017,0.45837576461606433,0.07607555054182698
WK036346,Willemspark,2020,4.576492981554666,0.47422813041098105,-0.01673069627706005,-0.0017911935944898527,-0.08045005427972232,0.4947170237576652,0.07848305080458781
WK036346,Willemspark,2022,4.591447740568435,0.4891828894247498,-0.015014173842368094,-0.015133467917773364,-0.08013542212097582,0.5054541324104931,0.09401182089537363
WK036347,Museumkwartier,2002,4.482305707628105,0.3800408564844197,NA,NA,NA,NA,NA
WK036347,Museumkwartier,2008,4.544090264761653,0.44182541361796823,NA,NA,NA,NA,NA
WK036347,Museumkwartier,2012,4.556486888868667,0.45422203772498154,NA,NA,NA,NA,NA
WK036347,Museumkwartier,2014,4.55859653152138,0.45633168037769517,-0.009234067542645547,-0.03444933040510835,-0.06988443469208759,0.5154420920168014,0.05445742100073506
WK036347,Museumkwartier,2016,4.53958099882201,0.4373161476783249,NA,NA,NA,NA,NA
WK036347,Museumkwartier,2018,4.563378619554143,0.4611137684104581,-0.018256518434091054,-0.03298323540151716,-0.07641924628720301,0.5216842509470682,0.06708851758620098
WK036347,Museumkwartier,2020,4.582463807671277,0.4801989565275922,-0.011789023388329423,-0.04541857786840002,-0.08024746013580109,0.5486658479396926,0.06898816998042981
WK036347,Museumkwartier,2022,4.571827095931545,0.46956224478786013,-0.011678064454478687,-0.08244341204743379,-0.08795955488773854,0.5717531605089893,0.07989011566852158
WK036348,Stadionbuurt,2002,4.149329613982663,0.047064762838977835,NA,NA,NA,NA,NA
WK036348,Stadionbuurt,2008,4.217402186503431,0.1151373353597465,NA,NA,NA,NA,NA
WK036348,Stadionbuurt,2012,4.240207031216743,0.1379421800730575,NA,NA,NA,NA,NA
WK036348,Stadionbuurt,2014,4.266376156661474,0.16411130551778944,-0.01295600096049487,-0.05440881773797298,-0.10961641525096631,0.3952674043247759,-0.05417486485755258
WK036348,Stadionbuurt,2016,4.257669387756203,0.15540453661251816,NA,NA,NA,NA,NA
WK036348,Stadionbuurt,2018,4.242514942409289,0.14025009126560328,-0.029412685329651016,-0.06358341795642199,-0.11271911962910228,0.3922860850094899,-0.04632077082871167
WK036348,Stadionbuurt,2020,4.301209356639816,0.19894450549613146,-0.020196662059640342,-0.06489477531469262,-0.11478007638440113,0.4384519434373704,-0.03963592418250506
WK036348,Stadionbuurt,2022,4.3047796121699395,0.2025147610262542,-0.020521297917104178,-0.07416856367577053,-0.11104383685683175,0.4406560207694346,-0.032407561293474184
WK036349,Apollobuurt,2002,4.500561310250249,0.39829645910656336,NA,NA,NA,NA,NA
WK036349,Apollobuurt,2008,4.526920340325889,0.42465548918220375,NA,NA,NA,NA,NA
WK036349,Apollobuurt,2012,4.51788951062124,0.41562465947755506,NA,NA,NA,NA,NA
WK036349,Apollobuurt,2014,4.5054461178355565,0.4031812666918715,-0.0019232500395059647,0.02257784895796298,-0.06038861261726162,0.43365551631254723,0.009259764078128577
WK036349,Apollobuurt,2016,4.478523078271885,0.3762582271282,NA,NA,NA,NA,NA
WK036349,Apollobuurt,2018,4.4967774649063506,0.3945126137626659,-0.01303695843997186,0.026519074249344448,-0.059049779226463144,0.4253188309804718,0.014761446199284363
WK036349,Apollobuurt,2020,4.538343764458422,0.43607891331473725,-0.008346898720942885,0.02372643837082935,-0.058495240317133566,0.4543848345586198,0.024809779423364202
WK036349,Apollobuurt,2022,4.548535245410146,0.44627039426646004,-0.011546808544765655,0.01916816241683339,-0.05696287749891124,0.4650869485658121,0.03052496932749114
WK036350,IJburg Oost,2020,4.284667320041132,0.18240246889744682,0.0671184450732023,-0.05800892698114931,0.10332413766938076,0.06294415315817681,0.0070246599778356345
WK036350,IJburg Oost,2022,4.27384816214289,0.17158331099920474,0.049457742837370235,0.011282040348009134,0.11153169836411234,-0.013758205443124914,0.013070034892837756
WK036351,IJburg Zuid,2002,4.2827934800501115,0.1805286289064261,NA,NA,NA,NA,NA
WK036351,IJburg Zuid,2008,4.162405720921051,0.0601408697773666,NA,NA,NA,NA,NA
WK036351,IJburg Zuid,2012,4.039485909412648,-0.06277894173103679,NA,NA,NA,NA,NA
WK036351,IJburg Zuid,2014,3.9729708573734883,-0.1292939937701972,-0.006131600014720711,-0.06524312860617255,-0.025876407155674852,0.012847296074800311,-0.04489015406842974
WK036351,IJburg Zuid,2016,4.014426199506223,-0.08783865163746168,NA,NA,NA,NA,NA
WK036351,IJburg Zuid,2018,4.035710194296091,-0.06655465684759392,0.007603529003552882,-0.0597966475332914,-0.019686744904272985,0.027378224072375477,-0.022053017485958164
WK036351,IJburg Zuid,2020,4.022499912862404,-0.07976493828128153,0.012652805388274312,-0.07298871717280339,-0.038735102845948936,0.04520228566373209,-0.025896209314535863
WK036351,IJburg Zuid,2022,4.037567058488301,-0.0646977926553835,0.022848315795266718,-0.06553132150244563,-0.04547949381530197,0.03519131671995208,-0.011726609852854963
WK036352,Scheldebuurt,2002,4.253572092798389,0.1513072416547037,NA,NA,NA,NA,NA
WK036352,Scheldebuurt,2008,4.319490086272473,0.21722523512878708,NA,NA,NA,NA,NA
WK036352,Scheldebuurt,2012,4.314858878318027,0.212594027174342,NA,NA,NA,NA,NA
WK036352,Scheldebuurt,2014,4.322339235531423,0.22007438438773844,-0.015465025942932935,-0.025964992860487777,-0.0957936419908886,0.4106013640165026,-0.053303318834455125
WK036352,Scheldebuurt,2016,4.341811095333178,0.23954624418949258,NA,NA,NA,NA,NA
WK036352,Scheldebuurt,2018,4.334801667492214,0.23253681634852907,-0.027736284461189017,-0.020723559990396805,-0.09459873246691307,0.4171772717976968,-0.04158187853066918
WK036352,Scheldebuurt,2020,4.367713102991204,0.2654482518475195,-0.020211466099887433,-0.03431807289642902,-0.10118212161463726,0.4507632356736808,-0.029603323215207835
WK036352,Scheldebuurt,2022,4.386104481042202,0.2838396298985169,-0.018931230154153017,-0.03331187101456055,-0.09052427473681411,0.44984576865812753,-0.02323876285408323
WK036353,IJselbuurt,2002,4.130932500990405,0.028667649846719722,NA,NA,NA,NA,NA
WK036353,IJselbuurt,2008,4.2025898757204585,0.1003250245767729,NA,NA,NA,NA,NA
WK036353,IJselbuurt,2012,4.198762740148591,0.09649788900490543,NA,NA,NA,NA,NA
WK036353,IJselbuurt,2014,4.241101097111377,0.13883624596769234,-0.0025314344879726427,-0.09533809051406623,-0.11404444184247936,0.42018243347338485,-0.06943222066117458
WK036353,IJselbuurt,2016,4.249749210515507,0.14748435937182144,NA,NA,NA,NA,NA
WK036353,IJselbuurt,2018,4.240561114482355,0.13829626333866948,-0.015990925220747805,-0.09818999238350358,-0.12095608218986362,0.4361304676343703,-0.06269720450158614
WK036353,IJselbuurt,2020,4.281715608341275,0.17945075719758977,-0.008199152217244054,-0.10607505770136363,-0.1241750879069836,0.46818592810888043,-0.05028587308569958
WK036353,IJselbuurt,2022,4.306245309732478,0.2039804585887936,-0.006808753638741197,-0.11276081270142008,-0.11390928272794747,0.476126718352707,-0.03866741069580492
WK036354,Rijnbuurt,2002,4.10880307421116,0.006538223067474029,NA,NA,NA,NA,NA
WK036354,Rijnbuurt,2008,4.199675694346306,0.09741084320262051,NA,NA,NA,NA,NA
WK036354,Rijnbuurt,2012,4.184853821050118,0.08258896990643255,NA,NA,NA,NA,NA
WK036354,Rijnbuurt,2014,4.173884643992644,0.0716197928489593,-0.009589563762151268,-0.08485359051405872,-0.10326853189507067,0.35439251638995534,-0.0850610373697157
WK036354,Rijnbuurt,2016,4.192475338097988,0.09021048695430217,NA,NA,NA,NA,NA
WK036354,Rijnbuurt,2018,4.195643843249889,0.09337899210620353,-0.017096696032435715,-0.07874110162147216,-0.10358497881827491,0.3630236131461197,-0.07022184456773363
WK036354,Rijnbuurt,2020,4.255960978445779,0.15369612730209317,-0.01197593952054016,-0.07513222599105149,-0.10740773474422984,0.4049433087641229,-0.05673128120620853
WK036354,Rijnbuurt,2022,4.283565905673394,0.18130105452970927,-0.005811158876052442,-0.06985681609654276,-0.10790093433960919,0.40745032348667476,-0.04258035964476139
WK036355,Frankendael,2002,4.132461384438951,0.030196533295265872,NA,NA,NA,NA,NA
WK036355,Frankendael,2008,4.150689108704313,0.048424257560627876,NA,NA,NA,NA,NA
WK036355,Frankendael,2012,4.18681545002702,0.08455059888333565,NA,NA,NA,NA,NA
WK036355,Frankendael,2014,4.190767282300577,0.08850243115689133,-0.01775693344766983,-0.058745143002795756,-0.05490681925734113,0.2890423215493648,-0.06913099468466705
WK036355,Frankendael,2016,4.167075401658417,0.06481055051473184,NA,NA,NA,NA,NA
WK036355,Frankendael,2018,4.216264071658349,0.11399922051466391,-0.028895728595295066,-0.027007088507053797,-0.05431155275737453,0.2954657403177471,-0.07125214994336007
WK036355,Frankendael,2020,4.27137042930584,0.16910557816215468,-0.02523031503923774,-0.02355605035388681,-0.047423803554347825,0.3179986636842312,-0.05268291657460441
WK036355,Frankendael,2022,4.234707814106459,0.13244296296277405,-0.023338062711615336,-0.06432484339827015,-0.04821930684087113,0.3327810746366125,-0.0644558987230821
WK036356,Middenmeer,2002,4.1027581237247395,4.932725810545643e-4,NA,NA,NA,NA,NA
WK036356,Middenmeer,2008,4.121809961636904,0.019545110493219015,NA,NA,NA,NA,NA
WK036356,Middenmeer,2012,4.200596529247034,0.09833167810334878,NA,NA,NA,NA,NA
WK036356,Middenmeer,2014,4.239228981254477,0.1369641301107913,-0.031992803945892795,-0.003649376594819281,-0.03999604686733621,0.2516902936493662,-0.039087936130526794
WK036356,Middenmeer,2016,4.239883083422172,0.13761823227848727,NA,NA,NA,NA,NA
WK036356,Middenmeer,2018,4.227711250937732,0.12544639979404718,-0.03652660512868457,-0.009732781620112445,-0.04252303585137799,0.2412922864732703,-0.027063464079048385
WK036356,Middenmeer,2020,4.26198379913574,0.15971894799205485,-0.028908962429218553,-0.01850781041786461,-0.03464587454801699,0.26735418015132106,-0.025572584764166326
WK036356,Middenmeer,2022,4.242241496540766,0.13997664539708055,-0.03141539463948329,-0.04211064014110454,-0.03327558500295921,0.27377746068716186,-0.02699919550653445
WK036357,Betondorp,2002,4.104628180476985,0.0023633293333003595,NA,NA,NA,NA,NA
WK036357,Betondorp,2008,4.098696060119534,-0.0035687910241514573,NA,NA,NA,NA,NA
WK036357,Betondorp,2012,4.122694747250274,0.020429896106589265,NA,NA,NA,NA,NA
WK036357,Betondorp,2014,4.105142269772612,0.0028774186289265737,-0.045154573995000793,-0.0015541370279827118,-0.04736073281387483,0.15193671743934462,-0.05498985497355992
WK036357,Betondorp,2016,4.099134513359161,-0.003130337784524159,NA,NA,NA,NA,NA
WK036357,Betondorp,2018,4.083502715162108,-0.01876213598157659,-0.05791382235820221,-0.008888190512868622,-0.04809735396979668,0.1446359658050794,-0.048498734945788685
WK036357,Betondorp,2020,4.140385142839059,0.03812029169537374,-0.050479078001703356,0.0053775883699681,-0.04657975475926486,0.1739349432956682,-0.044133407209294644
WK036357,Betondorp,2022,4.071697272979204,-0.030567578164480805,-0.047892112912871515,-0.059244819051528556,-0.04376248526723752,0.1757132496458401,-0.05538141057868362
WK036358,Omval/Overamstel,2002,4.137510872631222,0.03524602148753756,NA,NA,NA,NA,NA
WK036358,Omval/Overamstel,2008,4.2574477512181375,0.15518290007445237,NA,NA,NA,NA,NA
WK036358,Omval/Overamstel,2012,4.137823838899752,0.03555898775606663,NA,NA,NA,NA,NA
WK036358,Omval/Overamstel,2014,4.153315525881177,0.05105067473749158,-0.009466485254425802,-0.031277386119714354,-0.02011945711905291,0.2387409258576526,-0.1268269226269683
WK036358,Omval/Overamstel,2016,4.133500292854299,0.031235441710613095,NA,NA,NA,NA,NA
WK036358,Omval/Overamstel,2018,4.115331009096822,0.013066157953137024,-0.009072768159419256,-0.04718146169421149,-0.014724232480284798,0.21128215329075764,-0.12723753300370536
WK036358,Omval/Overamstel,2020,4.137982607078404,0.03571775593471808,-0.008503882219283122,-0.06473060050223431,-0.010818106618532787,0.21735093537706482,-0.09758059010229678
WK036358,Omval/Overamstel,2022,4.14402506633463,0.04176021519094532,-0.00894676874724619,-0.024068074083463346,-0.008718188136886766,0.20431236367405078,-0.12081911751550957
WK036359,Prinses Irenebuurt e.o.,2002,4.555836418918078,0.4535715677743929,NA,NA,NA,NA,NA
WK036359,Prinses Irenebuurt e.o.,2008,4.516954074276528,0.41468922313284307,NA,NA,NA,NA,NA
WK036359,Prinses Irenebuurt e.o.,2012,4.496414624365768,0.3941497732220821,NA,NA,NA,NA,NA
WK036359,Prinses Irenebuurt e.o.,2014,4.500647776541327,0.39838292539764203,0.011514799269026358,0.004843923652420295,-0.0012506832337336646,0.3888113612949316,-0.00553647558500273
WK036359,Prinses Irenebuurt e.o.,2016,4.467037564201799,0.3647727130581139,NA,NA,NA,NA,NA
WK036359,Prinses Irenebuurt e.o.,2018,4.480143426409725,0.3778785752660405,-0.003189276461967361,0.01564987753131824,-0.00993697011927006,0.3708602781074363,0.004494666208523056
WK036359,Prinses Irenebuurt e.o.,2020,4.513731192651819,0.41146634150813405,0.002128315955576283,0.009478873468924892,-0.009954957038278782,0.40659940934315636,0.00321469977875501
WK036359,Prinses Irenebuurt e.o.,2022,4.516989459382142,0.4147246082384572,-0.007333095946114853,0.005531938629583263,-0.00880863577728645,0.41766998741255,0.007664413919724865
WK036360,Volewijck,2002,3.820316001367744,-0.2819488497759409,NA,NA,NA,NA,NA
WK036360,Volewijck,2008,3.8731548641318545,-0.22910998701183094,NA,NA,NA,NA,NA
WK036360,Volewijck,2012,3.919678544072152,-0.18258630707153323,NA,NA,NA,NA,NA
WK036360,Volewijck,2014,3.9468797205678565,-0.1553851305758287,-0.011785101822274026,-0.16884862396711767,-0.08014436526166999,0.1931788483736693,-0.08778588789843661
WK036360,Volewijck,2016,4.016469286828679,-0.08579556431500632,NA,NA,NA,NA,NA
WK036360,Volewijck,2018,3.992915731936654,-0.10934911920703107,-0.0195812112933793,-0.14886338847001493,-0.07824810070883646,0.21723358443006588,-0.07989000316486652
WK036360,Volewijck,2020,4.070070759865144,-0.032194091278540296,-0.008837891773539035,-0.13581245902553107,-0.06586081736699699,0.24866463720259768,-0.07034756031507115
WK036360,Volewijck,2022,4.0393427371822375,-0.0629221139614481,-0.008954836171195496,-0.1369508688308486,-0.06688672050616308,0.21906647548396752,-0.0691961639372087
WK036361,IJplein/Vogelbuurt,2002,3.736685637828639,-0.3655792133150464,NA,NA,NA,NA,NA
WK036361,IJplein/Vogelbuurt,2008,3.8184399448812565,-0.28382490626242884,NA,NA,NA,NA,NA
WK036361,IJplein/Vogelbuurt,2012,3.9196797980420732,-0.182585053101612,NA,NA,NA,NA,NA
WK036361,IJplein/Vogelbuurt,2014,3.955324403507596,-0.14694044763608963,-0.01363557242013736,-0.17382042373502915,-0.08611380414022812,0.18356458747388088,-0.05693523481457619
WK036361,IJplein/Vogelbuurt,2016,4.016075827725988,-0.08618902341769771,NA,NA,NA,NA,NA
WK036361,IJplein/Vogelbuurt,2018,4.015839861771868,-0.08642498937181774,-0.020293274128301664,-0.13212341047921458,-0.08003295106647586,0.19147961910704037,-0.045454972804866316
WK036361,IJplein/Vogelbuurt,2020,4.114293807551667,0.012028956407981857,-0.01165804308147057,-0.11705878627318088,-0.07083612301364667,0.23594744186818659,-0.024365533091906883
WK036361,IJplein/Vogelbuurt,2022,4.080623019657711,-0.021641831485974136,-0.00974884403860222,-0.12564158877606732,-0.07321362084989926,0.21919629765478765,-0.03223407547619333
WK036362,Tuindorp Nieuwendam,2002,3.9539440569169404,-0.14832079422674457,NA,NA,NA,NA,NA
WK036362,Tuindorp Nieuwendam,2008,3.957408604431641,-0.14485624671204386,NA,NA,NA,NA,NA
WK036362,Tuindorp Nieuwendam,2012,3.972268976497923,-0.12999587464576215,NA,NA,NA,NA,NA
WK036362,Tuindorp Nieuwendam,2014,3.9751983277711473,-0.1270665233725382,0.0038350626741670375,-0.07053587519046804,-0.05350378523732764,0.10364608800742184,-0.11050801362633167
WK036362,Tuindorp Nieuwendam,2016,4.024228966923741,-0.07803588421994374,NA,NA,NA,NA,NA
WK036362,Tuindorp Nieuwendam,2018,3.9932367811228477,-0.10902807002083716,-0.002023570646443677,-0.05756708439817176,-0.048380609272643545,0.1066279155362752,-0.10768472123985363
WK036362,Tuindorp Nieuwendam,2020,4.0226943290802515,-0.07957052206343365,0.007210969532486738,-0.07301044081967055,-0.045467826112939244,0.13297543397391612,-0.101278658637227
WK036362,Tuindorp Nieuwendam,2022,4.016521434724056,-0.08574341641962907,0.004049256675812254,-0.0812789388600256,-0.04591167963940693,0.12891119768175865,-0.09151325227776773
WK036363,Tuindorp Buiksloot,2002,3.9728915864467917,-0.12937326469689314,NA,NA,NA,NA,NA
WK036363,Tuindorp Buiksloot,2008,4.019233689608506,-0.08303116153517906,NA,NA,NA,NA,NA
WK036363,Tuindorp Buiksloot,2012,4.032355399850591,-0.06990945129309431,NA,NA,NA,NA,NA
WK036363,Tuindorp Buiksloot,2014,4.015449456696601,-0.08681539444708497,-0.010932166012108556,-0.10702102709447392,-0.07114923691008014,0.1986302162170896,-0.09634318064751218
WK036363,Tuindorp Buiksloot,2016,4.030732828465528,-0.071532022678157,NA,NA,NA,NA,NA
WK036363,Tuindorp Buiksloot,2018,4.0516339553113925,-0.0506308958322929,-0.014491960726979433,-0.054092956511148614,-0.06171629192847142,0.178661525594463,-0.09899121226015672
WK036363,Tuindorp Buiksloot,2020,4.13628324971264,0.034018398568954264,-0.006905025706646758,-0.014024256234269566,-0.05691532958521937,0.21017889121968933,-0.09831588112459956
WK036363,Tuindorp Buiksloot,2022,4.109591201293968,0.0073263501502829715,-0.0049492075997287195,-0.045404930549614364,-0.06202581694220346,0.20551041949770943,-0.0858041142558802
WK036364,Nieuwendammerdijk/Buiksloterdijk,2002,4.0943766536522554,-0.007888197491430219,NA,NA,NA,NA,NA
WK036364,Nieuwendammerdijk/Buiksloterdijk,2008,4.132269424843141,0.030004573699455764,NA,NA,NA,NA,NA
WK036364,Nieuwendammerdijk/Buiksloterdijk,2012,4.156697879496785,0.05443302835309983,NA,NA,NA,NA,NA
WK036364,Nieuwendammerdijk/Buiksloterdijk,2014,4.155496279161356,0.05323142801767078,0.006040925199938091,-0.04472703838219589,0.0038355218983493243,0.153299416439791,-0.06521739713821204
WK036364,Nieuwendammerdijk/Buiksloterdijk,2016,4.174114177950027,0.07184932680634139,NA,NA,NA,NA,NA
WK036364,Nieuwendammerdijk/Buiksloterdijk,2018,4.189131807772725,0.08686695662904029,0.001049142566437215,-0.008148293427340034,0.005953635047784044,0.14432865015039206,-0.05631617770823328
WK036364,Nieuwendammerdijk/Buiksloterdijk,2020,4.239002592932785,0.13673774178909912,0.0013879479621604338,0.009735797451497894,0.004674418229611769,0.17340537204717135,-0.05246579390134262
WK036364,Nieuwendammerdijk/Buiksloterdijk,2022,4.212119151079947,0.10985429993626215,0.0017674663905195337,-0.010700537133733968,1.5353717392459575e-5,0.164954176981675,-0.04618216001959114
WK036365,Tuindorp Oostzaan,2002,3.8182438244752936,-0.2840210266683911,NA,NA,NA,NA,NA
WK036365,Tuindorp Oostzaan,2008,3.8690655306638506,-0.23319932047983447,NA,NA,NA,NA,NA
WK036365,Tuindorp Oostzaan,2012,3.909901044723376,-0.1923638064203091,NA,NA,NA,NA,NA
WK036365,Tuindorp Oostzaan,2014,3.9066724519540563,-0.1955923991896291,-0.023019536974486852,-0.0908145600275447,-0.04252687160634812,0.06325273985533064,-0.10248417043658033
WK036365,Tuindorp Oostzaan,2016,3.9235778938787034,-0.17868695726498168,NA,NA,NA,NA,NA
WK036365,Tuindorp Oostzaan,2018,3.953888286662288,-0.14837656448139702,-0.028724778973297636,-0.0643531372317265,-0.04163474526749278,0.07232850047113883,-0.08599240348001919
WK036365,Tuindorp Oostzaan,2020,4.000134999953124,-0.10212985119056175,-0.016486519133934455,-0.0695802945912548,-0.038535390828251394,0.0977834907176918,-0.07531113735481315
WK036365,Tuindorp Oostzaan,2022,4.005798749481626,-0.09646610166205917,-0.016800349308225947,-0.06588055682821842,-0.043275093509164454,0.09464200079091387,-0.0651521028073645
WK036366,Oostzanerwerf,2002,3.881738228612143,-0.2205266225315425,NA,NA,NA,NA,NA
WK036366,Oostzanerwerf,2008,3.865636063718078,-0.2366287874256071,NA,NA,NA,NA,NA
WK036366,Oostzanerwerf,2012,3.86696003617171,-0.2353048149719754,NA,NA,NA,NA,NA
WK036366,Oostzanerwerf,2014,3.89081842595164,-0.21144642519204498,-0.013911063857276272,-0.10368953707995503,-0.039743508783556536,0.03012919784281139,-0.08423151331406882
WK036366,Oostzanerwerf,2016,3.90455116020013,-0.19771369094355504,NA,NA,NA,NA,NA
WK036366,Oostzanerwerf,2018,3.8946140779580913,-0.20765077318559413,-0.02350540174549321,-0.0814228854302267,-0.04799630857021488,0.03715461972609343,-0.09188079716575302
WK036366,Oostzanerwerf,2020,3.9607544443574327,-0.1415104067862524,-0.013880716760885113,-0.06624158808295179,-0.04442395698641076,0.058088671289365235,-0.07505281624537025
WK036366,Oostzanerwerf,2022,3.958778003802594,-0.14348684734109104,-0.0128558474309588,-0.07257510504543661,-0.04319316694164671,0.06568728394027239,-0.08055001186332159
WK036367,Kadoelen,2002,4.0030477300962,-0.09921712104748506,NA,NA,NA,NA,NA
WK036367,Kadoelen,2008,4.008744838893164,-0.09352001225052202,NA,NA,NA,NA,NA
WK036367,Kadoelen,2012,4.015740156376945,-0.08652469476673981,NA,NA,NA,NA,NA
WK036367,Kadoelen,2014,4.023358717918641,-0.07890613322504432,-0.02262054545226009,-0.0464798413755595,-0.0065811011784976566,0.04721560516540189,-0.05044025038412929
WK036367,Kadoelen,2016,4.053622685508634,-0.04864216563505209,NA,NA,NA,NA,NA
WK036367,Kadoelen,2018,4.093059059010401,-0.009205792133284065,-0.026755327740133065,-0.005435156169790676,-0.005415975162772139,0.055287385660851666,-0.02688671872144015
WK036367,Kadoelen,2020,4.141658180501429,0.03939332935774431,-0.023355764243850906,0.004769947271155437,0.0030025163952521975,0.08469104472672867,-0.029714414791541355
WK036367,Kadoelen,2022,4.167075074731134,0.0648102235874488,-0.017812874390403056,0.011047541850474614,0.00485398310191114,0.08449704010276736,-0.017775467077301477
WK036368,Waterlandpleinbuurt,2002,3.707459450748962,-0.39480540039472284,NA,NA,NA,NA,NA
WK036368,Waterlandpleinbuurt,2008,3.7092933649599935,-0.3929714861836917,NA,NA,NA,NA,NA
WK036368,Waterlandpleinbuurt,2012,3.7428170167251813,-0.3594478344185039,NA,NA,NA,NA,NA
WK036368,Waterlandpleinbuurt,2014,3.798857425738126,-0.30340742540555965,-0.009284049189666329,-0.13439729120422136,-0.07082795719287412,0.07057178704673599,-0.1594699148655341
WK036368,Waterlandpleinbuurt,2016,3.83498404040386,-0.2672808107398249,NA,NA,NA,NA,NA
WK036368,Waterlandpleinbuurt,2018,3.8301834624624687,-0.27208138868121673,-0.013502876108567466,-0.10680709236400394,-0.06374391626418115,0.07276422754561195,-0.16079173149007642
WK036368,Waterlandpleinbuurt,2020,3.8797790057308403,-0.22248584541284475,-0.010120467139816156,-0.11785507686196835,-0.06465548824386948,0.10412611184468089,-0.13398092501187195
WK036368,Waterlandpleinbuurt,2022,3.847438304295071,-0.25482654684861455,-0.008306634300650036,-0.14405618340867365,-0.06763158804171536,0.10125787387330136,-0.13609001497087714
WK036369,Buikslotermeer,2002,3.8578936252716156,-0.24437122587206933,NA,NA,NA,NA,NA
WK036369,Buikslotermeer,2008,3.8757544709903478,-0.22651038015333771,NA,NA,NA,NA,NA
WK036369,Buikslotermeer,2012,3.8872975767809996,-0.21496727436268562,NA,NA,NA,NA,NA
WK036369,Buikslotermeer,2014,3.8815019906343773,-0.22076286050930796,-0.008880009394742266,-0.1474818586500074,-0.08154518755379091,0.13366695657447591,-0.11652276148524363
WK036369,Buikslotermeer,2016,3.8762730389245883,-0.2259918122190968,NA,NA,NA,NA,NA
WK036369,Buikslotermeer,2018,3.933652741824435,-0.16861210931925003,-0.02100604672441206,-0.10065241617198524,-0.0750789569611066,0.1398617040116886,-0.11173639347343498
WK036369,Buikslotermeer,2020,4.030834143353501,-0.07143070779018419,-0.015044889453627574,-0.06999417856602005,-0.06779218781836763,0.16312490689680845,-0.08172435884897765
WK036369,Buikslotermeer,2022,3.9699321598697384,-0.132332691273947,-0.012488681236791862,-0.10541365721413859,-0.07044025292365515,0.16091501480230375,-0.1049051147016654
WK036370,Banne Buiksloot,2002,3.8147648666885825,-0.2874999844551026,NA,NA,NA,NA,NA
WK036370,Banne Buiksloot,2008,3.8274276995923993,-0.27483715155128596,NA,NA,NA,NA,NA
WK036370,Banne Buiksloot,2012,3.8690289629117713,-0.23323588823191385,NA,NA,NA,NA,NA
WK036370,Banne Buiksloot,2014,3.8320718845527186,-0.2701929665909667,-0.012500691434438285,-0.17132560959743487,-0.07337762355719099,0.08195261686188986,-0.09494165886379269
WK036370,Banne Buiksloot,2016,3.8378659410725358,-0.2643989100711492,NA,NA,NA,NA,NA
WK036370,Banne Buiksloot,2018,3.8489524786411398,-0.25331237250254507,-0.027136855321311854,-0.1568146723773373,-0.0785317532381491,0.1057515418298488,-0.09658063339559592
WK036370,Banne Buiksloot,2020,3.952064390551449,-0.15020046059223607,-0.01822819725298273,-0.10825401442388972,-0.0734724678664377,0.13194155984740946,-0.08218734089633566
WK036370,Banne Buiksloot,2022,3.911749313342217,-0.1905155378014682,-0.003916059570868894,-0.15303844337742287,-0.08322308405478801,0.1333251128129007,-0.08366306361128945
WK036371,Noordelijke IJ-oevers West,2002,3.646698388988171,-0.4555664621555146,NA,NA,NA,NA,NA
WK036371,Noordelijke IJ-oevers West,2008,3.701016053758045,-0.40124879738563984,NA,NA,NA,NA,NA
WK036371,Noordelijke IJ-oevers West,2012,3.9341933928683352,-0.16807145827534967,NA,NA,NA,NA,NA
WK036371,Noordelijke IJ-oevers West,2014,4.058946131339076,-0.04331871980460846,-0.024907125244761175,-0.06927053223294487,-0.005466866820050587,0.10573037427991776,-0.049404569786769756
WK036371,Noordelijke IJ-oevers West,2016,3.9989108442347865,-0.10335400690889848,NA,NA,NA,NA,NA
WK036371,Noordelijke IJ-oevers West,2018,4.039004838347938,-0.0632600127957474,-0.028540825664948925,-0.08799924803110067,-0.004453827264016131,0.1493615852941967,-0.09162769712987871
WK036371,Noordelijke IJ-oevers West,2020,4.130568073557267,0.028303222413582234,-0.028835088910980383,-0.05673802441839199,-0.03149566826373622,0.17337551734966922,-0.028003513342978594
WK036371,Noordelijke IJ-oevers West,2022,4.102085004267864,-1.7984687582136264e-4,-0.028038699930735957,-0.0434164526955569,-0.024597494554722883,0.15158286871574447,-0.05571006841055046
WK036372,Noordelijke IJ-oevers Oost,2002,3.8798678556304456,-0.22239699551323994,NA,NA,NA,NA,NA
WK036372,Noordelijke IJ-oevers Oost,2008,3.9598728120905293,-0.1423920390531559,NA,NA,NA,NA,NA
WK036372,Noordelijke IJ-oevers Oost,2012,3.968947119580123,-0.13331773156356197,NA,NA,NA,NA,NA
WK036372,Noordelijke IJ-oevers Oost,2014,3.977109662273442,-0.1251551888702433,-0.07130246200883252,-0.11808517621366432,-0.04268900961466974,0.19902777618239106,-0.09210631721546805
WK036372,Noordelijke IJ-oevers Oost,2016,4.047586089835347,-0.054678761308338514,NA,NA,NA,NA,NA
WK036372,Noordelijke IJ-oevers Oost,2018,3.974604179634994,-0.12766067150869131,-0.06704657613334952,-0.07966991799946196,-0.024913860438775748,0.1947283868256864,-0.15075870376279085
WK036372,Noordelijke IJ-oevers Oost,2020,4.171850237104014,0.06958538596032848,-0.05969182711199216,-0.04285491020484186,-0.021167590648685956,0.2492384992829532,-0.05593878535710514
WK036372,Noordelijke IJ-oevers Oost,2022,4.0687972997164525,-0.033467551427233136,-0.06477301034974933,-0.046441434600397145,-0.020920879521905154,0.24872453732844133,-0.1500567642836233
WK036373,Waterland,2002,4.194867330061336,0.09260247891765075,NA,NA,NA,NA,NA
WK036373,Waterland,2008,4.192353665902105,0.09008881475841933,NA,NA,NA,NA,NA
WK036373,Waterland,2012,4.183728471913044,0.08146362076935876,NA,NA,NA,NA,NA
WK036373,Waterland,2014,4.196135733451747,0.0938708823080621,0.0239173800320227,0.054447551894521946,0.08859486682061946,-0.06036143452858432,-0.012727481910517984
WK036373,Waterland,2016,4.20718469408672,0.10491984294303529,NA,NA,NA,NA,NA
WK036373,Waterland,2018,4.240334036001544,0.13806918485785838,0.0268395919073122,0.0732923966537687,0.09855709098838879,-0.05549884523369054,-0.005121049457921073
WK036373,Waterland,2020,4.252324105362883,0.15005925421919697,0.03096419479651381,0.08011979751019911,0.08816567991469053,-0.05329208417468276,0.004101666172476026
WK036373,Waterland,2022,4.270197416385693,0.16793256524200717,0.032090147275138994,0.08703761464730299,0.08825610959653017,-0.05592782268003165,0.01647651640306643
WK036374,Elzenhagen,2002,4.080254571366519,-0.022010279777166124,NA,NA,NA,NA,NA
WK036374,Elzenhagen,2008,4.135627975591809,0.03336312444812379,NA,NA,NA,NA,NA
WK036374,Elzenhagen,2012,4.152630496815161,0.05036564567147542,NA,NA,NA,NA,NA
WK036374,Elzenhagen,2014,4.1461941749441555,0.043929323800470516,-0.01164126161138882,-0.01738595011660404,0.003734988955157376,0.08340702036591141,-0.014185473792605633
WK036374,Elzenhagen,2016,4.170340261026676,0.06807540988299057,NA,NA,NA,NA,NA
WK036374,Elzenhagen,2018,4.0936866230521956,-0.008578228091489698,-0.05746535490987144,0.004010673003587457,0.001018206983469239,0.0733744687706394,-0.029516221939314618
WK036374,Elzenhagen,2020,4.056241741230651,-0.046023109913033884,-0.03279876526659495,-0.1373702745358377,0.007899821081493076,0.14591082322391777,-0.029664714416012455
WK036374,Elzenhagen,2022,3.9348502776839793,-0.16741457345970595,-0.028552710299580744,-0.1806099668099207,-0.003286716590289752,0.14842811057902158,-0.10339329033893672
WK036375,Chassébuurt,2002,3.8520706024727063,-0.2501942486709791,NA,NA,NA,NA,NA
WK036375,Chassébuurt,2008,3.9590618912195374,-0.14320295992414772,NA,NA,NA,NA,NA
WK036375,Chassébuurt,2012,4.020334721202903,-0.08193012994078247,NA,NA,NA,NA,NA
WK036375,Chassébuurt,2014,4.056805701744164,-0.04545914939952098,-0.02189285920325505,-0.17436249610521598,-0.12878777854484338,0.37514397505858665,-0.0955599906047935
WK036375,Chassébuurt,2016,4.06345330835726,-0.038811542786425145,NA,NA,NA,NA,NA
WK036375,Chassébuurt,2018,4.137389544786769,0.035124693643083495,-0.03379667536216945,-0.1339015636871049,-0.1267164899779458,0.410135554288743,-0.08059613161843959
WK036375,Chassébuurt,2020,4.233840792705025,0.1315759415613399,-0.027244626461638884,-0.11360666079853468,-0.12816464454317306,0.4539210920435867,-0.05332921867890042
WK036375,Chassébuurt,2022,4.262835693936362,0.16057084279267697,-0.01840275718661468,-0.12745564635269407,-0.12431020688180064,0.470941250189012,-0.04020179697522587
WK036376,Slotermeer-Noordoost,2002,3.813864921947218,-0.2883999291964675,NA,NA,NA,NA,NA
WK036376,Slotermeer-Noordoost,2008,3.8125125009041323,-0.2897523502395529,NA,NA,NA,NA,NA
WK036376,Slotermeer-Noordoost,2012,3.83878637656424,-0.2634784745794451,NA,NA,NA,NA,NA
WK036376,Slotermeer-Noordoost,2014,3.823685885119748,-0.278578966023937,-0.017823642472367965,-0.20667294582472204,-0.08460231726793208,0.2301558225417292,-0.1996358830006444
WK036376,Slotermeer-Noordoost,2016,3.8241494384168693,-0.278115412726816,NA,NA,NA,NA,NA
WK036376,Slotermeer-Noordoost,2018,3.827137788053555,-0.27512706309013013,-0.019962448250515415,-0.19662180402673535,-0.08250058839782783,0.20921030659456843,-0.1852525290096203
WK036376,Slotermeer-Noordoost,2020,3.9075820635058203,-0.19468278763786492,-0.013392663769806372,-0.19700837094407644,-0.08377038122637628,0.24928198986870728,-0.1497933615663134
WK036376,Slotermeer-Noordoost,2022,3.9304624119271008,-0.1718024392165846,-0.010485468148305378,-0.1917838582004992,-0.0849032324481466,0.2619278177739102,-0.14655769819354394
WK036377,Slotermeer-Zuidwest,2002,3.838627036492234,-0.26363781465145153,NA,NA,NA,NA,NA
WK036377,Slotermeer-Zuidwest,2008,3.845451223093087,-0.25681362805059826,NA,NA,NA,NA,NA
WK036377,Slotermeer-Zuidwest,2012,3.8591995399072743,-0.24306531123641079,NA,NA,NA,NA,NA
WK036377,Slotermeer-Zuidwest,2014,3.8629821866274456,-0.23928266451623956,-0.009800980824023224,-0.18103798421780276,-0.08556290443093095,0.19889647711603786,-0.16177727215952076
WK036377,Slotermeer-Zuidwest,2016,3.858541685134844,-0.2437231660088406,NA,NA,NA,NA,NA
WK036377,Slotermeer-Zuidwest,2018,3.852653505349015,-0.24961134579466984,-0.01870356529647601,-0.17541832819339293,-0.08190150530742886,0.18176723341186354,-0.1553551804092359
WK036377,Slotermeer-Zuidwest,2020,3.9202087534439785,-0.1820560976997067,-0.011706257392290902,-0.17843351081616507,-0.08499078781603635,0.2229483847562637,-0.12987392643147838
WK036377,Slotermeer-Zuidwest,2022,3.9183059606265207,-0.18395889051716466,-0.011673137616116092,-0.1721182293508076,-0.08409005824527306,0.227596682879665,-0.1436741481846332
WK036378,Geuzenveld,2002,3.6442109748448397,-0.45805387629884553,NA,NA,NA,NA,NA
WK036378,Geuzenveld,2008,3.6810275046094216,-0.4212373465342635,NA,NA,NA,NA,NA
WK036378,Geuzenveld,2012,3.75027634395539,-0.3519885071882956,NA,NA,NA,NA,NA
WK036378,Geuzenveld,2014,3.7507741837992263,-0.35149066734445883,-0.014332736294167257,-0.19093295319948547,-0.09733511322622021,0.10242001244240914,-0.15130987706699536
WK036378,Geuzenveld,2016,3.7548074439945918,-0.3474574071490933,NA,NA,NA,NA,NA
WK036378,Geuzenveld,2018,3.7364767280168545,-0.3657881231268309,-0.022623103398534322,-0.18528825491714812,-0.09608662786151492,0.09658053392352049,-0.15837067087315426
WK036378,Geuzenveld,2020,3.7994341166246115,-0.30283073451907355,-0.01573521463265252,-0.19386075322677285,-0.09304516428537041,0.13203061240138864,-0.1322202147756667
WK036378,Geuzenveld,2022,3.806265708431718,-0.29599914271196714,-0.021490396861027806,-0.19508132447920742,-0.0856788608869907,0.1298408691264291,-0.12358942961117061
WK036379,Eendracht,2002,3.9481772200167584,-0.15408763112692686,NA,NA,NA,NA,NA
WK036379,Eendracht,2008,3.924103559387205,-0.17816129175648016,NA,NA,NA,NA,NA
WK036379,Eendracht,2012,3.9294223605835823,-0.1728424905601029,NA,NA,NA,NA,NA
WK036379,Eendracht,2014,3.9496822936281766,-0.1525825575155086,-0.0010184328332708621,-0.08054317521941724,-0.04351320763063973,0.034339603767993686,-0.061847345600174665
WK036379,Eendracht,2016,3.9560262928491743,-0.14623855829451093,NA,NA,NA,NA,NA
WK036379,Eendracht,2018,3.9210172332810154,-0.18124761786267007,-0.012131678317094836,-0.06968944234419676,-0.0475014512418329,0.025432217998846065,-0.07735726395839188
WK036379,Eendracht,2020,3.940614092974208,-0.1616507581694773,-0.0017006302232825702,-0.07735504064317367,-0.04873118370341992,0.045664653508218876,-0.07952855710782025
WK036379,Eendracht,2022,3.9919751548022253,-0.11028969634145988,6.864175766510002e-4,-0.07398400677372224,-0.04137059327151307,0.061222939524656135,-0.05684445339753199
WK036380,Lutkemeer/Ookmeer,2002,4.179645190614384,0.07738033947069901,NA,NA,NA,NA,NA
WK036380,Lutkemeer/Ookmeer,2008,4.1627512667426725,0.06048641559898703,NA,NA,NA,NA,NA
WK036380,Lutkemeer/Ookmeer,2012,4.171337080185534,0.06907222904184894,NA,NA,NA,NA,NA
WK036380,Lutkemeer/Ookmeer,2014,4.177536443517847,0.07527159237416176,-0.06367820518717916,-0.0035679661003333667,0.07511320690731088,0.006906361250618231,0.060498195503744946
WK036380,Lutkemeer/Ookmeer,2016,4.155400961064652,0.05313610992096704,NA,NA,NA,NA,NA
WK036380,Lutkemeer/Ookmeer,2018,4.172240641550523,0.069975790406838,-0.05340052127210005,-0.0040288614609656345,0.07143766818765734,-0.002990928563966946,0.058958433516213056
WK036380,Lutkemeer/Ookmeer,2020,4.128610713827069,0.026345862683383486,-0.06991789171570115,-0.015225869326169844,0.05022200799174676,0.006231954346127638,0.055035661387379725
WK036380,Lutkemeer/Ookmeer,2022,4.120588943180129,0.018324092036443716,-0.07526127839772274,-0.016091142355883947,0.05478561555799217,-0.0062906925323333255,0.061181589764391454
WK036381,Osdorp-Oost,2002,3.839122131200326,-0.2631427199433594,NA,NA,NA,NA,NA
WK036381,Osdorp-Oost,2008,3.8623383984353694,-0.23992645270831559,NA,NA,NA,NA,NA
WK036381,Osdorp-Oost,2012,3.877241769733183,-0.22502308141050228,NA,NA,NA,NA,NA
WK036381,Osdorp-Oost,2014,3.870472645305607,-0.23179220583807808,0.006068000412851184,-0.16674728082825696,-0.08953118698581375,0.13950170258718744,-0.12108344102404625
WK036381,Osdorp-Oost,2016,3.8489915471692924,-0.25327330397439296,NA,NA,NA,NA,NA
WK036381,Osdorp-Oost,2018,3.8373609595918596,-0.26490389155182525,-0.014200035898676494,-0.18103721170456608,-0.08850388450659902,0.1421736465411696,-0.12333640598315357
WK036381,Osdorp-Oost,2020,3.8995313883386045,-0.20273346280508125,-0.004849313087467933,-0.1815238762532344,-0.08978964228682658,0.16362213703496756,-0.09019276821252019
WK036381,Osdorp-Oost,2022,3.865226109767652,-0.2370387413760331,-0.008541338333666748,-0.18842178758682243,-0.09436315445788676,0.16470863761700688,-0.1104210986146643
WK036382,Osdorp-Midden,2002,3.6519864693659096,-0.4502783817777752,NA,NA,NA,NA,NA
WK036382,Osdorp-Midden,2008,3.653194210054248,-0.44907064108943695,NA,NA,NA,NA,NA
WK036382,Osdorp-Midden,2012,3.778600825569852,-0.3236640255738331,NA,NA,NA,NA,NA
WK036382,Osdorp-Midden,2014,3.7828590642277375,-0.31940578691594784,-0.0047861310258156525,-0.19369591806796874,-0.10998076139381892,0.11983034590196699,-0.13077332233031172
WK036382,Osdorp-Midden,2016,3.7925097907120433,-0.3097550604316418,NA,NA,NA,NA,NA
WK036382,Osdorp-Midden,2018,3.7804774049210783,-0.32178744622260674,-0.027172160180612952,-0.17947101302469062,-0.10926704974603249,0.1213776341337904,-0.12725485740506126
WK036382,Osdorp-Midden,2020,3.8255626062304913,-0.27670224491319434,-0.014691643985137203,-0.18788907473301844,-0.10549190552111846,0.14149678907841562,-0.11012640975233616
WK036382,Osdorp-Midden,2022,3.83967359526471,-0.262591255878975,-0.011619254408986396,-0.18179532899844747,-0.10354118991207337,0.14477413098135355,-0.11040961354082159
WK036383,De Punt,2002,3.7878899836333706,-0.3143748675103141,NA,NA,NA,NA,NA
WK036383,De Punt,2008,3.7586742344530837,-0.3435906166906021,NA,NA,NA,NA,NA
WK036383,De Punt,2012,3.762211120968026,-0.3400537301756591,NA,NA,NA,NA,NA
WK036383,De Punt,2014,3.727650928345987,-0.3746139227976983,-0.0013378490055812287,-0.17140442175412035,-0.08959283832404598,0.07411820527524111,-0.18639701898919214
WK036383,De Punt,2016,3.744487953241985,-0.35777689790170003,NA,NA,NA,NA,NA
WK036383,De Punt,2018,3.7393394219992526,-0.3629254291444322,-0.025886516711508233,-0.15132555498080744,-0.08261539388836928,0.07253906257476742,-0.17563702613851495
WK036383,De Punt,2020,3.808703443527674,-0.2935614076160108,-0.017820002547214442,-0.1429084888253303,-0.08009574738324024,0.09296205010367625,-0.14569921896390234
WK036383,De Punt,2022,3.766791661841012,-0.33547318930267306,-0.0169728447613036,-0.13509894494932392,-0.07856998212634847,0.0893099770143424,-0.19414139448003975
WK036384,Middelveldsche Akerpolder,2002,4.005320234134067,-0.09694461700961772,NA,NA,NA,NA,NA
WK036384,Middelveldsche Akerpolder,2008,4.022930315442653,-0.07933453570103219,NA,NA,NA,NA,NA
WK036384,Middelveldsche Akerpolder,2012,3.998149187584205,-0.10411566355948088,NA,NA,NA,NA,NA
WK036384,Middelveldsche Akerpolder,2014,3.973929097788066,-0.12833575335561911,0.00745055253915112,-0.08762577167923123,-0.04141816162243334,0.0436369854873994,-0.050379358080505324
WK036384,Middelveldsche Akerpolder,2016,3.9454345476633574,-0.1568303034803275,NA,NA,NA,NA,NA
WK036384,Middelveldsche Akerpolder,2018,3.94949981813685,-0.15276503300683553,-0.01284877998370303,-0.08210994819317767,-0.041390942426495624,0.03804573603234176,-0.054461098435801235
WK036384,Middelveldsche Akerpolder,2020,3.9750194239325,-0.1272454272111854,-0.0053634817238932585,-0.08329613858485009,-0.04188236972399014,0.052078956097101,-0.04878239327555324
WK036384,Middelveldsche Akerpolder,2022,3.9796125897589905,-0.12265226138469501,-0.008475283187595328,-0.08642074181263322,-0.04054896549313113,0.04911070406435125,-0.03631797495568686
WK036385,Slotervaart Noord,2002,4.02713315221914,-0.07513169892454569,NA,NA,NA,NA,NA
WK036385,Slotervaart Noord,2008,4.052624931486594,-0.04963991965709067,NA,NA,NA,NA,NA
WK036385,Slotervaart Noord,2012,4.075003251436348,-0.027261599707337054,NA,NA,NA,NA,NA
WK036385,Slotervaart Noord,2014,4.062056747619222,-0.04020810352446333,0.006145720947599681,-0.10343332655437322,-0.06239487669427075,0.235056299309373,-0.11558192053279225
WK036385,Slotervaart Noord,2016,4.059042983547793,-0.04322186759589231,NA,NA,NA,NA,NA
WK036385,Slotervaart Noord,2018,4.037876496978073,-0.0643883541656124,-7.274632908434448e-4,-0.11606490329796075,-0.06377381670824477,0.23283912432537848,-0.11666129519394224
WK036385,Slotervaart Noord,2020,4.084762410744989,-0.017502440398696403,0.0037176782075026113,-0.12327194981392213,-0.0699120286153372,0.26855363896136863,-0.09658977913830857
WK036385,Slotervaart Noord,2022,4.09572027326691,-0.006544577876775561,0.0024034098302612105,-0.11334489699158419,-0.0668274375608863,0.27573311970737013,-0.10450877286193666
WK036386,Overtoomse Veld,2002,3.8356708695665374,-0.26659398157714775,NA,NA,NA,NA,NA
WK036386,Overtoomse Veld,2008,3.869515890048489,-0.2327489610951959,NA,NA,NA,NA,NA
WK036386,Overtoomse Veld,2012,3.9427266787802204,-0.15953817236346451,NA,NA,NA,NA,NA
WK036386,Overtoomse Veld,2014,3.974781505874199,-0.127483345269486,-0.03801286816541703,-0.1556062932519841,-0.0927940275105317,0.30547134429650286,-0.14654150063805627
WK036386,Overtoomse Veld,2016,3.9754299656394685,-0.12683488550421676,NA,NA,NA,NA,NA
WK036386,Overtoomse Veld,2018,3.9941441646567992,-0.1081206864868856,-0.04049873285548483,-0.147514177885027,-0.08391532336249205,0.2887894239259898,-0.12498187630987175
WK036386,Overtoomse Veld,2020,4.070205633277412,-0.03205921786627268,-0.033234266089924296,-0.14396453601125273,-0.09218447874741097,0.322874460636955,-0.08555039765464
WK036386,Overtoomse Veld,2022,4.06114437512473,-0.04112047601895494,-0.035784420092669966,-0.14377631302128632,-0.0982400128363003,0.34264229674012775,-0.10596202680882637
WK036387,Westlandgracht,2002,3.9956191881178706,-0.10664566302581424,NA,NA,NA,NA,NA
WK036387,Westlandgracht,2008,4.01880917404635,-0.08345567709733565,NA,NA,NA,NA,NA
WK036387,Westlandgracht,2012,4.040447274260822,-0.06181757688286296,NA,NA,NA,NA,NA
WK036387,Westlandgracht,2014,4.046977287676261,-0.05528756346742462,-0.00875436561859037,-0.138310934492284,-0.0976608835339714,0.289817121408394,-0.10037850123097317
WK036387,Westlandgracht,2016,4.044821502907886,-0.05744334823579897,NA,NA,NA,NA,NA
WK036387,Westlandgracht,2018,3.980335513359398,-0.12192933778428698,-0.02586117031122531,-0.1847676207468575,-0.057872161548418836,0.27613539334662307,-0.12956377852440878
WK036387,Westlandgracht,2020,4.0555517758314075,-0.0467130753122774,-0.016495063685576523,-0.1777841440715316,-0.07018357780111428,0.29971467254605955,-0.08196496230011487
WK036387,Westlandgracht,2022,4.029559110435935,-0.07270574070775081,-0.021892118874874147,-0.16036374144645468,-0.07672742459596271,0.30510949118164815,-0.11883194697210771
WK036388,Sloter-/Riekerpolder,2002,4.127862993879373,0.025598142735687553,NA,NA,NA,NA,NA
WK036388,Sloter-/Riekerpolder,2008,4.135255804052991,0.03299095290930617,NA,NA,NA,NA,NA
WK036388,Sloter-/Riekerpolder,2012,4.130598648887882,0.028333797744196254,NA,NA,NA,NA,NA
WK036388,Sloter-/Riekerpolder,2014,4.1383207357021785,0.03605588455849335,0.00950219752842783,-0.03822972500164541,-0.03120661113100921,0.12680290016500545,-0.03081287700228559
WK036388,Sloter-/Riekerpolder,2016,4.145623019842907,0.04335816869922161,NA,NA,NA,NA,NA
WK036388,Sloter-/Riekerpolder,2018,4.139425170239341,0.03716031909565585,-0.006327329936047106,-0.018019655014439546,-0.03212887536398822,0.1354576445178294,-0.04182146510769894
WK036388,Sloter-/Riekerpolder,2020,4.174163159497698,0.07189830835401251,-5.4123540981276143e-05,-0.011498774819133362,-0.035978522884024394,0.14798252219762517,-0.028552792599473898
WK036388,Sloter-/Riekerpolder,2022,4.197649520944192,0.09538466980050705,-1.961762620185331e-4,-3.553470919554322e-5,-0.02980734998758713,0.15033560173029062,-0.024911870970982623
WK036389,Slotervaart Zuid,2002,4.023222922695572,-0.07904192844811336,NA,NA,NA,NA,NA
WK036389,Slotervaart Zuid,2008,3.9940044159537997,-0.1082604351898853,NA,NA,NA,NA,NA
WK036389,Slotervaart Zuid,2012,4.006447320286487,-0.09581753085719884,NA,NA,NA,NA,NA
WK036389,Slotervaart Zuid,2014,3.9878387938639075,-0.11442605727977777,7.823733303702223e-4,-0.14581637597130728,-0.07465383182991477,0.2195504195805246,-0.11428864238945072
WK036389,Slotervaart Zuid,2016,3.996451227734971,-0.1058136234087147,NA,NA,NA,NA,NA
WK036389,Slotervaart Zuid,2018,4.042025032893677,-0.0602398182500083,-0.014386194754067372,-0.14104413016037998,-0.07793055540195906,0.23531321208710207,-0.06219215002070422
WK036389,Slotervaart Zuid,2020,4.067028546121701,-0.035236305021984646,-0.006133482681447803,-0.13318584072919656,-0.08108746640282512,0.2554085480723166,-0.07023806328083207
WK036389,Slotervaart Zuid,2022,4.070120883413894,-0.03214396772979067,-0.009931259637542475,-0.12546543877702723,-0.0774122656617888,0.25517970141157414,-0.07451470506500664
WK036390,Buitenveldert-West,2002,4.240226785896439,0.1379619347527538,NA,NA,NA,NA,NA
WK036390,Buitenveldert-West,2008,4.244727948172824,0.14246309702913862,NA,NA,NA,NA,NA
WK036390,Buitenveldert-West,2012,4.2505895686426385,0.14832471749895335,NA,NA,NA,NA,NA
WK036390,Buitenveldert-West,2014,4.239572101091908,0.13730724994822258,0.011880783769596271,-0.00927725708277817,-0.05030365636587666,0.25511885073362905,-0.0701114711063482
WK036390,Buitenveldert-West,2016,4.2141503165602385,0.11188546541655296,NA,NA,NA,NA,NA
WK036390,Buitenveldert-West,2018,4.223067595717319,0.12080274457363405,-6.019606218980204e-4,-0.015364521024468574,-0.05004728921237951,0.25078414923602355,-0.06396763380364369
WK036390,Buitenveldert-West,2020,4.263998920022205,0.16173406887852,0.009516643651537994,-0.015657996454890397,-0.055930239661883034,0.2736785312720888,-0.04987286992833359
WK036390,Buitenveldert-West,2022,4.244359410853998,0.14209455971031296,0.0060841709524422785,-0.027753065429776225,-0.0584577988945061,0.2785053997726732,-0.05628414669052046
WK036391,Buitenveldert-Oost,2002,4.26863129409179,0.16636644294810476,NA,NA,NA,NA,NA
WK036391,Buitenveldert-Oost,2008,4.3017573806952765,0.19949252955159058,NA,NA,NA,NA,NA
WK036391,Buitenveldert-Oost,2012,4.295574560866529,0.19330970972284378,NA,NA,NA,NA,NA
WK036391,Buitenveldert-Oost,2014,4.2550436968949175,0.15277884575123216,-0.002784814948570677,0.01569819739972596,-0.0621323269331324,0.26117642338416885,-0.05917863315095983
WK036391,Buitenveldert-Oost,2016,4.204688081081567,0.10242322993788221,NA,NA,NA,NA,NA
WK036391,Buitenveldert-Oost,2018,4.21901070035701,0.1167458492133241,-0.007526529208990941,-0.0024745548700285964,-0.0626996920600597,0.25979812726495716,-0.07035150191255407
WK036391,Buitenveldert-Oost,2020,4.238562959297017,0.13629810815333218,-0.0014328185410958847,-0.021235895166904755,-0.06585614145346293,0.2741665222772493,-0.04934355896245391
WK036391,Buitenveldert-Oost,2022,4.2186691846116124,0.11640433346792656,8.624585549052643e-4,-0.026619861492957808,-0.06572143179698818,0.27501222748267257,-0.06712905927970561
WK036392,Amstel III/Bullewijk,2002,4.258994354022355,0.15672950287867002,NA,NA,NA,NA,NA
WK036392,Amstel III/Bullewijk,2008,4.298930410899606,0.19666555975592126,NA,NA,NA,NA,NA
WK036392,Amstel III/Bullewijk,2012,4.287153520447308,0.1848886693036227,NA,NA,NA,NA,NA
WK036392,Amstel III/Bullewijk,2014,4.44897008911301,0.34670523796932473,-0.010205658368123632,0.09271681996672362,0.1546746101983639,6.644070707226973e-4,0.10885505910163787
WK036392,Amstel III/Bullewijk,2016,4.2576993492833255,0.15543449813964016,NA,NA,NA,NA,NA
WK036392,Amstel III/Bullewijk,2018,3.9377251005332172,-0.1645397506104681,0.015455289790167158,-0.11324119361959548,0.015105120233450585,0.03682037364478351,-0.11867934065927417
WK036392,Amstel III/Bullewijk,2020,4.173140641988112,0.0708757908444258,0.10019743538353286,-0.08259912554629899,0.042918881189012104,0.08793665142752571,-0.07757805160934617
WK036392,Amstel III/Bullewijk,2022,4.128114581491633,0.02584973034794797,0.052331658433417166,-0.07680023980048076,0.06061268702425444,0.09764580409327313,-0.10794017940251621
WK036393,"Bijlmer Centrum (D,F,H)",2002,3.6283625982402086,-0.4739022529034767,NA,NA,NA,NA,NA
WK036393,"Bijlmer Centrum (D,F,H)",2008,3.686187619997699,-0.4160772311459867,NA,NA,NA,NA,NA
WK036393,"Bijlmer Centrum (D,F,H)",2012,3.7716592603862535,-0.33060559075743134,NA,NA,NA,NA,NA
WK036393,"Bijlmer Centrum (D,F,H)",2014,3.7984264745489065,-0.30383837659477875,-0.010661483854793583,-0.18221860506379609,-0.08105323718346949,0.10973436034969969,-0.1396394108424196
WK036393,"Bijlmer Centrum (D,F,H)",2016,3.7810513292453907,-0.32121352189829433,NA,NA,NA,NA,NA
WK036393,"Bijlmer Centrum (D,F,H)",2018,3.7400619396476897,-0.3622029114959953,-0.012332862473879795,-0.19839487460384791,-0.0848173915350067,0.09187570145968531,-0.15853348434294648
WK036393,"Bijlmer Centrum (D,F,H)",2020,3.790458296564478,-0.3118065545792073,-0.01005008259481531,-0.21901084594583103,-0.06919448756139981,0.12763992783576553,-0.14119106631292694
WK036393,"Bijlmer Centrum (D,F,H)",2022,3.7908819959946456,-0.3113828551490395,-0.012609766844160063,-0.23017496193357517,-0.0733080646514658,0.14635839496866793,-0.14164845668850665
WK036394,"Bijlmer Oost (E,G,K)",2002,3.664652183268815,-0.4376126678748706,NA,NA,NA,NA,NA
WK036394,"Bijlmer Oost (E,G,K)",2008,3.758484437978731,-0.34378041316495417,NA,NA,NA,NA,NA
WK036394,"Bijlmer Oost (E,G,K)",2012,3.7981007372942472,-0.30416411384943837,NA,NA,NA,NA,NA
WK036394,"Bijlmer Oost (E,G,K)",2014,3.8355366076083133,-0.2667282435353721,-0.00951802762485848,-0.12919854084296228,-0.06294550262233699,0.0670335111805873,-0.132099683625802
WK036394,"Bijlmer Oost (E,G,K)",2016,3.8291347760856747,-0.2731300750580105,NA,NA,NA,NA,NA
WK036394,"Bijlmer Oost (E,G,K)",2018,3.7813884668747035,-0.3208763842689815,-0.012904816538465263,-0.15237546255357026,-0.06296751203337611,0.04009853707434457,-0.13272713021791477
WK036394,"Bijlmer Oost (E,G,K)",2020,3.8249971109858936,-0.27726774015779143,-0.0042187688535476045,-0.1700950878747694,-0.060828881301615664,0.0711748510149308,-0.11329985314278984
WK036394,"Bijlmer Oost (E,G,K)",2022,3.8444418962602764,-0.25782295488340845,-0.005002622227960628,-0.16597217622832494,-0.061248511314776655,0.08397325161928366,-0.10957289673163013
WK036395,Nellestein,2002,3.9196577042766587,-0.1826071468670262,NA,NA,NA,NA,NA
WK036395,Nellestein,2008,3.958971595728586,-0.14329325541509888,NA,NA,NA,NA,NA
WK036395,Nellestein,2012,3.907590290248028,-0.19467456089565702,NA,NA,NA,NA,NA
WK036395,Nellestein,2014,3.919242459088061,-0.18302239205562432,-0.005586325642228804,-0.042351533773812025,-0.039795265736985594,0.012675655620876731,-0.10796492252347491
WK036395,Nellestein,2016,3.935506362229454,-0.166758488914231,NA,NA,NA,NA,NA
WK036395,Nellestein,2018,3.919311088496257,-0.18295376264742833,-0.013872587774359775,-0.0277789041100998,-0.047063008194523456,0.0038447623953600596,-0.0980840249638056
WK036395,Nellestein,2020,3.942383384345247,-0.15988146679843807,-0.0029216948055469177,-0.08089545441820765,-0.04599444878751119,0.018575524542284047,-0.048645393329456645
WK036395,Nellestein,2022,3.960584809205182,-0.14168004193850334,0.007405954607931991,-0.03897110618551319,-0.04530462985081364,0.03399972939649002,-0.09880998990659881
WK036396,Holendrecht/Reigersbos,2002,3.7653042203175735,-0.3369606308261117,NA,NA,NA,NA,NA
WK036396,Holendrecht/Reigersbos,2008,3.7898659274751543,-0.31239892366853106,NA,NA,NA,NA,NA
WK036396,Holendrecht/Reigersbos,2012,3.7969159284667104,-0.3053489226769749,NA,NA,NA,NA,NA
WK036396,Holendrecht/Reigersbos,2014,3.8225478841417067,-0.2797169670019788,0.002387996515815556,-0.14518407532061806,-0.06745138318263787,0.015026849637937401,-0.08449635465247608
WK036396,Holendrecht/Reigersbos,2016,3.8458027422859162,-0.25646210885776893,NA,NA,NA,NA,NA
WK036396,Holendrecht/Reigersbos,2018,3.818955531597466,-0.28330931954621913,-0.0045015571032286815,-0.1422872606384699,-0.06817066616015313,0.014651238887512946,-0.08300107453188067
WK036396,Holendrecht/Reigersbos,2020,3.8359706009963177,-0.2662942501473674,-4.3209744502486347e-4,-0.16416393337423538,-0.06427775216602476,0.03677016651107566,-0.07419063367315831
WK036396,Holendrecht/Reigersbos,2022,3.8556715109325093,-0.24659334021117602,0.0014702054664423466,-0.1296580400615045,-0.06265764487164298,0.02510191046698113,-0.08084977121145226
WK036397,Gein,2002,3.7328277853515277,-0.3694370657921577,NA,NA,NA,NA,NA
WK036397,Gein,2008,3.7735296587741347,-0.32873519236955057,NA,NA,NA,NA,NA
WK036397,Gein,2012,3.780602045353751,-0.32166280578993384,NA,NA,NA,NA,NA
WK036397,Gein,2014,3.8167124249726196,-0.2855524261710656,0.013292733090144846,-0.10951550846547849,-0.04776334875659412,-0.02421801488686055,-0.1173482871522775
WK036397,Gein,2016,3.8421619658238346,-0.26010288531985076,NA,NA,NA,NA,NA
WK036397,Gein,2018,3.820153868681664,-0.28211098246202104,0.00994103715363994,-0.10147562043291418,-0.04687140130595408,-0.027317368343523007,-0.11638762953326999
WK036397,Gein,2020,3.848533911263584,-0.25373093988010115,0.011964682081457437,-0.11739959343822076,-0.045595358783614266,-0.005653637868019716,-0.09704703187170412
WK036397,Gein,2022,3.8504486189761877,-0.2518162321674978,0.014084701887919049,-0.09688291514617427,-0.044088469282597395,-0.020848796632881462,-0.10408075299376408
WK036398,Driemond,2002,4.007593367846437,-0.09467148329724868,NA,NA,NA,NA,NA
WK036398,Driemond,2008,4.044656106739801,-0.057608744403884644,NA,NA,NA,NA,NA
WK036398,Driemond,2012,4.034905604229047,-0.06735924691463799,NA,NA,NA,NA,NA
WK036398,Driemond,2014,4.033356926165893,-0.0689079249777928,-0.01836990156074626,0.03496457000550915,0.013700785690663351,-0.040380755322476904,-0.05882262379074245
WK036398,Driemond,2016,4.045329817525759,-0.0569350336179263,NA,NA,NA,NA,NA
WK036398,Driemond,2018,4.071529138159587,-0.030735712984098496,-0.017285288387315172,0.05398694967012946,0.010844760509536944,-0.035805923116030494,-0.042476211660419545
WK036398,Driemond,2020,4.101100764424411,-0.001164086719274796,-0.016826316077520508,0.07081457455304847,0.0076254610201992624,-0.028739409114136617,-0.034038397100865654
WK036398,Driemond,2022,4.062355483508071,-0.03990936763561441,-0.04066527132239825,0.06433074355525462,0.00977991859917124,-0.04079685182659304,-0.03255790664104929
WK037301,Wijk 01 Bergen Binnen,2002,4.211815563372261,0.10955071222857607,NA,NA,NA,NA,NA
WK037301,Wijk 01 Bergen Binnen,2008,4.247969572790356,0.14570472164667075,NA,NA,NA,NA,NA
WK037301,Wijk 01 Bergen Binnen,2012,4.267881814065732,0.1656169629220465,NA,NA,NA,NA,NA
WK037301,Wijk 01 Bergen Binnen,2014,4.291609640877584,0.18934478973389915,0.09414157940552591,0.0517172724801688,0.03352705689917899,-0.014895627625607803,0.02485450857463298
WK037301,Wijk 01 Bergen Binnen,2016,4.294576598204786,0.19231174706110096,NA,NA,NA,NA,NA
WK037301,Wijk 01 Bergen Binnen,2018,4.298685037814476,0.19642018667079078,0.07472452476276291,0.07260423451460542,0.03398350677220555,-0.016291551447200042,0.03139947206841669
WK037301,Wijk 01 Bergen Binnen,2020,4.320047457815532,0.2177826066718465,0.08229901876423322,0.08037608251470436,0.03435650213707137,-0.008429238546555745,0.02918024180239301
WK037301,Wijk 01 Bergen Binnen,2022,4.324508033865232,0.2222431827215466,0.08572947217620876,0.08085486551962534,0.03855101525822047,-0.016691996187400953,0.033799825954892705
WK037302,Wijk 02 Bergen aan Zee,2002,4.392728230504253,0.29046337936056804,NA,NA,NA,NA,NA
WK037302,Wijk 02 Bergen aan Zee,2008,4.386998256404232,0.28473340526054697,NA,NA,NA,NA,NA
WK037302,Wijk 02 Bergen aan Zee,2012,4.448033096804856,0.3457682456611708,NA,NA,NA,NA,NA
WK037302,Wijk 02 Bergen aan Zee,2014,4.449511177478845,0.34724632633515956,0.33291483316985104,0.05086151423916491,0.06379930892720674,-0.14838148755917321,0.04805215755810968
WK037302,Wijk 02 Bergen aan Zee,2016,4.4119535549140405,0.3096887037703554,NA,NA,NA,NA,NA
WK037302,Wijk 02 Bergen aan Zee,2018,4.451303216897542,0.3490383657538571,0.2880799211230433,0.09057166609061161,0.06869490520783512,-0.14796396774621054,0.04965584107857735
WK037302,Wijk 02 Bergen aan Zee,2020,4.545334503954357,0.44306965281067173,0.33487470908058325,0.12638955376559136,0.09064880115396809,-0.15050437803493938,0.04166096684546808
WK037302,Wijk 02 Bergen aan Zee,2022,4.534204270561125,0.43193941941744085,0.3349677415533455,0.09100552191472225,0.09222959095851589,-0.14530810472837696,0.05904466971923386
WK037303,Wijk 03 Buitengebied Bergen,2002,4.285245779600834,0.1829809284571488,NA,NA,NA,NA,NA
WK037303,Wijk 03 Buitengebied Bergen,2008,4.31190205527335,0.20963720412966463,NA,NA,NA,NA,NA
WK037303,Wijk 03 Buitengebied Bergen,2012,4.36442730282532,0.2621624516816358,NA,NA,NA,NA,NA
WK037303,Wijk 03 Buitengebied Bergen,2014,4.375858299192668,0.27359344804898256,0.06097855413451374,0.11830804949771487,0.09855274772201944,-0.10485105662010781,0.10060515331484202
WK037303,Wijk 03 Buitengebied Bergen,2016,4.352997475981711,0.25073262483802566,NA,NA,NA,NA,NA
WK037303,Wijk 03 Buitengebied Bergen,2018,4.361793647461206,0.2595287963175212,0.06549694904024986,0.11210991236848959,0.09164624643598356,-0.10739650884835567,0.09767219732115383
WK037303,Wijk 03 Buitengebied Bergen,2020,4.3489052436156985,0.24664039247201378,0.06729047388266148,0.09831886412713162,0.08344701953287488,-0.10023191299904143,0.0978159479283869
WK037303,Wijk 03 Buitengebied Bergen,2022,4.354081066125421,0.2518162149817353,0.05366961017723274,0.10971053707939518,0.08506810901158667,-0.09643034541327822,0.09979830412679859
WK037304,Wijk 04 Egmond aan Zee,2002,4.186555692701357,0.08429084155767186,NA,NA,NA,NA,NA
WK037304,Wijk 04 Egmond aan Zee,2008,4.252182628849128,0.14991777770544273,NA,NA,NA,NA,NA
WK037304,Wijk 04 Egmond aan Zee,2012,4.27283582559561,0.1705709744519251,NA,NA,NA,NA,NA
WK037304,Wijk 04 Egmond aan Zee,2014,4.326997213150271,0.22473236200658636,0.24999027128870469,0.05341172212474807,0.011839298283227948,-0.0892701931099065,-0.0012387365801881307
WK037304,Wijk 04 Egmond aan Zee,2016,4.351419417176277,0.24915456603259142,NA,NA,NA,NA,NA
WK037304,Wijk 04 Egmond aan Zee,2018,4.315362027872258,0.21309717672857306,0.21341037612166971,0.06361684539525068,0.014820845971624575,-0.08671167006118989,0.007960779301217708
WK037304,Wijk 04 Egmond aan Zee,2020,4.331891694546225,0.22962684340253928,0.22350119233850907,0.06496104817435276,0.012845669001138121,-0.08074891854487053,0.009067852433409617
WK037304,Wijk 04 Egmond aan Zee,2022,4.326120324013557,0.22385547286987179,0.21573237885630217,0.05143215982874017,0.01893107415658819,-0.07480562059093268,0.012565480619173638
WK037305,Wijk 05 Egmond-Binnen,2002,4.193751501220541,0.0914866500768559,NA,NA,NA,NA,NA
WK037305,Wijk 05 Egmond-Binnen,2008,4.16056823946204,0.058303388318355555,NA,NA,NA,NA,NA
WK037305,Wijk 05 Egmond-Binnen,2012,4.165744447667766,0.06347959652408093,NA,NA,NA,NA,NA
WK037305,Wijk 05 Egmond-Binnen,2014,4.21759108852702,0.11532623738333504,0.0835888004946473,0.06420252016804788,0.041169536737763905,-0.1066766934201428,0.033042073403018436
WK037305,Wijk 05 Egmond-Binnen,2016,4.231153364805385,0.12888851366169926,NA,NA,NA,NA,NA
WK037305,Wijk 05 Egmond-Binnen,2018,4.226977873037467,0.12471302189378121,0.06370342892619764,0.08890936644884713,0.041082101619908,-0.10550904982059123,0.03652717471941938
WK037305,Wijk 05 Egmond-Binnen,2020,4.242523823849892,0.14025897270620652,0.06791862419357911,0.09214784775924742,0.0389217287080671,-0.09409912246222071,0.03536989450753328
WK037305,Wijk 05 Egmond-Binnen,2022,4.203016351095666,0.10075149995198063,0.0695972381076506,0.06508393071547823,0.040854878187810584,-0.10995871319878141,0.035174166139822334
WK037306,Wijk 06 Egmond aan den Hoef,2002,4.122677490645386,0.020412639501700826,NA,NA,NA,NA,NA
WK037306,Wijk 06 Egmond aan den Hoef,2008,4.164641967728441,0.06237711658475562,NA,NA,NA,NA,NA
WK037306,Wijk 06 Egmond aan den Hoef,2012,4.175416818251125,0.07315196710743906,NA,NA,NA,NA,NA
WK037306,Wijk 06 Egmond aan den Hoef,2014,4.227066900018503,0.12480204887481813,0.08785919406310688,0.0619772299091752,0.039227677380414785,-0.10386259883533495,0.03960054635745595
WK037306,Wijk 06 Egmond aan den Hoef,2016,4.224695664477699,0.12243081333401451,NA,NA,NA,NA,NA
WK037306,Wijk 06 Egmond aan den Hoef,2018,4.221551309544649,0.11928645840096394,0.06665767417897023,0.07989038319639044,0.035116635411724946,-0.10714122617568868,0.044762991789566685
WK037306,Wijk 06 Egmond aan den Hoef,2020,4.2467483641690915,0.14448351302540668,0.07121509689397065,0.08799753880048447,0.03498576631499562,-0.09318528331464164,0.04347039433059732
WK037306,Wijk 06 Egmond aan den Hoef,2022,4.228442840051768,0.12617798890808227,0.07029405818188923,0.07394839780241809,0.04079822485195591,-0.10227342901097076,0.04341073708278954
WK037307,Wijk 07 Schoorl,2002,4.243580127054579,0.14131527591089402,NA,NA,NA,NA,NA
WK037307,Wijk 07 Schoorl,2008,4.235271081135276,0.13300622999159117,NA,NA,NA,NA,NA
WK037307,Wijk 07 Schoorl,2012,4.2704894116694305,0.16822456052574528,NA,NA,NA,NA,NA
WK037307,Wijk 07 Schoorl,2014,4.2700841833561585,0.167819332212473,0.13245991579509972,0.07994977903479028,0.05305609416355963,-0.12186228480381116,0.024215828022834257
WK037307,Wijk 07 Schoorl,2016,4.248514937493861,0.14625008635017583,NA,NA,NA,NA,NA
WK037307,Wijk 07 Schoorl,2018,4.281749027567731,0.17948417642404565,0.11493005602408962,0.10310039802854012,0.05736909523732239,-0.12865210673502836,0.03273673386912157
WK037307,Wijk 07 Schoorl,2020,4.2907474550491,0.18848260390541574,0.1222837443520557,0.10414058574223935,0.05414785199749466,-0.12809977671913758,0.03601019853276334
WK037307,Wijk 07 Schoorl,2022,4.301438602147916,0.19917375100423054,0.12384654693334593,0.1031570973466679,0.055850855887553404,-0.12228264418322927,0.038601895019892286
WK037500,Centrum,2002,4.0165355063698,-0.08572934477388537,NA,NA,NA,NA,NA
WK037500,Centrum,2008,4.009079998896661,-0.09318485224702412,NA,NA,NA,NA,NA
WK037500,Centrum,2012,4.006652844128659,-0.0956120070150264,NA,NA,NA,NA,NA
WK037500,Centrum,2014,3.9675693813697133,-0.1346954697739716,-0.008758660600208829,-0.08582303635615011,-0.04324402234839216,0.028609028786946055,-0.025478779256166807
WK037500,Centrum,2016,3.942675303625946,-0.15958954751773943,NA,NA,NA,NA,NA
WK037500,Centrum,2018,3.9251232801929814,-0.17714157095070376,-0.03917488473130176,-0.08506125467757855,-0.04267730334338449,0.026338160068233248,-0.03656628826667249
WK037500,Centrum,2020,3.9602839965434304,-0.14198085460025478,-0.019928869797660457,-0.09336484614963624,-0.04194917932179976,0.05149739861199818,-0.038235357943156786
WK037500,Centrum,2022,3.9366589579465545,-0.16560589319713057,-0.015916871596711225,-0.11162008583787653,-0.04625738883730738,0.04111321625249257,-0.03292476317772826
WK037501,Vondelkwartier,2002,4.171763656121672,0.06949880497798741,NA,NA,NA,NA,NA
WK037501,Vondelkwartier,2008,4.1760811250117,0.07381627386801395,NA,NA,NA,NA,NA
WK037501,Vondelkwartier,2012,4.166759307510297,0.06449445636661195,NA,NA,NA,NA,NA
WK037501,Vondelkwartier,2014,4.138605302865585,0.03634045172189962,0.023278678885514957,-0.023453460491438566,4.7453684729088986e-4,0.02919512737777026,0.006845569102761807
WK037501,Vondelkwartier,2016,4.126723577229798,0.02445872608611328,NA,NA,NA,NA,NA
WK037501,Vondelkwartier,2018,4.142433514053075,0.04016866290939031,-0.002209233616651436,-0.005116460802057567,-8.123606871209396e-4,0.028153505846184652,0.020153212169035303
WK037501,Vondelkwartier,2020,4.162101054496705,0.05983620335301962,0.02408107053413113,-0.014627443587589911,-0.001768970650665232,0.04427422711469973,0.007877319942443634
WK037501,Vondelkwartier,2022,4.143833938781614,0.04156908763792878,0.02682916859268171,-0.03453919761990026,-0.004830294159161156,0.034880743579740595,0.019228667244567635
WK037502,Oranjebuurt,2002,3.9312070126374032,-0.17105783850628195,NA,NA,NA,NA,NA
WK037502,Oranjebuurt,2008,3.9244456770766165,-0.1778191740670686,NA,NA,NA,NA,NA
WK037502,Oranjebuurt,2012,3.9506404088989493,-0.15162444224473595,NA,NA,NA,NA,NA
WK037502,Oranjebuurt,2014,3.9566525352314503,-0.14561231591223492,-0.0085159635127014,-0.06675260476908676,-0.035091377422000664,8.965851760788765e-4,-0.036148955384525276
WK037502,Oranjebuurt,2016,3.9324107378737825,-0.16985411326990313,NA,NA,NA,NA,NA
WK037502,Oranjebuurt,2018,3.9288917215286348,-0.17337312961505066,-0.031862706175011565,-0.05800543073459177,-0.04253425052384043,-4.2904154978603827e-4,-0.04054170063182117
WK037502,Oranjebuurt,2020,3.955640812271232,-0.14662403887245337,-0.02218834935031341,-0.07517263783346743,-0.03601266716469923,0.021332725600112127,-0.03458311012408566
WK037502,Oranjebuurt,2022,3.95048468104428,-0.1517801700994054,-0.022284361274133087,-0.07442057616323897,-0.04040129285278642,0.011075641724592898,-0.02574958153384014
WK037503,Kuenenkwartier,2002,4.0212629086891045,-0.08100194245458088,NA,NA,NA,NA,NA
WK037503,Kuenenkwartier,2008,4.001759811507249,-0.10050503963643652,NA,NA,NA,NA,NA
WK037503,Kuenenkwartier,2012,4.007594702843879,-0.09467014829980556,NA,NA,NA,NA,NA
WK037503,Kuenenkwartier,2014,4.004572635809489,-0.09769221533419581,0.058961579784466464,-0.04935347734223892,-0.05358553894433444,-0.006352734263740872,-0.04736204456834834
WK037503,Kuenenkwartier,2016,3.9343206847656527,-0.16794416637803264,NA,NA,NA,NA,NA
WK037503,Kuenenkwartier,2018,3.9985882544757936,-0.10367659666789182,0.02906580585469393,-0.03527674272424615,-0.05246298331003466,-0.004816982069584477,-0.040185694418720753
WK037503,Kuenenkwartier,2020,4.0403527591876625,-0.0619120919560221,0.03888941266326768,-0.04617497028175722,-0.05085612358844481,0.01737319327171623,-0.021143604020804257
WK037503,Kuenenkwartier,2022,4.025017236245528,-0.07724761489815715,0.037267143349842054,-0.059779171214313434,-0.05201891832249913,0.00785190304987882,-0.010568571761065711
WK037504,Warande,2002,4.206455917868054,0.10419106672436859,NA,NA,NA,NA,NA
WK037504,Warande,2008,4.212341963045383,0.11007711190169761,NA,NA,NA,NA,NA
WK037504,Warande,2012,4.216920811471531,0.1146559603278462,NA,NA,NA,NA,NA
WK037504,Warande,2014,4.225797555129809,0.12353270398612398,0.07205135811113035,0.04202787425480869,0.02601902488834512,-0.005948054691924611,-0.010617498576235831
WK037504,Warande,2016,4.187420506927297,0.08515565578361203,NA,NA,NA,NA,NA
WK037504,Warande,2018,4.215935260346697,0.11367040920301169,0.03831783054735277,0.05343548944045069,0.024053592014041093,-0.007464209111768457,0.00532770631293528
WK037504,Warande,2020,4.22228734672003,0.12002249557634502,0.04647887007477709,0.041342665871875045,0.021622905729283298,0.009476795336196792,0.001101258564212546
WK037504,Warande,2022,4.249759405956155,0.14749455481246956,0.05450509638268446,0.04451131492538925,0.021063865224298067,0.005061396391001846,0.02235288188909553
WK037505,Noordwestelijk tuinbouwgebied,2002,4.170475769591401,0.06821091844771596,NA,NA,NA,NA,NA
WK037505,Noordwestelijk tuinbouwgebied,2008,4.174559604254034,0.07229475311034915,NA,NA,NA,NA,NA
WK037505,Noordwestelijk tuinbouwgebied,2012,4.1955187819886195,0.0932539308449339,NA,NA,NA,NA,NA
WK037505,Noordwestelijk tuinbouwgebied,2014,4.213311763550852,0.11104691240716699,0.05796319554181564,0.05245425995653222,0.035299790432536726,-0.03860347990480246,0.003933146381084621
WK037505,Noordwestelijk tuinbouwgebied,2016,4.175269483444675,0.07300463230098976,NA,NA,NA,NA,NA
WK037505,Noordwestelijk tuinbouwgebied,2018,4.199427386156754,0.09716253501306905,0.032463584992437726,0.05294415370428778,0.03493634605057755,-0.03949216250229209,0.016310612768057807
WK037505,Noordwestelijk tuinbouwgebied,2020,4.1995512932374295,0.09728644209374439,0.03855341064768956,0.031219981696360036,0.03635860896085891,-0.024881834066047853,0.016036274854883504
WK037505,Noordwestelijk tuinbouwgebied,2022,4.213961750422351,0.11169689927866608,0.04156525030143684,0.039466232384261536,0.03486049563833758,-0.02891806366591927,0.024722984620549105
WK037506,Oosterwijk en Zwaansmeer,2002,3.9309683116121,-0.1712965395315851,NA,NA,NA,NA,NA
WK037506,Oosterwijk en Zwaansmeer,2008,3.91405958480566,-0.1882052663380253,NA,NA,NA,NA,NA
WK037506,Oosterwijk en Zwaansmeer,2012,3.888643578499514,-0.2136212726441709,NA,NA,NA,NA,NA
WK037506,Oosterwijk en Zwaansmeer,2014,3.869131565559062,-0.23313328558462298,2.34553330137563e-5,-0.0901392606378965,-0.06583330313467928,-0.02547186113147148,-0.051712316013589776
WK037506,Oosterwijk en Zwaansmeer,2016,3.8562448096932798,-0.2460200414504054,NA,NA,NA,NA,NA
WK037506,Oosterwijk en Zwaansmeer,2018,3.816030701028808,-0.28623415011487763,-0.017716303848113946,-0.11673849322596415,-0.06744875215414776,-0.02783399198449831,-0.05649660890215372
WK037506,Oosterwijk en Zwaansmeer,2020,3.8503123511690864,-0.25195249997459884,-0.007909964544241267,-0.1212092772152789,-0.06364824705763049,-0.005190463190807205,-0.05399454796664126
WK037506,Oosterwijk en Zwaansmeer,2022,3.822170762774622,-0.280094088369063,-0.00702280417158362,-0.1453606156427973,-0.06355648756471687,-0.013815226251471333,-0.05033895473849417
WK037507,Meerestein,2002,3.9192150110522856,-0.18304984009139985,NA,NA,NA,NA,NA
WK037507,Meerestein,2008,3.9437126122622423,-0.15855223888144265,NA,NA,NA,NA,NA
WK037507,Meerestein,2012,3.9478190011804264,-0.15444584996325914,NA,NA,NA,NA,NA
WK037507,Meerestein,2014,3.959726872511279,-0.14253797863240605,0.015671804896112286,-0.0537827967227716,-0.0533070716741814,-0.014635183236898308,-0.036484731894667305
WK037507,Meerestein,2016,3.9563091736079588,-0.1459556775357264,NA,NA,NA,NA,NA
WK037507,Meerestein,2018,3.908101965702082,-0.1941628854416033,-0.010510348025123089,-0.06765585600495798,-0.05997411149823218,-0.017524940208541,-0.038497629704749334
WK037507,Meerestein,2020,3.9233187094750455,-0.17894614166863962,-0.0022105954992106954,-0.0906193723510332,-0.06075884910883456,0.010894331705037178,-0.036251656414598606
WK037507,Meerestein,2022,3.9360786498028046,-0.16618620134088022,0.006599167404101174,-0.09044859578849028,-0.05662628912772267,0.003742962233159705,-0.02945344606192842
WK037508,Wijk aan Zee,2002,4.057889279933795,-0.04437557120989055,NA,NA,NA,NA,NA
WK037508,Wijk aan Zee,2008,4.1434021516441355,0.04113730050045058,NA,NA,NA,NA,NA
WK037508,Wijk aan Zee,2012,4.326899451922262,0.22463460077857741,NA,NA,NA,NA,NA
WK037508,Wijk aan Zee,2014,4.262841068326643,0.1605762171829579,0.16839275579421306,0.02390205291262638,0.030107743517782615,-0.064923952906482,0.0030976178648175296
WK037508,Wijk aan Zee,2016,4.215084249738604,0.11281939859491837,NA,NA,NA,NA,NA
WK037508,Wijk aan Zee,2018,4.224577530688462,0.12231267954477668,0.11493321431297827,0.05290019816857298,0.03326487961989859,-0.07415381223973765,-0.004631800316935772
WK037508,Wijk aan Zee,2020,4.248747773575465,0.14648292243177924,0.14176626774826354,0.05093275840243823,0.027428497416347248,-0.05747232846173814,-0.01617227267353191
WK037508,Wijk aan Zee,2022,4.223406753227717,0.12114190208403194,0.14023200163018318,0.022131522040646823,0.025939815998914196,-0.05240646750671525,-0.014754970078997265
WK037509,de Pijp en Wijkerbroek,2002,4.103757083119091,0.001492231975405684,NA,NA,NA,NA,NA
WK037509,de Pijp en Wijkerbroek,2008,4.199620116562299,0.09735526541861352,NA,NA,NA,NA,NA
WK037509,de Pijp en Wijkerbroek,2012,4.117156112701331,0.01489126155764592,NA,NA,NA,NA,NA
WK037509,de Pijp en Wijkerbroek,2014,4.124291206064094,0.022026354920408872,-0.1551444510001376,0.07106358924261229,0.1138367109113971,-0.06544442231346627,0.05771492808000333
WK037509,de Pijp en Wijkerbroek,2016,3.9965048164606887,-0.10576003468299666,NA,NA,NA,NA,NA
WK037509,de Pijp en Wijkerbroek,2018,4.10700425833131,0.00473940718762493,-0.17857532281598593,0.07453760909415541,0.10660378782870134,-0.06974739507865801,0.07192072815941197
WK037509,de Pijp en Wijkerbroek,2020,4.069815939203832,-0.032448911939852824,-0.17528720899099978,0.03680698526864242,0.09519503764024323,-0.059241880314360555,0.0700781544566215
WK037509,de Pijp en Wijkerbroek,2022,4.05135034301702,-0.05091450812666516,-0.17293098380114189,0.05277154243511051,0.06627584075833187,-0.06273665969991159,0.06570575218094565
WK037510,Broekpolder,2002,3.7908900485094823,-0.3113748026342033,NA,NA,NA,NA,NA
WK037510,Broekpolder,2008,4.112825868043042,0.010561016899356802,NA,NA,NA,NA,NA
WK037510,Broekpolder,2012,4.105510429451498,0.003245578307813049,NA,NA,NA,NA,NA
WK037510,Broekpolder,2014,4.086086507996467,-0.016178343147218693,-0.01810424743043692,-0.005870682289962906,0.04460598203984714,-0.035902373039863045,-9.070224268032167e-4
WK037510,Broekpolder,2016,4.038098718869456,-0.06416613227422892,NA,NA,NA,NA,NA
WK037510,Broekpolder,2018,4.057759610302322,-0.04450524084136232,-0.03805921515246745,-0.0014641343173310798,0.03437759182231758,-0.04080133637987609,0.0014418531859944593
WK037510,Broekpolder,2020,4.092446623638959,-0.009818227504725956,-0.023022507993098854,-0.007884170054345843,0.03143712072432421,-0.024967840472445667,0.014619170290839924
WK037510,Broekpolder,2022,4.081109059110814,-0.021155792032871774,-0.019477937347073083,-0.022573241656420315,0.03118480911205159,-0.03036905190259947,0.020079629761169202
WK037601,Blaricum,2002,4.202829857642236,0.10056500649855125,NA,NA,NA,NA,NA
WK037601,Blaricum,2008,4.215211303284206,0.1129464521405205,NA,NA,NA,NA,NA
WK037601,Blaricum,2012,4.217548389176361,0.1152835380326759,NA,NA,NA,NA,NA
WK037601,Blaricum,2014,4.25058448977073,0.14831963862704398,0.026660869203940066,0.04629963177014564,0.03395480292126389,-0.007231370941844208,0.04863570567353832
WK037601,Blaricum,2016,4.241801276353207,0.13953642520952209,NA,NA,NA,NA,NA
WK037601,Blaricum,2018,4.2247004982950465,0.12243564715136196,0.016256492470808636,0.03998029966439728,0.03427358324131381,-0.017798390181236214,0.049723661956078205
WK037601,Blaricum,2020,4.237741777562089,0.13547692641840373,0.020088559323798705,0.05112063665265923,0.033050636088842233,-0.014413489977593496,0.0456305843306968
WK037601,Blaricum,2022,4.278701312230387,0.1764364610867022,0.02569144418095199,0.07560544844482722,0.035555301651402284,-0.013106912650291281,0.05269117945981171
WK037700,Wijk 00 Bloemendaal,2002,4.341880493328809,0.23961564218512396,NA,NA,NA,NA,NA
WK037700,Wijk 00 Bloemendaal,2008,4.359507323954263,0.25724247281057827,NA,NA,NA,NA,NA
WK037700,Wijk 00 Bloemendaal,2012,4.35517933111062,0.2529144799669353,NA,NA,NA,NA,NA
WK037700,Wijk 00 Bloemendaal,2014,4.401711681655158,0.29944683051147225,0.11913498130572887,0.05147811101296159,0.02896246178573017,0.02927752180163648,0.07059375460541487
WK037700,Wijk 00 Bloemendaal,2016,4.412429786918013,0.3101649357743272,NA,NA,NA,NA,NA
WK037700,Wijk 00 Bloemendaal,2018,4.390977981503317,0.2887131303596319,0.10246038885924896,0.07365348802393955,0.03044724051474,0.011985068357694494,0.07016694460400862
WK037700,Wijk 00 Bloemendaal,2020,4.4181365182740535,0.315871667130368,0.10568568054954587,0.05361531258743884,0.028226076465821447,0.05575660638593517,0.07258799114162644
WK037700,Wijk 00 Bloemendaal,2022,4.4344917195568305,0.3322268684131458,0.10709056269739953,0.06852447392200553,0.02847142814141028,0.05319060850274814,0.07494979514958207
WK037701,Wijk 01 Overveen,2002,4.342711509427571,0.24044665828388623,NA,NA,NA,NA,NA
WK037701,Wijk 01 Overveen,2008,4.3559520668493,0.25368721570561426,NA,NA,NA,NA,NA
WK037701,Wijk 01 Overveen,2012,4.351606574119088,0.24934172297540236,NA,NA,NA,NA,NA
WK037701,Wijk 01 Overveen,2014,4.395087054133938,0.29282220299025324,0.08523143464658142,0.046371378239138346,0.037586363914278456,0.05960983669972651,0.0640231894905282
WK037701,Wijk 01 Overveen,2016,4.406961764041149,0.304696912897464,NA,NA,NA,NA,NA
WK037701,Wijk 01 Overveen,2018,4.40061555825724,0.29835070711355455,0.072831737480617,0.07578122782816696,0.03906373060671022,0.04964007772400385,0.06103393347405625
WK037701,Wijk 01 Overveen,2020,4.418183987684108,0.31591913654042203,0.0788334858724005,0.07246226733167026,0.03703145208608264,0.07694119468651917,0.050650736563749216
WK037701,Wijk 01 Overveen,2022,4.426740290498361,0.32447543935467565,0.07836787972115969,0.07696289280643094,0.036084269495854984,0.08045180551535623,0.05260859181587348
WK037702,Wijk 02 Aerdenhout,2002,4.370439832030284,0.2681749808865986,NA,NA,NA,NA,NA
WK037702,Wijk 02 Aerdenhout,2008,4.402199760510306,0.2999349093666208,NA,NA,NA,NA,NA
WK037702,Wijk 02 Aerdenhout,2012,4.381561740530024,0.27929688938633784,NA,NA,NA,NA,NA
WK037702,Wijk 02 Aerdenhout,2014,4.401817687791961,0.2995528366482759,0.11360851284082227,0.07358308078508904,0.056128469868961486,-0.019966861193752586,0.07619963434715547
WK037702,Wijk 02 Aerdenhout,2016,4.428965508469064,0.3267006573253786,NA,NA,NA,NA,NA
WK037702,Wijk 02 Aerdenhout,2018,4.40471609729178,0.3024512461480946,0.10102043879209865,0.09146063325329114,0.06143066132459013,-0.023834614387709185,0.0723741271658236
WK037702,Wijk 02 Aerdenhout,2020,4.427111029823448,0.3248461786797618,0.10639239380929544,0.10108141408874873,0.05448347941218407,-0.010490585255471111,0.07337947662500427
WK037702,Wijk 02 Aerdenhout,2022,4.425864422842169,0.32359957169848375,0.10687197951829241,0.09565614808608985,0.05429271471037101,-0.013168561499712213,0.0799472908834424
WK037703,Wijk 03 Vogelenzang,2002,4.214936699618291,0.11267184847460522,NA,NA,NA,NA,NA
WK037703,Wijk 03 Vogelenzang,2008,4.184161264547166,0.08189641340348028,NA,NA,NA,NA,NA
WK037703,Wijk 03 Vogelenzang,2012,4.201201453383877,0.09893660224019216,NA,NA,NA,NA,NA
WK037703,Wijk 03 Vogelenzang,2014,4.206683659924398,0.1044188087807124,0.07907898617613789,0.058021888296515764,0.034949113257244556,-0.09891637813575854,0.03128519918657251
WK037703,Wijk 03 Vogelenzang,2016,4.2327504753539635,0.13048562421027823,NA,NA,NA,NA,NA
WK037703,Wijk 03 Vogelenzang,2018,4.18273929825539,0.08047444711170523,0.060805396431198304,0.057256154315078196,0.03497990289351347,-0.10490789279292821,0.032340886264843195
WK037703,Wijk 03 Vogelenzang,2020,4.217349792397315,0.11508494125362984,0.07121408927885589,0.07637696203948714,0.03362420886076758,-0.09903694967163802,0.03290663074615703
WK037703,Wijk 03 Vogelenzang,2022,4.194045979958327,0.09178112881464157,0.07744722613617291,0.07193811037019132,0.021116772119065628,-0.10571841518320213,0.026997435372413576
WK037704,Wijk 04 Bennebroek,2002,4.127338478552353,0.025073627408667372,NA,NA,NA,NA,NA
WK037704,Wijk 04 Bennebroek,2008,4.147570453125523,0.045305601981838146,NA,NA,NA,NA,NA
WK037704,Wijk 04 Bennebroek,2012,4.1619454360012496,0.059680584857564334,NA,NA,NA,NA,NA
WK037704,Wijk 04 Bennebroek,2014,4.1919443490283514,0.08967949788466613,0.04566913016095249,0.052148940119810964,0.033313759169648044,-0.06752410613526648,0.026071774569520798
WK037704,Wijk 04 Bennebroek,2016,4.191014035894616,0.08874918475093088,NA,NA,NA,NA,NA
WK037704,Wijk 04 Bennebroek,2018,4.189318220965247,0.08705336982156184,0.031569076615663806,0.08170352474458314,0.027788175004370027,-0.07148002870450791,0.017472622161452456
WK037704,Wijk 04 Bennebroek,2020,4.241230916660035,0.1389660655163496,0.041587398503876216,0.09221678611025884,0.027897555233213283,-0.05298683271679863,0.030251158385799642
WK037704,Wijk 04 Bennebroek,2022,4.223978166283826,0.12171331514013974,0.043331886015781425,0.09109726885350074,0.0284888036443325,-0.06830413893416223,0.027099495560687043
WK038300,Wijk 00 Centrum,2002,4.106644836118383,0.004379984974697154,NA,NA,NA,NA,NA
WK038300,Wijk 00 Centrum,2008,4.145113699918388,0.04284884877470327,NA,NA,NA,NA,NA
WK038300,Wijk 00 Centrum,2012,4.161897433905758,0.059632582762072874,NA,NA,NA,NA,NA
WK038300,Wijk 00 Centrum,2014,4.200146600306538,0.09788174916285235,0.08032607385994624,0.01776650887784544,0.014817550037191249,-0.01879716004030456,0.003768776428173633
WK038300,Wijk 00 Centrum,2016,4.212032295965169,0.10976744482148304,NA,NA,NA,NA,NA
WK038300,Wijk 00 Centrum,2018,4.198129198963603,0.09586434781991723,0.060422106051592504,0.03448516318706127,0.01648716219411879,-0.02495275962438059,0.009422676011525029
WK038300,Wijk 00 Centrum,2020,4.227468735241252,0.12520388409756653,0.06804796452970088,0.04247055919272433,0.017907565254913226,-0.010787897413648027,0.007565692533875831
WK038300,Wijk 00 Centrum,2022,4.266061678742315,0.16379682759863057,0.07048439673593111,0.06320118880528439,0.011303551194805847,0.0033235344395410025,0.015484156423068017
WK038301,Wijk 01 Castricum-Noord,2002,4.1046051860361015,0.0023403348924161704,NA,NA,NA,NA,NA
WK038301,Wijk 01 Castricum-Noord,2008,4.141757699101432,0.03949284795774647,NA,NA,NA,NA,NA
WK038301,Wijk 01 Castricum-Noord,2012,4.135778322928263,0.033513471784578315,NA,NA,NA,NA,NA
WK038301,Wijk 01 Castricum-Noord,2014,4.201929553167237,0.09966470202355202,0.08096866326077959,0.05198748779641533,0.028879965950783463,-0.0492831561429367,-0.012888258841489999
WK038301,Wijk 01 Castricum-Noord,2016,4.215756700815943,0.11349184967225755,NA,NA,NA,NA,NA
WK038301,Wijk 01 Castricum-Noord,2018,4.201419080218858,0.09915422907517228,0.059778154668270425,0.06377188560910578,0.030238661104020275,-0.049883088555578825,-0.004751383750645655
WK038301,Wijk 01 Castricum-Noord,2020,4.21793812652571,0.11567327538202443,0.07057499819992015,0.06480414739662309,0.032091025604395355,-0.04160472372987525,-0.010192172089039168
WK038301,Wijk 01 Castricum-Noord,2022,4.257052935864933,0.15478808472124722,0.0711356917999305,0.07858395321125893,0.025359325585847855,-0.026425584904274917,0.006134699028484541
WK038302,Wijk 02 Castricum-Oost,2002,4.104390329042562,0.002125477898876408,NA,NA,NA,NA,NA
WK038302,Wijk 02 Castricum-Oost,2008,4.119305828290911,0.01704097714722638,NA,NA,NA,NA,NA
WK038302,Wijk 02 Castricum-Oost,2012,4.115896398870029,0.013631547726343278,NA,NA,NA,NA,NA
WK038302,Wijk 02 Castricum-Oost,2014,4.177663787823335,0.07539893667965061,0.04828917757138203,0.05321914213550161,0.014060497607422574,-0.05084869309205225,0.01067881245739634
WK038302,Wijk 02 Castricum-Oost,2016,4.186185942498548,0.08392109135486307,NA,NA,NA,NA,NA
WK038302,Wijk 02 Castricum-Oost,2018,4.151989723595597,0.04972487245191157,0.02752301325924193,0.05238472372106571,0.010282495978762544,-0.055240886202053474,0.014775525694894568
WK038302,Wijk 02 Castricum-Oost,2020,4.194707204666723,0.09244235352303778,0.055314073367275486,0.05654764608478198,0.012110824173512136,-0.045196970754521046,0.013666780651988937
WK038302,Wijk 02 Castricum-Oost,2022,4.211636659862993,0.10937180871930788,0.05705572667413097,0.0705132894905131,0.005303914864232892,-0.039537619313292006,0.016036497003722665
WK038303,Wijk 03 Castricum-Zuid,2002,4.1752895077231464,0.07302465657946092,NA,NA,NA,NA,NA
WK038303,Wijk 03 Castricum-Zuid,2008,4.236656404857336,0.1343915537136505,NA,NA,NA,NA,NA
WK038303,Wijk 03 Castricum-Zuid,2012,4.239555641240296,0.1372907900966105,NA,NA,NA,NA,NA
WK038303,Wijk 03 Castricum-Zuid,2014,4.286278743796112,0.18401389265242624,0.08734749241431111,0.08810315783422423,0.044479295765653536,-0.05916209678074516,0.02324604341898214
WK038303,Wijk 03 Castricum-Zuid,2016,4.317467617870061,0.2152027667263754,NA,NA,NA,NA,NA
WK038303,Wijk 03 Castricum-Zuid,2018,4.2676141637258915,0.16534931258220656,0.07461511863670096,0.07734908367886376,0.04341301551405434,-0.062267027310557096,0.03223912206314425
WK038303,Wijk 03 Castricum-Zuid,2020,4.286177819487986,0.1839129683443008,0.08474443892426353,0.07657445046970406,0.04983975443403911,-0.0555244211571521,0.028278745673445925
WK038303,Wijk 03 Castricum-Zuid,2022,4.2888226392064395,0.18655778806275433,0.08715224450567408,0.08287434746579027,0.037702286942679665,-0.04443611961718987,0.023265028765799896
WK038304,Wijk 04 Bakkum,2002,4.200171669334358,0.09790681819067244,NA,NA,NA,NA,NA
WK038304,Wijk 04 Bakkum,2008,4.1890748332339856,0.08680998209029986,NA,NA,NA,NA,NA
WK038304,Wijk 04 Bakkum,2012,4.211374523781424,0.109109672637738,NA,NA,NA,NA,NA
WK038304,Wijk 04 Bakkum,2014,4.24928571437525,0.1470208632315648,0.11445644119957078,0.025890150597019452,0.02665014109115493,-0.05758614069900616,0.037610271042825494
WK038304,Wijk 04 Bakkum,2016,4.328438522949722,0.22617367180603665,NA,NA,NA,NA,NA
WK038304,Wijk 04 Bakkum,2018,4.243590753271493,0.14132590212780788,0.08221833288326055,0.038695886516859505,0.04208589572363814,-0.06650355819547857,0.04482934519952796
WK038304,Wijk 04 Bakkum,2020,4.264518535611018,0.16225368446733282,0.09363813689083975,0.039261169227616036,0.04862330854524003,-0.06708582378259347,0.047816893586230216
WK038304,Wijk 04 Bakkum,2022,4.2847821155490315,0.18251726440534657,0.09723742748764326,0.050879925861747666,0.04504793940680399,-0.0586199599766125,0.047971931625763915
WK038305,Wijk 05 Akersloot,2002,4.067974623789858,-0.03429022735382677,NA,NA,NA,NA,NA
WK038305,Wijk 05 Akersloot,2008,4.103554197098985,0.0012893459553000195,NA,NA,NA,NA,NA
WK038305,Wijk 05 Akersloot,2012,4.0965474373488995,-0.00571741379478559,NA,NA,NA,NA,NA
WK038305,Wijk 05 Akersloot,2014,4.14068751304476,0.03842266190107513,0.01979518829812415,0.0646626807833765,0.0455233603562245,-0.11136551830343444,0.019806950766784095
WK038305,Wijk 05 Akersloot,2016,4.160342579779067,0.05807772863538208,NA,NA,NA,NA,NA
WK038305,Wijk 05 Akersloot,2018,4.144199345784646,0.04193449464096064,0.004470944344999503,0.08442984494566168,0.04561495441144807,-0.11085679740848652,0.018275548347337668
WK038305,Wijk 05 Akersloot,2020,4.151732616824645,0.049467765680959466,0.007182520898771352,0.07451837979926504,0.04693071025136097,-0.10196666829877411,0.02280282303033595
WK038305,Wijk 05 Akersloot,2022,4.149233039203453,0.04696818805976767,0.009439225042440038,0.08110221745523524,0.04112406936937077,-0.10700103159294198,0.02230370778566335
WK038306,Wijk 06 De Woude,2002,4.233683205639325,0.13141835449563957,NA,NA,NA,NA,NA
WK038306,Wijk 06 De Woude,2008,4.169002079222174,0.0667372280784886,NA,NA,NA,NA,NA
WK038306,Wijk 06 De Woude,2012,4.251625550092365,0.14936069894867954,NA,NA,NA,NA,NA
WK038306,Wijk 06 De Woude,2014,4.247886906951761,0.14562205580807547,0.04942357282113608,0.11285995653660261,0.10046772055704396,-0.1922723713753893,0.07514317726868186
WK038306,Wijk 06 De Woude,2016,4.150480195012667,0.048215343868981776,NA,NA,NA,NA,NA
WK038306,Wijk 06 De Woude,2018,4.233397673844821,0.13113282270113621,0.03306286750177437,0.1330138205156052,0.08916286418461655,-0.19766420478111363,0.07355747528025348
WK038306,Wijk 06 De Woude,2020,4.253876746498272,0.1516118953545867,0.0348874490185095,0.1212329922888283,0.10925041983608644,-0.18900959459100805,0.07525062880217046
WK038306,Wijk 06 De Woude,2022,4.225295369500168,0.12303051835648322,0.03224360152081672,0.1126252927978037,0.0948372710396521,-0.19734741819262724,0.08067177119083752
WK038307,Wijk 07 Limmen,2002,4.070495035092477,-0.03176981605120876,NA,NA,NA,NA,NA
WK038307,Wijk 07 Limmen,2008,4.108052169887474,0.005787318743788809,NA,NA,NA,NA,NA
WK038307,Wijk 07 Limmen,2012,4.126025689076065,0.023760837932379653,NA,NA,NA,NA,NA
WK038307,Wijk 07 Limmen,2014,4.194276643388264,0.0920117922445782,0.012684722703667281,0.08545412219050477,0.04999656582291671,-0.08023887275138489,0.024115254278874055
WK038307,Wijk 07 Limmen,2016,4.204969551652364,0.10270470050867904,NA,NA,NA,NA,NA
WK038307,Wijk 07 Limmen,2018,4.207256440869937,0.10499158972625157,7.906869650949797e-4,0.090431354332181,0.05171833739247765,-0.06883302931518138,0.030884240351679058
WK038307,Wijk 07 Limmen,2020,4.2190311069270114,0.11676625578332629,0.004077872936379689,0.0850237773319992,0.05138461774296026,-0.05433873818095228,0.030618725952939133
WK038307,Wijk 07 Limmen,2022,4.22153601107763,0.11927115993394434,0.008036753138475242,0.09275696714265406,0.042316228108062445,-0.055617387840814894,0.03177859938556723
WK038401,Diemen Noord,2002,4.117251692686787,0.014986841543100976,NA,NA,NA,NA,NA
WK038401,Diemen Noord,2008,4.122416791180673,0.020151940036987788,NA,NA,NA,NA,NA
WK038401,Diemen Noord,2012,4.096407907839309,-0.005856943304375914,NA,NA,NA,NA,NA
WK038401,Diemen Noord,2014,4.093506753210688,-0.008758097932996707,-0.0014046071188021643,-0.02764803069696954,-0.0357106461832651,0.06853836219786072,-0.012533176131820875
WK038401,Diemen Noord,2016,4.0728745591114714,-0.029390292032213355,NA,NA,NA,NA,NA
WK038401,Diemen Noord,2018,4.052610090834814,-0.04965476030887076,-0.014052668486766654,0.004206668030720166,-0.040290265663309545,0.014528241674991851,-0.014046735864506825
WK038401,Diemen Noord,2020,4.079389399498215,-0.022875451645470283,-0.0066621225613779445,0.004096450284588794,-0.03760011287115455,0.03421458266669143,-0.016924249164218277
WK038401,Diemen Noord,2022,4.124516679756532,0.022251828612847045,-0.004512511618317446,0.019259459815308053,-0.036050129755156216,0.04456657751767518,-0.001011567346662812
WK038402,Diemen Centrum,2002,3.995016550090229,-0.10724830105345634,NA,NA,NA,NA,NA
WK038402,Diemen Centrum,2008,3.9983398747157324,-0.10392497642795305,NA,NA,NA,NA,NA
WK038402,Diemen Centrum,2012,3.986223588478992,-0.1160412626646931,NA,NA,NA,NA,NA
WK038402,Diemen Centrum,2014,4.018775050153337,-0.08348980099034815,-0.021009913062823526,-0.050407309532437314,-0.04655219027740276,0.1307245384650634,-0.09624492658274822
WK038402,Diemen Centrum,2016,3.9713746998482264,-0.1308901512954589,NA,NA,NA,NA,NA
WK038402,Diemen Centrum,2018,4.029150973960679,-0.07311387718300626,-0.020715101542178756,-0.04497559469283148,-0.04681461009596837,0.11828675350720606,-0.07889532435923399
WK038402,Diemen Centrum,2020,4.067109828648323,-0.03515502249536318,-0.01692012470867988,-0.045387749951672496,-0.04356251687171408,0.14867379142876355,-0.07795842239206054
WK038402,Diemen Centrum,2022,4.09295178240238,-0.009313068741305091,-0.01724139233111398,-0.03782703034060669,-0.04401460192790646,0.14733764520146292,-0.057567689343141167
WK038403,Diemen Zuid,2002,3.943610925167498,-0.15865392597618733,NA,NA,NA,NA,NA
WK038403,Diemen Zuid,2008,3.9810503273033264,-0.12121452384035886,NA,NA,NA,NA,NA
WK038403,Diemen Zuid,2012,3.9948356511093843,-0.10742920003430122,NA,NA,NA,NA,NA
WK038403,Diemen Zuid,2014,3.9736995591352047,-0.12856529200848052,-0.013276426658858398,-0.09373460154541687,-0.05022087983815139,0.10607450583196786,-0.07740788979802202
WK038403,Diemen Zuid,2016,4.033871910270444,-0.06839294087324076,NA,NA,NA,NA,NA
WK038403,Diemen Zuid,2018,4.037733075848916,-0.06453177529476968,-0.018867830390727494,-0.051783724733406755,-0.047668147248479655,0.09640184892153794,-0.04261392184369401
WK038403,Diemen Zuid,2020,4.0638530658658985,-0.038411785277786784,-0.01262333464186605,-0.04262904519383099,-0.04986503572921282,0.12549742397778785,-0.05879179369066504
WK038403,Diemen Zuid,2022,4.132443124306623,0.030178273162938064,-0.013015042582430822,-0.020738079104512894,-0.047341057829586836,0.12866535305848673,-0.017392900379018403
WK038405,Holland Park,2002,3.4970800436791563,-0.605184807464529,NA,NA,NA,NA,NA
WK038405,Holland Park,2008,3.649984643201365,-0.45228020794232043,NA,NA,NA,NA,NA
WK038405,Holland Park,2012,3.9995353950485337,-0.10272945609515155,NA,NA,NA,NA,NA
WK038405,Holland Park,2014,3.92544328570177,-0.17682156544191563,-0.00264590875849491,-0.0979643205336098,0.04479507890840769,0.06116480977718821,-0.18217122483540713
WK038405,Holland Park,2016,3.8604356327995397,-0.2418292183441459,NA,NA,NA,NA,NA
WK038405,Holland Park,2018,3.948056326935472,-0.15420852420821335,0.006498834265622693,-0.09463451435799528,-0.007270691315627209,0.07100661031130516,-0.1298087631115189
WK038405,Holland Park,2020,3.944078637867363,-0.15818621327632187,-0.023985042723320835,-0.07773544808866606,-0.00400502373569296,0.09301664183004854,-0.14547734055869077
WK038405,Holland Park,2022,3.9662754383297103,-0.13598941281397456,-0.028196877834647676,-0.05798024033924296,-0.018111969916828636,0.08858301493267823,-0.1202833396559337
WK038406,Bedrijventerreinen,2002,4.315733784468757,0.2134689333250725,NA,NA,NA,NA,NA
WK038406,Bedrijventerreinen,2008,4.271943785149697,0.16967893400601128,NA,NA,NA,NA,NA
WK038406,Bedrijventerreinen,2012,4.203289635792881,0.1010247846491964,NA,NA,NA,NA,NA
WK038406,Bedrijventerreinen,2014,4.243795924187872,0.14153107304418788,-0.0329707148419956,0.019778185336707443,0.08420234280178945,0.037891483245615636,0.03262977650207044
WK038406,Bedrijventerreinen,2016,4.236830095764914,0.13456524462122857,NA,NA,NA,NA,NA
WK038406,Bedrijventerreinen,2018,4.1294331370708415,0.0271682859271557,-0.02418552617610978,-0.07537022641017213,0.08102195811286299,0.011945569273212008,0.03375651112736221
WK038406,Bedrijventerreinen,2020,4.193584779081059,0.09131992793737398,-0.005317783877586567,-0.011228151034572698,0.05580400847571438,0.023223456049818552,0.028838398324000196
WK038406,Bedrijventerreinen,2022,4.18052022249904,0.07825537135535442,-0.026122316507494678,0.012319456627064927,0.033917278154570116,0.02648501350432146,0.03165593957689224
WK038407,Plantage de Sniep,2002,4.086920055369429,-0.015344795774256044,NA,NA,NA,NA,NA
WK038407,Plantage de Sniep,2008,4.112784369550513,0.010519518406827874,NA,NA,NA,NA,NA
WK038407,Plantage de Sniep,2012,4.319814004483631,0.2175491533399462,NA,NA,NA,NA,NA
WK038407,Plantage de Sniep,2014,4.280163298094653,0.1778984469509681,-0.04255502909071982,0.027591778636576105,0.09446042546631003,0.06680216953945874,0.03159910239934264
WK038407,Plantage de Sniep,2016,4.359335182429983,0.25707033128629714,NA,NA,NA,NA,NA
WK038407,Plantage de Sniep,2018,4.294621816092419,0.192356964948733,-0.0249895737152596,0.030091286301600063,0.09909959681859001,0.0648626926232191,0.023292962920583072
WK038407,Plantage de Sniep,2020,4.312709757729859,0.21044490658617332,-0.0318223812110008,0.036666107479238895,0.10488479220080549,0.0900403797992393,0.010676008317890204
WK038407,Plantage de Sniep,2022,4.3106855184849735,0.20842066734128767,-0.04282157869542083,0.03892769248381133,0.09835258954399918,0.09881247153619033,0.015149492472707589
WK038408,Buitengebied,2002,4.46169144792218,0.3594265967784952,NA,NA,NA,NA,NA
WK038408,Buitengebied,2008,4.417190057424072,0.3149252062803873,NA,NA,NA,NA,NA
WK038408,Buitengebied,2012,4.353743916611795,0.25147906546810994,NA,NA,NA,NA,NA
WK038408,Buitengebied,2014,4.294224281503731,0.19195943036004634,0.03384644414480557,0.05403962113832781,0.09135067222531633,-0.05702363741495133,0.06974633026654765
WK038408,Buitengebied,2016,4.304717429974185,0.20245257883050025,NA,NA,NA,NA,NA
WK038408,Buitengebied,2018,4.321285170300077,0.21902031915639172,0.030005426737188954,0.07435499437245896,0.09176684169813315,-0.050921958013918384,0.07381501436252848
WK038408,Buitengebied,2020,4.344396723464395,0.24213187232070912,0.042055999043117916,0.08596414718550717,0.07193127227144823,-0.039897212005078286,0.08207766582571344
WK038408,Buitengebied,2022,4.300449559805013,0.1981847086613279,0.030521263948652205,0.06385756128259813,0.06406630984750869,-0.03910888801087189,0.0788484615934405
WK038500,Wijk 00 Edam,2002,4.077055449846804,-0.025209401296881415,NA,NA,NA,NA,NA
WK038500,Wijk 00 Edam,2008,4.097515610538145,-0.004749240605540528,NA,NA,NA,NA,NA
WK038500,Wijk 00 Edam,2012,4.104680752958065,0.0024159018143800125,NA,NA,NA,NA,NA
WK038500,Wijk 00 Edam,2014,4.135445184179962,0.03318033303627647,0.0270053125087809,0.009828460638946926,0.02674973317208656,-0.052786496963417695,0.022383323679879514
WK038500,Wijk 00 Edam,2016,4.1480834940503994,0.045818642906714335,NA,NA,NA,NA,NA
WK038500,Wijk 00 Edam,2018,4.133572284056489,0.03130743291280363,0.019531125606629115,0.019960307530415604,0.024190942056187815,-0.05974440700310785,0.02736946472267862
WK038500,Wijk 00 Edam,2020,4.13419060434281,0.0319257531991244,0.02458003712501338,0.010624342207883703,0.0226530212459928,-0.05556248997733012,0.029630842597564346
WK038500,Wijk 00 Edam,2022,4.143088604086466,0.04082375294278022,0.026517932483835403,0.007287247480913693,0.02246988839785094,-0.04588077922371936,0.030429463803899277
WK038501,Wijk 01 Purmer,2002,4.422423971111124,0.32015911996743884,NA,NA,NA,NA,NA
WK038501,Wijk 01 Purmer,2008,4.370125312704473,0.2678604615607874,NA,NA,NA,NA,NA
WK038501,Wijk 01 Purmer,2012,4.304867655637345,0.20260280449365944,NA,NA,NA,NA,NA
WK038501,Wijk 01 Purmer,2014,4.264808862088614,0.16254401094492926,-0.17032670073202114,0.12356116643108184,0.21351626125218737,-0.14795180091597554,0.14374508490965657
WK038501,Wijk 01 Purmer,2016,4.148233917477999,0.04596906633431405,NA,NA,NA,NA,NA
WK038501,Wijk 01 Purmer,2018,4.20607412604444,0.10380927490075458,-0.1414361034781802,0.1244704001454426,0.1260939430540173,-0.15048259036710077,0.14516362554657555
WK038501,Wijk 01 Purmer,2020,4.238227253215722,0.13596240207203691,-0.17246967971627816,0.09274605878024343,0.2245704126529183,-0.1502923149602588,0.14140792531541171
WK038501,Wijk 01 Purmer,2022,4.240011489017992,0.13774663787430746,-0.17024921348578745,0.09563965167327831,0.21824651976219192,-0.1445729087555191,0.1386825886801438
WK038502,Wijk 02 Volendam,2002,4.1142253990255115,0.011960547881826334,NA,NA,NA,NA,NA
WK038502,Wijk 02 Volendam,2008,4.1576994702132195,0.05543461906953415,NA,NA,NA,NA,NA
WK038502,Wijk 02 Volendam,2012,4.157514946017415,0.055250094873729005,NA,NA,NA,NA,NA
WK038502,Wijk 02 Volendam,2014,4.189705012253176,0.08744016110949102,0.03566020469284273,0.05139663434804912,0.06461204473461059,-0.07610431337391872,0.011875590707907016
WK038502,Wijk 02 Volendam,2016,4.20201203134458,0.09974718020089561,NA,NA,NA,NA,NA
WK038502,Wijk 02 Volendam,2018,4.170028120855813,0.06776326971212734,0.027952840889752823,0.05447387165510356,0.05686138056203667,-0.08686402217786342,0.015339198783097434
WK038502,Wijk 02 Volendam,2020,4.159939496097934,0.05767464495424877,0.029956318947890897,0.04497649931946657,0.05148968047628405,-0.07899947599148452,0.010251622202091519
WK038502,Wijk 02 Volendam,2022,4.181412281081682,0.07914742993799691,0.031952608599911246,0.046786122766143794,0.05221787312339712,-0.06886717594964001,0.017058001398184496
WK038503,Wijk 03 Beets,2002,4.044694174581622,-0.05757067656206312,NA,NA,NA,NA,NA
WK038503,Wijk 03 Beets,2008,4.024732922125214,-0.07753192901847179,NA,NA,NA,NA,NA
WK038503,Wijk 03 Beets,2012,4.088148743217837,-0.014116107925848616,NA,NA,NA,NA,NA
WK038503,Wijk 03 Beets,2014,4.1559108716160065,0.053646020472321324,0.015549194470163638,0.08543377325696311,0.09037693588588085,-0.20792695517506507,0.07021307203437864
WK038503,Wijk 03 Beets,2016,4.149965039359314,0.047700188215628866,NA,NA,NA,NA,NA
WK038503,Wijk 03 Beets,2018,4.169370398274011,0.06710554713032556,0.015576937021627739,0.09398946485384443,0.09901401847488746,-0.20810124987969747,0.06662637665966323
WK038503,Wijk 03 Beets,2020,4.178593449586945,0.07632859844326007,0.011705638042705371,0.11168745269249429,0.08414620961192691,-0.1950456724765785,0.06383497057271191
WK038503,Wijk 03 Beets,2022,4.172761624233873,0.07049677309018755,0.010719995850173277,0.1029855526186405,0.08748682883855134,-0.20078521429837926,0.07008961008120133
WK038504,Wijk 04 Oosthuizen,2002,4.082550603404039,-0.01971424773964545,NA,NA,NA,NA,NA
WK038504,Wijk 04 Oosthuizen,2008,4.062499677320841,-0.03976517382284403,NA,NA,NA,NA,NA
WK038504,Wijk 04 Oosthuizen,2012,4.061193132595141,-0.04107171854854429,NA,NA,NA,NA,NA
WK038504,Wijk 04 Oosthuizen,2014,4.073290124324017,-0.028974726819668135,0.014496209526631425,0.0649158680336894,0.039611653549696,-0.16259050199354103,0.014592044063855758
WK038504,Wijk 04 Oosthuizen,2016,4.092089598091984,-0.01017525305170166,NA,NA,NA,NA,NA
WK038504,Wijk 04 Oosthuizen,2018,4.078446596757966,-0.02381825438571932,0.0039456564974336425,0.07308216126583504,0.04024149852100249,-0.16889429747055995,0.027806726800569188
WK038504,Wijk 04 Oosthuizen,2020,4.115743968068457,0.013479116924771804,0.003454423337800615,0.08984467020345073,0.03870452530516563,-0.14554300294188638,0.027018501020240896
WK038504,Wijk 04 Oosthuizen,2022,4.09569386963037,-0.0065709815133146,0.008470292019604548,0.07774246086907667,0.039397835502377694,-0.1631831116386481,0.031001541734274326
WK038505,Wijk 05 Warder,2002,4.2073659002954304,0.10510104915174494,NA,NA,NA,NA,NA
WK038505,Wijk 05 Warder,2008,4.198780829143322,0.0965159779996372,NA,NA,NA,NA,NA
WK038505,Wijk 05 Warder,2012,4.250516073457926,0.1482512223142408,NA,NA,NA,NA,NA
WK038505,Wijk 05 Warder,2014,4.23013365674236,0.1278688055986755,0.02290572170625675,0.11019968249580632,0.10738630764774829,-0.20634845966987592,0.09372555341873978
WK038505,Wijk 05 Warder,2016,4.215055721797585,0.11279087065389938,NA,NA,NA,NA,NA
WK038505,Wijk 05 Warder,2018,4.227128272237787,0.12486342109410181,0.023693532592180704,0.11981314587155867,0.10049745909637732,-0.2074262296028105,0.08828551313679532
WK038505,Wijk 05 Warder,2020,4.231290638563447,0.12902578741976206,0.015111486686585674,0.13105589520700067,0.09118594725209309,-0.19586656391222865,0.08753902218631114
WK038505,Wijk 05 Warder,2022,4.201822386560386,0.09955753541670102,0.014910071288317062,0.11515423025147306,0.08473527977215138,-0.20586785074584424,0.09062580485060372
WK038506,Wijk 06 Middelie,2002,4.187952143697737,0.08568729255405239,NA,NA,NA,NA,NA
WK038506,Wijk 06 Middelie,2008,4.1588149928852065,0.05655014174152143,NA,NA,NA,NA,NA
WK038506,Wijk 06 Middelie,2012,4.193475801969415,0.09121095082572928,NA,NA,NA,NA,NA
WK038506,Wijk 06 Middelie,2014,4.18820568522617,0.08594083408248517,0.01494238678764468,0.062314407354455474,0.08838359882097192,-0.14360845780602047,0.06390889892543322
WK038506,Wijk 06 Middelie,2016,4.207999394179442,0.10573454303575647,NA,NA,NA,NA,NA
WK038506,Wijk 06 Middelie,2018,4.222851961532566,0.12058711038888065,0.012610938029510401,0.09742840008926809,0.09243108449189755,-0.14562455421061016,0.06374124198881465
WK038506,Wijk 06 Middelie,2020,4.22756378975978,0.12529893861609526,0.009568412103290862,0.11262893627201016,0.08282173689651609,-0.14367116266731061,0.06395101601158847
WK038506,Wijk 06 Middelie,2022,4.222569461134746,0.12030460999106136,0.01390953933560985,0.11127890036516139,0.07700555943303594,-0.14473006092613475,0.0628406717833887
WK038507,Wijk 07 Kwadijk,2002,4.164657746475688,0.06239289533200361,NA,NA,NA,NA,NA
WK038507,Wijk 07 Kwadijk,2008,4.130158984383512,0.02789413323982679,NA,NA,NA,NA,NA
WK038507,Wijk 07 Kwadijk,2012,4.248722153515666,0.14645730237198074,NA,NA,NA,NA,NA
WK038507,Wijk 07 Kwadijk,2014,4.284811699240462,0.1825468480967768,0.00335076231165302,0.1063526838538481,0.13880112820393406,-0.11358783674617076,0.04763011047351203
WK038507,Wijk 07 Kwadijk,2016,4.2896187063558955,0.18735385521221048,NA,NA,NA,NA,NA
WK038507,Wijk 07 Kwadijk,2018,4.247636880470306,0.14537202932662133,-0.005897648624307162,0.1209447146521276,0.10364413959072585,-0.10827108656516529,0.034951910273239975
WK038507,Wijk 07 Kwadijk,2020,4.238421287862872,0.13615643671918698,-0.008286734959576996,0.11789358876479239,0.08680266286631184,-0.11655911773695246,0.056306037784612
WK038507,Wijk 07 Kwadijk,2022,4.237038872857285,0.13477402171359984,-8.722181583063807e-4,0.11608974226063053,0.08029168089597456,-0.11424985481120321,0.05351467152650418
WK038508,Wijk 08 Schardam,2002,4.356543725786291,0.2542788746426063,NA,NA,NA,NA,NA
WK038508,Wijk 08 Schardam,2008,4.2689885853655465,0.1667237342218615,NA,NA,NA,NA,NA
WK038508,Wijk 08 Schardam,2012,4.3806130118465765,0.27834816070289176,NA,NA,NA,NA,NA
WK038508,Wijk 08 Schardam,2014,4.223848615952857,0.12158376480917182,0.0429949806585657,0.10585524464538033,0.08834794438068846,-0.1927651386795631,0.07715073380410002
WK038508,Wijk 08 Schardam,2016,4.42473867021248,0.32247381906879424,NA,NA,NA,NA,NA
WK038508,Wijk 08 Schardam,2018,4.285972998130031,0.18370814698634574,0.04354067221480055,0.13494784859656295,0.10865545562174408,-0.18659631410130986,0.08316048465454791
WK038508,Wijk 08 Schardam,2020,4.273385955493297,0.17112110434961236,0.04752566420641778,0.1278535794981254,0.09840947122927787,-0.17949910369776145,0.07683149311355217
WK038508,Wijk 08 Schardam,2022,4.260879836651909,0.1586149855082229,0.037874329134271724,0.12635864414704523,0.10081247754820585,-0.18483468608011397,0.07840422075881391
WK038509,Wijk 09 Hobrede,2002,4.212705190648763,0.11044033950507749,NA,NA,NA,NA,NA
WK038509,Wijk 09 Hobrede,2008,4.113153947088086,0.010889095944400311,NA,NA,NA,NA,NA
WK038509,Wijk 09 Hobrede,2012,4.119625294715654,0.017360443571969184,NA,NA,NA,NA,NA
WK038509,Wijk 09 Hobrede,2014,4.174807260690766,0.07254240954708097,-0.005269928087813957,0.06870756507950761,0.12016236834399781,-0.17479914056721516,0.06374154477860464
WK038509,Wijk 09 Hobrede,2016,4.21851865893488,0.1162538077911956,NA,NA,NA,NA,NA
WK038509,Wijk 09 Hobrede,2018,4.243802495925144,0.14153764478145855,-8.71678181632666e-4,0.1267782310950844,0.131618248442635,-0.17478243048283432,0.05879527390820593
WK038509,Wijk 09 Hobrede,2020,4.205884256026919,0.10361940488323354,-0.005177288873352867,0.10469858889621608,0.11711536514984248,-0.1724896976927225,0.05947243740325015
WK038509,Wijk 09 Hobrede,2022,4.236270607303742,0.13400575616005594,0.003605888313581436,0.13146926842359008,0.11640725127364993,-0.17576676024484306,0.058290108394077375
WK038800,Centrum en Havens,2002,4.012597210330741,-0.08966764081294429,NA,NA,NA,NA,NA
WK038800,Centrum en Havens,2008,4.076400491492524,-0.025864359651161548,NA,NA,NA,NA,NA
WK038800,Centrum en Havens,2012,4.090819878595764,-0.011444972547921529,NA,NA,NA,NA,NA
WK038800,Centrum en Havens,2014,4.101809657819871,-4.5519332381402947e-4,0.0364166064524595,-0.010787693595452088,-0.0010913789951093596,-0.04406793307511906,0.019075205889406675
WK038800,Centrum en Havens,2016,4.152066288928896,0.049801437785211386,NA,NA,NA,NA,NA
WK038800,Centrum en Havens,2018,4.161211967511965,0.058947116368280296,0.03447349557296923,0.00932749050349188,-4.766738790295006e-4,-0.026912293965135756,0.042535098135984155
WK038800,Centrum en Havens,2020,4.181250612775799,0.07898576163211452,0.03727079898292284,0.02718945007029817,-0.0037003263044234776,-0.01952346061658361,0.03774929949990032
WK038800,Centrum en Havens,2022,4.227499575193142,0.12523472404945732,0.03742399279403472,0.056611122893270915,0.007235632004019572,-0.02228372538940597,0.046247701747537805
WK038801,Enkhuizen Noord,2002,3.8929639082468697,-0.2093009428968154,NA,NA,NA,NA,NA
WK038801,Enkhuizen Noord,2008,3.9397040385350683,-0.16256081260861682,NA,NA,NA,NA,NA
WK038801,Enkhuizen Noord,2012,3.9572289297343994,-0.145035921409286,NA,NA,NA,NA,NA
WK038801,Enkhuizen Noord,2014,3.964432950698121,-0.13783190044556454,0.032342522343417765,-0.030332466168203065,-0.00849054686726825,-0.10852505949831782,-0.022826350255193428
WK038801,Enkhuizen Noord,2016,3.9983544943732543,-0.1039103567704307,NA,NA,NA,NA,NA
WK038801,Enkhuizen Noord,2018,4.0103242390069465,-0.09194061213673825,0.02940459763049971,-0.011056497305938991,-0.007621442688224826,-0.09252923891741699,-0.010138030855657457
WK038801,Enkhuizen Noord,2020,4.036102348029663,-0.06616250311402155,0.03693578365083934,0.008613099790921959,-0.012111962585844441,-0.0886567274050782,-0.010942696564860474
WK038801,Enkhuizen Noord,2022,4.062871357367508,-0.03939349377617676,0.041328873998465486,0.004159909547447088,0.0035363776836724497,-0.08967341924723124,0.0012547642414691721
WK038802,Enkhuizen Buitengebied,2002,4.100013489402633,-0.002251361741052301,NA,NA,NA,NA,NA
WK038802,Enkhuizen Buitengebied,2008,4.125366660849117,0.023101809705432623,NA,NA,NA,NA,NA
WK038802,Enkhuizen Buitengebied,2012,4.140119193149366,0.0378543420056811,NA,NA,NA,NA,NA
WK038802,Enkhuizen Buitengebied,2014,4.123858303756496,0.021593452612810815,0.003836173226684466,0.054784819050372635,0.10327228855025584,-0.22470638701539783,0.08440655880089519
WK038802,Enkhuizen Buitengebied,2016,4.149017167826011,0.04675231668232534,NA,NA,NA,NA,NA
WK038802,Enkhuizen Buitengebied,2018,4.228864630995027,0.1265997798513419,0.020101994961473867,0.12249107301506103,0.10789748356522606,-0.2071013521532471,0.08321058046282782
WK038802,Enkhuizen Buitengebied,2020,4.245731453247083,0.1434666021033976,0.026065368515442347,0.12756209607362953,0.10650397635302133,-0.20608791698809334,0.08942307814939736
WK038802,Enkhuizen Buitengebied,2022,4.187503597641517,0.08523874649783122,0.027535483335450688,0.10869437540265164,0.11734331973294104,-0.21047605303525507,0.04214162106204247
WK038803,Enkhuizen Zuid,2002,4.028377439326662,-0.07388741181702309,NA,NA,NA,NA,NA
WK038803,Enkhuizen Zuid,2008,4.125750759179523,0.02348590803583722,NA,NA,NA,NA,NA
WK038803,Enkhuizen Zuid,2012,4.110169545099591,0.0079046939559056,NA,NA,NA,NA,NA
WK038803,Enkhuizen Zuid,2014,4.116720119024716,0.014455267881031372,-0.08262911078500194,0.06150704492000315,0.08055009352207178,-0.11834513943130999,0.07337237965526808
WK038803,Enkhuizen Zuid,2016,4.123714685688627,0.02144983454494166,NA,NA,NA,NA,NA
WK038803,Enkhuizen Zuid,2018,4.129284607164695,0.027019756021010095,-0.07972850494869309,0.02700235517656213,0.07951742458288891,-0.09399549389697848,0.09422397510723025
WK038803,Enkhuizen Zuid,2020,4.099947642426285,-0.0023172087174001027,-0.07069984942293454,0.026748627567125295,0.05043775263056916,-0.09219818997992743,0.08339445048776703
WK038803,Enkhuizen Zuid,2022,4.134767812747262,0.03250296160357595,-0.06804813972984547,0.07296197532781656,0.05001400777953932,-0.09016782438848331,0.06774294261454858
WK039201,Oude Stad,2002,4.094141174559783,-0.008123676583901767,NA,NA,NA,NA,NA
WK039201,Oude Stad,2008,4.1462805125421545,0.04401566139846961,NA,NA,NA,NA,NA
WK039201,Oude Stad,2012,4.148107163634733,0.04584231249104824,NA,NA,NA,NA,NA
WK039201,Oude Stad,2014,4.186432017695988,0.08416716655230233,-0.01103802949370704,-0.10433032495689953,-0.03798011963676884,0.23387219788083685,0.0036434427588406385
WK039201,Oude Stad,2016,4.213882117844367,0.11161726670068178,NA,NA,NA,NA,NA
WK039201,Oude Stad,2018,4.247065336445126,0.14480048530144143,-0.027195259470590916,-0.06644933536168982,-0.04502310955385499,0.24725813498760674,0.036210054699970184
WK039201,Oude Stad,2020,4.286593387222937,0.18432853607925168,-0.013520668143996266,-0.05897586469587188,-0.046904799496451786,0.277899466228104,0.025830402187467273
WK039201,Oude Stad,2022,4.297727833971568,0.19546298282788352,-0.014747932075148356,-0.07196847447242004,-0.04779866081254355,0.28808057978533747,0.04189747040265772
WK039202,Haarlemmerhoutkwartier,2002,4.166084776000732,0.06381992485704682,NA,NA,NA,NA,NA
WK039202,Haarlemmerhoutkwartier,2008,4.2126400376077395,0.1103751864640546,NA,NA,NA,NA,NA
WK039202,Haarlemmerhoutkwartier,2012,4.213103866200796,0.1108390150571104,NA,NA,NA,NA,NA
WK039202,Haarlemmerhoutkwartier,2014,4.25111146747505,0.14884661633136448,-0.01731114209046401,-0.012907169689102644,-0.018613136951243076,0.15513670096617657,0.04254136409599735
WK039202,Haarlemmerhoutkwartier,2016,4.3118503116784765,0.20958546053479146,NA,NA,NA,NA,NA
WK039202,Haarlemmerhoutkwartier,2018,4.2788184373883675,0.17655358624468226,-0.024834978643742203,1.05441883221223e-4,-0.013678502413669774,0.15594897393240797,0.05901265148646474
WK039202,Haarlemmerhoutkwartier,2020,4.317951768698436,0.21568691755475092,-0.007352279810309394,-0.0019783325512914974,-0.011352045371034349,0.18200691693572596,0.05436265835165994
WK039202,Haarlemmerhoutkwartier,2022,4.314934874311265,0.21267002316758013,-0.009884595307613637,0.002894978344944733,-0.02411933976081348,0.1825508417669742,0.061228138124088026
WK039203,Zijlwegkwartier,2002,4.1578603673871655,0.05559551624347997,NA,NA,NA,NA,NA
WK039203,Zijlwegkwartier,2008,4.180336628555235,0.07807177741155036,NA,NA,NA,NA,NA
WK039203,Zijlwegkwartier,2012,4.176108547487903,0.07384369634421784,NA,NA,NA,NA,NA
WK039203,Zijlwegkwartier,2014,4.238082672534842,0.13581782139115742,0.02380523243143863,-0.011264543039682173,-0.03541085112899914,0.15690332873990515,0.0017846543884946634
WK039203,Zijlwegkwartier,2016,4.271804271731029,0.16953942058734406,NA,NA,NA,NA,NA
WK039203,Zijlwegkwartier,2018,4.2674289650183175,0.16516411387463178,0.015340499289743226,-0.0014733479933233874,-0.029764939283465835,0.16335057965202732,0.017711322209650188
WK039203,Zijlwegkwartier,2020,4.322269426952455,0.22000457580876917,0.022220401223487014,0.013655287319463597,-0.02583366885359594,0.1885070214682781,0.021455534651136088
WK039203,Zijlwegkwartier,2022,4.339795915666014,0.2375310645223282,0.019854873131992485,0.0052711214318091155,-0.03217403063088356,0.20329262437708928,0.041286476212320636
WK039204,Houtvaartkwartier,2002,4.255442504606755,0.15317765346306952,NA,NA,NA,NA,NA
WK039204,Houtvaartkwartier,2008,4.237652051231243,0.1353872000875576,NA,NA,NA,NA,NA
WK039204,Houtvaartkwartier,2012,4.239838179856755,0.13757332871306938,NA,NA,NA,NA,NA
WK039204,Houtvaartkwartier,2014,4.2516910805696435,0.14942622942595812,0.033663259769229084,0.032486439673582064,-0.0063211574994895495,0.07741015096624759,0.012187536516388648
WK039204,Houtvaartkwartier,2016,4.282775965843696,0.1805111147000105,NA,NA,NA,NA,NA
WK039204,Houtvaartkwartier,2018,4.26882685864123,0.16656200749754432,0.034330910542273524,0.04687686634904859,0.002240132509465796,0.07456253071757411,0.00855156737918201
WK039204,Houtvaartkwartier,2020,4.304292181576658,0.202027330432973,0.05684292194101136,0.04997213725883853,5.716679529159185e-5,0.09373637935894193,0.0014187250788893144
WK039204,Houtvaartkwartier,2022,4.29986493382536,0.19760008268167487,0.047687490496879086,0.042801214227291155,-0.004166754541880957,0.09318131004807031,0.018096822451314932
WK039205,Duinwijk,2002,4.333701596345671,0.2314367452019859,NA,NA,NA,NA,NA
WK039205,Duinwijk,2008,4.315854843349869,0.21358999220618344,NA,NA,NA,NA,NA
WK039205,Duinwijk,2012,4.331325886614731,0.2290610354710452,NA,NA,NA,NA,NA
WK039205,Duinwijk,2014,4.350447649077326,0.2481827979336412,0.07619034732293667,0.07010525270871412,0.025902905774393175,0.05867653747644844,0.01730775465114858
WK039205,Duinwijk,2016,4.342091476936331,0.23982662579264616,NA,NA,NA,NA,NA
WK039205,Duinwijk,2018,4.327576776437338,0.22531192529365238,0.05888526614738366,0.06534163494450736,0.023668867617063598,0.05179004372541285,0.02562611285928465
WK039205,Duinwijk,2020,4.357258485826988,0.2549936346833035,0.06713188968656571,0.0811827435394053,0.02093974736749419,0.06874397872072675,0.016995275369111218
WK039205,Duinwijk,2022,4.356147459313702,0.2538826081700169,0.06482252597058218,0.06655066332845419,0.018288043390303668,0.0765314903459272,0.02768988513474945
WK039206,Waarder- en Veerpolder,2002,4.0253048377491,-0.0769600133945857,NA,NA,NA,NA,NA
WK039206,Waarder- en Veerpolder,2008,4.0511083039517,-0.05115654719198442,NA,NA,NA,NA,NA
WK039206,Waarder- en Veerpolder,2012,4.092124874488421,-0.010139976655263689,NA,NA,NA,NA,NA
WK039206,Waarder- en Veerpolder,2014,4.116206626523443,0.013941775379757772,-0.051111201624510244,-0.030123428462096615,-0.026885463405053565,0.10124412536973555,0.020817743501682216
WK039206,Waarder- en Veerpolder,2016,4.148415877257366,0.04615102611368129,NA,NA,NA,NA,NA
WK039206,Waarder- en Veerpolder,2018,4.14460237237251,0.0423375212288239,-0.06151001511576725,-0.008104284936940803,-0.023091879890570644,0.10685482697969041,0.028188874192411947
WK039206,Waarder- en Veerpolder,2020,4.198527434532554,0.09626258338886891,-0.050914661375430895,0.016291773848898575,-0.019285324162709915,0.13072957078946432,0.01944122428864647
WK039206,Waarder- en Veerpolder,2022,4.2210236861992225,0.11875883505553718,-0.04886924058159121,0.03199310124675186,-0.02570992686799522,0.13495373666952723,0.02639116458884416
WK039207,Amsterdamsewijk,2002,4.000299896047479,-0.10196495509620675,NA,NA,NA,NA,NA
WK039207,Amsterdamsewijk,2008,4.003979059297528,-0.09828579184615772,NA,NA,NA,NA,NA
WK039207,Amsterdamsewijk,2012,4.008022563041091,-0.09424228810259448,NA,NA,NA,NA,NA
WK039207,Amsterdamsewijk,2014,4.004225501720198,-0.09803934942348731,-0.034044631679394054,-0.0992919341466704,-0.06546912288386947,0.12477557405914133,-0.02400923477269501
WK039207,Amsterdamsewijk,2016,4.0134178938425364,-0.0888469573011489,NA,NA,NA,NA,NA
WK039207,Amsterdamsewijk,2018,4.02891033746193,-0.07335451368175468,-0.04566413639481343,-0.07636899363331676,-0.06380317438728526,0.11684040364183981,-0.004358612908179271
WK039207,Amsterdamsewijk,2020,4.084393585411146,-0.017871265732539148,-0.038167324577817775,-0.06462368061486211,-0.06227872388044777,0.14437726947577792,0.002821193864810239
WK039207,Amsterdamsewijk,2022,4.09530550504853,-0.00695934609515552,-0.03854177402390362,-0.0650992288365917,-0.0634785420036152,0.15168892505742643,0.008471273711528289
WK039208,Slachthuiswijk,2002,3.835021015074337,-0.2672438360693479,NA,NA,NA,NA,NA
WK039208,Slachthuiswijk,2008,3.843276898617958,-0.25898795252572704,NA,NA,NA,NA,NA
WK039208,Slachthuiswijk,2012,3.8494061522023686,-0.2528586989413164,NA,NA,NA,NA,NA
WK039208,Slachthuiswijk,2014,3.9803530858924465,-0.12191176525123852,-0.019723687309369103,-0.1341013418550944,-0.0731089581545223,0.12878106773255138,-0.023758845664804393
WK039208,Slachthuiswijk,2016,4.036518891130867,-0.0657459600128181,NA,NA,NA,NA,NA
WK039208,Slachthuiswijk,2018,3.994294527293826,-0.10797032384985972,-0.037936253450656585,-0.10470684218493882,-0.06998225801171488,0.12027999457234956,-0.015624964774899275
WK039208,Slachthuiswijk,2020,4.056515033273473,-0.04574981787021259,-0.031830069175468954,-0.08675058129821127,-0.0669381151588274,0.15111602178108394,-0.01134707401878916
WK039208,Slachthuiswijk,2022,4.04773982607957,-0.054525025064115454,-0.027807790478230402,-0.0930902525581067,-0.06651110390936925,0.15560886596222215,-0.022724744080631434
WK039209,Parkwijk,2002,3.8118837565678665,-0.29038109457581907,NA,NA,NA,NA,NA
WK039209,Parkwijk,2008,3.817121198199952,-0.28514365294373284,NA,NA,NA,NA,NA
WK039209,Parkwijk,2012,3.82554991602539,-0.2767149351182952,NA,NA,NA,NA,NA
WK039209,Parkwijk,2014,3.9411295029124997,-0.1611353482311856,-0.018847754156149595,-0.10773595869581497,-0.0511647148419149,0.054383186806580545,-0.03777010734388698
WK039209,Parkwijk,2016,3.983692953535922,-0.1185718976077636,NA,NA,NA,NA,NA
WK039209,Parkwijk,2018,3.9441439849293345,-0.15812086621435092,-0.03452748034622037,-0.09120674680705153,-0.05438234600282269,0.04500215032664127,-0.023006443384897882
WK039209,Parkwijk,2020,3.9874096974821103,-0.11485515366157496,-0.027531595164566814,-0.07554003390066585,-0.058319665868283556,0.06598617081725279,-0.019450029545311765
WK039209,Parkwijk,2022,3.9858352363273797,-0.11642961481630582,-0.027970791978868943,-0.07760415664129455,-0.05505730753478777,0.061493321596168035,-0.017290680257522874
WK039210,Transvaalwijk,2002,4.084525304460774,-0.017739546682911018,NA,NA,NA,NA,NA
WK039210,Transvaalwijk,2008,4.1092934460569746,0.007028594913289057,NA,NA,NA,NA,NA
WK039210,Transvaalwijk,2012,4.08921230513913,-0.013052546004555864,NA,NA,NA,NA,NA
WK039210,Transvaalwijk,2014,4.068068804935899,-0.034196046207787247,-0.011018327585318035,-0.06903526651937839,-0.0582169174853467,0.11193072903176456,-0.00785626364950898
WK039210,Transvaalwijk,2016,4.10530896508637,0.00304411394268404,NA,NA,NA,NA,NA
WK039210,Transvaalwijk,2018,4.097010811907106,-0.005254039236579444,-0.02594624226488655,-0.07508045835442399,-0.06121394104067622,0.12371395557371817,0.03327264684968892
WK039210,Transvaalwijk,2020,4.148076741143097,0.0458118899994119,-0.018813757268805627,-0.07058692562201382,-0.05902274601026967,0.14579827658560976,0.048437042314890974
WK039210,Transvaalwijk,2022,4.117653461436186,0.015388610292500339,-0.018970323082957746,-0.08141242472180919,-0.06199082601408036,0.15166421566006855,0.02609796845127878
WK039211,Indischewijk,2002,4.078829970308383,-0.02343488083530239,NA,NA,NA,NA,NA
WK039211,Indischewijk,2008,4.099078978979656,-0.0031858721640291863,NA,NA,NA,NA,NA
WK039211,Indischewijk,2012,4.086783140090292,-0.01548171105339368,NA,NA,NA,NA,NA
WK039211,Indischewijk,2014,4.116227763421241,0.013962912277556435,-0.006752646192275152,-0.032446876757049055,-0.03772997762336968,0.09628077994387267,-0.005388367093622582
WK039211,Indischewijk,2016,4.126770551066917,0.02450569992323161,NA,NA,NA,NA,NA
WK039211,Indischewijk,2018,4.126248783002347,0.023983931858661635,-0.020317741751173835,-0.029646724838574,-0.03546968014656784,0.09516113183292477,0.014256946762052268
WK039211,Indischewijk,2020,4.1566696725748615,0.054404821431176593,-0.012984801964667675,-0.03299911723972637,-0.0351915314783481,0.11512327361410746,0.020456998499811006
WK039211,Indischewijk,2022,4.165488749693895,0.06322389855020998,-0.017395551859080486,-0.034039825920241976,-0.03476522539524547,0.12130275939921893,0.028121742325558672
WK039212,Ter Kleefkwartier,2002,4.217558530591846,0.11529367944816142,NA,NA,NA,NA,NA
WK039212,Ter Kleefkwartier,2008,4.242206804449801,0.13994195330611653,NA,NA,NA,NA,NA
WK039212,Ter Kleefkwartier,2012,4.246526034084944,0.1442611829412585,NA,NA,NA,NA,NA
WK039212,Ter Kleefkwartier,2014,4.273902019449598,0.17163716830591313,0.022477006831622785,0.029369514858458096,-0.014509201368584997,0.09371029801952753,0.04058954996488946
WK039212,Ter Kleefkwartier,2016,4.30646518724224,0.20420033609855426,NA,NA,NA,NA,NA
WK039212,Ter Kleefkwartier,2018,4.301589820440256,0.19932496929657087,0.009967514023361077,0.053204187788862094,-0.01318363487006272,0.09852104689978636,0.05081585545462377
WK039212,Ter Kleefkwartier,2020,4.346596042558098,0.24433119141441353,0.02130048515473314,0.05846486265587858,-0.007390768356385152,0.12197506076103683,0.04998155119914983
WK039212,Ter Kleefkwartier,2022,4.359747745740717,0.25748289459703105,0.022679542001062897,0.0573400217376499,-0.01269020905363518,0.13400324538215255,0.05615029452980061
WK039213,Te Zaanenkwartier,2002,4.133994864224402,0.03173001308071652,NA,NA,NA,NA,NA
WK039213,Te Zaanenkwartier,2008,4.169446539995974,0.06718168885228828,NA,NA,NA,NA,NA
WK039213,Te Zaanenkwartier,2012,4.145240598750848,0.04297574760716272,NA,NA,NA,NA,NA
WK039213,Te Zaanenkwartier,2014,4.190908542607132,0.08864369146344706,0.0017378894909272817,0.026029886863195982,-0.009608641437497357,0.08013834960535596,-0.00965379305853506
WK039213,Te Zaanenkwartier,2016,4.192503684341911,0.09023883319822508,NA,NA,NA,NA,NA
WK039213,Te Zaanenkwartier,2018,4.212334212748351,0.11006936160466523,-0.011990472513011316,0.0405976302297714,-0.0039805137325735025,0.08251072528365457,0.0029319923368238015
WK039213,Te Zaanenkwartier,2020,4.231658967350621,0.12939411620693578,-0.0048095407311251484,0.03192696549909956,-0.003079398518505887,0.10043823811823475,0.0049178518392322046
WK039213,Te Zaanenkwartier,2022,4.234026081862971,0.13176123071928594,-0.004968280833230221,0.016938727950423522,1.0736170161998239e-4,0.11026429623117193,0.00941912566930044
WK039214,Vogelenwijk,2002,4.080983290901941,-0.021281560241745164,NA,NA,NA,NA,NA
WK039214,Vogelenwijk,2008,4.101057438921284,-0.0012074122224013733,NA,NA,NA,NA,NA
WK039214,Vogelenwijk,2012,4.09162694330715,-0.010637907836534751,NA,NA,NA,NA,NA
WK039214,Vogelenwijk,2014,4.121077912371158,0.01881306122747306,-0.01405054134595747,0.018013940514460043,-0.02759914611918465,0.07899001929415962,-0.036541211116004765
WK039214,Vogelenwijk,2016,4.141047670889124,0.038782819745439547,NA,NA,NA,NA,NA
WK039214,Vogelenwijk,2018,4.125015857165962,0.022751006022276036,-0.018085633432885898,0.013880489456742988,-0.025278085437890646,0.0771893093843983,-0.02495507394808897
WK039214,Vogelenwijk,2020,4.1579103148701995,0.055645463726514494,-0.012634744646626722,0.015158253696808162,-0.023351461380332235,0.09219920992778456,-0.01572579387111953
WK039214,Vogelenwijk,2022,4.174780599576716,0.07251574843303106,-0.009817248642440896,0.020877049203655195,-0.02521993837703451,0.08839045707795182,-0.0017145708291008293
WK039215,Delftwijk,2002,3.9721419071562547,-0.1301229439874306,NA,NA,NA,NA,NA
WK039215,Delftwijk,2008,3.9695532882084477,-0.13271156293523784,NA,NA,NA,NA,NA
WK039215,Delftwijk,2012,4.003037738847775,-0.09922711229591055,NA,NA,NA,NA,NA
WK039215,Delftwijk,2014,3.986122850603209,-0.11614200054047596,-0.013993396204859445,-0.07180073312265868,-0.0678674988021997,0.07597676496352875,-0.03845713737428721
WK039215,Delftwijk,2016,3.995060948777559,-0.10720390236612597,NA,NA,NA,NA,NA
WK039215,Delftwijk,2018,4.004917479286689,-0.09734737185699555,-0.02348172525957993,-0.04366110925248635,-0.06293834850924937,0.0712162391208973,-0.038482427956577525
WK039215,Delftwijk,2020,4.031062287341273,-0.07120256380241234,-0.014821618281547834,-0.05555494139924649,-0.0617544171366246,0.08108964409897244,-0.020161231083966127
WK039215,Delftwijk,2022,4.0239558879665465,-0.07830896317713848,-0.012228498879507657,-0.05861085603848659,-0.06088065053394338,0.07966106717349737,-0.026250024898698467
WK039216,Vondelkwartier,2002,4.063100968453445,-0.03916388269023976,NA,NA,NA,NA,NA
WK039216,Vondelkwartier,2008,4.074099510733862,-0.028165340409823363,NA,NA,NA,NA,NA
WK039216,Vondelkwartier,2012,4.065996036811951,-0.036268814331734026,NA,NA,NA,NA,NA
WK039216,Vondelkwartier,2014,4.074786739439868,-0.02747811170381722,-0.01472093417953324,-0.014635972512179192,-0.03966701537240675,0.061092342271176214,-0.01954653191087452
WK039216,Vondelkwartier,2016,4.1000562883446925,-0.002208562798993113,NA,NA,NA,NA,NA
WK039216,Vondelkwartier,2018,4.058812295532101,-0.043452555611584766,-0.026634238128427003,-0.014975814065202339,-0.03751027951581712,0.05397115746389667,-0.018303381366035255
WK039216,Vondelkwartier,2020,4.090693507033586,-0.011571344110099729,-0.016533079800862088,-0.0034592810663003543,-0.03719366799905474,0.06579195324080504,-0.020177268484687934
WK039216,Vondelkwartier,2022,4.0869420583294715,-0.015322792814214161,-0.01590504989808675,-0.016852395244600814,-0.03750416728503731,0.06212897795161513,-0.007190158338104692
WK039217,Spaarndam,2002,4.119546455254695,0.017281604111010127,NA,NA,NA,NA,NA
WK039217,Spaarndam,2008,4.164754792461764,0.062489941318078224,NA,NA,NA,NA,NA
WK039217,Spaarndam,2012,4.157909986750432,0.05564513560674605,NA,NA,NA,NA,NA
WK039217,Spaarndam,2014,4.211808270103692,0.10954341896000654,0.009367536187359887,0.043164399843425266,0.021702284228158727,-0.0328579037565096,0.06816710245757203
WK039217,Spaarndam,2016,4.24697532307361,0.144710471929925,NA,NA,NA,NA,NA
WK039217,Spaarndam,2018,4.250730389686387,0.14846553854270228,0.016178294811900595,0.0789901343410215,0.021600107471672108,-0.03665602747964533,0.06835302939775321
WK039217,Spaarndam,2020,4.276159036720394,0.17389418557670874,0.01950880686831429,0.08397540816552938,0.02208448813677409,-0.018790288434452174,0.0671157708405428
WK039217,Spaarndam,2022,4.256925062833147,0.1546602116894624,0.021098271433686092,0.07839824503724109,0.022036923045204448,-0.02500252957194393,0.0581293017452744
WK039218,Europawijk,2002,3.8872471845651346,-0.21501766657855012,NA,NA,NA,NA,NA
WK039218,Europawijk,2008,3.891921355706356,-0.21034349543732944,NA,NA,NA,NA,NA
WK039218,Europawijk,2012,3.8735567907824597,-0.22870806036122598,NA,NA,NA,NA,NA
WK039218,Europawijk,2014,3.9273659551571973,-0.174898895986488,-0.0032146673416135712,-0.09445889230833404,-0.05802177892550985,0.07092160475023962,-0.09012516216127042
WK039218,Europawijk,2016,3.93328868147381,-0.16897616966987525,NA,NA,NA,NA,NA
WK039218,Europawijk,2018,3.9452827425202632,-0.15698210862342182,-0.008368522950659296,-0.08348918792081317,-0.057236317718219375,0.06919717536983876,-0.077085255403569
WK039218,Europawijk,2020,3.983121043357562,-0.11914380778612349,-0.004302558640065865,-0.08055597524789262,-0.05902267174641361,0.09093685496803262,-0.06619945711978432
WK039218,Europawijk,2022,3.9826910532994835,-0.11957379784420202,-0.007592982897163068,-0.07835617740614599,-0.06050454345347976,0.09119546634475742,-0.06431556043217089
WK039219,Boerhaavewijk,2002,3.7821168177621343,-0.3201480333815506,NA,NA,NA,NA,NA
WK039219,Boerhaavewijk,2008,3.743266558835362,-0.3589982923083232,NA,NA,NA,NA,NA
WK039219,Boerhaavewijk,2012,3.753572396067804,-0.34869245507588137,NA,NA,NA,NA,NA
WK039219,Boerhaavewijk,2014,3.8403405645752766,-0.2619242865684087,-0.0024523519680245795,-0.16614415746485442,-0.06324483307742615,0.06416615804693211,-0.09424910210503591
WK039219,Boerhaavewijk,2016,3.8818461988707478,-0.22041865227293708,NA,NA,NA,NA,NA
WK039219,Boerhaavewijk,2018,3.8496976773689147,-0.25256717377477084,-0.015074467190579876,-0.15022502163078397,-0.06076285234581502,0.05211109200427164,-0.07861592461186392
WK039219,Boerhaavewijk,2020,3.8903213792845714,-0.2119434718591136,-0.010396173599848686,-0.14035411513173973,-0.05707603222376435,0.0669323210191723,-0.07104947192293339
WK039219,Boerhaavewijk,2022,3.9538254792078376,-0.14843937193584786,-0.00804948666270385,-0.13661475704881496,-0.052386014816521706,0.08990775054629865,-0.04129686395410628
WK039220,Molenwijk,2002,3.9607595930793162,-0.1415052580643688,NA,NA,NA,NA,NA
WK039220,Molenwijk,2008,3.9393018117292753,-0.16296303941440987,NA,NA,NA,NA,NA
WK039220,Molenwijk,2012,3.944529808710123,-0.15773504243356232,NA,NA,NA,NA,NA
WK039220,Molenwijk,2014,3.955386239507715,-0.14687861163597063,0.011445176665463058,-0.08814227488309714,-0.04438859514756756,0.010518476501740997,-0.036311394772510254
WK039220,Molenwijk,2016,3.973427029008257,-0.12883782213542816,NA,NA,NA,NA,NA
WK039220,Molenwijk,2018,3.9555350215133296,-0.14672982963035527,-0.003473373888812336,-0.07275905471290926,-0.042376334025084714,0.00306126931435644,-0.031182336317905717
WK039220,Molenwijk,2020,3.962372934980384,-0.13989191616330118,0.0013918740481299054,-0.08605250019883022,-0.04646923267583511,0.019164934655490882,-0.027926991992256907
WK039220,Molenwijk,2022,3.994778069263108,-0.10748678188057734,-6.752464518068172e-4,-0.062833689043582025,-0.04010192607657189,0.017011095499744576,-0.020887015808361463
WK039221,Meerwijk,2002,3.8425008380374237,-0.2597640131062615,NA,NA,NA,NA,NA
WK039221,Meerwijk,2008,3.844101954317734,-0.25816289682595095,NA,NA,NA,NA,NA
WK039221,Meerwijk,2012,3.8533009438720147,-0.24896390727167056,NA,NA,NA,NA,NA
WK039221,Meerwijk,2014,3.8754680343529797,-0.22679681679070574,0.010751947911234076,-0.13553106345081664,-0.08176411099770356,0.024266929899969467,-0.04452052015338935
WK039221,Meerwijk,2016,3.921632930616839,-0.18063192052684637,NA,NA,NA,NA,NA
WK039221,Meerwijk,2018,3.86345276049713,-0.23881209064655567,-0.0052066261843269086,-0.13189559400384193,-0.0766159089085169,0.013646937936265723,-0.03874089948613597
WK039221,Meerwijk,2020,3.877536298248362,-0.22472855289532337,0.004450371834057244,-0.1465707999143834,-0.07980249896688822,0.03679643914590281,-0.039602064994012094
WK039221,Meerwijk,2022,3.855241158130946,-0.24702369301273935,-0.004120620656244002,-0.16770501327993406,-0.08200093208825514,0.03629027360678405,-0.02948740059509046
WK039401,Hoofddorp,2002,4.038091974577305,-0.06417287656638085,NA,NA,NA,NA,NA
WK039401,Hoofddorp,2008,4.044624226383184,-0.05764062476050127,NA,NA,NA,NA,NA
WK039401,Hoofddorp,2012,4.047212291117613,-0.05505256002607214,NA,NA,NA,NA,NA
WK039401,Hoofddorp,2014,4.073291955594309,-0.028972895549376352,0.01188438546056381,-0.011377863605562593,-0.0017183102507202176,-0.008871324460123125,-0.018889782693534505
WK039401,Hoofddorp,2016,4.084948906936531,-0.017315944207154318,NA,NA,NA,NA,NA
WK039401,Hoofddorp,2018,4.0880057409593675,-0.014259110184317983,-0.007389745911296163,-8.118565059773336e-4,-0.004783180313156977,0.011494518117404071,-0.01276884557129186
WK039401,Hoofddorp,2020,4.109802778969523,0.007537927825837555,9.409130722376261e-4,0.001466457797735557,-0.005576890061015579,0.023179660182294056,-0.012472213165414385
WK039401,Hoofddorp,2022,4.112415517861732,0.01015066671804601,0.002310534268477388,-0.001306299482335255,-1.6142280891973026e-4,0.013569604301929529,-0.0042617495611062
WK039402,Nieuw-Vennep,2002,4.019781105954248,-0.08248374518943755,NA,NA,NA,NA,NA
WK039402,Nieuw-Vennep,2008,4.066251118817771,-0.036013732325914594,NA,NA,NA,NA,NA
WK039402,Nieuw-Vennep,2012,4.0594469861498625,-0.042817864993822584,NA,NA,NA,NA,NA
WK039402,Nieuw-Vennep,2014,4.077010299613269,-0.025254551530416405,0.0063549582218444135,0.01449428284221601,0.01404246147909863,-0.05555559098556317,-0.0045906630880125626
WK039402,Nieuw-Vennep,2016,4.076330814631908,-0.02593403651177692,NA,NA,NA,NA,NA
WK039402,Nieuw-Vennep,2018,4.08161116938404,-0.020653681759645246,-0.010580421414758743,0.023076942531122947,0.011043453092677792,-0.044804914946135255,6.112589774477224e-4
WK039402,Nieuw-Vennep,2020,4.107757416842244,0.005492565698558798,-0.0029584755973043643,0.02966923756988245,0.010374656082296546,-0.03604735483456286,0.004454502478246761
WK039402,Nieuw-Vennep,2022,4.1025734253129,3.0857416921490044e-4,-0.0023329121091755487,0.02131861993409251,0.011912614641488115,-0.03798667785749296,0.007396929560302503
WK039403,Zwanenburg,2002,3.9774404795896636,-0.12482437155402142,NA,NA,NA,NA,NA
WK039403,Zwanenburg,2008,3.964894935381322,-0.13736991576236332,NA,NA,NA,NA,NA
WK039403,Zwanenburg,2012,3.994720500535373,-0.1075443506083123,NA,NA,NA,NA,NA
WK039403,Zwanenburg,2014,4.0652606302735,-0.03700422087018482,-0.01605943333880187,0.008975660377079796,0.00983045293413621,-0.013590277347247683,-0.026160623495351552
WK039403,Zwanenburg,2016,4.07182315984167,-0.03044169130201524,NA,NA,NA,NA,NA
WK039403,Zwanenburg,2018,4.024854554860978,-0.077410296282707,-0.03495024057990399,0.004080085657763857,0.01032894576118641,-0.035844832154453866,-0.021024254967299684
WK039403,Zwanenburg,2020,4.052651915108249,-0.049612936035436574,-0.028785480878999306,0.014906846608709206,0.01309888937673377,-0.02655155857874594,-0.022281632563134594
WK039403,Zwanenburg,2022,4.045372333043273,-0.05689251810041144,-0.02725740546422121,-0.0069291201612495384,0.011524716873472155,-0.03027270812271904,-0.003958001225694081
WK039404,Lijnden / Boesingheliede,2002,4.09100678026921,-0.011258070874475206,NA,NA,NA,NA,NA
WK039404,Lijnden / Boesingheliede,2008,4.166111367622091,0.06384651647840556,NA,NA,NA,NA,NA
WK039404,Lijnden / Boesingheliede,2012,4.137342656587397,0.03507780544371216,NA,NA,NA,NA,NA
WK039404,Lijnden / Boesingheliede,2014,4.166098374958453,0.06383352381476709,-0.054076072097850286,0.06928970850211638,0.08866348174146721,-0.0837915177534894,0.043747923422523004
WK039404,Lijnden / Boesingheliede,2016,4.164672414762651,0.06240756361896588,NA,NA,NA,NA,NA
WK039404,Lijnden / Boesingheliede,2018,4.160932578932156,0.05866772778847137,-0.0682002685802926,0.09010975633022765,0.07749997733902386,-0.07528665712044337,0.03454491981995546
WK039404,Lijnden / Boesingheliede,2020,4.143220292285927,0.040955441142242345,-0.08138583377684216,0.08809573305612715,0.06482086855581598,-0.06654353454694768,0.03596820785408879
WK039404,Lijnden / Boesingheliede,2022,4.119714915467289,0.01745006432360416,-0.087976602099336,0.0842544553071176,0.0710634867214272,-0.061847300185836784,0.011956024580231874
WK039405,Badhoevedorp,2002,4.12333350410202,0.021068652958334943,NA,NA,NA,NA,NA
WK039405,Badhoevedorp,2008,4.1262065495224105,0.02394169837872497,NA,NA,NA,NA,NA
WK039405,Badhoevedorp,2012,4.1179306225146295,0.01566577137094448,NA,NA,NA,NA,NA
WK039405,Badhoevedorp,2014,4.158582207156755,0.05631735601306955,-0.0010602075680140356,0.015202840355733811,0.008536457606487724,0.040886208118944965,-0.007247942500083199
WK039405,Badhoevedorp,2016,4.134777532986082,0.03251268184239668,NA,NA,NA,NA,NA
WK039405,Badhoevedorp,2018,4.152657523007001,0.050392671863315655,-0.019931213963803523,0.02457902260768568,0.010640913949009774,0.03947419071752185,-0.00437024144709837
WK039405,Badhoevedorp,2020,4.186913249253262,0.0846483981095774,-0.012109511005792505,0.035872818022266516,0.00944199261843117,0.05601901855532998,-0.004575920080657999
WK039405,Badhoevedorp,2022,4.196487009910762,0.09422215876707705,-0.012758411453194217,0.019067152300219995,0.017370628960103243,0.06170572348872702,0.008837065471220732
WK039406,Aalsmeerderbrug/ Oude Meer/ Rozenburg /,2002,4.240912004073467,0.1386471529297817,NA,NA,NA,NA,NA
WK039406,Aalsmeerderbrug/ Oude Meer/ Rozenburg /,2008,4.312255151364045,0.20999030022035967,NA,NA,NA,NA,NA
WK039406,Aalsmeerderbrug/ Oude Meer/ Rozenburg /,2012,4.26981378995508,0.16754893881139488,NA,NA,NA,NA,NA
WK039406,Aalsmeerderbrug/ Oude Meer/ Rozenburg /,2014,4.197362419320623,0.09509756817693708,-0.03890230373559722,0.05674630458175415,0.09208600998729594,-0.07266308252411331,0.057830639867597296
WK039406,Aalsmeerderbrug/ Oude Meer/ Rozenburg /,2016,4.219410917738424,0.11714606659473885,NA,NA,NA,NA,NA
WK039406,Aalsmeerderbrug/ Oude Meer/ Rozenburg /,2018,4.202732766257327,0.10046791511364171,-0.04860498942424515,0.05993758309687628,0.1031908813641149,-0.06215106081936466,0.048095500896259996
WK039406,Aalsmeerderbrug/ Oude Meer/ Rozenburg /,2020,4.195035238642609,0.09277038749892325,-0.05251481884681388,0.06811213940140032,0.06987841191002606,-0.05148978303232384,0.058784438066634304
WK039406,Aalsmeerderbrug/ Oude Meer/ Rozenburg /,2022,4.203007322045802,0.10074247090211644,-0.05158690770730515,0.08552147320515344,0.06669157225221474,-0.05749821065120683,0.057614543803260004
WK039407,Rijsenhout,2002,3.9906508116787696,-0.11161403946491533,NA,NA,NA,NA,NA
WK039407,Rijsenhout,2008,4.0029869328584216,-0.09927791828526336,NA,NA,NA,NA,NA
WK039407,Rijsenhout,2012,4.0489088556780555,-0.05335599546563034,NA,NA,NA,NA,NA
WK039407,Rijsenhout,2014,4.04069905693557,-0.061565794208115206,-0.024145214065448044,0.03239339808998874,0.020582813499953116,-0.1032744834637611,0.012877691731151811
WK039407,Rijsenhout,2016,4.028562106604557,-0.07370274453912826,NA,NA,NA,NA,NA
WK039407,Rijsenhout,2018,4.041852077326001,-0.06041277381768391,-0.03784644918335103,0.034936290326791825,0.022621860773845526,-0.09175292884795402,0.011628453112983515
WK039407,Rijsenhout,2020,4.05259687895822,-0.04966797218546457,-0.04548745388082954,0.03697530867165142,0.021101733749178824,-0.07409942322527281,0.01184186249980717
WK039407,Rijsenhout,2022,4.02471576692288,-0.0775490842208049,-0.046148260953649725,0.03075365245796092,0.01878868197151659,-0.0954293972187341,0.014486239522101135
WK039408,Burgerveen / Leimuiderbrug / Weteringbru,2002,4.022450714194295,-0.07981413694938987,NA,NA,NA,NA,NA
WK039408,Burgerveen / Leimuiderbrug / Weteringbru,2008,4.093969224446791,-0.008295626696894471,NA,NA,NA,NA,NA
WK039408,Burgerveen / Leimuiderbrug / Weteringbru,2012,4.134861595246027,0.03259674410234087,NA,NA,NA,NA,NA
WK039408,Burgerveen / Leimuiderbrug / Weteringbru,2014,4.143976302657421,0.041711451513735696,-0.022167415702445643,0.08142478361644527,0.05706030936593624,-0.12718925520550406,0.05258302943930356
WK039408,Burgerveen / Leimuiderbrug / Weteringbru,2016,4.142836380584646,0.0405715294409614,NA,NA,NA,NA,NA
WK039408,Burgerveen / Leimuiderbrug / Weteringbru,2018,4.139904950733474,0.03764009958978785,-0.0301791641815643,0.08588923363242677,0.0705773306649843,-0.13173273733702714,0.04308543681096789
WK039408,Burgerveen / Leimuiderbrug / Weteringbru,2020,4.150732734162126,0.04846788301844082,-0.028475820812834365,0.08691929590294564,0.06163253080587647,-0.12350052848015915,0.05189240560261193
WK039408,Burgerveen / Leimuiderbrug / Weteringbru,2022,4.118023464371573,0.01575861322788793,-0.04245354891678072,0.0763716851081062,0.05937915607381107,-0.13050521781790797,0.05296653878065915
WK039409,Abbenes / Buitenkaag,2002,4.00587559264015,-0.09638925850353543,NA,NA,NA,NA,NA
WK039409,Abbenes / Buitenkaag,2008,4.03737507647815,-0.0648897746655348,NA,NA,NA,NA,NA
WK039409,Abbenes / Buitenkaag,2012,4.078702222788691,-0.023562628354994394,NA,NA,NA,NA,NA
WK039409,Abbenes / Buitenkaag,2014,4.08150993046244,-0.020754920681245015,-0.023050116470489684,0.0660822346046829,0.0498425663744349,-0.14569602299089868,0.03206641780102523
WK039409,Abbenes / Buitenkaag,2016,4.135731058852459,0.03346620770877405,NA,NA,NA,NA,NA
WK039409,Abbenes / Buitenkaag,2018,4.117339388313945,0.01507453717026021,-0.03182098499205005,0.09677404607652926,0.05313879868182851,-0.13420012834118206,0.031182805745134327
WK039409,Abbenes / Buitenkaag,2020,4.109246827708173,0.006981976564487833,-0.030626289420243945,0.08127924412188545,0.053411774252826165,-0.12713351205354567,0.030050759663565643
WK039409,Abbenes / Buitenkaag,2022,4.11840619221462,0.016141341070933877,-0.03001963753379328,0.09198979133144036,0.05053549393369453,-0.12819075746411684,0.03182645080370887
WK039410,Lisserbroek,2002,4.048750899767852,-0.05351395137583226,NA,NA,NA,NA,NA
WK039410,Lisserbroek,2008,4.078159824511617,-0.024105026632069163,NA,NA,NA,NA,NA
WK039410,Lisserbroek,2012,4.109133214398251,0.006868363254565615,NA,NA,NA,NA,NA
WK039410,Lisserbroek,2014,4.095038334217252,-0.0072265169264331295,-0.011466645655322596,0.04823928482006651,0.03422972870283945,-0.09599873010071709,0.017769845306700338
WK039410,Lisserbroek,2016,4.158368573006433,0.05610372186274766,NA,NA,NA,NA,NA
WK039410,Lisserbroek,2018,4.141177322455078,0.03891247131139245,-0.011702556024289512,0.0628073216836311,0.036095474598753924,-0.06931092458378456,0.021023155637081275
WK039410,Lisserbroek,2020,4.146263096427311,0.04399824528362536,-0.007034086237517305,0.0472347422823912,0.03875671117078685,-0.053418816988896764,0.01845969505686109
WK039410,Lisserbroek,2022,4.162599259076571,0.06033440793288598,-0.002724426083095806,0.06101794732243577,0.0395810073583997,-0.05887601331751093,0.021335892652656983
WK039411,Beinsdorp,2002,4.053021503987719,-0.04924334715596573,NA,NA,NA,NA,NA
WK039411,Beinsdorp,2008,4.0371716285689425,-0.06509322257474251,NA,NA,NA,NA,NA
WK039411,Beinsdorp,2012,4.05906421343547,-0.04320063770821446,NA,NA,NA,NA,NA
WK039411,Beinsdorp,2014,4.148958274630601,0.04669342348691593,-0.01837962120279751,0.05998745438280408,0.05886957147103819,-0.08236661019001608,0.028582629025886902
WK039411,Beinsdorp,2016,4.165940227091555,0.06367537594786968,NA,NA,NA,NA,NA
WK039411,Beinsdorp,2018,4.155632019875428,0.05336716873174356,-0.023855852298097852,0.07239273833553245,0.056582862236534394,-0.07487565655339401,0.023123077011168208
WK039411,Beinsdorp,2020,4.170956338174175,0.06869148703048991,-0.018017395517273466,0.07770689969695539,0.0439072427453898,-0.06630531604668363,0.031400056152101494
WK039411,Beinsdorp,2022,4.164688698727832,0.06242384758414645,-0.023484181666931874,0.08353032375693276,0.04409678532534769,-0.06824355141654179,0.026524471585339406
WK039412,Zwaanshoek,2002,4.142906502041663,0.04064165089797856,NA,NA,NA,NA,NA
WK039412,Zwaanshoek,2008,4.12478398436565,0.02251913322196474,NA,NA,NA,NA,NA
WK039412,Zwaanshoek,2012,4.094046674222544,-0.008218176921140465,NA,NA,NA,NA,NA
WK039412,Zwaanshoek,2014,4.119181512107659,0.01691666096397321,-0.027355386273797886,0.047071381331531825,0.06288782186246876,-0.10196570406873783,0.03627854811250809
WK039412,Zwaanshoek,2016,4.131682138429522,0.02941728728583629,NA,NA,NA,NA,NA
WK039412,Zwaanshoek,2018,4.127271036216538,0.02500618507285271,-0.03369230449192798,0.06591782335533726,0.054716200745838287,-0.09550480844482485,0.033569273908429696
WK039412,Zwaanshoek,2020,4.144113218915742,0.04184836777205672,-0.028664411576518663,0.06664061524686495,0.05596150643312745,-0.08264283839412621,0.03055349606270892
WK039412,Zwaanshoek,2022,4.137161419480672,0.03489656833698684,-0.029207853653658553,0.06120087045828183,0.05705011619631437,-0.09125387687070119,0.03710731220675002
WK039413,Cruquius,2002,4.089854840084462,-0.01241001105922327,NA,NA,NA,NA,NA
WK039413,Cruquius,2008,4.147274885508037,0.0450100343643522,NA,NA,NA,NA,NA
WK039413,Cruquius,2012,4.176678326203938,0.07441347506025314,NA,NA,NA,NA,NA
WK039413,Cruquius,2014,4.194061009807631,0.09179615866394557,-0.010144969378490538,0.03985870847608395,0.07312113194878958,-0.06411256680941692,0.053073854426979136
WK039413,Cruquius,2016,4.161894633974175,0.059629782830490086,NA,NA,NA,NA,NA
WK039413,Cruquius,2018,4.197563803862917,0.09529895271923161,-0.019632354285109323,0.06371417915632151,0.0669486343095562,-0.06139009720114289,0.04565859073960584
WK039413,Cruquius,2020,4.190013570280482,0.0877487191367967,-0.01934756534481498,0.06038576282332994,0.05934859643868247,-0.047786806989563314,0.03514873220916224
WK039413,Cruquius,2022,4.174887855539731,0.07262300439604542,-0.007444967119974041,0.07124232359668661,0.02112603239646075,-0.055468541447614844,0.04316815697048658
WK039415,Vijfhuizen,2002,4.106502616416969,0.004237765273283569,NA,NA,NA,NA,NA
WK039415,Vijfhuizen,2008,4.102013360174945,-2.514909687401655e-4,NA,NA,NA,NA,NA
WK039415,Vijfhuizen,2012,4.115716820653854,0.013451969510168525,NA,NA,NA,NA,NA
WK039415,Vijfhuizen,2014,4.177871015278839,0.0756061641351541,0.003308118296945582,0.06005019637235168,0.04452850420331552,-0.05526986293382121,0.022989208196362226
WK039415,Vijfhuizen,2016,4.197856707428834,0.09559185628514914,NA,NA,NA,NA,NA
WK039415,Vijfhuizen,2018,4.17177348017014,0.06950862902645427,-0.01862585265778393,0.07348569145307159,0.04435565263034099,-0.06020842449939749,0.030501562100222868
WK039415,Vijfhuizen,2020,4.1692789521692575,0.06701410102557287,-0.017288708773471283,0.05279289457003365,0.04536509203716605,-0.04601598776020959,0.032160810952053795
WK039415,Vijfhuizen,2022,4.144571648096472,0.04230679695278627,-0.01705908451929005,0.043821551719640625,0.044073811388631555,-0.06027892595991288,0.03174944432371673
WK039420,Spaarndam,2014,4.111113903501674,0.008849052357988229,-0.013866122934288195,0.05490324681198652,0.029922345255000427,-0.0709953213313056,0.008884904556594775
WK039420,Spaarndam,2016,4.120712619223981,0.018447768080295388,NA,NA,NA,NA,NA
WK039420,Spaarndam,2018,4.121316409336468,0.01905155819278298,-0.01438248028600106,0.06596447266445338,0.031351348551396915,-0.0749768107392532,0.011095028002186643
WK039420,Spaarndam,2020,4.141597358310507,0.03933250716682123,-0.008549654311246,0.05948917080784979,0.03474845228123744,-0.0605096853647455,0.014154223753725237
WK039420,Spaarndam,2022,4.139043913250535,0.03677906210684994,-0.008602840421144235,0.06808369344324153,0.03151710874397006,-0.06842937857661523,0.014210478917397502
WK039421,Haarlemmerliede,2002,4.230465338938074,0.12820048779438822,NA,NA,NA,NA,NA
WK039421,Haarlemmerliede,2008,4.099965643519965,-0.0022992076237194556,NA,NA,NA,NA,NA
WK039421,Haarlemmerliede,2012,4.230005944747017,0.1277410936033318,NA,NA,NA,NA,NA
WK039421,Haarlemmerliede,2014,4.301678936671651,0.19941408552796555,0.025489854798434426,0.07929386500418675,0.08655627101428232,-0.04900116753970965,0.057075262250771336
WK039421,Haarlemmerliede,2016,4.290514498362401,0.1882496472187163,NA,NA,NA,NA,NA
WK039421,Haarlemmerliede,2018,4.327693718926629,0.22542886778294483,0.012463536602378271,0.1133432943121854,0.08625280498003134,-0.045040530649489825,0.05840976253783935
WK039421,Haarlemmerliede,2020,4.308586941678667,0.2063220905349812,0.005197799013308948,0.10611758548293196,0.07006708810686979,-0.033315015798688424,0.05825463373055881
WK039421,Haarlemmerliede,2022,4.3251769176655905,0.22291206652190507,0.0024071359619602982,0.1119771755719246,0.07452317756471583,-0.029649512898876778,0.06365409032218082
WK039422,Halfweg,2002,4.140764088842647,0.03849923769896199,NA,NA,NA,NA,NA
WK039422,Halfweg,2008,4.068008431574598,-0.034256419569086906,NA,NA,NA,NA,NA
WK039422,Halfweg,2012,4.085603127599756,-0.016661723543928874,NA,NA,NA,NA,NA
WK039422,Halfweg,2014,4.0980569142298675,-0.004207936913817397,-0.016142223649554692,-0.0058853354161799935,0.02414869704715542,-0.0018276894375642754,-0.0045013854576741305
WK039422,Halfweg,2016,4.117335121887689,0.015070270744003302,NA,NA,NA,NA,NA
WK039422,Halfweg,2018,4.106739096400804,0.004474245257118385,-0.025538325412371592,0.01918950828883673,0.02722156892892632,-0.019678473650243628,0.0032799671019702217
WK039422,Halfweg,2020,4.128255731145544,0.025990880001859527,-0.019178916263214052,0.025562509848328394,0.02176906848934439,-0.007847195012332654,0.005685412939733151
WK039422,Halfweg,2022,4.132796787716702,0.03053193657301644,-0.03405270618460823,0.04654387475522795,0.018657346975538364,-0.017553823575920214,0.01693724460277821
WK039601,Wijk 01 Heemskerk-Dorp,2002,4.032798997260775,-0.06946585388291071,NA,NA,NA,NA,NA
WK039601,Wijk 01 Heemskerk-Dorp,2008,4.051598925485097,-0.05066592565858819,NA,NA,NA,NA,NA
WK039601,Wijk 01 Heemskerk-Dorp,2012,4.0586169277972735,-0.043647923346411883,NA,NA,NA,NA,NA
WK039601,Wijk 01 Heemskerk-Dorp,2014,4.053299629723805,-0.04896522141988097,0.029357571844656382,-0.03901490240365607,-0.023024388282223005,0.001165152848264005,-0.017448655426922643
WK039601,Wijk 01 Heemskerk-Dorp,2016,4.084819941968036,-0.017444909175649097,NA,NA,NA,NA,NA
WK039601,Wijk 01 Heemskerk-Dorp,2018,4.08067903421734,-0.021585816926345057,0.013410252975582453,-0.014674222065876095,-0.025958654385066376,0.007446696070172745,-0.0018098895211580898
WK039601,Wijk 01 Heemskerk-Dorp,2020,4.108566631652915,0.006301780509229429,0.022144789797880884,-0.013246353886412949,-0.027565163946639885,0.029569447250060655,-0.004600938705659611
WK039601,Wijk 01 Heemskerk-Dorp,2022,4.077120095687713,-0.0251447554559724,0.01987684739401063,-0.020657845854865804,-0.033769507771871266,0.016666988190388594,-0.007261237413634934
WK039602,Wijk 02 Commandeurs en Marquette,2002,4.11212399206535,0.00985914092166583,NA,NA,NA,NA,NA
WK039602,Wijk 02 Commandeurs en Marquette,2008,4.115433012650992,0.013168161507306472,NA,NA,NA,NA,NA
WK039602,Wijk 02 Commandeurs en Marquette,2012,4.129645707802897,0.027380856659212555,NA,NA,NA,NA,NA
WK039602,Wijk 02 Commandeurs en Marquette,2014,4.2128758125882255,0.11061096144454051,0.08079073400797329,0.05469007911973325,0.01059247343436095,-0.045093708071701294,0.009631382954173984
WK039602,Wijk 02 Commandeurs en Marquette,2016,4.2021781788398,0.09991332769611402,NA,NA,NA,NA,NA
WK039602,Wijk 02 Commandeurs en Marquette,2018,4.188644121936529,0.0863792707928442,0.06233455766977032,0.04672312235205836,0.009468060943015102,-0.04386650494416328,0.011720034772163464
WK039602,Wijk 02 Commandeurs en Marquette,2020,4.2011354992984,0.0988706481547146,0.06854534418250455,0.0478486470086794,0.006558511496816634,-0.03636429140364534,0.012282436870359077
WK039602,Wijk 02 Commandeurs en Marquette,2022,4.2108751627014955,0.10861031155781009,0.07018492307957433,0.058374809748355065,0.007927650043167506,-0.04323622783293706,0.015359156519650035
WK039603,"Wijk 03 Hofland, Oosterwijk en Zuidbroek",2002,3.8977569998367985,-0.2045078513068867,NA,NA,NA,NA,NA
WK039603,"Wijk 03 Hofland, Oosterwijk en Zuidbroek",2008,3.892689462500117,-0.20957538864356798,NA,NA,NA,NA,NA
WK039603,"Wijk 03 Hofland, Oosterwijk en Zuidbroek",2012,3.9402140190663624,-0.16205083207732277,NA,NA,NA,NA,NA
WK039603,"Wijk 03 Hofland, Oosterwijk en Zuidbroek",2014,3.944051520143226,-0.15821333100045915,-0.004105028699171892,-0.048889621092720735,-0.037940636357215736,-0.028731381560859887,-0.03854666329049115
WK039603,"Wijk 03 Hofland, Oosterwijk en Zuidbroek",2016,3.9440844019716716,-0.1581804491720138,NA,NA,NA,NA,NA
WK039603,"Wijk 03 Hofland, Oosterwijk en Zuidbroek",2018,3.911862125730797,-0.19040272541288822,-0.026532175096668442,-0.053914619436758335,-0.03786482262934592,-0.030695626901888685,-0.04139548134822708
WK039603,"Wijk 03 Hofland, Oosterwijk en Zuidbroek",2020,3.9222387249772326,-0.18002612616645275,-0.022165867582807555,-0.06613174194359914,-0.03912075657705824,-0.010925239334339676,-0.04168252072864848
WK039603,"Wijk 03 Hofland, Oosterwijk en Zuidbroek",2022,3.895196045744289,-0.2070688053993962,-0.025767987267651067,-0.09274666504639782,-0.039997404246608005,-0.01776913876435364,-0.030787610074385983
WK039604,Wijk 04 Heemskerkerduin en Noorddorp,2002,4.243920980536991,0.14165612939330655,NA,NA,NA,NA,NA
WK039604,Wijk 04 Heemskerkerduin en Noorddorp,2008,4.235919238006754,0.13365438686306785,NA,NA,NA,NA,NA
WK039604,Wijk 04 Heemskerkerduin en Noorddorp,2012,4.257636759757458,0.15537190861377181,NA,NA,NA,NA,NA
WK039604,Wijk 04 Heemskerkerduin en Noorddorp,2014,4.308693289081212,0.20642843793752724,0.0671302973027759,0.07723209503252955,0.10182730854893798,-0.08369361254868476,0.043932349601968367
WK039604,Wijk 04 Heemskerkerduin en Noorddorp,2016,4.3078617348911346,0.20559688374744925,NA,NA,NA,NA,NA
WK039604,Wijk 04 Heemskerkerduin en Noorddorp,2018,4.291891023340427,0.1896261721967422,0.029856612988920558,0.09777123925783053,0.10617665969835097,-0.08610172261163382,0.0419233828632737
WK039604,Wijk 04 Heemskerkerduin en Noorddorp,2020,4.259159291320197,0.15689444017651158,0.031032366178940545,0.08527263882215153,0.08187595670845717,-0.07881597710473413,0.03752945557169623
WK039604,Wijk 04 Heemskerkerduin en Noorddorp,2022,4.280931943785966,0.17866709264228045,0.03468154658483884,0.09164913203474878,0.08235637857482968,-0.08037087367912789,0.05035090912699074
WK039605,Wijk 05 Poelenburg en Oosterzij,2002,3.9573661198272454,-0.14489873131644024,NA,NA,NA,NA,NA
WK039605,Wijk 05 Poelenburg en Oosterzij,2008,3.9645985408169944,-0.13766631032669052,NA,NA,NA,NA,NA
WK039605,Wijk 05 Poelenburg en Oosterzij,2012,3.988228259758326,-0.1140365913853593,NA,NA,NA,NA,NA
WK039605,Wijk 05 Poelenburg en Oosterzij,2014,3.99443425807746,-0.107830593066225,0.017640115352035936,-0.045019204128372375,-0.0503358639270819,-0.016468601101074544,-0.013647039261732446
WK039605,Wijk 05 Poelenburg en Oosterzij,2016,3.947309766722966,-0.1549550844207193,NA,NA,NA,NA,NA
WK039605,Wijk 05 Poelenburg en Oosterzij,2018,3.985516827537634,-0.11674802360605133,0.002534331713154967,-0.047511236022344604,-0.046662922437454325,-0.012151735867686062,-0.012956460991721604
WK039605,Wijk 05 Poelenburg en Oosterzij,2020,3.978402875504198,-0.1238619756394873,0.0069462584848396704,-0.06457101588628283,-0.04689397915851995,-0.004616840666748807,-0.014726398412775637
WK039605,Wijk 05 Poelenburg en Oosterzij,2022,3.9695633744443257,-0.13270147669935958,0.008465252303873653,-0.06276681698202283,-0.04930744490965881,-0.011724500956258615,-0.017367966155293256
WK039606,Wijk 06 Noordbroek en De Trompet,2002,4.037696059369272,-0.06456879177441341,NA,NA,NA,NA,NA
WK039606,Wijk 06 Noordbroek en De Trompet,2008,4.061597364630388,-0.04066748651329732,NA,NA,NA,NA,NA
WK039606,Wijk 06 Noordbroek en De Trompet,2012,4.084443673416024,-0.017821177727661425,NA,NA,NA,NA,NA
WK039606,Wijk 06 Noordbroek en De Trompet,2014,4.090126497150966,-0.0121383539927188,-0.010422034160951929,0.04928275254938118,0.010243122187128653,-0.07083943768844615,0.009597243120169168
WK039606,Wijk 06 Noordbroek en De Trompet,2016,4.098025770850055,-0.0042390802936302695,NA,NA,NA,NA,NA
WK039606,Wijk 06 Noordbroek en De Trompet,2018,4.0856820761449,-0.01658277499878458,-0.02493004007705224,0.06620187475895312,0.008091437623305487,-0.07280635836070849,0.0068603110567172524
WK039606,Wijk 06 Noordbroek en De Trompet,2020,4.119748012340097,0.01748316119641173,0.0066448289923188505,0.0676619388436728,0.004675525602492961,-0.07347022439617922,0.01197109215410601
WK039606,Wijk 06 Noordbroek en De Trompet,2022,4.121705822824935,0.019440971681249752,0.009323287699467261,0.05783452418720952,0.01209805056174759,-0.07722239087338925,0.01740750010621437
WK039607,Wijk 07 Kerkbeek,2002,4.080632459183301,-0.021632391960384238,NA,NA,NA,NA,NA
WK039607,Wijk 07 Kerkbeek,2008,4.0896582123548475,-0.01260663878883787,NA,NA,NA,NA,NA
WK039607,Wijk 07 Kerkbeek,2012,4.099266079832474,-0.0029987713112111904,NA,NA,NA,NA,NA
WK039607,Wijk 07 Kerkbeek,2014,4.090662327813534,-0.011602523330151443,0.03301453536449296,0.010880986559318328,-0.009301342403162683,-0.014301157603832583,-0.03189554524696773
WK039607,Wijk 07 Kerkbeek,2016,4.123814777378724,0.021549926235038874,NA,NA,NA,NA,NA
WK039607,Wijk 07 Kerkbeek,2018,4.1176581200670475,0.01539326892336213,0.00993178377930602,0.03262160255995953,-0.008318574761844028,-0.008909948441436435,-0.009931594212623232
WK039607,Wijk 07 Kerkbeek,2020,4.116783198435044,0.014518347291359184,0.01181965229191584,0.0254042862469695,-0.009539531108249589,0.003370533056715916,-0.016536593195992818
WK039607,Wijk 07 Kerkbeek,2022,4.127755810119885,0.025490958976198852,0.01829489055137753,0.025439600422434372,-0.010240385543141948,-0.006174030778215084,-0.0018291156762563119
WK039608,Wijk 08 Assumburg,2002,4.076592243473387,-0.025672607670298213,NA,NA,NA,NA,NA
WK039608,Wijk 08 Assumburg,2008,4.080157564887526,-0.022107286256159358,NA,NA,NA,NA,NA
WK039608,Wijk 08 Assumburg,2012,4.078906613875622,-0.023358237268062822,NA,NA,NA,NA,NA
WK039608,Wijk 08 Assumburg,2014,4.1016018688396,-6.629823040852536e-4,0.011221227778371338,0.017911751291984957,0.0036206530213343316,-0.02327298607092344,-0.010143628324852726
WK039608,Wijk 08 Assumburg,2016,4.097198616428633,-0.00506623471505282,NA,NA,NA,NA,NA
WK039608,Wijk 08 Assumburg,2018,4.076329873596266,-0.025934977547419243,-0.007280263159546787,0.015805448705757955,0.0015954093777226829,-0.023527102766313233,-0.012528469705040195
WK039608,Wijk 08 Assumburg,2020,4.108097777831507,0.005832926687821473,-0.002173051537574925,0.020512129784311207,0.007125798379432957,-0.011741589928232812,-0.007890360010115196
WK039608,Wijk 08 Assumburg,2022,4.140897742185774,0.03863289104208854,0.0025841351028799107,0.04695425187663883,0.005925020866137983,-0.011631158248466764,-0.005199358555101719
WK039609,Wijk 09 Hoogdorp en Waterakkers,2002,4.072902831091371,-0.029362020052314447,NA,NA,NA,NA,NA
WK039609,Wijk 09 Hoogdorp en Waterakkers,2008,4.0916406862401,-0.010624164903585026,NA,NA,NA,NA,NA
WK039609,Wijk 09 Hoogdorp en Waterakkers,2012,4.122780797855679,0.020515946711994176,NA,NA,NA,NA,NA
WK039609,Wijk 09 Hoogdorp en Waterakkers,2014,4.1654352906992385,0.06317043955555353,0.03532653666295762,0.03465032512214227,0.012224857371795232,-0.029085801858399686,0.010054522257057757
WK039609,Wijk 09 Hoogdorp en Waterakkers,2016,4.144493673862735,0.04222882271904924,NA,NA,NA,NA,NA
WK039609,Wijk 09 Hoogdorp en Waterakkers,2018,4.162548117635666,0.060283266491980174,0.016371574277288428,0.05261780287751922,0.011687543239750827,-0.031878270870698264,0.011484616968119704
WK039609,Wijk 09 Hoogdorp en Waterakkers,2020,4.177141082129993,0.07487623098630802,0.027245159905051847,0.04214979659426704,0.010702044086519306,-0.017237162226501384,0.012016392626970906
WK039609,Wijk 09 Hoogdorp en Waterakkers,2022,4.1729595890585305,0.07069473791484512,0.02858702311634322,0.03417692827103658,0.008868314806844527,-0.020925490741829325,0.01998796246244984
WK039610,Wijk 10 Broekpolder,2002,3.808295165730933,-0.29396968541275237,NA,NA,NA,NA,NA
WK039610,Wijk 10 Broekpolder,2008,4.023054969878996,-0.07920988126468873,NA,NA,NA,NA,NA
WK039610,Wijk 10 Broekpolder,2012,4.105049751143757,0.0027849000000719428,NA,NA,NA,NA,NA
WK039610,Wijk 10 Broekpolder,2014,4.094057542990708,-0.008207308152977712,-0.016579865649809258,0.01595227533186117,0.023629130078888484,-0.04735592734539204,0.016147079431473674
WK039610,Wijk 10 Broekpolder,2016,4.08299802125531,-0.019266829888374967,NA,NA,NA,NA,NA
WK039610,Wijk 10 Broekpolder,2018,4.088371879986013,-0.013892971157672062,-0.02438240890204232,0.023684717015148293,0.01853579366151966,-0.04904490284646151,0.017313829914163612
WK039610,Wijk 10 Broekpolder,2020,4.119745045732054,0.01748019458836833,-0.012971147052852638,0.026373220544534347,0.01395848498512739,-0.03223667413829674,0.022356310249855627
WK039610,Wijk 10 Broekpolder,2022,4.100109366097427,-0.0021554850462580195,-0.013208644353117667,0.015423843339872623,0.014306653140469944,-0.045327670377557305,0.026650333204074117
WK039611,Wijk 11 Oostelijk Heemskerk,2002,4.199555375789051,0.09729052464536547,NA,NA,NA,NA,NA
WK039611,Wijk 11 Oostelijk Heemskerk,2008,4.348285369984107,0.24602051884042186,NA,NA,NA,NA,NA
WK039611,Wijk 11 Oostelijk Heemskerk,2012,4.389073443399299,0.28680859225561406,NA,NA,NA,NA,NA
WK039611,Wijk 11 Oostelijk Heemskerk,2014,4.434896318733671,0.3326314675899855,0.029183560388945706,0.15968145071476922,0.13325274110836777,-0.06889058202979492,0.07940429740769739
WK039611,Wijk 11 Oostelijk Heemskerk,2016,4.236961598179678,0.134696747035993,NA,NA,NA,NA,NA
WK039611,Wijk 11 Oostelijk Heemskerk,2018,4.3806156774828775,0.2783508263391923,0.018177672431439917,0.14343104514078192,0.10293269641297581,-0.06826856229060563,0.08207797464459982
WK039611,Wijk 11 Oostelijk Heemskerk,2020,4.406163831510221,0.30389898036653573,0.010763704324319223,0.12110203699778517,0.1251035198169277,-0.04142060580440565,0.08835032503190882
WK039611,Wijk 11 Oostelijk Heemskerk,2022,4.371447148601874,0.26918229745818856,0.01632563627615674,0.11546726314945241,0.11807008792688711,-0.05903826992296313,0.07835758002865528
WK039700,Wijk 00 Heemstede-Centrum,2002,4.182965741201882,0.08070089005819722,NA,NA,NA,NA,NA
WK039700,Wijk 00 Heemstede-Centrum,2008,4.200255078576239,0.0979902274325537,NA,NA,NA,NA,NA
WK039700,Wijk 00 Heemstede-Centrum,2012,4.203267615070737,0.10100276392705154,NA,NA,NA,NA,NA
WK039700,Wijk 00 Heemstede-Centrum,2014,4.238410496992952,0.1361456458492665,0.02544201370421958,0.043629363398184975,0.011766417999110261,0.03723529480018286,0.018072555947568566
WK039700,Wijk 00 Heemstede-Centrum,2016,4.2669420626276136,0.1646772114839286,NA,NA,NA,NA,NA
WK039700,Wijk 00 Heemstede-Centrum,2018,4.256583978672304,0.15431912752861904,0.010146444375843883,0.07031671034790488,0.01299424568472227,0.038469299941053095,0.022392427179094624
WK039700,Wijk 00 Heemstede-Centrum,2020,4.296685253248445,0.19442040210476053,0.023058854377893758,0.07038959433744774,0.012608880623487646,0.06077707950749543,0.027585993258435648
WK039700,Wijk 00 Heemstede-Centrum,2022,4.289952452534699,0.18768760139101376,0.023310330750641553,0.06816977356743228,0.013738917651796596,0.05087784487364248,0.03159073454750057
WK039701,Wijk 01 Heemstede-Zuid,2002,4.053541528310573,-0.04872332283311266,NA,NA,NA,NA,NA
WK039701,Wijk 01 Heemstede-Zuid,2008,4.020694421301349,-0.08157042984233626,NA,NA,NA,NA,NA
WK039701,Wijk 01 Heemstede-Zuid,2012,4.083472649219651,-0.01879220192403417,NA,NA,NA,NA,NA
WK039701,Wijk 01 Heemstede-Zuid,2014,4.182208588116837,0.07994373697315199,0.06518750208441366,0.05497956477004819,0.011237368647131141,-0.07235110895692841,0.020890410428487136
WK039701,Wijk 01 Heemstede-Zuid,2016,4.187702949197574,0.08543809805388874,NA,NA,NA,NA,NA
WK039701,Wijk 01 Heemstede-Zuid,2018,4.1521666576665375,0.049901806522852116,0.047449496179300846,0.05915175872381303,0.011809855962421414,-0.07730389112862308,0.008794586785939702
WK039701,Wijk 01 Heemstede-Zuid,2020,4.192726899204324,0.09046204806063794,0.058551345807960564,0.07104534789801435,0.01036561920010873,-0.06080203946651654,0.011301774621070567
WK039701,Wijk 01 Heemstede-Zuid,2022,4.17146036334544,0.06919551220175447,0.05714713690837662,0.05693296156052155,0.006426230454245305,-0.06765500463022064,0.01634418790883131
WK039702,Wijk 02 Heemstede west van de spoorbaan,2002,4.255702966492669,0.15343811534898438,NA,NA,NA,NA,NA
WK039702,Wijk 02 Heemstede west van de spoorbaan,2008,4.314844314261555,0.21257946311787004,NA,NA,NA,NA,NA
WK039702,Wijk 02 Heemstede west van de spoorbaan,2012,4.281090408372174,0.17882555722848895,NA,NA,NA,NA,NA
WK039702,Wijk 02 Heemstede west van de spoorbaan,2014,4.270083674284107,0.1678188231404222,0.0550949376074566,0.04692943241162983,0.01401210360783736,0.025468659241840438,0.026313690271657728
WK039702,Wijk 02 Heemstede west van de spoorbaan,2016,4.331145454048352,0.22888060290466658,NA,NA,NA,NA,NA
WK039702,Wijk 02 Heemstede west van de spoorbaan,2018,4.2782706434127995,0.17600579226911484,0.046655627417755835,0.06221205792614945,0.01682640225410351,0.021445594678438595,0.028866109992667376
WK039702,Wijk 02 Heemstede west van de spoorbaan,2020,4.316391115276707,0.21412626413302183,0.05476077824744588,0.07296213867657718,0.013285572334591577,0.03910062407748797,0.034017150796918874
WK039702,Wijk 02 Heemstede west van de spoorbaan,2022,4.30050118747502,0.19823633633133478,0.060132310396383094,0.05652418313122206,0.007672981050470139,0.03492913870717735,0.03897772304608184
WK039901,Wijk 01 Blockhovepark,2002,4.339847647757005,0.2375827966133197,NA,NA,NA,NA,NA
WK039901,Wijk 01 Blockhovepark,2008,4.284132541960518,0.18186769081683268,NA,NA,NA,NA,NA
WK039901,Wijk 01 Blockhovepark,2012,4.3312721172414825,0.22900726609779673,NA,NA,NA,NA,NA
WK039901,Wijk 01 Blockhovepark,2014,4.384367032798308,0.28210218165462303,0.00640421152224503,0.1096266477464456,0.08249039802880467,0.0034812124807436983,0.0800997118763839
WK039901,Wijk 01 Blockhovepark,2016,4.359418902851421,0.2571540517077355,NA,NA,NA,NA,NA
WK039901,Wijk 01 Blockhovepark,2018,4.376590223135744,0.2743253719920586,-0.005898636349950107,0.10876106844328638,0.08747068807476589,-0.0034674396440067404,0.08745969146796288
WK039901,Wijk 01 Blockhovepark,2020,4.393636235005356,0.2913713838616709,0.0025056910473350057,0.11805623281510655,0.07996505603905625,0.005664024836147228,0.08518037912402557
WK039901,Wijk 01 Blockhovepark,2022,4.381605713410508,0.279340862266823,0.005936734619994712,0.1080179322958965,0.0785054899900352,0.002652905133966762,0.08422780022692952
WK039902,Wijk 02 Heiloo Noord-West,2002,4.131914823061385,0.029649971917700465,NA,NA,NA,NA,NA
WK039902,Wijk 02 Heiloo Noord-West,2008,4.1608201194116194,0.05855526826793413,NA,NA,NA,NA,NA
WK039902,Wijk 02 Heiloo Noord-West,2012,4.181892859028683,0.07962800788499876,NA,NA,NA,NA,NA
WK039902,Wijk 02 Heiloo Noord-West,2014,4.266676545301589,0.1644116941579038,0.029006684914331744,0.09887964913550987,0.05532444845341961,-0.0531227190782752,0.03432363073291747
WK039902,Wijk 02 Heiloo Noord-West,2016,4.2669274877239625,0.16466263658027744,NA,NA,NA,NA,NA
WK039902,Wijk 02 Heiloo Noord-West,2018,4.25460953571019,0.1523446845665048,0.014701581349670412,0.1010231490998566,0.06861325753894357,-0.06583355376594673,0.033840250343980645
WK039902,Wijk 02 Heiloo Noord-West,2020,4.262437007886275,0.16017215674258947,0.018359141123465275,0.10434604292561721,0.05236878415119238,-0.04811767771416577,0.03321586625648006
WK039902,Wijk 02 Heiloo Noord-West,2022,4.235981004273898,0.13371615313021284,0.019370094536509144,0.0902815828947885,0.05024806870369434,-0.05990576909881052,0.03372217609403117
WK039903,Wijk 03 Heiloo-Midden,2002,4.149275489488222,0.04701063834453681,NA,NA,NA,NA,NA
WK039903,Wijk 03 Heiloo-Midden,2008,4.147610157220644,0.045345306076958095,NA,NA,NA,NA,NA
WK039903,Wijk 03 Heiloo-Midden,2012,4.1841521081868835,0.08188725704319827,NA,NA,NA,NA,NA
WK039903,Wijk 03 Heiloo-Midden,2014,4.250261746484562,0.1479968953408772,0.03355263106079614,0.06885704332522379,0.033239766595748683,-0.02046406798908491,0.03281152234819326
WK039903,Wijk 03 Heiloo-Midden,2016,4.269676178113308,0.16741132696962235,NA,NA,NA,NA,NA
WK039903,Wijk 03 Heiloo-Midden,2018,4.237728612742143,0.13546376159845783,0.02108838915150934,0.07606828310808633,0.035338033312902604,-0.02851896485419698,0.031488020880156245
WK039903,Wijk 03 Heiloo-Midden,2020,4.261299324378568,0.15903447323488304,0.024222258394151423,0.08096177892193823,0.034054856668307903,-0.009303387937047217,0.029098967187532385
WK039903,Wijk 03 Heiloo-Midden,2022,4.250179247885786,0.1479143967421005,0.0297516593313717,0.06942898863016404,0.032912552398028046,-0.015484159974094644,0.03130535635663107
WK039904,Wijk 04 Heiloo-West,2002,4.092882284113,-0.009382567030684701,NA,NA,NA,NA,NA
WK039904,Wijk 04 Heiloo-West,2008,4.103407591574642,0.0011427404309574398,NA,NA,NA,NA,NA
WK039904,Wijk 04 Heiloo-West,2012,4.126719298591405,0.02445444744772006,NA,NA,NA,NA,NA
WK039904,Wijk 04 Heiloo-West,2014,4.163497472251777,0.061232621108091315,0.05314851877707523,0.055011276368259615,0.019490418995881848,-0.08236682700938676,0.01594923397626109
WK039904,Wijk 04 Heiloo-West,2016,4.1828599318579816,0.08059508071429661,NA,NA,NA,NA,NA
WK039904,Wijk 04 Heiloo-West,2018,4.148501685518779,0.04623683437509416,0.027928542777344446,0.0651317165539735,0.02073303067612739,-0.08773532068813497,0.02017886505578359
WK039904,Wijk 04 Heiloo-West,2020,4.1786521631652,0.07638731202151447,0.034202508958814756,0.07477321470164158,0.02298157752287805,-0.07056412571871616,0.014994136556896
WK039904,Wijk 04 Heiloo-West,2022,4.1742252211916595,0.07196037004797433,0.03395172802870376,0.07017817550076265,0.024316696756874485,-0.07914079584237843,0.022654565604011596
WK039905,Wijk 05 Stationsomgeving,2002,4.0664826374401,-0.03578221370358526,NA,NA,NA,NA,NA
WK039905,Wijk 05 Stationsomgeving,2008,4.056376995088373,-0.04588785605531206,NA,NA,NA,NA,NA
WK039905,Wijk 05 Stationsomgeving,2012,4.0869038938185325,-0.01536095732515225,NA,NA,NA,NA,NA
WK039905,Wijk 05 Stationsomgeving,2014,4.155494934408414,0.05323008326472825,0.019730411312027758,0.05571376450018043,0.017140545772371375,-0.055452187264372496,0.016097548944520885
WK039905,Wijk 05 Stationsomgeving,2016,4.16103436210722,0.05876951096353386,NA,NA,NA,NA,NA
WK039905,Wijk 05 Stationsomgeving,2018,4.148158265926255,0.045893414782569135,1.9730488760627527e-4,0.06769132240483292,0.020692418557719076,-0.06324356020935447,0.020555929141765048
WK039905,Wijk 05 Stationsomgeving,2020,4.16274199314601,0.06047714200232508,0.004986040189674105,0.06355969113774247,0.021421963734329884,-0.0470207800927039,0.017530227033282258
WK039905,Wijk 05 Stationsomgeving,2022,4.155096541346066,0.052831690202380856,0.006398555938980195,0.06262797426893535,0.0184395532965045,-0.05435727964627488,0.0197228863442354
WK039906,Wijk 06 Ypestein,2002,4.095993380008205,-0.006271471135479853,NA,NA,NA,NA,NA
WK039906,Wijk 06 Ypestein,2008,4.10406571896926,0.0018008678255755782,NA,NA,NA,NA,NA
WK039906,Wijk 06 Ypestein,2012,4.107119107051659,0.00485425590797415,NA,NA,NA,NA,NA
WK039906,Wijk 06 Ypestein,2014,4.154517288789354,0.05225243764566829,0.022839618348606268,0.050431706452884396,0.026101874148803866,-0.06944598772407783,0.02232522641945129
WK039906,Wijk 06 Ypestein,2016,4.157149200302814,0.05488434915912877,NA,NA,NA,NA,NA
WK039906,Wijk 06 Ypestein,2018,4.144348520675792,0.04208366953210673,0.0036719246412114867,0.04876670556868617,0.031394653548521056,-0.07306985424543155,0.0313202400191193
WK039906,Wijk 06 Ypestein,2020,4.143752608392505,0.04148775724882055,0.005011870616092346,0.05363183307081438,0.023912762970601128,-0.05960408221365663,0.018535372804969058
WK039906,Wijk 06 Ypestein,2022,4.140534026145929,0.038269175002243395,0.0015685138661418166,0.05111229137663748,0.02069466364607139,-0.06138048725919283,0.026274193372585204
WK039908,Wijk 08 Heiloo Zuid-West,2002,4.185740349470414,0.0834754983267289,NA,NA,NA,NA,NA
WK039908,Wijk 08 Heiloo Zuid-West,2008,4.184269373491174,0.0820045223474879,NA,NA,NA,NA,NA
WK039908,Wijk 08 Heiloo Zuid-West,2012,4.143930850436825,0.04166599929313986,NA,NA,NA,NA,NA
WK039908,Wijk 08 Heiloo Zuid-West,2014,4.240481580617438,0.1382167294737517,-0.011845545370548749,0.11334825194827397,0.07792954960540059,-0.08691597312434433,0.04570044641496991
WK039908,Wijk 08 Heiloo Zuid-West,2016,4.1884590731530125,0.0861942220093278,NA,NA,NA,NA,NA
WK039908,Wijk 08 Heiloo Zuid-West,2018,4.176920833452997,0.07465598230931252,-0.036633052737030755,0.09049758017597762,0.08386190578263232,-0.0888584461614507,0.02578799524918357
WK039908,Wijk 08 Heiloo Zuid-West,2020,4.1920868773593805,0.08982202621569602,-0.02189158933936392,0.09918580203370676,0.06686677313635467,-0.08334669282437993,0.029007733209377884
WK039908,Wijk 08 Heiloo Zuid-West,2022,4.214117583034391,0.11185273189070648,-0.009466878160479647,0.09627422279421773,0.06973308621792058,-0.08286292602118556,0.03817522706023334
WK040001,Wijk 01 Stad binnen de Linie-Oost,2002,3.9401116428003387,-0.1621532083433468,NA,NA,NA,NA,NA
WK040001,Wijk 01 Stad binnen de Linie-Oost,2008,3.9331438851257374,-0.16912096601794777,NA,NA,NA,NA,NA
WK040001,Wijk 01 Stad binnen de Linie-Oost,2012,3.965320325828718,-0.13694452531496712,NA,NA,NA,NA,NA
WK040001,Wijk 01 Stad binnen de Linie-Oost,2014,3.9172095919100935,-0.18505525923359142,0.047284886541710903,-0.13103958800727428,-0.02659336200727099,-0.05158867589244103,-0.023118519868316287
WK040001,Wijk 01 Stad binnen de Linie-Oost,2016,3.94031663858672,-0.16194821255696512,NA,NA,NA,NA,NA
WK040001,Wijk 01 Stad binnen de Linie-Oost,2018,3.917585817684643,-0.1846790334590421,0.012684364919106654,-0.10926198396612605,-0.02482491241858493,-0.04251740742000234,-0.020759094573435728
WK040001,Wijk 01 Stad binnen de Linie-Oost,2020,3.943820257187764,-0.1584445939559213,0.032575402389606364,-0.0922978743439465,-0.02053984848644482,-0.05843941228948304,-0.0197428612256536
WK040001,Wijk 01 Stad binnen de Linie-Oost,2022,3.946998108975953,-0.15526674216773212,0.029314586938218826,-0.0990764722206734,-0.02798952199759982,-0.05219998335732937,-0.005315351530348636
WK040002,Wijk 02 Stad binnen de Linie-West,2002,3.9677168936048863,-0.1345479575387989,NA,NA,NA,NA,NA
WK040002,Wijk 02 Stad binnen de Linie-West,2008,3.985383267000541,-0.11688158414314379,NA,NA,NA,NA,NA
WK040002,Wijk 02 Stad binnen de Linie-West,2012,3.9995010843973247,-0.10276376674636034,NA,NA,NA,NA,NA
WK040002,Wijk 02 Stad binnen de Linie-West,2014,4.058539658536587,-0.04372519260709824,0.10717543269495472,-0.05107791061612788,-0.020065444267133914,-0.06063359766020619,-0.019123672758585248
WK040002,Wijk 02 Stad binnen de Linie-West,2016,4.0581521420965645,-0.04411270904712064,NA,NA,NA,NA,NA
WK040002,Wijk 02 Stad binnen de Linie-West,2018,4.051920257696462,-0.050344593447222204,0.07837288967777457,-0.042036372841357944,-0.01955369937162272,-0.057475121500163075,-0.009652289411853303
WK040002,Wijk 02 Stad binnen de Linie-West,2020,4.051934763548655,-0.05033008759503012,0.09128009196724661,-0.03763865102064369,-0.019901382387591378,-0.07432076923513613,-0.009749376918905798
WK040002,Wijk 02 Stad binnen de Linie-West,2022,4.085669682293008,-0.016595168850677636,0.09078760050871523,-0.01988968953679172,-0.01998988076600939,-0.07139523215742759,0.0038920331008355552
WK040003,Wijk 03 Nieuw Den Helder-West,2002,3.954487610481553,-0.14777724066213196,NA,NA,NA,NA,NA
WK040003,Wijk 03 Nieuw Den Helder-West,2008,3.95142629858158,-0.15083855256210502,NA,NA,NA,NA,NA
WK040003,Wijk 03 Nieuw Den Helder-West,2012,4.1230933655172635,0.020828514373578605,NA,NA,NA,NA,NA
WK040003,Wijk 03 Nieuw Den Helder-West,2014,4.139790575396747,0.03752572425306131,0.1561553637815197,0.007953431100262295,-0.01265660145756798,-0.09629404086944021,-0.017632428301712813
WK040003,Wijk 03 Nieuw Den Helder-West,2016,4.149145188516535,0.04688033737284934,NA,NA,NA,NA,NA
WK040003,Wijk 03 Nieuw Den Helder-West,2018,4.119574189915192,0.01730933877150687,0.13295546264829755,0.0050675974072720825,-0.00985128899350453,-0.09460646234330297,-0.016255969947255568
WK040003,Wijk 03 Nieuw Den Helder-West,2020,4.145934983745533,0.043670132601848,0.14930271055376632,0.002269004115565283,-0.008687498969840522,-0.11021060688318735,0.010996523785543975
WK040003,Wijk 03 Nieuw Den Helder-West,2022,4.137353770902265,0.03508891975857944,0.15739750492893112,-0.006352598142791873,-0.02285871490622156,-0.10902429393556778,0.0159270218142292
WK040004,Wijk 04 Nieuw Den Helder-Oost,2002,3.903148102680967,-0.1991167484627184,NA,NA,NA,NA,NA
WK040004,Wijk 04 Nieuw Den Helder-Oost,2008,3.920896981495749,-0.18136786964793625,NA,NA,NA,NA,NA
WK040004,Wijk 04 Nieuw Den Helder-Oost,2012,3.988305312331757,-0.11395953881192795,NA,NA,NA,NA,NA
WK040004,Wijk 04 Nieuw Den Helder-Oost,2014,3.989563497095339,-0.11270135404834593,0.10717160972688303,-0.07694370572509016,-0.032934027249912824,-0.08787493969659615,-0.02212029110363012
WK040004,Wijk 04 Nieuw Den Helder-Oost,2016,3.9760655517940164,-0.12619929934966867,NA,NA,NA,NA,NA
WK040004,Wijk 04 Nieuw Den Helder-Oost,2018,3.993512675938577,-0.10875217520510806,0.08365199218406487,-0.05511022019721758,-0.03069979001940993,-0.08590616700889299,-0.02068799016365266
WK040004,Wijk 04 Nieuw Den Helder-Oost,2020,3.9944730276186733,-0.10779182352501211,0.08883673601857144,-0.04245655076556176,-0.0289334739377705,-0.0986955597310248,-0.02654297510922679
WK040004,Wijk 04 Nieuw Den Helder-Oost,2022,3.9713229253085482,-0.13094192583513672,0.08470490162589463,-0.055294903083065096,-0.0383040550765142,-0.10147706993479523,-0.020570799366657126
WK040005,Wijk 05 De Schooten,2002,3.884515914560978,-0.2177489365827069,NA,NA,NA,NA,NA
WK040005,Wijk 05 De Schooten,2008,3.9206233919896727,-0.1816414591540129,NA,NA,NA,NA,NA
WK040005,Wijk 05 De Schooten,2012,3.96522604125984,-0.1370388098838457,NA,NA,NA,NA,NA
WK040005,Wijk 05 De Schooten,2014,4.011530707082593,-0.09073414406109186,0.024583997153825823,0.0327391019278448,-0.018056546688456968,-0.12505797016912382,-0.004942726285181987
WK040005,Wijk 05 De Schooten,2016,4.020686667979774,-0.08157818316391041,NA,NA,NA,NA,NA
WK040005,Wijk 05 De Schooten,2018,3.993487523699746,-0.1087773274439396,-9.999858309149033e-5,0.026968291356151523,-0.014126867499842813,-0.12013001461012678,-0.001388738107030291
WK040005,Wijk 05 De Schooten,2020,3.997324285498025,-0.1049405656456599,0.005020183308443411,0.03243564161879053,-0.016908367154411966,-0.12358458246091072,-0.0019034409575714323
WK040005,Wijk 05 De Schooten,2022,3.991539686847288,-0.11072516429639759,-0.0063488180670246705,0.044169572252767145,-0.019702153646622297,-0.12974764890460067,9.038840690825715e-4
WK040006,Wijk 06 Het Koegras,2002,3.961764470484286,-0.14050038065939896,NA,NA,NA,NA,NA
WK040006,Wijk 06 Het Koegras,2008,3.964149074333561,-0.13811577681012432,NA,NA,NA,NA,NA
WK040006,Wijk 06 Het Koegras,2012,4.064313600185084,-0.037951250958600996,NA,NA,NA,NA,NA
WK040006,Wijk 06 Het Koegras,2014,4.134786191263281,0.03252134011959498,0.02589851012245874,0.07095975852480718,0.05979095702474286,-0.17682965326497557,0.0527017677125616
WK040006,Wijk 06 Het Koegras,2016,4.172486394792457,0.07022154364877096,NA,NA,NA,NA,NA
WK040006,Wijk 06 Het Koegras,2018,4.131028259884912,0.028763408741227483,0.008283112097682205,0.07296714710605973,0.06681310938074476,-0.1687036630796433,0.04940370323638378
WK040006,Wijk 06 Het Koegras,2020,4.135030301974645,0.032765450830959476,0.009653933177068964,0.09122630416784026,0.06525691895439918,-0.1760874574756145,0.04271575200726526
WK040006,Wijk 06 Het Koegras,2022,4.108903454283118,0.006638603139433807,0.015254063950565767,0.08397432576748014,0.06424809588820736,-0.1912172781926324,0.03437939572581276
WK040007,Wijk 07 Duinzoom,2002,4.207140673966542,0.10487582282285668,NA,NA,NA,NA,NA
WK040007,Wijk 07 Duinzoom,2008,4.2157142942639725,0.11344944312028735,NA,NA,NA,NA,NA
WK040007,Wijk 07 Duinzoom,2012,4.204044669025618,0.1017798178819323,NA,NA,NA,NA,NA
WK040007,Wijk 07 Duinzoom,2014,4.287663444693758,0.1853985935500722,0.09415309195380613,0.09279926996904908,0.12481146999382933,-0.20971369804338427,0.08334845967677165
WK040007,Wijk 07 Duinzoom,2016,4.2547191504264275,0.15245429928274268,NA,NA,NA,NA,NA
WK040007,Wijk 07 Duinzoom,2018,4.276821789977039,0.1745569388333537,0.12062496037456047,0.09914972833329717,0.10885590123819362,-0.20779399645841085,0.053720345345712864
WK040007,Wijk 07 Duinzoom,2020,4.2978023476501654,0.1955374965064795,0.12503500467379283,0.12034312500588469,0.10550832284718956,-0.21330072172586353,0.05795176570547571
WK040007,Wijk 07 Duinzoom,2022,4.260224644626956,0.1579597934832712,0.12485441579307864,0.0920160784234758,0.09798539606475809,-0.21808196358439916,0.06118586678635756
WK040008,Wijk 08 Julianadorp,2002,3.9409119830407335,-0.16135286810295127,NA,NA,NA,NA,NA
WK040008,Wijk 08 Julianadorp,2008,3.958167741820297,-0.144097109323388,NA,NA,NA,NA,NA
WK040008,Wijk 08 Julianadorp,2012,3.961797312074093,-0.14046753906959225,NA,NA,NA,NA,NA
WK040008,Wijk 08 Julianadorp,2014,4.015415496283329,-0.08684935486035658,0.0834481896068865,0.01695760699860354,0.020947541741725556,-0.19806419645507756,-0.010138496752494916
WK040008,Wijk 08 Julianadorp,2016,4.0791232446828785,-0.023141606460806798,NA,NA,NA,NA,NA
WK040008,Wijk 08 Julianadorp,2018,4.024991383128073,-0.07727346801561177,0.06781956060344771,0.026529351143294813,0.018487221605082992,-0.19090516767963694,7.955663121993684e-4
WK040008,Wijk 08 Julianadorp,2020,4.0716485988880855,-0.030616252255599413,0.08035903898731979,0.0566612079185718,0.019132718725945182,-0.19315356343952786,0.006384345552091396
WK040008,Wijk 08 Julianadorp,2022,4.077087474180566,-0.025177376963118985,0.07948081885029172,0.05549604405742225,0.023060929174933582,-0.2028263460226705,0.019611176976903684
WK040201,Centrum,2002,4.0986759354834454,-0.0035889156602400634,NA,NA,NA,NA,NA
WK040201,Centrum,2008,4.101769929067509,-4.949220761763722e-4,NA,NA,NA,NA,NA
WK040201,Centrum,2012,4.096906849231384,-0.00535800191230129,NA,NA,NA,NA,NA
WK040201,Centrum,2014,4.078024327557332,-0.02424052358635346,-4.374413456737584e-4,-0.12073268948859645,-0.04288273506537448,0.1911322125641529,-0.05131987025086192
WK040201,Centrum,2016,4.075844111487896,-0.026420739655788984,NA,NA,NA,NA,NA
WK040201,Centrum,2018,4.115861360908408,0.013596509764722072,-0.015530061853436436,-0.0755101469477796,-0.05090490252040997,0.18306657883678423,-0.02752495775043645
WK040201,Centrum,2020,4.147141763777375,0.0448769126336893,-0.010640519885740838,-0.04637980479138585,-0.0510168174838039,0.21035679141272204,-0.05744273661810244
WK040201,Centrum,2022,4.154537572129082,0.052272720985396946,-0.002555799920108891,-0.09278310248407938,-0.05589191818574426,0.21734355538540662,-0.013840013810077448
WK040202,Noordwest,2002,4.324352653636464,0.22208780249277907,NA,NA,NA,NA,NA
WK040202,Noordwest,2008,4.328318523396204,0.22605367225251896,NA,NA,NA,NA,NA
WK040202,Noordwest,2012,4.324238198731864,0.2219733475881787,NA,NA,NA,NA,NA
WK040202,Noordwest,2014,4.3679202495615534,0.2656553984178681,0.02489589429340553,0.04683579738921993,0.029590812998348315,0.10003472988507423,0.06429816385181983
WK040202,Noordwest,2016,4.37208212202433,0.2698172708806447,NA,NA,NA,NA,NA
WK040202,Noordwest,2018,4.3802348176474455,0.27796996650376027,0.020493890206140487,0.067057260517763,0.031922740403090455,0.09301711192865408,0.06547896344811198
WK040202,Noordwest,2020,4.395469142318564,0.2932042911748794,0.01719081102063618,0.06952461858562736,0.031071941932222825,0.11066919629530882,0.06474772334108399
WK040202,Noordwest,2022,4.3964336733618605,0.29416882221817503,0.028784342070154567,0.050091040370007577,0.03153425067611575,0.11395436088233898,0.06980482821955787
WK040203,Zuidwest,2002,4.082616436680464,-0.019648414463220843,NA,NA,NA,NA,NA
WK040203,Zuidwest,2008,4.100389865641624,-0.001874985502061246,NA,NA,NA,NA,NA
WK040203,Zuidwest,2012,4.067593024858104,-0.034671826285581284,NA,NA,NA,NA,NA
WK040203,Zuidwest,2014,4.060279190388861,-0.0419856607548248,0.003941131399202928,0.0149982336195345,-0.024163368865559493,0.001995754839897031,-0.03875741174790002
WK040203,Zuidwest,2016,4.109843625861387,0.007578774717701992,NA,NA,NA,NA,NA
WK040203,Zuidwest,2018,4.070739796990475,-0.03152505415320995,-0.0025054422548768094,0.01809972040069963,-0.019672073204132546,3.3319427142146265e-4,-0.02778045336632195
WK040203,Zuidwest,2020,4.084627535530388,-0.017637315613297126,0.004330047508354503,0.01991240922711019,-0.016806855171233263,0.00665257699028291,-0.03172549416781174
WK040203,Zuidwest,2022,4.088214774215842,-0.014050076927842752,0.011357393958523155,0.004641524526298804,-0.01941084869531655,0.006521318026691412,-0.017159464744039836
WK040204,Zuid,2002,4.160655042025657,0.05839019088197227,NA,NA,NA,NA,NA
WK040204,Zuid,2008,4.173806071142193,0.07154121999850813,NA,NA,NA,NA,NA
WK040204,Zuid,2012,4.161512607425006,0.05924775628132078,NA,NA,NA,NA,NA
WK040204,Zuid,2014,4.167737376782315,0.06547252563863039,0.0035769918498732216,0.0061296288641997645,-0.01974042216748157,0.08858828051111606,-0.013081953419077362
WK040204,Zuid,2016,4.195813364886032,0.09354851374234648,NA,NA,NA,NA,NA
WK040204,Zuid,2018,4.185688644241606,0.08342379309792122,-0.0036626302812289725,0.021983017384128712,-0.022255866577607513,0.08778168685097149,-4.224142783427487e-4
WK040204,Zuid,2020,4.197045938722442,0.0947810875787568,-7.199459705994349e-4,0.018822272240789577,-0.021926295177586028,0.10638804545865367,-0.00778298897250128
WK040204,Zuid,2022,4.219352706420232,0.11708785527654715,0.008696303094302894,0.018351885881567918,-0.02147697077267104,0.09934178758228474,0.012174849491062383
WK040205,Zuidoost,2002,4.180883994845501,0.078619143701815,NA,NA,NA,NA,NA
WK040205,Zuidoost,2008,4.165790043693482,0.06352519254979679,NA,NA,NA,NA,NA
WK040205,Zuidoost,2012,4.153009755554088,0.05074490441040276,NA,NA,NA,NA,NA
WK040205,Zuidoost,2014,4.185043289793931,0.0827784386502457,0.002635273395232896,-0.01627507332384876,-0.013688245813931367,0.10369802503341954,0.006408459359373116
WK040205,Zuidoost,2016,4.179186016919949,0.07692116577626337,NA,NA,NA,NA,NA
WK040205,Zuidoost,2018,4.176550785591342,0.07428593444765601,-0.005411114784241075,-0.021254004991786594,-0.01761999587449586,0.10628351914112479,0.012287530957054465
WK040205,Zuidoost,2020,4.2055718415523815,0.10330699040869677,-5.423467389237118e-4,-0.013176761792338806,-0.018714378546818046,0.12108021561494857,0.01466026187182852
WK040205,Zuidoost,2022,4.242797535684955,0.14053268454127024,0.004032288640428242,0.010997948273611353,-0.015459554516324338,0.12323849126190407,0.017723510881650598
WK040206,Oost,2002,4.0792498348942585,-0.023015016249426715,NA,NA,NA,NA,NA
WK040206,Oost,2008,4.075046588383964,-0.0272182627597217,NA,NA,NA,NA,NA
WK040206,Oost,2012,4.04909245280429,-0.053172398339395355,NA,NA,NA,NA,NA
WK040206,Oost,2014,4.040560337333663,-0.06170451381002129,-0.007470340850526985,-0.07229179045917805,-0.04273543404939358,0.10372470883188599,-0.042931657282808934
WK040206,Oost,2016,4.068722420674214,-0.03354243046947161,NA,NA,NA,NA,NA
WK040206,Oost,2018,4.082094533484301,-0.020170317659384526,-0.018558186226937137,-0.042908685081983415,-0.040464368235399846,0.10272661127243791,-0.02096568938750233
WK040206,Oost,2020,4.110204239217532,0.007939388073847618,-0.014694398984724036,-0.033965789876506836,-0.037801550847791555,0.1208545908097918,-0.026453463026922037
WK040206,Oost,2022,4.142848414202983,0.04058356305929733,-0.006961401212810601,-0.027646756390439984,-0.03049949386867381,0.11578728096064339,-0.010096066429421964
WK040207,Noordoost,2002,4.071768201761511,-0.030496649382174185,NA,NA,NA,NA,NA
WK040207,Noordoost,2008,4.047795243299273,-0.054469607844412654,NA,NA,NA,NA,NA
WK040207,Noordoost,2012,4.0270135042131106,-0.07525134693057502,NA,NA,NA,NA,NA
WK040207,Noordoost,2014,4.038923319679149,-0.06334153146453608,0.01005109142428074,-0.06392101444156573,-0.040970384617982365,0.07626809400288673,-0.04476931783215573
WK040207,Noordoost,2016,4.080730940242229,-0.021533910901455854,NA,NA,NA,NA,NA
WK040207,Noordoost,2018,4.079682773463804,-0.022582077679880505,0.009025078703123765,-0.03702901235311327,-0.03420885898022115,0.07463009490808187,-0.034999379957752014
WK040207,Noordoost,2020,4.10952886661837,0.007264015474684981,0.013943306359202682,-0.023325668753555663,-0.03178927625610524,0.08778776684478733,-0.03935211271964442
WK040207,Noordoost,2022,4.12906033280651,0.02679548166282454,0.018229830408461156,-0.023646432876761762,-0.03394398909074077,0.08439337547427943,-0.0182373022524138
WK040208,Hilversumse Meent,2002,4.086837230968058,-0.015427620175626872,NA,NA,NA,NA,NA
WK040208,Hilversumse Meent,2008,4.147355437144211,0.04509058600052509,NA,NA,NA,NA,NA
WK040208,Hilversumse Meent,2012,4.171718653290854,0.0694538021471686,NA,NA,NA,NA,NA
WK040208,Hilversumse Meent,2014,4.150327455079704,0.04806260393601816,0.018916402305445112,0.03134501048653864,0.00432439686891847,-0.02154501525764923,0.015021809532764925
WK040208,Hilversumse Meent,2016,4.152912071741429,0.05064722059774414,NA,NA,NA,NA,NA
WK040208,Hilversumse Meent,2018,4.201414854986758,0.09915000384307195,0.019693385080005312,0.07925537731591926,0.008932773268622752,-0.03055346826027205,0.021821936438796395
WK040208,Hilversumse Meent,2020,4.202353884928518,0.10008903378483269,0.020520682689794418,0.07091235240972603,0.008208539760163882,-0.012508964391561406,0.012956423316709436
WK040208,Hilversumse Meent,2022,4.218111881664429,0.11584703052074397,0.03159076572825066,0.07359101949115539,0.01164531645198443,-0.021329484855259408,0.02034941370461258
WK040209,Landelijk Gebied,2002,4.310981916722506,0.20871706557882058,NA,NA,NA,NA,NA
WK040209,Landelijk Gebied,2008,4.28996699358454,0.18770214244085395,NA,NA,NA,NA,NA
WK040209,Landelijk Gebied,2012,4.372362705543323,0.2700978543996376,NA,NA,NA,NA,NA
WK040209,Landelijk Gebied,2014,4.345718608968501,0.24345375782481535,0.06286251407967443,0.06538355538721168,0.04596240086014797,-0.01680720205351318,0.08605248955129417
WK040209,Landelijk Gebied,2016,4.454264909910334,0.35200005876664875,NA,NA,NA,NA,NA
WK040209,Landelijk Gebied,2018,4.374329715169013,0.27206486402532754,0.07465156485246591,0.04156123073959419,0.04298822346413552,0.003967758880985206,0.10889608608814652
WK040209,Landelijk Gebied,2020,4.345325007318916,0.24306015617523133,0.07162569774948731,0.041199293164999255,0.057563073358468414,0.011368263165556834,0.06130382873671934
WK040209,Landelijk Gebied,2022,4.3819955026578645,0.2797306515141796,0.07199638402233727,0.09747911598029557,0.04406228404559009,0.003773181624328852,0.06241968584162757
WK040510,Wijk 10 Binnenstad,2002,4.101449111891307,-8.15739252379311e-4,NA,NA,NA,NA,NA
WK040510,Wijk 10 Binnenstad,2008,4.129216586505957,0.026951735362271825,NA,NA,NA,NA,NA
WK040510,Wijk 10 Binnenstad,2012,4.15819541411951,0.055930562975825174,NA,NA,NA,NA,NA
WK040510,Wijk 10 Binnenstad,2014,4.145524525319692,0.043259674176006825,0.06012163199694345,-0.09273290884411672,-0.021738749669496307,0.07058821466696272,0.02702148602571339
WK040510,Wijk 10 Binnenstad,2016,4.204113234947006,0.10184838380332081,NA,NA,NA,NA,NA
WK040510,Wijk 10 Binnenstad,2018,4.256545980626337,0.15428112948265144,0.05194265028416773,-0.05823206426009467,-0.021158130889420947,0.13539580688952157,0.04633286745847751
WK040510,Wijk 10 Binnenstad,2020,4.266537892684826,0.164273041541141,0.057316086986059965,-0.06419305552051872,-0.01983734013068165,0.14273501233875732,0.048252337867523906
WK040510,Wijk 10 Binnenstad,2022,4.253249924655009,0.15098507351132404,0.05403606106628604,-0.08228303554146302,-0.02051741258274759,0.14701065898275256,0.052738801586495715
WK040511,Wijk 11 Venenlaan-kwartier,2002,4.087629857757607,-0.014634993386078734,NA,NA,NA,NA,NA
WK040511,Wijk 11 Venenlaan-kwartier,2008,4.08298008197052,-0.0192847691731651,NA,NA,NA,NA,NA
WK040511,Wijk 11 Venenlaan-kwartier,2012,4.103664533476683,0.0013996823329974477,NA,NA,NA,NA,NA
WK040511,Wijk 11 Venenlaan-kwartier,2014,4.133010860176112,0.030746009032427045,0.027895674621657773,-0.031715397034856214,-0.0036852158012593977,0.02040540946752659,0.017845537779357958
WK040511,Wijk 11 Venenlaan-kwartier,2016,4.134195860486176,0.03193100934249041,NA,NA,NA,NA,NA
WK040511,Wijk 11 Venenlaan-kwartier,2018,4.224244137069349,0.12197928592566419,0.020426999656390263,-0.009733772121530104,-5.53059839497467e-4,0.08005920120744243,0.03177991702285877
WK040511,Wijk 11 Venenlaan-kwartier,2020,4.227860484331963,0.12559563318827682,0.02199840467879981,-0.0034618209321557714,0.0029407048714192845,0.07469776208640065,0.029420582483812605
WK040511,Wijk 11 Venenlaan-kwartier,2022,4.201979594820218,0.09971474367653284,0.023330966527926593,-0.030951047805836428,0.005313797805984803,0.07416915830248544,0.027851868845972152
WK040512,Wijk 12 Hoorn-Noord,2002,3.9889838371130617,-0.1132810140306233,NA,NA,NA,NA,NA
WK040512,Wijk 12 Hoorn-Noord,2008,3.9599252952762822,-0.1423395558674032,NA,NA,NA,NA,NA
WK040512,Wijk 12 Hoorn-Noord,2012,4.010263179903849,-0.09200167123983641,NA,NA,NA,NA,NA
WK040512,Wijk 12 Hoorn-Noord,2014,4.080486565462065,-0.02177828568162035,0.019928486530684124,-0.026757840731534633,-0.018819570447265448,0.00925183538719879,-0.0053811964207034916
WK040512,Wijk 12 Hoorn-Noord,2016,4.145876570645188,0.04361171950150333,NA,NA,NA,NA,NA
WK040512,Wijk 12 Hoorn-Noord,2018,4.191588801440399,0.08932395029671383,0.01771810308046873,0.003750422264979397,-0.01874415868624983,0.0665331334673045,0.020066450170210765
WK040512,Wijk 12 Hoorn-Noord,2020,4.201886621356054,0.09962177021236897,0.013782065711240058,0.016290627954400567,-0.014017488098544568,0.07476971597304138,0.008796848672231279
WK040512,Wijk 12 Hoorn-Noord,2022,4.140667296190033,0.0384024450463478,0.011772380627990797,-0.021714194032563045,-0.026823748081198275,0.0728644435765929,0.0023035629555251216
WK040513,Wijk 13 Grote Waal,2002,3.9070059715447036,-0.19525887959898158,NA,NA,NA,NA,NA
WK040513,Wijk 13 Grote Waal,2008,3.905489411507982,-0.19677543963570307,NA,NA,NA,NA,NA
WK040513,Wijk 13 Grote Waal,2012,3.9139744945308252,-0.1882903566128602,NA,NA,NA,NA,NA
WK040513,Wijk 13 Grote Waal,2014,3.919270697485573,-0.18299415365811234,0.030997058286238405,-0.09522720344299998,-0.03373508967711033,-0.03644830586034785,-0.04858061296389285
WK040513,Wijk 13 Grote Waal,2016,3.9591106625581256,-0.14315418858555978,NA,NA,NA,NA,NA
WK040513,Wijk 13 Grote Waal,2018,3.9798466318717565,-0.12241821927192882,0.012369142226295262,-0.07079856501222642,-0.03441606955095243,-0.00123082380264504,-0.02834190313240046
WK040513,Wijk 13 Grote Waal,2020,4.012840524327371,-0.08942432681631447,0.02552025460694554,-0.0608768751040755,-0.029048257906610794,9.229005969451558e-4,-0.025942349009519163
WK040513,Wijk 13 Grote Waal,2022,3.961971740147312,-0.1402931109963733,0.022949057147265743,-0.11068187108854761,-0.034226735269424845,0.005765863068849368,-0.024099424854516258
WK040520,Wijk 20 Risdam-Zuid,2002,4.008603860525585,-0.09366099061810079,NA,NA,NA,NA,NA
WK040520,Wijk 20 Risdam-Zuid,2008,4.009148513006667,-0.09311633813701806,NA,NA,NA,NA,NA
WK040520,Wijk 20 Risdam-Zuid,2012,4.0259260447952325,-0.07633880634845287,NA,NA,NA,NA,NA
WK040520,Wijk 20 Risdam-Zuid,2014,4.093040071922593,-0.009224779221092713,0.02323293014747059,-0.01009327528550177,0.009475586594727086,-0.029692212728844255,-0.002147807948944663
WK040520,Wijk 20 Risdam-Zuid,2016,4.163726055810602,0.06146120466691608,NA,NA,NA,NA,NA
WK040520,Wijk 20 Risdam-Zuid,2018,4.183253220962699,0.08098836981901435,0.016367388027959093,0.03618470935125726,0.007227689068860976,0.011534328252685229,0.009674255118251514
WK040520,Wijk 20 Risdam-Zuid,2020,4.1976949588536145,0.09543010770992955,0.019777469895929874,0.03680587881517857,0.012849795949253262,0.02168284927595482,0.004314113773612754
WK040520,Wijk 20 Risdam-Zuid,2022,4.168000167423776,0.06573531628009113,0.02229377319151736,0.004923530400370084,0.006531358065472694,0.022096451030178942,0.009890203592551768
WK040521,Wijk 21 Risdam-Noord,2002,3.8729560368598435,-0.22930881428384195,NA,NA,NA,NA,NA
WK040521,Wijk 21 Risdam-Noord,2008,3.896709468480824,-0.20555538266286175,NA,NA,NA,NA,NA
WK040521,Wijk 21 Risdam-Noord,2012,3.9248882345255556,-0.17737661661812928,NA,NA,NA,NA,NA
WK040521,Wijk 21 Risdam-Noord,2014,3.947557275077876,-0.15470757606580962,0.020290220982546965,-0.056633303759815797,-0.01465558257015059,-0.0663232377247849,-0.03738567299360561
WK040521,Wijk 21 Risdam-Noord,2016,3.9812963719841963,-0.12096847915948916,NA,NA,NA,NA,NA
WK040521,Wijk 21 Risdam-Noord,2018,4.016404114405463,-0.08586073673822152,0.012914482568260858,-0.02609757597716331,-0.017004286697759365,-0.026891703656808735,-0.0287816529747512
WK040521,Wijk 21 Risdam-Noord,2020,4.030238789110164,-0.07202606203352138,0.012264119613788529,-0.024916802519296885,-0.016109493598639408,-0.015352738865412734,-0.027911146663961137
WK040521,Wijk 21 Risdam-Noord,2022,4.049812042584289,-0.05245280855939596,0.016578777239906268,-0.01788665378911971,-0.016736381876893244,-0.01881544886367195,-0.015593101269617594
WK040522,Wijk 22 Nieuwe Steen,2002,4.06466535803464,-0.03759949310904565,NA,NA,NA,NA,NA
WK040522,Wijk 22 Nieuwe Steen,2008,4.0359617201009685,-0.0663031310427164,NA,NA,NA,NA,NA
WK040522,Wijk 22 Nieuwe Steen,2012,4.0872369305565925,-0.015027920587092961,NA,NA,NA,NA,NA
WK040522,Wijk 22 Nieuwe Steen,2014,4.226812156278104,0.12454730513441889,0.02195819503111343,0.046493971469779696,0.060725473797009995,-0.04241285838672329,0.03778252322323883
WK040522,Wijk 22 Nieuwe Steen,2016,4.247811748544464,0.14554689740077847,NA,NA,NA,NA,NA
WK040522,Wijk 22 Nieuwe Steen,2018,4.260659954944044,0.1583951038003583,0.027667441982833166,0.06749022006468942,0.04138961589071211,-0.015736060125572618,0.03758388598769591
WK040522,Wijk 22 Nieuwe Steen,2020,4.273905162608144,0.17164031146445882,0.019021783626233586,0.07649723257027992,0.04657395374792779,-6.896036877348296e-4,0.030236945207752053
WK040522,Wijk 22 Nieuwe Steen,2022,4.23822699812725,0.13596214698356468,0.02860820463199187,0.04689735412191185,0.03727770567657603,-0.005748868470948759,0.02892775102403338
WK040530,Wijk 30 Zwaag,2002,4.038715339185958,-0.06354951195772687,NA,NA,NA,NA,NA
WK040530,Wijk 30 Zwaag,2008,4.074370330961138,-0.027894520182547594,NA,NA,NA,NA,NA
WK040530,Wijk 30 Zwaag,2012,4.0867235798237,-0.015541271319984878,NA,NA,NA,NA,NA
WK040530,Wijk 30 Zwaag,2014,4.123689799142287,0.021424947998602,0.023753535270782684,0.03606564303661194,0.019737347176268058,-0.06336812769436613,0.005236550209305165
WK040530,Wijk 30 Zwaag,2016,4.148016562700516,0.0457517115568307,NA,NA,NA,NA,NA
WK040530,Wijk 30 Zwaag,2018,4.1558147703836665,0.053549919239981654,0.01649466985454912,0.048422716477083974,0.022713475914280697,-0.04224292003953428,0.008161977033601888
WK040530,Wijk 30 Zwaag,2020,4.161448606090996,0.0591837549473112,0.016200264488571255,0.04653441850091303,0.020897784718015622,-0.026742138732765954,0.0022934259725770076
WK040530,Wijk 30 Zwaag,2022,4.183507069464061,0.0812422183203759,0.018815522495290726,0.049568577427833264,0.01953493024064274,-0.03150077454709835,0.0248239627037073
WK040531,Wijk 31 Blokker,2002,4.040483730868568,-0.06178112027511647,NA,NA,NA,NA,NA
WK040531,Wijk 31 Blokker,2008,4.050501614332082,-0.05176323681160364,NA,NA,NA,NA,NA
WK040531,Wijk 31 Blokker,2012,4.114681994865719,0.012417143722033428,NA,NA,NA,NA,NA
WK040531,Wijk 31 Blokker,2014,4.162299537552398,0.06003468640871241,0.03733247457274584,0.03466707282253271,0.03861733568525658,-0.07532081049190491,0.024738613820081898
WK040531,Wijk 31 Blokker,2016,4.178656447835414,0.07639159669172924,NA,NA,NA,NA,NA
WK040531,Wijk 31 Blokker,2018,4.188611580250942,0.0863467291072571,0.02968318449848249,0.04823959371234079,0.03645891374015856,-0.05955230799340681,0.0315173451496817
WK040531,Wijk 31 Blokker,2020,4.195121370281918,0.0928565191382338,0.031595226633746344,0.04526180990598905,0.033720295952120664,-0.04685611287221101,0.029135299518588478
WK040531,Wijk 31 Blokker,2022,4.227589386808254,0.12532453566456866,0.03558448011858259,0.06780290936899266,0.03647014760175246,-0.04681828344759923,0.03228528202283992
WK040532,Wijk 32 Kersenboogerd-Noord,2002,3.8421914418202676,-0.26007340932341766,NA,NA,NA,NA,NA
WK040532,Wijk 32 Kersenboogerd-Noord,2008,3.8526583328486983,-0.24960651829498653,NA,NA,NA,NA,NA
WK040532,Wijk 32 Kersenboogerd-Noord,2012,3.8832165418004685,-0.21904830934321687,NA,NA,NA,NA,NA
WK040532,Wijk 32 Kersenboogerd-Noord,2014,3.89180835429016,-0.21045649685352563,0.024109349916431027,-0.10331946399911171,-0.04318067640856476,-0.044146093533040234,-0.043919612829240194
WK040532,Wijk 32 Kersenboogerd-Noord,2016,3.9367156413626088,-0.16554920978107637,NA,NA,NA,NA,NA
WK040532,Wijk 32 Kersenboogerd-Noord,2018,3.9108403565088077,-0.19142449463487726,0.014188961192490673,-0.11053708321594771,-0.04644106980740603,-0.03354042787542534,-0.015094874928589106
WK040532,Wijk 32 Kersenboogerd-Noord,2020,3.8993249867206035,-0.20293986442308148,0.014189493231440949,-0.10970461347472212,-0.04678495465533205,-0.028297459793260964,-0.03234232973120758
WK040532,Wijk 32 Kersenboogerd-Noord,2022,3.9364811537441935,-0.16578369739949134,0.013741188335380704,-0.08620087550356716,-0.0455456224429272,-0.03256078105013355,-0.01521760673824442
WK040533,Wijk 33 Kersenboogerd-Zuid,2002,3.9741058925316177,-0.1281589586120671,NA,NA,NA,NA,NA
WK040533,Wijk 33 Kersenboogerd-Zuid,2008,3.97812479391393,-0.12414005722975523,NA,NA,NA,NA,NA
WK040533,Wijk 33 Kersenboogerd-Zuid,2012,3.9774453731642803,-0.12481947797940471,NA,NA,NA,NA,NA
WK040533,Wijk 33 Kersenboogerd-Zuid,2014,3.973727263802758,-0.12853758734092718,0.025546118893733004,-0.044622374938995665,4.1310651892052666e-4,-0.08572318569669511,-0.024151252117890255
WK040533,Wijk 33 Kersenboogerd-Zuid,2016,4.041506809226841,-0.06075804191684387,NA,NA,NA,NA,NA
WK040533,Wijk 33 Kersenboogerd-Zuid,2018,4.027687378460508,-0.07457747268317763,0.015878950945844798,-0.02597993586808107,-0.004028495466356303,-0.05460794203989609,-0.005840050254689266
WK040533,Wijk 33 Kersenboogerd-Zuid,2020,4.011864344464156,-0.09040050667952958,0.016257784124043936,-0.0313815175491069,-0.007503232348712103,-0.05568094463335927,-0.012092596272395522
WK040533,Wijk 33 Kersenboogerd-Zuid,2022,4.045739124493399,-0.05652572665028603,0.01762821836267434,-0.013075698689949913,-0.005244517702231599,-0.05961564264157832,0.0037819140207991505
WK040534,Wijk 34 Hoorn 80,2002,4.248164438530068,0.14589958738638303,NA,NA,NA,NA,NA
WK040534,Wijk 34 Hoorn 80,2008,4.245166915184034,0.1429020640403483,NA,NA,NA,NA,NA
WK040534,Wijk 34 Hoorn 80,2012,4.258157522295123,0.15589267115143826,NA,NA,NA,NA,NA
WK040534,Wijk 34 Hoorn 80,2014,4.3187874856956165,0.21652263455193094,-0.07939234731559457,0.07904398004171138,0.08119528905309047,0.0015666872686020644,0.1341090255041215
WK040534,Wijk 34 Hoorn 80,2016,4.301867570777494,0.19960271963380885,NA,NA,NA,NA,NA
WK040534,Wijk 34 Hoorn 80,2018,4.279707314477729,0.17744246333404418,-0.06863671888467343,0.044298571164452884,-0.012436055720041592,0.05490509933935839,0.1593115674349476
WK040534,Wijk 34 Hoorn 80,2020,4.344649276568387,0.24238442542470143,-0.0928391512711191,0.04138389374769166,0.08942092751570208,0.05807674447332821,0.14634201095909827
WK040534,Wijk 34 Hoorn 80,2022,4.340042418025008,0.23777756688132218,-0.1077067546743015,0.046962130736059586,0.10302116034154578,0.049730753897841415,0.14577027658017658
WK040535,Wijk 35 Bangert en Oosterpolder,2002,4.064233503564935,-0.03803134757875016,NA,NA,NA,NA,NA
WK040535,Wijk 35 Bangert en Oosterpolder,2008,4.091420933060095,-0.010843918083589895,NA,NA,NA,NA,NA
WK040535,Wijk 35 Bangert en Oosterpolder,2012,4.066669778803123,-0.035595072340562,NA,NA,NA,NA,NA
WK040535,Wijk 35 Bangert en Oosterpolder,2014,4.055189029004715,-0.04707582213897062,0.0060471683949723555,0.01876096909574157,0.0635316380518258,-0.12276213850304821,-0.012653459178462473
WK040535,Wijk 35 Bangert en Oosterpolder,2016,4.089012783715057,-0.01325206742862834,NA,NA,NA,NA,NA
WK040535,Wijk 35 Bangert en Oosterpolder,2018,4.123117276723425,0.020852425579740205,0.0074329448376264816,0.03589372942620593,0.06336405169525404,-0.09731865200005742,0.011480351620710795
WK040535,Wijk 35 Bangert en Oosterpolder,2020,4.119531153574704,0.01726630243101932,0.0028715095201400143,0.03531050653004035,0.051184223730717404,-0.08215488927961409,0.010054951929735396
WK040535,Wijk 35 Bangert en Oosterpolder,2022,4.143293516951909,0.041028665808223716,0.01562911854120822,0.04105049373398195,0.04844740496361751,-0.08636184584289677,0.022263494412312495
WK040600,Wijk 00 Oude Dorp,2002,4.090280913578508,-0.011983937565177438,NA,NA,NA,NA,NA
WK040600,Wijk 00 Oude Dorp,2008,4.106510753197161,0.004245902053475751,NA,NA,NA,NA,NA
WK040600,Wijk 00 Oude Dorp,2012,4.096681149266218,-0.005583701877466178,NA,NA,NA,NA,NA
WK040600,Wijk 00 Oude Dorp,2014,4.120513183772893,0.0182483326292074,0.007684698027957587,-0.009331625221515972,-0.0011846460747265157,0.003662814584945285,0.017417091312546713
WK040600,Wijk 00 Oude Dorp,2016,4.179086069793838,0.07682121865015346,NA,NA,NA,NA,NA
WK040600,Wijk 00 Oude Dorp,2018,4.161262255276444,0.058997404132759126,0.006165673883316327,0.010258814148348382,-0.001303522060835899,0.015447478924416027,0.028428959237514036
WK040600,Wijk 00 Oude Dorp,2020,4.195014239553183,0.09274938840949781,0.010096249668010766,0.0374136442767339,-0.00272120909385073,0.032037296615528454,0.015923406943075147
WK040600,Wijk 00 Oude Dorp,2022,4.2448020913497455,0.14253724020605976,0.010862925125466947,0.04078315958772549,-0.006376118737146347,0.06324843379460326,0.03401884043541014
WK040601,Wijk 01 Westereng,2002,4.106741088272702,0.004476237129016761,NA,NA,NA,NA,NA
WK040601,Wijk 01 Westereng,2008,4.133299841198763,0.031034990055078367,NA,NA,NA,NA,NA
WK040601,Wijk 01 Westereng,2012,4.120977496675053,0.018712645531367138,NA,NA,NA,NA,NA
WK040601,Wijk 01 Westereng,2014,4.186101109628321,0.08383625848463566,0.02802278416660175,0.037336155302409066,0.01369119782710245,-0.007649692226049975,0.012435813414572165
WK040601,Wijk 01 Westereng,2016,4.18852624440245,0.08626139325876421,NA,NA,NA,NA,NA
WK040601,Wijk 01 Westereng,2018,4.15189030805476,0.0496254569110748,0.027121781273475035,0.005524791453284727,0.015597619663171882,0.003962268285519621,-0.002581003764376773
WK040601,Wijk 01 Westereng,2020,4.203818004136278,0.10155315299259222,0.029714078537524308,0.031039772360310657,0.016471947370604277,0.015726664418138133,0.008600690306014503
WK040601,Wijk 01 Westereng,2022,4.28299019101818,0.1807253398744948,0.0340068925245623,0.07399879532698965,0.025008297134976064,0.03404705720205208,0.013664297685914418
WK040602,Wijk 02 Buitenwijken,2002,4.486552077267053,0.3842872261233678,NA,NA,NA,NA,NA
WK040602,Wijk 02 Buitenwijken,2008,4.472982519711004,0.3707176685673188,NA,NA,NA,NA,NA
WK040602,Wijk 02 Buitenwijken,2012,4.454434804403391,0.3521699532597064,NA,NA,NA,NA,NA
WK040602,Wijk 02 Buitenwijken,2014,4.491184807199855,0.3889199560561702,0.08164484095333614,0.1134582624854053,0.11759395804943544,-0.03747677552823164,0.11369967009622477
WK040602,Wijk 02 Buitenwijken,2016,4.485290457146148,0.38302560600246255,NA,NA,NA,NA,NA
WK040602,Wijk 02 Buitenwijken,2018,4.489688036332933,0.3874231851892477,0.08858080165162976,0.09383178591696612,0.11847156878663562,-0.032411072787047,0.1189501016210629
WK040602,Wijk 02 Buitenwijken,2020,4.487153330342181,0.3848884791984961,0.09218769327144107,0.09711784087359375,0.10511731923022193,-0.030165038166756274,0.1206306639899955
WK040602,Wijk 02 Buitenwijken,2022,4.543913554014692,0.4416487028710064,0.09632844318595657,0.13128715436540808,0.11134836830633021,-0.022922863885008575,0.12560760089831982
WK040603,Wijk 03 Erica en Tafelberg,2002,4.452848192522424,0.3505833413787387,NA,NA,NA,NA,NA
WK040603,Wijk 03 Erica en Tafelberg,2008,4.491683889821249,0.38941903867756317,NA,NA,NA,NA,NA
WK040603,Wijk 03 Erica en Tafelberg,2012,4.490283357450181,0.3880185063064958,NA,NA,NA,NA,NA
WK040603,Wijk 03 Erica en Tafelberg,2014,4.4989374120348335,0.3966725608911483,0.09182666249368837,0.1105166643171108,0.13140763280775355,-0.03045827288922556,0.09337987416182075
WK040603,Wijk 03 Erica en Tafelberg,2016,4.4701049445974075,0.3678400934537224,NA,NA,NA,NA,NA
WK040603,Wijk 03 Erica en Tafelberg,2018,4.50609706605841,0.4038322149147246,0.09925561406094578,0.10320649601690265,0.12623985194759155,-0.025144453528398364,0.10027470641768285
WK040603,Wijk 03 Erica en Tafelberg,2020,4.5040953229051235,0.4018304717614382,0.09955273237610339,0.11131855708712024,0.10698257659580357,-0.01763362426006254,0.10161022996247325
WK040603,Wijk 03 Erica en Tafelberg,2022,4.544325532648063,0.44206068150437755,0.10911555233512941,0.13111645085098894,0.1113812983415718,-0.008623163189357914,0.09907054316604488
WK040604,Wijk 04 Staatslieden en Componistenbuurt,2002,4.249306477757726,0.1470416266140406,NA,NA,NA,NA,NA
WK040604,Wijk 04 Staatslieden en Componistenbuurt,2008,4.272580603271847,0.17031575212816252,NA,NA,NA,NA,NA
WK040604,Wijk 04 Staatslieden en Componistenbuurt,2012,4.288501251002734,0.18623639985904916,NA,NA,NA,NA,NA
WK040604,Wijk 04 Staatslieden en Componistenbuurt,2014,4.306738711816334,0.20447386067264875,0.031983439060199556,0.09008477350676976,0.04059282470451292,0.0045403431110895365,0.037272480290076695
WK040604,Wijk 04 Staatslieden en Componistenbuurt,2016,4.330483576485656,0.22821872534197007,NA,NA,NA,NA,NA
WK040604,Wijk 04 Staatslieden en Componistenbuurt,2018,4.280687705653191,0.17842285450950648,0.02581746787334597,0.05281565817983574,0.04334965651268128,0.01325814634984218,0.04318192559380102
WK040604,Wijk 04 Staatslieden en Componistenbuurt,2020,4.330187942836424,0.22792309169273842,0.03430348808896472,0.07512957428354777,0.049294710101462226,0.02649711390311741,0.04269820531564599
WK040604,Wijk 04 Staatslieden en Componistenbuurt,2022,4.3865383522271255,0.28427350108344046,0.03694688828030282,0.10378864729740006,0.05794492167174576,0.041082001656077866,0.04451104217791368
WK040605,Wijk 05 Havengebied,2002,4.0183032160351715,-0.08396163510851402,NA,NA,NA,NA,NA
WK040605,Wijk 05 Havengebied,2008,3.9996853219507176,-0.1025795291929676,NA,NA,NA,NA,NA
WK040605,Wijk 05 Havengebied,2012,4.125543474143398,0.02327862299971199,NA,NA,NA,NA,NA
WK040605,Wijk 05 Havengebied,2014,4.160550704169563,0.05828585302587815,0.02970791519685595,0.02080676634469264,0.011146795232319874,-0.018514829728860184,0.015139205980869661
WK040605,Wijk 05 Havengebied,2016,4.138937443802562,0.036672592658876936,NA,NA,NA,NA,NA
WK040605,Wijk 05 Havengebied,2018,4.167185983766548,0.06492113262286266,0.025669908020394972,0.029206633718505837,0.006715398988058168,-0.014088953884780486,0.01741814578068386
WK040605,Wijk 05 Havengebied,2020,4.17278752836881,0.07052267722512441,0.027983834928533798,0.0411687584131462,0.005155694384757515,-0.008947099522046496,0.005161489020733208
WK040605,Wijk 05 Havengebied,2022,4.22827899129497,0.12601414015128543,0.02656663999099188,0.055683712213992716,0.003959545238737164,0.02202143663869158,0.017782806068871827
WK040606,Wijk 06 Zenderwijk en Bovenweg,2002,3.974411591192398,-0.12785325995128702,NA,NA,NA,NA,NA
WK040606,Wijk 06 Zenderwijk en Bovenweg,2008,3.979063221147217,-0.12320162999646815,NA,NA,NA,NA,NA
WK040606,Wijk 06 Zenderwijk en Bovenweg,2012,3.9916988393594233,-0.11056601178426166,NA,NA,NA,NA,NA
WK040606,Wijk 06 Zenderwijk en Bovenweg,2014,4.077894696849638,-0.02437015429404736,0.019375791148175617,-0.024063108772151304,-0.010704541511555038,-0.01089599113296612,0.0019176959744492538
WK040606,Wijk 06 Zenderwijk en Bovenweg,2016,4.080319284397028,-0.021945566746656858,NA,NA,NA,NA,NA
WK040606,Wijk 06 Zenderwijk en Bovenweg,2018,4.036402033951695,-0.06586281719199084,0.017387685107595953,-0.05692337539060304,-0.021300467568051637,-0.008251804612907762,0.003225145271975335
WK040606,Wijk 06 Zenderwijk en Bovenweg,2020,4.0646641933127725,-0.037600657830912224,0.020192621722338475,-0.03039018939471019,-0.02245011754877183,-0.0019564877237834284,-0.0029964848859855633
WK040606,Wijk 06 Zenderwijk en Bovenweg,2022,4.171484199120427,0.06921934797674222,0.024307871716240045,0.034044400869606854,-0.017563116067235367,0.02251645275146822,0.005913738706662155
WK040607,Wijk 07 Stad en Lande,2002,3.8920077149035963,-0.2102571362400891,NA,NA,NA,NA,NA
WK040607,Wijk 07 Stad en Lande,2008,3.9349140949178696,-0.16735075622581574,NA,NA,NA,NA,NA
WK040607,Wijk 07 Stad en Lande,2012,3.9162907910356193,-0.18597406010806608,NA,NA,NA,NA,NA
WK040607,Wijk 07 Stad en Lande,2014,4.016520799402981,-0.0857440517407044,0.030987888772687013,-0.03778973426944073,-0.014617593087517632,-0.04381540512086816,-0.020509208035565232
WK040607,Wijk 07 Stad en Lande,2016,3.999482854883783,-0.10278199625990259,NA,NA,NA,NA,NA
WK040607,Wijk 07 Stad en Lande,2018,4.001700243864053,-0.10056460727963226,0.023871422310657402,-0.050087981097349965,-0.025289349773986523,-0.039131626181728725,-0.009927072537224768
WK040607,Wijk 07 Stad en Lande,2020,4.025912786758323,-0.0763520643853621,0.02937832994128281,-0.03437549248717295,-0.025056474373894903,-0.027112633414483413,-0.019185794051093937
WK040607,Wijk 07 Stad en Lande,2022,4.114001791936169,0.011736940792483944,0.033371901914091624,0.013860512679774405,-0.021340837479390216,-0.014635123202557708,4.8048688056561773e-4
WK040608,Wijk 08 Huizermaat West en Zuid,2002,3.9268744523671604,-0.1753903987765251,NA,NA,NA,NA,NA
WK040608,Wijk 08 Huizermaat West en Zuid,2008,3.9600968648494796,-0.14216798629420577,NA,NA,NA,NA,NA
WK040608,Wijk 08 Huizermaat West en Zuid,2012,3.9911112945769247,-0.11115355656676017,NA,NA,NA,NA,NA
WK040608,Wijk 08 Huizermaat West en Zuid,2014,4.051715190209765,-0.05054966093392007,0.03245503681166662,-0.028219774084245385,-0.020057851894832796,-0.03015393469271343,-0.004573137073795382
WK040608,Wijk 08 Huizermaat West en Zuid,2016,4.068070849980851,-0.034194001162834275,NA,NA,NA,NA,NA
WK040608,Wijk 08 Huizermaat West en Zuid,2018,4.0603144773953925,-0.041950373748292524,0.02820613850732773,-0.028362818065523685,-0.019831092861516884,-0.02772599878905424,0.0057633974604742915
WK040608,Wijk 08 Huizermaat West en Zuid,2020,4.069039199407582,-0.033225651736102646,0.030481457120682506,-0.026634931358009494,-0.020204122006276252,-0.015681645048478708,-0.001186410444021002
WK040608,Wijk 08 Huizermaat West en Zuid,2022,4.133419506652953,0.03115465550926782,0.027454320150116382,0.018711111230623897,-0.022902489596846494,-0.0014741144640170946,0.009365828189390862
WK040609,Wijk 09 Huizermaat Noord,2002,3.9328564923553913,-0.16940835878829386,NA,NA,NA,NA,NA
WK040609,Wijk 09 Huizermaat Noord,2008,3.951200141328392,-0.15106470981529313,NA,NA,NA,NA,NA
WK040609,Wijk 09 Huizermaat Noord,2012,3.974054399124243,-0.12821045201944248,NA,NA,NA,NA,NA
WK040609,Wijk 09 Huizermaat Noord,2014,4.03971648045891,-0.06254837068477495,0.04171437928266486,-0.03542105166172578,-0.018569994813461388,-0.03369721410588618,-0.016574489386366725
WK040609,Wijk 09 Huizermaat Noord,2016,4.072094762108766,-0.030170089034919065,NA,NA,NA,NA,NA
WK040609,Wijk 09 Huizermaat Noord,2018,4.069653673145964,-0.03261117799772128,0.04430283104095464,-0.024709339281730105,-0.017305704884050806,-0.03232815882874787,-0.0025708060441474168
WK040609,Wijk 09 Huizermaat Noord,2020,4.06048307721342,-0.04178177393026479,0.041500680055954135,-0.022955773222490528,-0.02149420088188031,-0.022696321738636886,-0.016136158143211513
WK040609,Wijk 09 Huizermaat Noord,2022,4.130373915435653,0.028109064291968428,0.0376982207672586,0.025858007897268234,-0.02389944398399283,-0.015150126437816975,0.0036024060492511455
WK040610,Wijk 10 Bijvanck,2002,4.028295346951204,-0.07396950419248187,NA,NA,NA,NA,NA
WK040610,Wijk 10 Bijvanck,2008,4.038248485387587,-0.06401636575609823,NA,NA,NA,NA,NA
WK040610,Wijk 10 Bijvanck,2012,4.046620451937702,-0.05564439920598296,NA,NA,NA,NA,NA
WK040610,Wijk 10 Bijvanck,2014,4.088095194476898,-0.014169656666787668,0.026213204472998894,0.003995050776227195,-0.028615485270291688,-0.01707589467650321,0.001313468030780823
WK040610,Wijk 10 Bijvanck,2016,4.066181337761152,-0.036083513382532954,NA,NA,NA,NA,NA
WK040610,Wijk 10 Bijvanck,2018,4.069048838570399,-0.03321601257328577,0.02345514386977971,-0.010233690805744513,-0.028460775369351158,-0.018034102238402686,5.741197043264051e-5
WK040610,Wijk 10 Bijvanck,2020,4.122765213061225,0.020500361917539216,0.027147863743226572,0.024836479843357843,-0.02900190828440048,-0.005855785063424772,0.0033737116787798463
WK040610,Wijk 10 Bijvanck,2022,4.114046392823497,0.011781541679812414,0.03037422494441193,0.006784585042406352,-0.026132051297038158,-0.0038273933252374703,0.004582176315269511
WK040611,Wijk 11 Bovenmaten,2002,3.901959327770338,-0.200305523373347,NA,NA,NA,NA,NA
WK040611,Wijk 11 Bovenmaten,2008,3.88361536855123,-0.21864948259245562,NA,NA,NA,NA,NA
WK040611,Wijk 11 Bovenmaten,2012,3.915546876787275,-0.18671797435641027,NA,NA,NA,NA,NA
WK040611,Wijk 11 Bovenmaten,2014,3.9961672564502164,-0.10609759469346873,0.02371453222636751,-0.029869400970800833,-0.027062530458841567,-0.05293901009808779,-0.019941185392106344
WK040611,Wijk 11 Bovenmaten,2016,3.991595728609688,-0.1106691225339971,NA,NA,NA,NA,NA
WK040611,Wijk 11 Bovenmaten,2018,3.9937286350683516,-0.10853621607533358,0.021921024901603917,-0.028596970477074095,-0.028357093450647665,-0.056583800035357464,-0.016919377013858587
WK040611,Wijk 11 Bovenmaten,2020,4.018402100227431,-0.08386275091625438,0.024477951957557365,-0.009218397315225333,-0.030758369243916645,-0.04756768607504116,-0.020796250239628868
WK040611,Wijk 11 Bovenmaten,2022,4.053300993957623,-0.04896385718606194,0.029847541399220766,5.880987611200518e-4,-0.02585478968747282,-0.046000260523303936,-0.007544447135626269
WK040612,Wijk 12 Hogemaat,2002,4.084291105545704,-0.01797374559798116,NA,NA,NA,NA,NA
WK040612,Wijk 12 Hogemaat,2008,4.1246686999562145,0.022403848812529218,NA,NA,NA,NA,NA
WK040612,Wijk 12 Hogemaat,2012,4.135787340448777,0.03352248930509255,NA,NA,NA,NA,NA
WK040612,Wijk 12 Hogemaat,2014,4.176777041923358,0.07451219077967283,0.025533421229226926,0.07908294462537893,0.04060672730679247,-0.08287968655937286,0.012168784177647086
WK040612,Wijk 12 Hogemaat,2016,4.160223654661308,0.05795880351762278,NA,NA,NA,NA,NA
WK040612,Wijk 12 Hogemaat,2018,4.184843264566817,0.08257841342313169,0.03463248917544439,0.06019499964437511,0.03570235526689599,-0.08209433630009627,0.03414290563651223
WK040612,Wijk 12 Hogemaat,2020,4.214052228502568,0.11178737735888226,0.03652806729677892,0.09329253997292557,0.024858917430467354,-0.07723479182239502,0.034342644481105154
WK040612,Wijk 12 Hogemaat,2022,4.236729117240601,0.13446426609691525,0.04375368432169289,0.09840741848677653,0.02887131212179535,-0.0724307562832084,0.03586260744985862
WK041501,Purmerland,2002,4.1407047414041385,0.03843989026045388,NA,NA,NA,NA,NA
WK041501,Purmerland,2008,4.104286760833389,0.002021909689704013,NA,NA,NA,NA,NA
WK041501,Purmerland,2012,4.122543365163215,0.02027851401952961,NA,NA,NA,NA,NA
WK041501,Purmerland,2014,4.148784769690216,0.046519918546530495,-0.014279211470649103,0.061174878537845936,0.07451888675872217,-0.12559126070946977,0.050696625430081056
WK041501,Purmerland,2016,4.195234219736705,0.09296936859301982,NA,NA,NA,NA,NA
WK041501,Purmerland,2018,4.190959415845178,0.08869456470149231,-0.010377043950867288,0.08148385727093099,0.09100565120697231,-0.12791718034784894,0.054499280522304926
WK041501,Purmerland,2020,4.131420165131478,0.02915531398779265,-0.01482238663176414,0.030523221750622085,0.08135270071675194,-0.12197705404703856,0.05407883219922096
WK041501,Purmerland,2022,4.170296006320896,0.0680311551772109,-0.0031666094565288034,0.058714507583955175,0.08437081991515205,-0.12498638089595342,0.05309881803058561
WK041502,Den Ilp,2002,4.231326319041643,0.12906146789795767,NA,NA,NA,NA,NA
WK041502,Den Ilp,2008,4.203733295935971,0.10146844479228524,NA,NA,NA,NA,NA
WK041502,Den Ilp,2012,4.165863951886198,0.06359910074251356,NA,NA,NA,NA,NA
WK041502,Den Ilp,2014,4.226061357823427,0.12379650667974187,0.0366331821799181,0.08487217573287173,0.09197626197882833,-0.14246043412878576,0.05277532091690924
WK041502,Den Ilp,2016,4.209797770982025,0.10753291983833967,NA,NA,NA,NA,NA
WK041502,Den Ilp,2018,4.203044827401324,0.10077997625763828,0.021647902893698775,0.06972907160537609,0.09782558214110502,-0.14264528067015064,0.0542227002876089
WK041502,Den Ilp,2020,4.161436110554512,0.059171259410827036,0.02758970235732272,0.03884573889314111,0.06820687105002073,-0.1296732468711061,0.0542021939814484
WK041502,Den Ilp,2022,4.1960469144108385,0.0937820632671537,0.04191912232208175,0.06517727734656824,0.06886529874875642,-0.13747736279601516,0.05529772764576225
WK041503,Landsmeer,2002,4.096743165205041,-0.005521685938643929,NA,NA,NA,NA,NA
WK041503,Landsmeer,2008,4.097796861775335,-0.0044679893683502265,NA,NA,NA,NA,NA
WK041503,Landsmeer,2012,4.102125653679026,-1.3919746465999668e-4,NA,NA,NA,NA,NA
WK041503,Landsmeer,2014,4.1439955927325265,0.04173074158884083,0.008403927778355944,0.016677634987640872,0.01382235333788126,0.007202533444802894,-0.004375707959840429
WK041503,Landsmeer,2016,4.167404064723159,0.06513921357947366,NA,NA,NA,NA,NA
WK041503,Landsmeer,2018,4.135860658886004,0.033595807742318955,-0.0033866733918289584,0.006457411392085553,0.015766477668012986,0.01377542206706169,9.831700069874356e-4
WK041503,Landsmeer,2020,4.155263100730108,0.05299824958642314,0.004765121050919505,-0.0063084104542868195,0.014882541490605534,0.040166125813041964,-5.071283138572801e-4
WK041503,Landsmeer,2022,4.164613155356529,0.062348304212843195,0.010403110344057975,0.00487905425245955,0.015397598765300165,0.018808380700329995,0.012860160150695183
WK041703,Laren,2002,4.250558523732198,0.1482936725885125,NA,NA,NA,NA,NA
WK041703,Laren,2008,4.246758739795547,0.1444938886518622,NA,NA,NA,NA,NA
WK041703,Laren,2012,4.244355881959657,0.14209103081597155,NA,NA,NA,NA,NA
WK041703,Laren,2014,4.3071176284899355,0.20485277734624988,0.0383290175167069,0.05479478476196436,0.03218460328056421,0.03971285875869404,0.039831513028320074
WK041703,Laren,2016,4.317856028060336,0.21559117691665053,NA,NA,NA,NA,NA
WK041703,Laren,2018,4.323509027455493,0.221244176311807,0.029881361531788258,0.06802405371835768,0.03685671423583879,0.03939729700871441,0.04708474981710756
WK041703,Laren,2020,4.334914123238628,0.23264927209494185,0.03399531057693477,0.06255273350894829,0.03627718851855143,0.053681584597569755,0.046142454892937335
WK041703,Laren,2022,4.339176391930208,0.2369115407865232,0.033485583445441516,0.0622847791858357,0.037647605462426625,0.04767406947972088,0.05581950321309821
WK042001,Medemblik,2002,3.94056383968227,-0.16170101146141508,NA,NA,NA,NA,NA
WK042001,Medemblik,2008,3.9934183143321866,-0.1088465368114985,NA,NA,NA,NA,NA
WK042001,Medemblik,2012,4.025361494880245,-0.07690335626343922,NA,NA,NA,NA,NA
WK042001,Medemblik,2014,4.023577081231145,-0.0786877699125405,0.036505008179884266,0.02157581541040748,0.006693299518032622,-0.13460196997648685,-0.008859923044378272
WK042001,Medemblik,2016,4.071986953697127,-0.030277897446557255,NA,NA,NA,NA,NA
WK042001,Medemblik,2018,4.068428410994348,-0.03383644014933702,0.029056231616168042,0.03636570694444445,0.007029981565127544,-0.12059232757994827,0.014303967304870926
WK042001,Medemblik,2020,4.065447303133802,-0.03681754800988263,0.02699874784803008,0.03570981703724572,0.006954549331205888,-0.11796657332128521,0.011485911094920592
WK042001,Medemblik,2022,4.069755425506359,-0.032509425637326256,0.02591940462804097,0.026322881586239105,0.00575920449625373,-0.11454148240078127,0.024030566052920917
WK042002,Opperdoes,2002,4.102834223926432,5.693727827464556e-4,NA,NA,NA,NA,NA
WK042002,Opperdoes,2008,4.081241516394583,-0.021023334749101258,NA,NA,NA,NA,NA
WK042002,Opperdoes,2012,4.0726796566385355,-0.029585194505149105,NA,NA,NA,NA,NA
WK042002,Opperdoes,2014,4.033115894582409,-0.0691489565612766,0.025083827860909493,0.022233174807195145,0.03795559669919446,-0.19109191077007903,0.036670354841503036
WK042002,Opperdoes,2016,4.069101059625944,-0.03316379151774107,NA,NA,NA,NA,NA
WK042002,Opperdoes,2018,4.058894321397695,-0.04337052974599045,0.012192146691716395,0.056399859025148935,0.03578979552051264,-0.18157576281203042,0.033823431828661724
WK042002,Opperdoes,2020,4.052464701137461,-0.04980015000622443,0.005940470257569322,0.043624005599766154,0.035925417679331405,-0.17758297664366907,0.04229293310077752
WK042002,Opperdoes,2022,4.041335490778232,-0.060929360365453156,0.01668830533001766,0.02271311789587564,0.029344550414031535,-0.17832968891940712,0.04865435491402892
WK042003,Twisk,2002,4.158242349725298,0.05597749858161229,NA,NA,NA,NA,NA
WK042003,Twisk,2008,4.105043313032724,0.0027784618890391273,NA,NA,NA,NA,NA
WK042003,Twisk,2012,4.127886907936051,0.02562205679236604,NA,NA,NA,NA,NA
WK042003,Twisk,2014,4.116244427016086,0.013979575872400257,0.0024977559134805364,0.05372309771371602,0.06925454524517824,-0.19463922228958414,0.08314339928960934
WK042003,Twisk,2016,4.116613997784388,0.01434914664070195,NA,NA,NA,NA,NA
WK042003,Twisk,2018,4.13275453046958,0.030489679325894255,2.3017485596546676e-4,0.07049918126077584,0.06253909788594386,-0.18559957041300026,0.08282079573620911
WK042003,Twisk,2020,4.144073144832574,0.04180829368888922,-0.009921206656206284,0.09056421060699547,0.051291032980282016,-0.17741453040828545,0.08728878716610328
WK042003,Twisk,2022,4.12299515608513,0.02073030494144496,-0.010409635955689283,0.08529725085225374,0.051058418733573877,-0.18453721181030536,0.07932148312161179
WK042004,Lambertschaag,2002,4.003542994426965,-0.09872185671671965,NA,NA,NA,NA,NA
WK042004,Lambertschaag,2008,4.026691870559422,-0.07557298058426219,NA,NA,NA,NA,NA
WK042004,Lambertschaag,2012,4.040045903864966,-0.06221894727871885,NA,NA,NA,NA,NA
WK042004,Lambertschaag,2014,4.102550065186471,2.8521404278606516e-4,-0.061792941577574215,0.07821328781806657,0.09115193933660097,-0.2014275670685369,0.09414049553422942
WK042004,Lambertschaag,2016,4.144487700915097,0.04222284977141206,NA,NA,NA,NA,NA
WK042004,Lambertschaag,2018,4.132926756221117,0.030661905077431557,-0.05456638732592167,0.09393320369939348,0.10340536082812025,-0.20292041927490742,0.09081014715074671
WK042004,Lambertschaag,2020,4.082393521943225,-0.01987132920046007,-0.06258335424188137,0.07376509434390881,0.07812181443755233,-0.20095044940870613,0.091775565668666
WK042004,Lambertschaag,2022,4.0226572520913155,-0.07960759905236993,-0.08361392041046138,0.036054720473012884,0.075517212376157,-0.20089881789447875,0.09333320640339984
WK042005,Abbekerk,2002,4.0289237430696465,-0.07334110807403828,NA,NA,NA,NA,NA
WK042005,Abbekerk,2008,4.02291652398525,-0.0793483271584352,NA,NA,NA,NA,NA
WK042005,Abbekerk,2012,4.040293505548871,-0.06197134559481397,NA,NA,NA,NA,NA
WK042005,Abbekerk,2014,4.039467190225749,-0.06279766091793566,0.015955754192787986,0.037623208374717436,0.047646162636484024,-0.18888066556738156,0.024857879445456182
WK042005,Abbekerk,2016,4.038415078485586,-0.06384977265809987,NA,NA,NA,NA,NA
WK042005,Abbekerk,2018,4.067758847352609,-0.034506003791076406,0.007955746235939773,0.06613979881272555,0.04950106641312234,-0.18890856862953828,0.030805953376673946
WK042005,Abbekerk,2020,4.074393660309349,-0.02787119083433644,0.004498821495914306,0.0733119199562272,0.047909736110085734,-0.1855507120808807,0.03195904368431675
WK042005,Abbekerk,2022,4.051361267172068,-0.0509035839716179,-0.0022124724370888227,0.061641649169021144,0.039893363018463864,-0.1932077455563637,0.04298162183434932
WK042006,Sijbekarspel,2002,4.076760580683381,-0.025504270460304856,NA,NA,NA,NA,NA
WK042006,Sijbekarspel,2008,4.058858910517013,-0.04340594062667199,NA,NA,NA,NA,NA
WK042006,Sijbekarspel,2012,4.0527785509243515,-0.04948630021933375,NA,NA,NA,NA,NA
WK042006,Sijbekarspel,2014,4.064375147765532,-0.03788970337815317,0.009479611795469916,0.03309539448704042,0.05997552560240902,-0.2028851033455151,0.062444868082442304
WK042006,Sijbekarspel,2016,4.094522415937206,-0.0077424352064787835,NA,NA,NA,NA,NA
WK042006,Sijbekarspel,2018,4.094742357798728,-0.007522493344957281,0.008797999473433515,0.052246477536427534,0.07039613535126986,-0.19927935868792354,0.06031625298183498
WK042006,Sijbekarspel,2020,4.126107109813666,0.02384225866998086,0.001709376407742144,0.08359326349011059,0.06416389563581912,-0.1857214406856563,0.06009716382196502
WK042006,Sijbekarspel,2022,4.111805355262025,0.009540504118339663,0.0035260871456778142,0.08415838198650773,0.057165873324388904,-0.19278907105520143,0.057479232716966346
WK042007,Benningbroek,2002,4.149096389814184,0.04683153867049805,NA,NA,NA,NA,NA
WK042007,Benningbroek,2008,4.1100753112670185,0.00781046012333266,NA,NA,NA,NA,NA
WK042007,Benningbroek,2012,4.139508150225549,0.03724329908186339,NA,NA,NA,NA,NA
WK042007,Benningbroek,2014,4.130623892452976,0.028359041309291077,-0.0018305775122827144,0.04264817466860766,0.08053780079719196,-0.17247318393333244,0.07947682728910625
WK042007,Benningbroek,2016,4.172640744552051,0.07037589340836539,NA,NA,NA,NA,NA
WK042007,Benningbroek,2018,4.1927608942296155,0.09049604308593069,0.002607173675832802,0.08920324350716402,0.08144597845120766,-0.1639957514395986,0.08123539889132443
WK042007,Benningbroek,2020,4.196199594779098,0.09393474363541257,-0.005410823678087676,0.09840050328865277,0.07107890729015631,-0.1507622467005821,0.08062840343527297
WK042007,Benningbroek,2022,4.177082258070446,0.07481740692676103,-0.0035460788105686892,0.0878017902709467,0.0631591627143742,-0.1591095456339597,0.08651207838596822
WK042008,Wognum,2002,4.084584025892341,-0.017680825251343724,NA,NA,NA,NA,NA
WK042008,Wognum,2008,4.097872244914352,-0.004392606229333239,NA,NA,NA,NA,NA
WK042008,Wognum,2012,4.128460010677893,0.026195159534207722,NA,NA,NA,NA,NA
WK042008,Wognum,2014,4.174779566533554,0.07251471538986959,0.024657604983973926,0.06488156965117907,0.06673857997752844,-0.12475342636209953,0.04099038713928739
WK042008,Wognum,2016,4.197048182458137,0.0947833313144525,NA,NA,NA,NA,NA
WK042008,Wognum,2018,4.184057343523984,0.08179249238029795,0.011188680023440922,0.07658076601936763,0.061009143607145856,-0.10639027112599166,0.039404173856334906
WK042008,Wognum,2020,4.186509725644211,0.08424487450052642,0.013694398824160642,0.08100727274616903,0.05263308023299915,-0.10025810839359947,0.037168231090796776
WK042008,Wognum,2022,4.18649325832487,0.08422840718118492,0.02333897996469673,0.07028315963477046,0.05071087044986822,-0.10427289712696017,0.04416829425880942
WK042009,Zwaagdijk-West,2002,4.0466864326591425,-0.05557841848454286,NA,NA,NA,NA,NA
WK042009,Zwaagdijk-West,2008,4.0509372452426184,-0.05132760590106683,NA,NA,NA,NA,NA
WK042009,Zwaagdijk-West,2012,4.075150435842383,-0.02711441530130192,NA,NA,NA,NA,NA
WK042009,Zwaagdijk-West,2014,4.107966332246765,0.0057014811030803815,-0.02752488218126441,0.056266966676111065,0.08523482421678329,-0.15555001917849726,0.04727459156994731
WK042009,Zwaagdijk-West,2016,4.143784052702725,0.04151920155903946,NA,NA,NA,NA,NA
WK042009,Zwaagdijk-West,2018,4.184618460949097,0.08235360980541163,-0.029023643947619176,0.10737020459828886,0.08524407597819052,-0.13226672429371072,0.05102969747026187
WK042009,Zwaagdijk-West,2020,4.179337387365525,0.0770725362218397,-0.03497688085993525,0.10075187921967313,0.08477117254004048,-0.12293602500942438,0.049462390331485466
WK042009,Zwaagdijk-West,2022,4.179161297555457,0.07689644641177203,-0.03734620174313847,0.09328071467032673,0.08669136217929878,-0.12245234716722174,0.05672291847250644
WK042010,Nibbixwoud,2002,4.072695529972839,-0.029569321170845646,NA,NA,NA,NA,NA
WK042010,Nibbixwoud,2008,4.083160798744964,-0.019104052398720858,NA,NA,NA,NA,NA
WK042010,Nibbixwoud,2012,4.077715132605718,-0.02454971853796755,NA,NA,NA,NA,NA
WK042010,Nibbixwoud,2014,4.121736139358408,0.019471288214722656,0.02023746794221498,0.05754787492397405,0.061177950118201596,-0.15863752292735994,0.03914551815769168
WK042010,Nibbixwoud,2016,4.134590740902276,0.03232588975859031,NA,NA,NA,NA,NA
WK042010,Nibbixwoud,2018,4.128018553950805,0.025753702807120003,0.008260478908859625,0.06744159733860439,0.05748094157103911,-0.14619886852521907,0.03876955351383566
WK042010,Nibbixwoud,2020,4.135271640840903,0.03300678969721795,0.007898630318800235,0.08120962948478727,0.04855529731487686,-0.1420807845031542,0.0374240170819075
WK042010,Nibbixwoud,2022,4.143183062893201,0.040918211749515855,0.015055430624718254,0.08199717626093458,0.04979227587705896,-0.14696802647535645,0.04104135546216024
WK042011,Midwoud,2002,4.0249249369592,-0.07733991418448521,NA,NA,NA,NA,NA
WK042011,Midwoud,2008,4.045626812776312,-0.05663803836737271,NA,NA,NA,NA,NA
WK042011,Midwoud,2012,4.028025860380341,-0.0742389907633445,NA,NA,NA,NA,NA
WK042011,Midwoud,2014,4.018260753314985,-0.08400409782870019,0.03408525057899004,0.017731849869926153,0.03522495839882061,-0.1928535011747315,0.021807344498294176
WK042011,Midwoud,2016,4.0155607050385465,-0.0867041461051391,NA,NA,NA,NA,NA
WK042011,Midwoud,2018,4.062485240463474,-0.039779610680211165,0.0224550242829707,0.049073055578205536,0.03771813929083326,-0.18141203149175064,0.03238620165952976
WK042011,Midwoud,2020,4.056369150056624,-0.04589570108706176,0.020977690753792043,0.05799462731618625,0.03296675261373625,-0.16937311434885588,0.011538342578079324
WK042011,Midwoud,2022,4.053828113431814,-0.04843673771187101,0.02379085706213396,0.04474077504394109,0.028669856854617422,-0.18539101205105354,0.03975278537848981
WK042012,Oostwoud,2002,4.179087461703513,0.0768226105598276,NA,NA,NA,NA,NA
WK042012,Oostwoud,2008,4.208959751013337,0.10669489986965182,NA,NA,NA,NA,NA
WK042012,Oostwoud,2012,4.152347055923023,0.05008220477933759,NA,NA,NA,NA,NA
WK042012,Oostwoud,2014,4.134205795789907,0.03194094464622166,0.007226305646891953,0.06228175752321077,0.08479955359377396,-0.20891868683498763,0.08655201471733227
WK042012,Oostwoud,2016,4.191475721873151,0.08921087072946612,NA,NA,NA,NA,NA
WK042012,Oostwoud,2018,4.175496995190824,0.07323214404713878,0.015574669257977954,0.09277784532719269,0.08113455605505028,-0.19773211755985656,0.08147719096677422
WK042012,Oostwoud,2020,4.1506003902897515,0.048335539146066114,0.007333697089133851,0.09316664617941386,0.07048841054669437,-0.1917485563806154,0.06909534171143912
WK042012,Oostwoud,2022,4.149996336753437,0.047731485609752156,0.019135346221950168,0.08016968469747209,0.060031309012562095,-0.19564195409175944,0.084037099769527
WK042013,Hauwert,2002,4.035131797589258,-0.0671330535544269,NA,NA,NA,NA,NA
WK042013,Hauwert,2008,4.086024889108212,-0.016239962035473433,NA,NA,NA,NA,NA
WK042013,Hauwert,2012,4.0577774935617095,-0.044487357581975376,NA,NA,NA,NA,NA
WK042013,Hauwert,2014,4.127660310190224,0.02539545904653922,0.007729558842002707,0.05934632567295533,0.09102442935570892,-0.20694473913419553,0.0742398843100676
WK042013,Hauwert,2016,4.141206892819456,0.03894204167577127,NA,NA,NA,NA,NA
WK042013,Hauwert,2018,4.184565244709387,0.08230039356570219,0.012879676454836151,0.08289034818220777,0.10498647356884576,-0.19195946706338812,0.07350336242320035
WK042013,Hauwert,2020,4.182106953284066,0.07984210214038026,0.007965000253391521,0.09148979581599034,0.09547592386345895,-0.18807447360536966,0.07298585581290891
WK042013,Hauwert,2022,4.192353620281311,0.09008876913762685,0.010522840649829942,0.09880144024876451,0.09138222006133652,-0.1973525845421037,0.0867348527197993
WK042014,Zwaagdijk-Oost,2002,4.113198062732732,0.010933211589046404,NA,NA,NA,NA,NA
WK042014,Zwaagdijk-Oost,2008,4.1213224069026,0.0190575557589147,NA,NA,NA,NA,NA
WK042014,Zwaagdijk-Oost,2012,4.137983915793946,0.03571906465026031,NA,NA,NA,NA,NA
WK042014,Zwaagdijk-Oost,2014,4.139012498227084,0.03674764708339833,-0.031487664831386514,0.09918178266529282,0.1004415514750177,-0.19920264981853475,0.0678146275930088
WK042014,Zwaagdijk-Oost,2016,4.187894110112354,0.08562925896866838,NA,NA,NA,NA,NA
WK042014,Zwaagdijk-Oost,2018,4.152772622355792,0.05050777121210662,-0.025175396845166172,0.09627287327478432,0.09674955572074258,-0.18246524200399433,0.06512598106574
WK042014,Zwaagdijk-Oost,2020,4.135332298536356,0.03306744739267026,-0.02910656236928826,0.09340819975650404,0.07593197155512352,-0.17865157665978476,0.0714854151101155
WK042014,Zwaagdijk-Oost,2022,4.107771958710338,0.005507107566653178,-0.03766916750195761,0.07290179399361976,0.07465237746812826,-0.18254159761555508,0.07816370122241757
WK042015,Wervershoof,2002,4.048790584097634,-0.05347426704605157,NA,NA,NA,NA,NA
WK042015,Wervershoof,2008,4.086670288256243,-0.015594562887442303,NA,NA,NA,NA,NA
WK042015,Wervershoof,2012,4.0701853522938105,-0.03207949884987463,NA,NA,NA,NA,NA
WK042015,Wervershoof,2014,4.103670023296955,0.0014051721532694855,0.040460429778528054,0.060974108810952964,0.03922963442875727,-0.16988327711383333,0.03062427624886427
WK042015,Wervershoof,2016,4.133851379647753,0.031586528504067984,NA,NA,NA,NA,NA
WK042015,Wervershoof,2018,4.130665168399329,0.028400317255643567,0.034991844102602344,0.07666033148661755,0.039955843233651846,-0.15553639087598592,0.032328689308757444
WK042015,Wervershoof,2020,4.127472905094683,0.02520805395099776,0.03177697506358216,0.07232019611013576,0.037714209276382533,-0.1475020798136142,0.030898753314511283
WK042015,Wervershoof,2022,4.115393326111176,0.013128474967491477,0.029013533561962172,0.06092554157556153,0.03725629297918985,-0.15332664214076955,0.039259748991547126
WK042016,Andijk,2002,3.996362449023186,-0.10590240212049866,NA,NA,NA,NA,NA
WK042016,Andijk,2008,4.044698943607578,-0.0575659075361069,NA,NA,NA,NA,NA
WK042016,Andijk,2012,4.032045232384811,-0.07021961875887413,NA,NA,NA,NA,NA
WK042016,Andijk,2014,4.04983991834252,-0.052424932801166,0.01735133255697113,0.05512495605105552,0.05562724469496784,-0.21467594650501257,0.034147480400851804
WK042016,Andijk,2016,4.05660045243496,-0.04566439870872486,NA,NA,NA,NA,NA
WK042016,Andijk,2018,4.058719641179217,-0.043545209964468375,0.011644102867339867,0.05459298874794784,0.051025843833608545,-0.19679348417196388,0.035985338758599
WK042016,Andijk,2020,4.060554291459745,-0.04171055968394024,0.00653122992899411,0.07025504161072324,0.045276771976012646,-0.19312725352275137,0.029353650323080863
WK042016,Andijk,2022,4.084788957301022,-0.017475893842662505,0.008647778475642381,0.07845394176204457,0.048575230243146285,-0.20142176295325664,0.048268918629760633
WK043100,Wijk 00,2002,4.1469367135148785,0.044671862371193756,NA,NA,NA,NA,NA
WK043100,Wijk 00,2008,4.150658016830595,0.04839316568690981,NA,NA,NA,NA,NA
WK043100,Wijk 00,2012,4.1332815953956485,0.031016744251963366,NA,NA,NA,NA,NA
WK043100,Wijk 00,2014,4.168413056468088,0.06614820532440215,0.010023558927771096,0.03506484739504008,0.016524740468564125,-0.005768504936243015,0.010303563469269592
WK043100,Wijk 00,2016,4.176125905957936,0.07386105481425072,NA,NA,NA,NA,NA
WK043100,Wijk 00,2018,4.163584069014313,0.061319217870627406,-0.00664127985963955,0.03945279315830275,0.016510515257627166,-7.380510776343458e-5,0.012070994422100224
WK043100,Wijk 00,2020,4.189937199969356,0.08767234882567106,0.002345174236761932,0.039036295042862844,0.012478173292283734,0.027786443746648536,0.006026262507113698
WK043100,Wijk 00,2022,4.185312324617888,0.08304747347420259,0.0036048149783639567,0.05034965099839983,0.006242021610064371,0.012850869585288456,0.010000116302085683
WK043200,Wijk 00,2002,3.977773618214678,-0.12449123292900709,NA,NA,NA,NA,NA
WK043200,Wijk 00,2008,4.015739093100024,-0.08652575804366196,NA,NA,NA,NA,NA
WK043200,Wijk 00,2012,4.03164732033787,-0.07061753080581504,NA,NA,NA,NA,NA
WK043200,Wijk 00,2014,4.056293738822466,-0.04597111232121906,0.035574830113027756,0.03245778899036682,0.04873780188890505,-0.16210333382168654,-6.381994918324511e-4
WK043200,Wijk 00,2016,4.0932961307962525,-0.008968720347432416,NA,NA,NA,NA,NA
WK043200,Wijk 00,2018,4.1243630768897095,0.02209822574602393,0.0215168525139806,0.07836388565626858,0.049892995320995476,-0.16249910691301353,0.034823599167792485
WK043200,Wijk 00,2020,4.1281571261958385,0.02589227505215301,0.020363031136451732,0.08737062816171849,0.051798657678500996,-0.1459148931577509,0.012274851233232383
WK043200,Wijk 00,2022,4.1140047234703205,0.011739872326635176,0.023647291086109083,0.06828615461534787,0.04685159602870581,-0.15960007928133674,0.03255490987780886
WK043201,Wijk 01,2002,3.9802937366725706,-0.12197111447111497,NA,NA,NA,NA,NA
WK043201,Wijk 01,2008,3.966448850874805,-0.13581600026888033,NA,NA,NA,NA,NA
WK043201,Wijk 01,2012,3.9990164915311333,-0.10324835961255178,NA,NA,NA,NA,NA
WK043201,Wijk 01,2014,4.032343076310639,-0.06992177483304689,0.024968921921712954,0.04491755880990234,0.049686233689898364,-0.1887784768902478,-7.160123643130448e-4
WK043201,Wijk 01,2016,4.08427547187777,-0.017989379265915574,NA,NA,NA,NA,NA
WK043201,Wijk 01,2018,4.09006049161387,-0.012204359529815514,0.01892355509622639,0.0730008607598382,0.04791213086207854,-0.19131041084309097,0.03926950459513208
WK043201,Wijk 01,2020,4.081007393815462,-0.021257457328223827,0.01948777232009235,0.07537020481458509,0.05066907310693218,-0.17878060927071326,0.0119961017008795
WK043201,Wijk 01,2022,4.096925363953279,-0.005339487190406687,0.014339385721807502,0.07289659244502983,0.049266122422587696,-0.18331860508931286,0.041477017309480876
WK043202,Wijk 02,2002,4.0752569270388745,-0.02700792410481056,NA,NA,NA,NA,NA
WK043202,Wijk 02,2008,4.017219586356134,-0.0850452647875509,NA,NA,NA,NA,NA
WK043202,Wijk 02,2012,3.998964673481522,-0.1033001776621628,NA,NA,NA,NA,NA
WK043202,Wijk 02,2014,4.068992917362867,-0.03327193378081734,0.004488675690448445,0.09402151536429783,0.0842841206868173,-0.24129731981227898,0.02523107428989784
WK043202,Wijk 02,2016,4.086338309851479,-0.015926541292205443,NA,NA,NA,NA,NA
WK043202,Wijk 02,2018,4.124180442629028,0.021915591485342334,0.011463881217437277,0.0889730179794243,0.09697220930043798,-0.2418663868055296,0.06637286979357214
WK043202,Wijk 02,2020,4.098887172839834,-0.003377678303850264,0.0028288013870019896,0.1010622551547553,0.074692474300887865,-0.23451986074780476,0.05255865160130909
WK043202,Wijk 02,2022,4.100952635148039,-0.001312215995645389,0.001419000049631614,0.09760752109044556,0.07596348491558384,-0.23970117045355585,0.06339894840224919
WK043700,Wijk 00,2002,4.170155295982765,0.06789044483907998,NA,NA,NA,NA,NA
WK043700,Wijk 00,2008,4.187330877753482,0.0850660266097964,NA,NA,NA,NA,NA
WK043700,Wijk 00,2012,4.186102762801543,0.08383791165785716,NA,NA,NA,NA,NA
WK043700,Wijk 00,2014,4.168665826862379,0.06640097571869387,-0.00974156102367593,0.00912646128247222,1.5094108846724333e-4,0.06095671576581158,0.00590841860561847
WK043700,Wijk 00,2016,4.188134042951989,0.08586919180830437,NA,NA,NA,NA,NA
WK043700,Wijk 00,2018,4.181208592871251,0.07894374172756508,-0.015535050339107096,0.028780942937310282,-0.005078260443413282,0.058351744428082726,0.012424365144692175
WK043700,Wijk 00,2020,4.177758290026295,0.07549343888261019,-0.008842005658582116,0.011382736587179544,-0.0062717942672804354,0.07389136287260223,0.005333139348690698
WK043700,Wijk 00,2022,4.1850749739744195,0.08281012283073404,-0.009367364164966977,0.018554642773963587,-0.007884388883887504,0.0687746831410224,0.012732549964602236
WK043901,Wijk 01 Centrum,2002,4.130567298097087,0.02830244695340173,NA,NA,NA,NA,NA
WK043901,Wijk 01 Centrum,2008,4.112899946356217,0.010635095212531857,NA,NA,NA,NA,NA
WK043901,Wijk 01 Centrum,2012,4.114945633968004,0.012680782824318386,NA,NA,NA,NA,NA
WK043901,Wijk 01 Centrum,2014,4.135435692601309,0.03317084145762364,0.026955796963908395,-0.03248403798858386,-0.008597071999497437,0.058887838614906894,-0.011591684133110562
WK043901,Wijk 01 Centrum,2016,4.180041961414473,0.07777711027078754,NA,NA,NA,NA,NA
WK043901,Wijk 01 Centrum,2018,4.164185157340159,0.061920306196474144,0.007832095762630642,-0.0344481038820031,-0.014371908377864399,0.08455884099362126,0.018349381700089436
WK043901,Wijk 01 Centrum,2020,4.165723606941582,0.06345875579789674,0.01475018182559063,-0.02100236231005716,-0.01594074238850505,0.0911262839777354,-0.005474605306867336
WK043901,Wijk 01 Centrum,2022,4.16509704923846,0.06283219809477467,0.021021235904047617,-0.03347841405063621,-0.023307968748534313,0.08258022431467438,0.01601712067522292
WK043902,Wijk 02 Overwhere,2002,4.016756448068621,-0.08550840307506395,NA,NA,NA,NA,NA
WK043902,Wijk 02 Overwhere,2008,4.013635705280651,-0.08862914586303484,NA,NA,NA,NA,NA
WK043902,Wijk 02 Overwhere,2012,4.009783951978338,-0.09248089916534753,NA,NA,NA,NA,NA
WK043902,Wijk 02 Overwhere,2014,4.034750606534545,-0.06751424460914027,0.009189165706929417,-0.016233683053457074,-0.01869820371568354,-0.002729776333258216,-0.039041747213671166
WK043902,Wijk 02 Overwhere,2016,4.054461791158311,-0.0478030599853742,NA,NA,NA,NA,NA
WK043902,Wijk 02 Overwhere,2018,4.043531946586023,-0.05873290455766214,-0.0034821746121193225,-0.006734623112222349,-0.01845876779229586,0.010384278990564738,-0.04044161803158962
WK043902,Wijk 02 Overwhere,2020,4.049526436832457,-0.05273841431122851,0.004098080568454586,-0.026769783254890153,-0.017202772629363663,0.019351694580351755,-0.03221563357578131
WK043902,Wijk 02 Overwhere,2022,4.120787933254769,0.018523082111083895,0.007840357026481344,0.029248104424556325,-0.004979075474074329,0.014626208389948546,-0.028212512255828246
WK043903,Wijk 03 Wheermolen,2002,3.8437454249198106,-0.25851942622387464,NA,NA,NA,NA,NA
WK043903,Wijk 03 Wheermolen,2008,3.8263641613713464,-0.2759006897723388,NA,NA,NA,NA,NA
WK043903,Wijk 03 Wheermolen,2012,3.852960491421367,-0.24930435972231796,NA,NA,NA,NA,NA
WK043903,Wijk 03 Wheermolen,2014,3.898847521533288,-0.20341732961039746,6.440957877415389e-4,-0.0826083645080738,-0.042264023345810024,-0.015804909329776805,-0.06338412821447865
WK043903,Wijk 03 Wheermolen,2016,3.8912586421707003,-0.21100620897298497,NA,NA,NA,NA,NA
WK043903,Wijk 03 Wheermolen,2018,3.9279574627314267,-0.1743073884122585,-0.00600576645149802,-0.05999358005043828,-0.04300237327472132,-0.0074859272753362615,-0.057819741360264895
WK043903,Wijk 03 Wheermolen,2020,3.936951552940232,-0.165313298203453,-0.007713775312078355,-0.04797043530825505,-0.040171281212878523,0.006596370146084824,-0.0760541765163262
WK043903,Wijk 03 Wheermolen,2022,3.9522033098792138,-0.15006154126447194,-0.0031258843743437736,-0.04787758168096145,-0.04618020671689213,-0.00440057505670728,-0.04847729343556761
WK043904,Wijk 04 Gors,2002,4.0221433111981675,-0.08012153994551822,NA,NA,NA,NA,NA
WK043904,Wijk 04 Gors,2008,4.029005880497033,-0.07325897064665227,NA,NA,NA,NA,NA
WK043904,Wijk 04 Gors,2012,4.0465720714782,-0.05569277966548586,NA,NA,NA,NA,NA
WK043904,Wijk 04 Gors,2014,4.06745643029227,-0.034808420851414994,0.024546993514261414,-0.01472290328153956,-0.01424173301662192,-0.0170197480012128,-0.013371030066302449
WK043904,Wijk 04 Gors,2016,4.08657342731031,-0.015691423833374938,NA,NA,NA,NA,NA
WK043904,Wijk 04 Gors,2018,4.099609569402987,-0.0026552817406982634,-2.0081224502822e-4,0.016859195558958998,-0.012897462708652361,-0.003903778661282918,-0.0025124236846940247
WK043904,Wijk 04 Gors,2020,4.116125266787516,0.013860415643831083,0.003939685609053143,0.02240901189584409,-0.008227537176235132,-0.0015927150369656543,-0.002668029647865671
WK043904,Wijk 04 Gors,2022,4.110660524876467,0.0083956737327814,0.0051119336404466436,0.019034886520249202,-0.01160155625843645,-0.006919977264825141,0.0027703870953468515
WK043905,Wijk 05 Purmer-Noord,2002,3.9090772828098985,-0.19318756833378675,NA,NA,NA,NA,NA
WK043905,Wijk 05 Purmer-Noord,2008,3.8937231492554103,-0.20854170188827484,NA,NA,NA,NA,NA
WK043905,Wijk 05 Purmer-Noord,2012,3.913545571174654,-0.18871927996903107,NA,NA,NA,NA,NA
WK043905,Wijk 05 Purmer-Noord,2014,3.9535304556699513,-0.1487343954737339,0.011611704114981419,-0.05288447487810047,-0.024373386329421338,-0.04956615726739462,-0.03352208111379917
WK043905,Wijk 05 Purmer-Noord,2016,3.952102892842718,-0.15016195830096696,NA,NA,NA,NA,NA
WK043905,Wijk 05 Purmer-Noord,2018,3.9899619797189714,-0.11230287142471354,0.0021262691186863187,-0.013101087082557887,-0.022778121065746223,-0.050339768804982345,-0.028210163590113663
WK043905,Wijk 05 Purmer-Noord,2020,4.006271023037512,-0.09599382810617295,0.005270642757596466,-0.015511472791920985,-0.023117758581332196,-0.04170529476306278,-0.02092994472745376
WK043905,Wijk 05 Purmer-Noord,2022,4.014606789588784,-0.08765806155490104,0.011537723837542842,-0.012556014171167335,-0.027222300979639943,-0.05023324978596505,-0.009184220455671832
WK043906,Wijk 06 Purmer-Zuid,2002,4.103335669196117,0.001070818052432129,NA,NA,NA,NA,NA
WK043906,Wijk 06 Purmer-Zuid,2008,4.068271432365484,-0.033993418778200904,NA,NA,NA,NA,NA
WK043906,Wijk 06 Purmer-Zuid,2012,4.056501182775696,-0.04576366836798971,NA,NA,NA,NA,NA
WK043906,Wijk 06 Purmer-Zuid,2014,4.105565602960651,0.003300751816966169,0.037304178115747065,0.012977894177441747,0.007931468139642659,-0.05343279996046318,-0.0014799886554024027
WK043906,Wijk 06 Purmer-Zuid,2016,4.0909529064878125,-0.011311944655873143,NA,NA,NA,NA,NA
WK043906,Wijk 06 Purmer-Zuid,2018,4.094512192046036,-0.007752659097649321,0.013648709007385613,0.019874345970104686,0.0026078003426021966,-0.04811508483413453,0.004231570416392451
WK043906,Wijk 06 Purmer-Zuid,2020,4.109792226469361,0.007527375325676402,0.021723880616748074,0.024773669481505403,-3.5417351479674504e-5,-0.044342427844455,0.005407670423357355
WK043906,Wijk 06 Purmer-Zuid,2022,4.157648133035091,0.055383281891405955,0.02333312406803636,0.05813330399523968,0.003558324842698102,-0.045514016412939104,0.015872545398370633
WK043907,Wijk 07 Weidevenne,2002,4.048728640989466,-0.05353621015421982,NA,NA,NA,NA,NA
WK043907,Wijk 07 Weidevenne,2008,4.081055406153118,-0.021209444990566522,NA,NA,NA,NA,NA
WK043907,Wijk 07 Weidevenne,2012,4.075659393710419,-0.0266054574332669,NA,NA,NA,NA,NA
WK043907,Wijk 07 Weidevenne,2014,4.0728623788869776,-0.029402472256707536,0.0016786179344110475,7.192148361046635e-4,0.009405050655350402,-0.03167792722048457,-0.009527428462089343
WK043907,Wijk 07 Weidevenne,2016,4.088129108522526,-0.014135742621159264,NA,NA,NA,NA,NA
WK043907,Wijk 07 Weidevenne,2018,4.07998057117914,-0.022284279964544528,-0.005385804490520518,0.009790579101558592,9.90238562218937e-4,-0.030287510589301594,0.0026082174514997615
WK043907,Wijk 07 Weidevenne,2020,4.079226136437573,-0.023038714706112687,-0.00561579620087967,0.01668632369743996,-0.001107260112813968,-0.022573915335094476,-0.010428066754764822
WK043907,Wijk 07 Weidevenne,2022,4.125789393305415,0.023524542161730076,-0.010271986869019081,0.04567878909754786,-7.897181571997194e-4,-0.022185089942235024,0.011092548032635768
WK043908,Beemster,2002,4.150638805305619,0.048373954161934477,NA,NA,NA,NA,NA
WK043908,Beemster,2008,4.124239572649554,0.02197472150586807,NA,NA,NA,NA,NA
WK043908,Beemster,2012,4.129220446155474,0.026955595011788118,NA,NA,NA,NA,NA
WK043908,Beemster,2014,4.1896960066503945,0.08743115550670959,0.0029765626428530727,0.07014102415502763,0.06729989808746233,-0.09470626694893736,0.041719937570303664
WK043908,Beemster,2016,4.206278850300254,0.10401399915656953,NA,NA,NA,NA,NA
WK043908,Beemster,2018,4.206416166797466,0.10415131565378102,-0.005866462637602305,0.08685236567542431,0.06335590551990933,-0.08797671542607727,0.047786222522126644
WK043908,Beemster,2020,4.212583844543244,0.1103189933995592,-0.007444478544676592,0.08269902922718503,0.05914048925623901,-0.08081744329444024,0.056741396755251694
WK043908,Beemster,2022,4.2236041551796,0.12133930403591499,-0.0013640288710284453,0.08749755952650724,0.06137401317634285,-0.0825318401935329,0.056363600397625994
WK044101,Schagerbrug,2002,4.069887030540035,-0.032377820603650416,NA,NA,NA,NA,NA
WK044101,Schagerbrug,2008,4.078895215145849,-0.02336963599783615,NA,NA,NA,NA,NA
WK044101,Schagerbrug,2012,4.076876440996788,-0.025388410146896762,NA,NA,NA,NA,NA
WK044101,Schagerbrug,2014,4.138435470994968,0.03617061985128217,0.018079593557494316,0.06495851146717756,0.07078462013208503,-0.1790713303958831,0.061419225090408154
WK044101,Schagerbrug,2016,4.126623339042014,0.02435848789832917,NA,NA,NA,NA,NA
WK044101,Schagerbrug,2018,4.172603518245258,0.07033866710157254,0.009181496745386044,0.1057723163110501,0.06177412432339415,-0.17049413393285834,0.06410486365460037
WK044101,Schagerbrug,2020,4.1319943818224525,0.029729530678767435,0.007191682785717858,0.06057138983683843,0.05863186770147896,-0.1579197071804422,0.06125429753517408
WK044101,Schagerbrug,2022,4.18127281086812,0.07900795972443488,0.013541562862556106,0.10675521416482439,0.05850737872537466,-0.16541311779281673,0.06561692176449622
WK044102,Schagen (woonkern-Zuid en Buitengebied),2002,4.088145776748968,-0.014119074394717298,NA,NA,NA,NA,NA
WK044102,Schagen (woonkern-Zuid en Buitengebied),2008,4.05403187853286,-0.04823297261082525,NA,NA,NA,NA,NA
WK044102,Schagen (woonkern-Zuid en Buitengebied),2012,4.085555577522604,-0.01670927362108063,NA,NA,NA,NA,NA
WK044102,Schagen (woonkern-Zuid en Buitengebied),2014,4.10658393915602,0.004319088012334733,0.005882888988164634,0.049822501566209834,0.023179792354164747,-0.09479791982993394,0.020231824933729176
WK044102,Schagen (woonkern-Zuid en Buitengebied),2016,4.07476491813365,-0.02749993301003574,NA,NA,NA,NA,NA
WK044102,Schagen (woonkern-Zuid en Buitengebied),2018,4.119359612734854,0.01709476159116903,-0.005282373718502598,0.07682198670813771,0.01780245789184543,-0.09659885135093754,0.024351542060625717
WK044102,Schagen (woonkern-Zuid en Buitengebied),2020,4.100665768210743,-0.0015990829329416054,-0.006427131870765408,0.05293387244941317,0.01671631996113949,-0.09253549870532159,0.02771335523259236
WK044102,Schagen (woonkern-Zuid en Buitengebied),2022,4.103832003597055,0.0015671524533700505,-0.0045833810187157166,0.052018732731260474,0.01723389871925751,-0.0918580558135383,0.02875595783510578
WK044103,Burgerbrug,2002,3.947786815129125,-0.1544780360145605,NA,NA,NA,NA,NA
WK044103,Burgerbrug,2008,3.9395657790415854,-0.1626990721020997,NA,NA,NA,NA,NA
WK044103,Burgerbrug,2012,3.993949826421576,-0.10831502472210928,NA,NA,NA,NA,NA
WK044103,Burgerbrug,2014,4.076047860645858,-0.02621699049782715,-0.06540206784136653,0.077509374367081,0.08890486423311257,-0.22148205627068449,0.09425289501403003
WK044103,Burgerbrug,2016,4.076428781231962,-0.025836069911723974,NA,NA,NA,NA,NA
WK044103,Burgerbrug,2018,4.0724786901386745,-0.029786161005011302,-0.07106867225786866,0.09316969928052644,0.07547490918510011,-0.2219655158021347,0.09460341858936516
WK044103,Burgerbrug,2020,4.05146222157097,-0.050802629572715016,-0.07524313892333613,0.06743171955330514,0.08328263205778794,-0.21929959004572325,0.093025747785251
WK044103,Burgerbrug,2022,4.032413982119378,-0.06985086902430707,-0.10945427974573882,0.09460727126444694,0.07961462921895389,-0.22348155094746847,0.08886306118549903
WK044104,Sint Maarten,2002,4.071097530647798,-0.031167320495888,NA,NA,NA,NA,NA
WK044104,Sint Maarten,2008,4.096965650058446,-0.005299201085239054,NA,NA,NA,NA,NA
WK044104,Sint Maarten,2012,4.1097862216594345,0.007521370515749677,NA,NA,NA,NA,NA
WK044104,Sint Maarten,2014,4.124325601359467,0.022060750215781702,0.004314624276593094,0.06711355098409329,0.09120412687783562,-0.2124777345524059,0.07190618262966524
WK044104,Sint Maarten,2016,4.152367402736099,0.05010255159241335,NA,NA,NA,NA,NA
WK044104,Sint Maarten,2018,4.1465725332401915,0.04430768209650589,3.578960319124735e-4,0.10157369597752552,0.08998679823933264,-0.21551519184918821,0.06790448369692316
WK044104,Sint Maarten,2020,4.143579348315958,0.04131449717227292,1.8520944749592436e-5,0.10693579472511076,0.07104062112357415,-0.21035412188850575,0.07367368226734385
WK044104,Sint Maarten,2022,4.144177752197435,0.04191290105374996,0.0011434606297905572,0.09260564816099977,0.07607427841467546,-0.2059615766336486,0.07805109048193254
WK044105,Warmenhuizen,2002,4.052880210259706,-0.04938464088397944,NA,NA,NA,NA,NA
WK044105,Warmenhuizen,2008,4.082653650284698,-0.0196112008589874,NA,NA,NA,NA,NA
WK044105,Warmenhuizen,2012,4.075793550773763,-0.02647130036992282,NA,NA,NA,NA,NA
WK044105,Warmenhuizen,2014,4.1021973287074704,-6.752243621496599e-5,0.019365285744151327,0.055580183635671916,0.05977159851986965,-0.1757292002377368,0.04094460990182866
WK044105,Warmenhuizen,2016,4.1402201834986485,0.03795533235496294,NA,NA,NA,NA,NA
WK044105,Warmenhuizen,2018,4.11916188548406,0.016897034340375896,0.005353809970926158,0.07790191351822683,0.053631683674682386,-0.1642655075454363,0.04427513472197658
WK044105,Warmenhuizen,2020,4.123751670132199,0.021486818988513675,0.0065576441356425775,0.08103291150439011,0.04474133953675855,-0.15275113903730284,0.04190606284902496
WK044105,Warmenhuizen,2022,4.1029908408109215,7.259896672362876e-4,0.008073859201525714,0.057510996267360115,0.04931988900565646,-0.1616354544208165,0.0474566996135102
WK044106,Tuitjenhorn,2002,4.061175756648897,-0.041089094494788474,NA,NA,NA,NA,NA
WK044106,Tuitjenhorn,2008,4.074745432651228,-0.02751941849245717,NA,NA,NA,NA,NA
WK044106,Tuitjenhorn,2012,4.048346112561479,-0.05391873858220705,NA,NA,NA,NA,NA
WK044106,Tuitjenhorn,2014,4.050086742987881,-0.052178108155804044,0.012774880401304374,0.039211424961161506,0.05567199907462891,-0.18652029083798916,0.026683878245090092
WK044106,Tuitjenhorn,2016,4.10265403871117,3.891875674847371e-4,NA,NA,NA,NA,NA
WK044106,Tuitjenhorn,2018,4.0706060514650115,-0.03165879967867371,0.0017886630230534183,0.06683233073504635,0.05456053232668915,-0.18215221966694048,0.027311893903477515
WK044106,Tuitjenhorn,2020,4.089040671725077,-0.013224179418608524,0.0038995912622760945,0.0739909663369516,0.044309373011681925,-0.1645981997472605,0.029174089717742095
WK044106,Tuitjenhorn,2022,4.081597713750877,-0.020667137392807372,0.004268286526060484,0.06479289840931433,0.04967763151265054,-0.17582355703029828,0.03641760318946529
WK044107,Waarland,2002,4.0901488481906325,-0.012116002953053283,NA,NA,NA,NA,NA
WK044107,Waarland,2008,4.1036865385272225,0.001421687383537288,NA,NA,NA,NA,NA
WK044107,Waarland,2012,4.080722791511394,-0.021542059632291825,NA,NA,NA,NA,NA
WK044107,Waarland,2014,4.107857686294817,0.005592835151132002,-0.0045189992719656584,0.07606059122037463,0.07622441021827099,-0.18202253546773617,0.03984936845218791
WK044107,Waarland,2016,4.1468804336138145,0.044615582470129374,NA,NA,NA,NA,NA
WK044107,Waarland,2018,4.114454623660083,0.01218977251639758,-0.012727345168074387,0.09186803037497404,0.07472780816182226,-0.18463062877934225,0.042951907927017634
WK044107,Waarland,2020,4.126147740445439,0.023882889301753994,-0.011771889054326903,0.09202625295774901,0.07092240951291008,-0.16969950896259187,0.042405624848013364
WK044107,Waarland,2022,4.101612978892624,-6.518722510604699e-4,-0.01257649244980125,0.06104395135451874,0.07198341506774612,-0.16959898204148885,0.04849623581796446
WK044108,Dirkshorn,2002,4.085253659705482,-0.017011191438203226,NA,NA,NA,NA,NA
WK044108,Dirkshorn,2008,4.101901491348236,-3.6335979544948374e-4,NA,NA,NA,NA,NA
WK044108,Dirkshorn,2012,4.096856092452705,-0.005408758690980063,NA,NA,NA,NA,NA
WK044108,Dirkshorn,2014,4.09136628159284,-0.010898569550844506,0.003769529038937075,0.05550757890214389,0.07335396791170029,-0.17088016796551625,0.02735052256189026
WK044108,Dirkshorn,2016,4.122669628784111,0.020404777640426315,NA,NA,NA,NA,NA
WK044108,Dirkshorn,2018,4.150043970981131,0.04777911983744624,-0.0053180459505329245,0.09029673464449595,0.07448508499737043,-0.16398457298300598,0.05229991912911849
WK044108,Dirkshorn,2020,4.159888484831299,0.05762363368761383,-0.004180632647278387,0.09938877325567577,0.06305352308510373,-0.15204467846014513,0.051406648454257575
WK044108,Dirkshorn,2022,4.135668193867726,0.03340334272404065,-0.00494791369610804,0.0758832372005445,0.0679542727414479,-0.16124938887949458,0.05576313535765053
WK044109,Oudesluis,2002,4.0527570938768775,-0.04950775726680733,NA,NA,NA,NA,NA
WK044109,Oudesluis,2008,4.0643895707630735,-0.03787528038061174,NA,NA,NA,NA,NA
WK044109,Oudesluis,2012,4.050027117469561,-0.052237733674124404,NA,NA,NA,NA,NA
WK044109,Oudesluis,2014,4.118837198442208,0.016572347298522805,0.016829562026521163,0.064710226700751,0.07419075413183732,-0.21466146159878757,0.07550326603820062
WK044109,Oudesluis,2016,4.115731651867266,0.013466800723580665,NA,NA,NA,NA,NA
WK044109,Oudesluis,2018,4.132073821223841,0.029808970080155737,0.006297549507537271,0.098018050721556,0.07237082639854299,-0.21574530143582715,0.0688678448883463
WK044109,Oudesluis,2020,4.093931911704137,-0.008332939439548338,0.006577085280819836,0.06044480942795391,0.0653693160995222,-0.2169609913109173,0.07623684106307266
WK044109,Oudesluis,2022,4.106923558248129,0.004658707104442799,0.003215770106146773,0.09307471046896117,0.06420090538767527,-0.23909614699552723,0.08326346813718659
WK044110,Schagen (woonkern-Midden),2002,4.0209389959732,-0.08132585517048514,NA,NA,NA,NA,NA
WK044110,Schagen (woonkern-Midden),2008,4.020081600682665,-0.08218325046102022,NA,NA,NA,NA,NA
WK044110,Schagen (woonkern-Midden),2012,4.068392304212947,-0.033872546930738434,NA,NA,NA,NA,NA
WK044110,Schagen (woonkern-Midden),2014,4.089260990191737,-0.013003860951947981,0.03386734570096918,0.019049109404887604,0.002547377612130066,-0.06929764919497756,8.299555250424522e-4
WK044110,Schagen (woonkern-Midden),2016,4.0742968124452,-0.027968038698484427,NA,NA,NA,NA,NA
WK044110,Schagen (woonkern-Midden),2018,4.112391395324483,0.010126544180797429,0.019195849926878516,0.029355321149976056,0.005503119018789059,-0.06299781404796108,0.019070068133114595
WK044110,Schagen (woonkern-Midden),2020,4.119303539598199,0.017038688454514204,0.020901984848451245,0.035258124763616124,0.002856091840911474,-0.05705752495963646,0.015080011961171529
WK044110,Schagen (woonkern-Midden),2022,4.143418117108381,0.041153265964696324,0.0189527631676423,0.051340080280169634,0.003083425155783089,-0.055116179801875984,0.022893177162976976
WK044111,Petten,2002,4.0457858150980135,-0.05647903604567189,NA,NA,NA,NA,NA
WK044111,Petten,2008,4.1792779464887015,0.07701309534501656,NA,NA,NA,NA,NA
WK044111,Petten,2012,4.160410612517695,0.05814576137400979,NA,NA,NA,NA,NA
WK044111,Petten,2014,4.235165361686908,0.13290051054322288,0.16814165426625732,0.06012507002568732,0.048127076209346,-0.16978035433864133,0.026287064380573277
WK044111,Petten,2016,4.228478182709863,0.12621333156617853,NA,NA,NA,NA,NA
WK044111,Petten,2018,4.2219739867049215,0.11970913556123604,0.1433464170437561,0.09716928154126546,0.053320725194802986,-0.17409741603144543,-2.9872187143270608e-5
WK044111,Petten,2020,4.190394907749677,0.08813005660599163,0.1530651014766751,0.059828679331755445,0.045750121453772906,-0.19831858415279213,0.02780473849658005
WK044111,Petten,2022,4.264274751586593,0.16200990044290828,0.1588170468522157,0.10301298312989392,0.04912790216075778,-0.1789534061818806,0.03000537448192121
WK044112,Sint Maartensbrug,2002,4.086445499404535,-0.015819351739150934,NA,NA,NA,NA,NA
WK044112,Sint Maartensbrug,2008,4.116589602206974,0.014324751063289138,NA,NA,NA,NA,NA
WK044112,Sint Maartensbrug,2012,4.1412378384498005,0.03897298730611545,NA,NA,NA,NA,NA
WK044112,Sint Maartensbrug,2014,4.145381415838887,0.0431165646952016,0.014295191705112257,0.08126313058870178,0.08825302757517652,-0.21172718828486067,0.07103240311107135
WK044112,Sint Maartensbrug,2016,4.155096749751196,0.05283189860751078,NA,NA,NA,NA,NA
WK044112,Sint Maartensbrug,2018,4.185342982999581,0.08307813185589523,0.0016610686355006995,0.12438667958737855,0.09284030149003179,-0.20676738086958446,0.07095746301256832
WK044112,Sint Maartensbrug,2020,4.1567043159716075,0.05443946482792261,-0.0016901662573886287,0.10258548860224624,0.08607772673120898,-0.20018118076196498,0.0676475965138208
WK044112,Sint Maartensbrug,2022,4.200952138016048,0.09868728687236321,0.012380669215589956,0.12413555008794447,0.0856525029418121,-0.20491190793097128,0.0814304725579878
WK044113,t Zand,2002,3.9848282839562916,-0.11743656718739386,NA,NA,NA,NA,NA
WK044113,t Zand,2008,4.012266725929293,-0.08999812521439225,NA,NA,NA,NA,NA
WK044113,t Zand,2012,4.010587911395504,-0.09167693974818147,NA,NA,NA,NA,NA
WK044113,t Zand,2014,4.065604562670075,-0.03666028847360987,0.010439497384990873,0.0544475610428187,0.0464754148040777,-0.19027501091112292,0.042252249205625515
WK044113,t Zand,2016,4.07870265220141,-0.023562198942275202,NA,NA,NA,NA,NA
WK044113,t Zand,2018,4.105471090540788,0.0032062393971024417,-0.0015958094455769468,0.07657566835653096,0.048880576168456855,-0.16257245944144633,0.04191826375913762
WK044113,t Zand,2020,4.046850281377797,-0.05541456976588873,-5.045177358414837e-4,0.028917128810029433,0.04001189626701125,-0.16324550255884832,0.03940642545176015
WK044113,t Zand,2022,4.090166789509722,-0.012098061633963467,-0.0023121029925236352,0.07018529193997784,0.03700871308372669,-0.16246993153217967,0.04548996786703504
WK044114,Sint Maartensvlotbrug,2002,3.996238182989985,-0.10602666815370018,NA,NA,NA,NA,NA
WK044114,Sint Maartensvlotbrug,2008,3.958312592347201,-0.14395225879648463,NA,NA,NA,NA,NA
WK044114,Sint Maartensvlotbrug,2012,4.009695859719103,-0.09256899142458268,NA,NA,NA,NA,NA
WK044114,Sint Maartensvlotbrug,2014,4.1180247924852855,0.015759941341599967,0.08663125689107237,0.027645062599425924,0.06904436975136381,-0.2018434339176344,0.034282686017372
WK044114,Sint Maartensvlotbrug,2016,4.1916630355606666,0.08939818441698183,NA,NA,NA,NA,NA
WK044114,Sint Maartensvlotbrug,2018,4.167469329588,0.06520447844431466,0.0703852352939371,0.08917725267754853,0.06687409242924378,-0.1982765515779715,0.037044449621556515
WK044114,Sint Maartensvlotbrug,2020,4.165689261058123,0.06342440991443724,0.07678769789347023,0.07059317186140451,0.06702015262261694,-0.18993203571304296,0.038955423249988234
WK044114,Sint Maartensvlotbrug,2022,4.20212888518025,0.09986403403656459,0.07814356296976332,0.09644104501288073,0.057642584074945984,-0.1971399268458096,0.06477676882478377
WK044115,Callantsoog,2002,4.125613350630882,0.023348499487196892,NA,NA,NA,NA,NA
WK044115,Callantsoog,2008,4.123793307752919,0.021528456609233543,NA,NA,NA,NA,NA
WK044115,Callantsoog,2012,4.142633142591677,0.04036829144799224,NA,NA,NA,NA,NA
WK044115,Callantsoog,2014,4.22478216087237,0.12251730972868446,0.15464414957294928,0.05670455465262843,0.0626841364996421,-0.1920474821791541,0.040531951182618486
WK044115,Callantsoog,2016,4.225992545793227,0.12372769464954182,NA,NA,NA,NA,NA
WK044115,Callantsoog,2018,4.237996307994206,0.13573145685052065,0.12987110643669028,0.08931813330578513,0.061612710937308676,-0.1876878746561858,0.04261738082692204
WK044115,Callantsoog,2020,4.210082571067686,0.10781771992400133,0.13278199415819786,0.0686652071628236,0.05667397105369051,-0.1933174475352031,0.04301399508449215
WK044115,Callantsoog,2022,4.237998739446689,0.13573388830300417,0.13541897078275975,0.0981948220329182,0.053868877172109544,-0.19872114665462096,0.04697236496983741
WK044116,Schagen (woonkern-West en Buitengebied),2002,4.000085918782214,-0.10217893236147127,NA,NA,NA,NA,NA
WK044116,Schagen (woonkern-West en Buitengebied),2008,4.012302253382034,-0.08996259776165134,NA,NA,NA,NA,NA
WK044116,Schagen (woonkern-West en Buitengebied),2012,4.037573530236935,-0.06469132090674971,NA,NA,NA,NA,NA
WK044116,Schagen (woonkern-West en Buitengebied),2014,4.072501126912138,-0.029763724231547235,0.03276431449551847,0.014133609142583888,0.010233260271260133,-0.09537138616449423,0.008476478023584285
WK044116,Schagen (woonkern-West en Buitengebied),2016,4.067328641536253,-0.0349362096074324,NA,NA,NA,NA,NA
WK044116,Schagen (woonkern-West en Buitengebied),2018,4.106646017817897,0.004381166674211733,0.018440714993430387,0.04427077953463312,0.013727227039596102,-0.09739438343269023,0.02533682853924211
WK044116,Schagen (woonkern-West en Buitengebied),2020,4.119214003671259,0.016949152527574306,0.018955402716129964,0.0529751648567507,0.012634356515619186,-0.09274016549337809,0.025124393932452287
WK044116,Schagen (woonkern-West en Buitengebied),2022,4.118747921473349,0.01648307032966429,0.023523411080061157,0.043683989276853935,0.0133743490581813,-0.09270527837077153,0.02860659928533914
WK044117,Schagen (woonkern-Oost en Buitengebied),2002,4.063200954366668,-0.03906389677701785,NA,NA,NA,NA,NA
WK044117,Schagen (woonkern-Oost en Buitengebied),2008,4.12507887293658,0.022814021792894813,NA,NA,NA,NA,NA
WK044117,Schagen (woonkern-Oost en Buitengebied),2012,4.148948832570881,0.04668398142719621,NA,NA,NA,NA,NA
WK044117,Schagen (woonkern-Oost en Buitengebied),2014,4.153032125423337,0.050767274279651886,0.01933072044723271,0.06413874873641784,0.03543459829835943,-0.08902704337047838,0.020890250168119986
WK044117,Schagen (woonkern-Oost en Buitengebied),2016,4.188394406069152,0.08612955492546676,NA,NA,NA,NA,NA
WK044117,Schagen (woonkern-Oost en Buitengebied),2018,4.171553425071137,0.06928857392745208,0.011022746649290064,0.0754574326985191,0.03616668121080189,-0.0882503633529824,0.03489207672182315
WK044117,Schagen (woonkern-Oost en Buitengebied),2020,4.185504875437782,0.08324002429409658,0.012522181244043626,0.08074862008440829,0.034780624357030464,-0.08041357214301965,0.03560217075163363
WK044117,Schagen (woonkern-Oost en Buitengebied),2022,4.1861610420507755,0.08389619090709065,0.008345355637282574,0.07598402808877022,0.042315036857001984,-0.08141412616556898,0.03866589648960457
WK044800,Wijk 00 Het Oude Land en duingebied,2002,4.0629961610252785,-0.03926869011840703,NA,NA,NA,NA,NA
WK044800,Wijk 00 Het Oude Land en duingebied,2008,4.10048182299235,-0.0017830281513351465,NA,NA,NA,NA,NA
WK044800,Wijk 00 Het Oude Land en duingebied,2012,4.142644150528639,0.04037929938495341,NA,NA,NA,NA,NA
WK044800,Wijk 00 Het Oude Land en duingebied,2014,4.225246198699312,0.12298134755562742,0.09562213935669389,0.08186618057766973,0.04427733521408295,-0.12366601581375258,0.024881708220933177
WK044800,Wijk 00 Het Oude Land en duingebied,2016,4.212565185207305,0.11030033406362016,NA,NA,NA,NA,NA
WK044800,Wijk 00 Het Oude Land en duingebied,2018,4.217310300453948,0.11504544931026327,0.07742482930534593,0.08906016557179604,0.0468838818480581,-0.1312511259767328,0.03292769856179571
WK044800,Wijk 00 Het Oude Land en duingebied,2020,4.203720787898322,0.1014559367546366,0.08381702020204261,0.09799572509305886,0.04371711880931023,-0.15041107346247629,0.026337146112700886
WK044800,Wijk 00 Het Oude Land en duingebied,2022,4.194895324459883,0.09263047331619763,0.08860831668371597,0.08470561021519567,0.03531701702925702,-0.14617725111561475,0.030176780503643433
WK044801,Wijk 01 Het Nieuwe Land,2002,4.106040577322797,0.003775726179111928,NA,NA,NA,NA,NA
WK044801,Wijk 01 Het Nieuwe Land,2008,4.105695892245183,0.0034310411014976633,NA,NA,NA,NA,NA
WK044801,Wijk 01 Het Nieuwe Land,2012,4.159964065926369,0.05769921478268401,NA,NA,NA,NA,NA
WK044801,Wijk 01 Het Nieuwe Land,2014,4.279446632842698,0.17718178169901314,0.15126827930816894,0.09880021948019878,0.10814410661230979,-0.2384990989015387,0.05746827519987405
WK044801,Wijk 01 Het Nieuwe Land,2016,4.246535155627499,0.144270304483814,NA,NA,NA,NA,NA
WK044801,Wijk 01 Het Nieuwe Land,2018,4.285512742159139,0.18324789101545405,0.13116220948352803,0.13277335324614886,0.09383048968322763,-0.2391725070970127,0.06465434569956192
WK044801,Wijk 01 Het Nieuwe Land,2020,4.285417732690693,0.18315288154700704,0.13561454818566632,0.12529648102713292,0.1214167294762846,-0.25973260690510663,0.06055772976302954
WK044801,Wijk 01 Het Nieuwe Land,2022,4.262883527565418,0.16061867642173375,0.12590039544040352,0.11718382996480448,0.11339562874007561,-0.26277971552983603,0.06691853780628587
WK045000,Wijk 00 Uitgeest,2002,4.131741189456395,0.02947633831271034,NA,NA,NA,NA,NA
WK045000,Wijk 00 Uitgeest,2008,4.102257889021675,-6.962122011177642e-6,NA,NA,NA,NA,NA
WK045000,Wijk 00 Uitgeest,2012,4.115070337195377,0.01280548605169139,NA,NA,NA,NA,NA
WK045000,Wijk 00 Uitgeest,2014,4.082071967031232,-0.02019288411245291,-1.2604929935407672e-4,0.00684400371025266,0.015645292121914144,-0.06125744218311148,0.018701311537845527
WK045000,Wijk 00 Uitgeest,2016,4.074624176654476,-0.027640674489209965,NA,NA,NA,NA,NA
WK045000,Wijk 00 Uitgeest,2018,4.1105720268284784,0.008307175684793154,-0.016968629595250084,0.049571009347172165,0.020508893574395518,-0.07342941880550218,0.028625321163977424
WK045000,Wijk 00 Uitgeest,2020,4.141406245293527,0.03914139414984155,-0.01090320833104183,0.06811739643027476,0.019677075583150426,-0.06208882315097759,0.024338953618435473
WK045000,Wijk 00 Uitgeest,2022,4.115919076561477,0.013654225417791512,-0.012952684391151426,0.05488616445357216,0.016856732491774534,-0.07260556411556446,0.027469576979160457
WK045115,Wijk 15 Dorpscentrum,2002,3.968790234549604,-0.13347461659408166,NA,NA,NA,NA,NA
WK045115,Wijk 15 Dorpscentrum,2008,3.9320768378133724,-0.17018801333031294,NA,NA,NA,NA,NA
WK045115,Wijk 15 Dorpscentrum,2012,3.9240659871330914,-0.17819886401059407,NA,NA,NA,NA,NA
WK045115,Wijk 15 Dorpscentrum,2014,4.011928439046842,-0.09033641209684334,0.021334585680317802,-0.07495232701746939,-0.010839884699428558,-0.008711629942524574,-0.017167156117738915
WK045115,Wijk 15 Dorpscentrum,2016,4.022131209345671,-0.08013364179801391,NA,NA,NA,NA,NA
WK045115,Wijk 15 Dorpscentrum,2018,3.9873707734891535,-0.11489407765453179,0.009001559736687903,-0.07009262915852091,-0.003988039616807462,-0.022850078454012324,-0.026964890161879237
WK045115,Wijk 15 Dorpscentrum,2020,4.047127205940428,-0.05513764520325669,0.014653461327388324,-0.0542037027773193,-0.007746511120338275,-0.006144396602249459,-0.0016964960307383704
WK045115,Wijk 15 Dorpscentrum,2022,3.994505163320211,-0.10775968782347446,0.010117542227801231,-0.07142762008066292,-0.004618951473205303,-0.022097916972216716,-0.019732741525190996
WK045125,Wijk 25 Thamerdal,2002,4.02925791857068,-0.07300693257300496,NA,NA,NA,NA,NA
WK045125,Wijk 25 Thamerdal,2008,3.9920272111327786,-0.11023764001090688,NA,NA,NA,NA,NA
WK045125,Wijk 25 Thamerdal,2012,3.999848273541733,-0.10241657760195269,NA,NA,NA,NA,NA
WK045125,Wijk 25 Thamerdal,2014,4.010565434939454,-0.09169941620423094,0.00920767233933942,-0.033842840120268274,-0.03684792855421717,-0.01366624370203725,-0.016550076167047942
WK045125,Wijk 25 Thamerdal,2016,4.016285139446579,-0.08597971169710615,NA,NA,NA,NA,NA
WK045125,Wijk 25 Thamerdal,2018,3.98711743892775,-0.11514741221593534,0.0032127126705125205,-0.053993445650572736,-0.03764718958781223,-0.014281641676290745,-0.012437847971772486
WK045125,Wijk 25 Thamerdal,2020,4.0049576280067924,-0.09730722313689241,0.009704954675793659,-0.055837714707754914,-0.030945612863196064,-0.004031718994310923,-0.01619713124742445
WK045125,Wijk 25 Thamerdal,2022,3.972593103460928,-0.1296717476827567,0.01264786588204224,-0.08254144175544811,-0.03189101298472954,-0.009972914450500199,-0.017914244374121337
WK045135,Wijk 35 Zijdelwaard,2002,4.011920903834711,-0.09034394730897433,NA,NA,NA,NA,NA
WK045135,Wijk 35 Zijdelwaard,2008,4.000059343696547,-0.10220550744713784,NA,NA,NA,NA,NA
WK045135,Wijk 35 Zijdelwaard,2012,3.9996145026469514,-0.10265034849673399,NA,NA,NA,NA,NA
WK045135,Wijk 35 Zijdelwaard,2014,3.9802155725846196,-0.1220492785590657,-0.0030725846474943387,-0.016436614156669478,-0.02890148093104727,-0.028785025256310662,-0.044853573567544276
WK045135,Wijk 35 Zijdelwaard,2016,3.967689823558257,-0.13457502758542822,NA,NA,NA,NA,NA
WK045135,Wijk 35 Zijdelwaard,2018,3.9631431794376,-0.1391216717060854,-0.01218720995358229,-0.013765533075658965,-0.02781714377599079,-0.04041751151955778,-0.04493427338129586
WK045135,Wijk 35 Zijdelwaard,2020,3.986264935958285,-0.1159999151853999,-3.4386232442218476e-4,-0.030813156587738484,-0.0208648677838089,-0.023395782228304317,-0.04058224626112627
WK045135,Wijk 35 Zijdelwaard,2022,3.983889612292425,-0.11837523885125995,0.002541192502417973,-0.042523220226507445,-0.020637020616788758,-0.026753478555347293,-0.03100271195503468
WK045145,Wijk 45 Legmeer,2002,4.02745450570967,-0.07481034543401507,NA,NA,NA,NA,NA
WK045145,Wijk 45 Legmeer,2008,4.038309282848262,-0.06395556829542307,NA,NA,NA,NA,NA
WK045145,Wijk 45 Legmeer,2012,4.056470133640478,-0.045794717503207225,NA,NA,NA,NA,NA
WK045145,Wijk 45 Legmeer,2014,4.033765107599823,-0.0684997435438616,-0.017837620735904156,0.0026854973165477414,-0.003705932117830078,-0.052611689807573574,0.0029700018008981827
WK045145,Wijk 45 Legmeer,2016,4.0189764717411105,-0.08328837940257443,NA,NA,NA,NA,NA
WK045145,Wijk 45 Legmeer,2018,4.029252975223829,-0.07301187591985576,-0.020389107360787057,0.009882726315284815,-0.005467871523029614,-0.05625094285288189,-7.866804984422955e-4
WK045145,Wijk 45 Legmeer,2020,4.074212872523906,-0.02805197861977914,-0.010010166978339858,0.01594283955794703,-0.00282440084861008,-0.04135808585781583,0.010197835507039331
WK045145,Wijk 45 Legmeer,2022,4.0687027868880605,-0.03356206425562428,-6.245433748104628e-4,-0.0026060801161409105,-0.0012066240611071058,-0.044583933018222825,0.01545911631465669
WK045150,Wijk 50 Langs de Vuurlinie,2002,4.076883036943263,-0.025381814200421928,NA,NA,NA,NA,NA
WK045150,Wijk 50 Langs de Vuurlinie,2008,4.029122331690697,-0.07314251945298816,NA,NA,NA,NA,NA
WK045150,Wijk 50 Langs de Vuurlinie,2012,4.059283026264474,-0.04298182487921115,NA,NA,NA,NA,NA
WK045150,Wijk 50 Langs de Vuurlinie,2014,4.125513256051471,0.023248404907786454,-0.1228362437113363,0.08741981121358108,0.11483780049094817,-0.09653837216466798,0.0403654090792613
WK045150,Wijk 50 Langs de Vuurlinie,2016,4.176021056385376,0.07375620524169073,NA,NA,NA,NA,NA
WK045150,Wijk 50 Langs de Vuurlinie,2018,4.2191978582830885,0.11693300713940342,-0.06245756085381247,0.10238582286566456,0.1139169662710597,-0.08379223302581075,0.04688001188230228
WK045150,Wijk 50 Langs de Vuurlinie,2020,4.219919798545044,0.11765494740135972,-0.05987375127503409,0.08409752113717171,0.1159133297533119,-0.0744813057595335,0.051999153545443426
WK045150,Wijk 50 Langs de Vuurlinie,2022,4.23655985529768,0.13429500415399584,-0.035242332879799915,0.09280266549595909,0.12445061541209297,-0.09729723987357435,0.0495812959993177
WK045155,Wijk 55 Veilinggebied,2002,4.3302766513050965,0.22801180016141168,NA,NA,NA,NA,NA
WK045155,Wijk 55 Veilinggebied,2008,4.301838548691864,0.1995736975481796,NA,NA,NA,NA,NA
WK045155,Wijk 55 Veilinggebied,2012,4.306563429335057,0.20429857819137182,NA,NA,NA,NA,NA
WK045155,Wijk 55 Veilinggebied,2014,4.130112777396785,0.02784792625310002,-0.12006252773440736,0.06758791777221915,0.1217983507800934,-0.09724104273115321,0.055765228166347755
WK045155,Wijk 55 Veilinggebied,2016,4.118573096797625,0.016308245653939294,NA,NA,NA,NA,NA
WK045155,Wijk 55 Veilinggebied,2018,4.060450748381815,-0.041814102761870475,-0.152888001659098,0.051081888831558175,0.0992156493043207,-0.08947739943013082,0.050253760191479376
WK045155,Wijk 55 Veilinggebied,2020,4.079886704509399,-0.022378146634286247,-0.12800020051417593,0.026527124166265164,0.10200459424041915,-0.07245298201786168,0.0495433174910668
WK045155,Wijk 55 Veilinggebied,2022,4.042233321962084,-0.0600315291816008,-0.12384630479959659,0.06596291119603706,0.0832224893601241,-0.07110771111669552,-0.014262913821469958
WK045165,Wijk 65 Meerwijk,2002,4.115120183901472,0.012855332757786758,NA,NA,NA,NA,NA
WK045165,Wijk 65 Meerwijk,2008,4.105350621151939,0.0030857700082538124,NA,NA,NA,NA,NA
WK045165,Wijk 65 Meerwijk,2012,4.080483684858922,-0.021781166284764075,NA,NA,NA,NA,NA
WK045165,Wijk 65 Meerwijk,2014,4.14187750154139,0.03961265039770454,0.03424745526877143,0.030563944352552084,0.02532890048149918,-0.07265746335542474,0.022129813650306265
WK045165,Wijk 65 Meerwijk,2016,4.165544703504774,0.06327985236108892,NA,NA,NA,NA,NA
WK045165,Wijk 65 Meerwijk,2018,4.1462070096143,0.04394215847061482,0.01592751060063071,0.05058029747984245,0.02307994281537305,-0.06539198470432414,0.019746392279092483
WK045165,Wijk 65 Meerwijk,2020,4.163622677574044,0.061357826430358774,0.02072165495620811,0.05776775024521732,0.020823585648976718,-0.059866441066876476,0.02191127664683282
WK045165,Wijk 65 Meerwijk,2022,4.152825998174144,0.05056114703045886,0.030605374587819686,0.03774631820264355,0.02133661011047269,-0.06248203582900073,0.023354879958523367
WK045175,Wijk 75 Bedrijventerrein,2002,4.153982889958715,0.05171803881503,NA,NA,NA,NA,NA
WK045175,Wijk 75 Bedrijventerrein,2008,4.17161971457844,0.06935486343475483,NA,NA,NA,NA,NA
WK045175,Wijk 75 Bedrijventerrein,2012,4.174777989666929,0.07251313852324334,NA,NA,NA,NA,NA
WK045175,Wijk 75 Bedrijventerrein,2014,4.177320107631978,0.07505525648829321,-0.06147113360921242,0.048206551762548955,0.0786216575653462,-0.056807131449536245,0.06650531221914621
WK045175,Wijk 75 Bedrijventerrein,2016,4.190213402453652,0.08794855130996601,NA,NA,NA,NA,NA
WK045175,Wijk 75 Bedrijventerrein,2018,4.10200678972559,-2.580614180952268e-4,-0.0714701922942181,0.0394819937680713,0.06793707601797985,-0.0709406792527823,0.03473374034285374
WK045175,Wijk 75 Bedrijventerrein,2020,4.144778464785994,0.04251361364230947,-0.059494922376976095,0.05059727713821812,0.053690819671822335,-0.05350209871127753,0.05122253792052254
WK045175,Wijk 75 Bedrijventerrein,2022,4.1201274981418505,0.01786264699816542,-0.05316347040152233,0.025717055117770313,0.05437832093103459,-0.05856601029674068,0.04949675164762331
WK045185,Wijk 85 Meerwijk,2002,4.081406727290531,-0.020858123853153873,NA,NA,NA,NA,NA
WK045185,Wijk 85 Meerwijk,2008,4.090713254433953,-0.011551596709731998,NA,NA,NA,NA,NA
WK045185,Wijk 85 Meerwijk,2012,4.092783832049477,-0.009481019094208105,NA,NA,NA,NA,NA
WK045185,Wijk 85 Meerwijk,2014,4.084799602068992,-0.01746524907469252,0.004531762050799131,0.0428509599518628,0.04069141406223454,-0.10757149677867746,0.002032111639088157
WK045185,Wijk 85 Meerwijk,2016,4.100857857639875,-0.0014069935038100896,NA,NA,NA,NA,NA
WK045185,Wijk 85 Meerwijk,2018,4.111522407783491,0.009257556639806055,-0.008509906270031314,0.0641467091272774,0.03491590437550149,-0.08760912886683293,0.006313978273891129
WK045185,Wijk 85 Meerwijk,2020,4.134847510700008,0.03258265955632296,-0.0014276109093956976,0.0724863873589042,0.03525549237280205,-0.07384933280813882,1.1772354215095045e-4
WK045185,Wijk 85 Meerwijk,2022,4.105963351353814,0.0036985002101284172,-0.0037924292459500255,0.06648126333300662,0.0318885501320369,-0.09703924539656693,0.006160361387601507
WK045190,Wijk 90 Glastuinbouwgebied,2002,4.146905352402522,0.04464050125883648,NA,NA,NA,NA,NA
WK045190,Wijk 90 Glastuinbouwgebied,2008,4.133384076942766,0.031119225799081145,NA,NA,NA,NA,NA
WK045190,Wijk 90 Glastuinbouwgebied,2012,4.094352349179162,-0.00791250196452387,NA,NA,NA,NA,NA
WK045190,Wijk 90 Glastuinbouwgebied,2014,4.1074487993300535,0.005183948186368332,-0.12846924979170496,0.10972468475676181,0.11131205713927551,-0.15073314367984791,0.06334959976188353
WK045190,Wijk 90 Glastuinbouwgebied,2016,4.052147807131165,-0.05011704401252025,NA,NA,NA,NA,NA
WK045190,Wijk 90 Glastuinbouwgebied,2018,4.067309004400996,-0.034955846742689714,-0.13203749350106472,0.08917717859123846,0.09216998978318963,-0.14111141395219406,0.056845892336140645
WK045190,Wijk 90 Glastuinbouwgebied,2020,4.101649985205999,-6.148659376863534e-4,-0.13237738549303218,0.10942012511537158,0.09389857623171319,-0.13303829756850957,0.06148211577677042
WK045190,Wijk 90 Glastuinbouwgebied,2022,4.076777560358201,-0.025487290785484607,-0.12695334109592665,0.09019579510492726,0.0845589005672923,-0.1439873251063965,0.07069867974461883
WK045195,Wijk 95 Veenweidegebied,2002,4.204200810686994,0.10193595954330907,NA,NA,NA,NA,NA
WK045195,Wijk 95 Veenweidegebied,2008,4.192411044785359,0.090146193641674,NA,NA,NA,NA,NA
WK045195,Wijk 95 Veenweidegebied,2012,4.187571910296903,0.0853070591532171,NA,NA,NA,NA,NA
WK045195,Wijk 95 Veenweidegebied,2014,4.237450832582493,0.13518598143880745,0.017771911634135832,0.08749709728953815,0.13284220402238983,-0.17304054213936407,0.07011531063210731
WK045195,Wijk 95 Veenweidegebied,2016,4.237723701257714,0.13545885011402944,NA,NA,NA,NA,NA
WK045195,Wijk 95 Veenweidegebied,2018,4.256241184257043,0.15397633311335768,0.021968325107106876,0.10186763730905549,0.13222946969022614,-0.16664885347338637,0.06455975448035527
WK045195,Wijk 95 Veenweidegebied,2020,4.197058521408929,0.0947936702652438,0.016709516530638905,0.10988885399237877,0.12565051358712548,-0.16137171904867792,0.003916505203778372
WK045195,Wijk 95 Veenweidegebied,2022,4.242518542326509,0.14025369118282352,0.014338865276187288,0.10398065522557173,0.12404254861603274,-0.1695728861695562,0.0674645082345876
WK045300,Wijk 00 Velsen-Zuid en Driehuis,2002,4.381891584571885,0.2796267334281994,NA,NA,NA,NA,NA
WK045300,Wijk 00 Velsen-Zuid en Driehuis,2008,4.326732037950884,0.22446718680719943,NA,NA,NA,NA,NA
WK045300,Wijk 00 Velsen-Zuid en Driehuis,2012,4.313742634619329,0.21147778347564394,NA,NA,NA,NA,NA
WK045300,Wijk 00 Velsen-Zuid en Driehuis,2014,4.321396679728466,0.21913182858478136,0.0685500296205924,0.05957060137585708,0.046661227261130415,0.012588619723008655,0.03176135060419249
WK045300,Wijk 00 Velsen-Zuid en Driehuis,2016,4.325131323578602,0.22286647243491672,NA,NA,NA,NA,NA
WK045300,Wijk 00 Velsen-Zuid en Driehuis,2018,4.322785693787122,0.22052084264343627,0.05111695034511711,0.08191212968596973,0.05489982194845712,0.008948875999444505,0.023643064664447537
WK045300,Wijk 00 Velsen-Zuid en Driehuis,2020,4.338371526986892,0.23610667584320746,0.058894749986365624,0.0813396603094283,0.04975334099851198,0.02174874452534321,0.024370180023558077
WK045300,Wijk 00 Velsen-Zuid en Driehuis,2022,4.326832328952838,0.2245674778091523,0.05824079722919953,0.07602006407412341,0.04824932919496648,0.016203023790557523,0.02585426352030506
WK045301,Wijk 01 IJmuiden-Noord,2002,4.1025806568291046,3.158056854189333e-4,NA,NA,NA,NA,NA
WK045301,Wijk 01 IJmuiden-Noord,2008,4.102230568935254,-3.428220843097428e-5,NA,NA,NA,NA,NA
WK045301,Wijk 01 IJmuiden-Noord,2012,4.061160371568973,-0.04110447957471225,NA,NA,NA,NA,NA
WK045301,Wijk 01 IJmuiden-Noord,2014,4.079807351384743,-0.022457499758942474,0.06526649824938376,-0.04305925074907856,-0.03983527529863543,0.015406215121858725,-0.02023568708247124
WK045301,Wijk 01 IJmuiden-Noord,2016,4.074625186218878,-0.027639664924807347,NA,NA,NA,NA,NA
WK045301,Wijk 01 IJmuiden-Noord,2018,4.0539406208666104,-0.048324230277075345,0.035957282079951726,-0.044699020382459355,-0.04165563596656349,0.01992756475315518,-0.017854420761159635
WK045301,Wijk 01 IJmuiden-Noord,2020,4.068847413891034,-0.0334174372526507,0.036198598040200605,-0.058864923965398164,-0.041413257786620306,0.03597659291154448,-0.0053144464523775985
WK045301,Wijk 01 IJmuiden-Noord,2022,4.01957414909086,-0.08269070205282472,-0.014579047263774302,-0.05596585488298592,-0.042860744768167036,0.02591237513987081,0.004802569722231455
WK045302,Wijk 02 IJmuiden-Zuid,2002,4.106970482575612,0.004705631431926941,NA,NA,NA,NA,NA
WK045302,Wijk 02 IJmuiden-Zuid,2008,4.091027834708921,-0.011237016434764763,NA,NA,NA,NA,NA
WK045302,Wijk 02 IJmuiden-Zuid,2012,4.0693483129955546,-0.03291653814813073,NA,NA,NA,NA,NA
WK045302,Wijk 02 IJmuiden-Zuid,2014,4.085314644525711,-0.01695020661797363,0.06301393408526486,-0.036654729430406104,-0.0430446407614829,0.016243186425894313,-0.01650795693724406
WK045302,Wijk 02 IJmuiden-Zuid,2016,4.082669172978156,-0.019595678165528114,NA,NA,NA,NA,NA
WK045302,Wijk 02 IJmuiden-Zuid,2018,4.074686667268066,-0.02757818387561888,0.03812496916561245,-0.035214957699234425,-0.04192460937011745,0.01684443275770648,-0.005408018729586242
WK045302,Wijk 02 IJmuiden-Zuid,2020,4.0853231920452,-0.016941659098484652,0.04356467761130922,-0.04048589307983419,-0.04365389006853474,0.03503881302334672,-0.011405366584771896
WK045302,Wijk 02 IJmuiden-Zuid,2022,4.055539724840548,-0.04672512630313685,0.027227128933950396,-0.05278655685082928,-0.04439497983538055,0.02615419635802303,-0.0029249149089006824
WK045303,Wijk 03 IJmuiden-West,2002,4.065919793144374,-0.03634505799931076,NA,NA,NA,NA,NA
WK045303,Wijk 03 IJmuiden-West,2008,4.0413008454279,-0.06096400571578554,NA,NA,NA,NA,NA
WK045303,Wijk 03 IJmuiden-West,2012,4.053033669274416,-0.049231181869268906,NA,NA,NA,NA,NA
WK045303,Wijk 03 IJmuiden-West,2014,4.080855408363014,-0.021409442780671344,0.08680876596666891,-0.0310265317174633,-0.039623781629921404,-0.03644764091052804,-0.001120254489427836
WK045303,Wijk 03 IJmuiden-West,2016,4.06584176045234,-0.03642309069134518,NA,NA,NA,NA,NA
WK045303,Wijk 03 IJmuiden-West,2018,4.061274910861231,-0.040989940282453736,0.06501705740139546,-0.03003829079935196,-0.04553806623936277,-0.03431533101068026,0.0038846903655455228
WK045303,Wijk 03 IJmuiden-West,2020,4.035976857874459,-0.06628799326922627,0.06364690753471769,-0.0538662067394725,-0.04611628131275508,-0.024884886059833713,-0.005067526691882948
WK045303,Wijk 03 IJmuiden-West,2022,3.9941106557608785,-0.10815419538280664,0.04061759168369422,-0.07013507101584784,-0.04531515539198939,-0.029727337170453387,-0.003594223488210551
WK045304,Wijk 04 Zee- en Duinwijk,2002,3.9520222203208526,-0.1502426308228324,NA,NA,NA,NA,NA
WK045304,Wijk 04 Zee- en Duinwijk,2008,3.952728690630614,-0.14953616051307156,NA,NA,NA,NA,NA
WK045304,Wijk 04 Zee- en Duinwijk,2012,3.9864563713548944,-0.11580847978879039,NA,NA,NA,NA,NA
WK045304,Wijk 04 Zee- en Duinwijk,2014,4.036604648829716,-0.06566020231396978,0.11426319880989547,-0.029116615565370266,-0.056531242855203036,-0.07501308472505079,-0.01926245797824142
WK045304,Wijk 04 Zee- en Duinwijk,2016,3.9945379546813893,-0.10772689646229544,NA,NA,NA,NA,NA
WK045304,Wijk 04 Zee- en Duinwijk,2018,4.004287083756508,-0.09797776738717742,0.09100887331988881,-0.04373579415304774,-0.055503785467668654,-0.07462719016766152,-0.01511987091868861
WK045304,Wijk 04 Zee- en Duinwijk,2020,4.010527483269159,-0.09173736787452651,0.10844357998769077,-0.06697106084788228,-0.055282952996514235,-0.05639421007901274,-0.021532723938808302
WK045304,Wijk 04 Zee- en Duinwijk,2022,3.996363837813705,-0.10590101332998021,0.10583116170433038,-0.07073869918230645,-0.05630317127060244,-0.06406501417131755,-0.0206252904100844
WK045305,Wijk 05 Velsen-Noord,2014,3.8955790028437,-0.2066858482999854,-0.00496305768989701,-0.11279173791414414,-0.04881341266492705,-0.014442240686533636,-0.0256753993444838
WK045305,Wijk 05 Velsen-Noord,2016,3.8703642952156243,-0.23190055592806108,NA,NA,NA,NA,NA
WK045305,Wijk 05 Velsen-Noord,2018,3.877309979212153,-0.22495487193153257,-0.02752595502308429,-0.10582705681657942,-0.03981882079977791,-0.02099153162762441,-0.030791507664466828
WK045305,Wijk 05 Velsen-Noord,2020,3.9064310198483247,-0.19583383129536067,-0.020199072465720724,-0.12356343727811715,-0.040457515673956626,0.016011169117711648,-0.027624974995278065
WK045305,Wijk 05 Velsen-Noord,2022,3.821297091089331,-0.2809677600543545,-0.030724360782921973,-0.1764441791954276,-0.048034806529078204,8.730546511490243e-4,-0.02663746819807597
WK045306,Wijk 06 Santpoort-Noord,2002,4.217186872841009,0.11492202169732436,NA,NA,NA,NA,NA
WK045306,Wijk 06 Santpoort-Noord,2008,4.2127564737418,0.11049162259811476,NA,NA,NA,NA,NA
WK045306,Wijk 06 Santpoort-Noord,2012,4.21870080541211,0.11643595426842449,NA,NA,NA,NA,NA
WK045306,Wijk 06 Santpoort-Noord,2014,4.291589708905895,0.18932485776221014,0.061811500949805774,0.05483903131881976,0.016457447025948386,0.03737608723641482,0.018840791231221107
WK045306,Wijk 06 Santpoort-Noord,2016,4.292425002463273,0.1901601513195871,NA,NA,NA,NA,NA
WK045306,Wijk 06 Santpoort-Noord,2018,4.297587581813565,0.1953227306698804,0.047244477372151455,0.07544576645264629,0.015468112737924793,0.03506595105776781,0.022098423049389776
WK045306,Wijk 06 Santpoort-Noord,2020,4.316164570466872,0.21389971932318627,0.05325389156406673,0.0812696338733025,0.015152431614847145,0.04572739871540912,0.01849636355556051
WK045306,Wijk 06 Santpoort-Noord,2022,4.304664520947478,0.20239966980379215,0.05665996854244273,0.06451614021353858,0.014917479027511782,0.04480390887106577,0.021502173149232993
WK045307,Wijk 07 Santpoort-Zuid,2002,4.2906367163754915,0.18837186523180605,NA,NA,NA,NA,NA
WK045307,Wijk 07 Santpoort-Zuid,2008,4.276640907342738,0.1743760561990531,NA,NA,NA,NA,NA
WK045307,Wijk 07 Santpoort-Zuid,2012,4.283347424494348,0.18108257335066322,NA,NA,NA,NA,NA
WK045307,Wijk 07 Santpoort-Zuid,2014,4.330787888604327,0.22852303746064184,0.07644925025287817,0.07707360634522382,0.03202693841949905,-0.00257640619442697,0.045549648637467514
WK045307,Wijk 07 Santpoort-Zuid,2016,4.349087188147206,0.24682233700352063,NA,NA,NA,NA,NA
WK045307,Wijk 07 Santpoort-Zuid,2018,4.340278332287312,0.23801348114362658,0.07110195442211771,0.0873915545428981,0.0300012331160996,2.3188499665736348e-4,0.04928685406585356
WK045307,Wijk 07 Santpoort-Zuid,2020,4.366231861412745,0.26396701026905883,0.07507717058130729,0.0946288116922508,0.029020818920773336,0.016655768382146288,0.048584440692580874
WK045307,Wijk 07 Santpoort-Zuid,2022,4.340265660931366,0.23800080978768126,0.07504852798314024,0.07449727396463977,0.02744115694247135,0.013436162766310192,0.04757768813111941
WK045308,Wijk 08 Velserbroek,2002,4.0866040769263154,-0.015660774217370162,NA,NA,NA,NA,NA
WK045308,Wijk 08 Velserbroek,2008,4.091460302297032,-0.010804548846652799,NA,NA,NA,NA,NA
WK045308,Wijk 08 Velserbroek,2012,4.084259540306375,-0.018005310837309753,NA,NA,NA,NA,NA
WK045308,Wijk 08 Velserbroek,2014,4.096651299228238,-0.005613551915446946,0.009172585600711977,-0.004596708599292294,-0.004626415950804229,-0.00827952290360216,0.00271650993753948
WK045308,Wijk 08 Velserbroek,2016,4.112458523302608,0.010193672158922383,NA,NA,NA,NA,NA
WK045308,Wijk 08 Velserbroek,2018,4.116989170072862,0.014724318929176949,-0.00615591516640088,0.02740005760578699,-0.0034731968383634074,-0.015482582430433003,0.012435955758586975
WK045308,Wijk 08 Velserbroek,2020,4.1352414389925585,0.03297658784887371,0.0016459335260480847,0.03169279458732146,-0.007207842390007787,-4.5662875433245733e-4,0.007302330879844119
WK045308,Wijk 08 Velserbroek,2022,4.1048041651971,0.0025393140534148567,0.005783496970062357,-0.0037302849348455707,-0.006532695316510235,-0.00489503109879188,0.011913828433499913
WK045309,Wijk 09 Spaarndammerpolder,2014,4.27201288615503,0.16974803501134522,0.052655589110760966,0.058436771800376035,0.11913312990439015,-0.12099015611627445,0.06051270031209213
WK045309,Wijk 09 Spaarndammerpolder,2016,4.273605596696729,0.17134074555304377,NA,NA,NA,NA,NA
WK045309,Wijk 09 Spaarndammerpolder,2018,4.295818177382771,0.19355332623908603,0.039853141309776345,0.09252909883371614,0.10767073199689658,-0.11193066091875598,0.06543101501745285
WK045309,Wijk 09 Spaarndammerpolder,2020,4.300645204783549,0.198380353639863,0.04399737872753729,0.07517059243570505,0.11711298844299481,-0.10242828583456869,0.0645276798681942
WK045309,Wijk 09 Spaarndammerpolder,2022,4.343941546751291,0.2416766956076064,0.03942363124277314,0.10878114208775724,0.11552983867007091,-0.08847812557563867,0.0664202091826436
WK045700,Binnenstad,2002,4.131830012777167,0.029565161633482225,NA,NA,NA,NA,NA
WK045700,Binnenstad,2008,4.162638086787172,0.06037323564348788,NA,NA,NA,NA,NA
WK045700,Binnenstad,2012,4.154109240228302,0.05184438908461682,NA,NA,NA,NA,NA
WK045700,Binnenstad,2014,4.142025128302895,0.03976027715920966,0.0010676682551910345,-0.047795427652312844,-0.016542334978359184,0.07667136970437939,0.02635900183031105
WK045700,Binnenstad,2016,4.175160993022478,0.07289614187879256,NA,NA,NA,NA,NA
WK045700,Binnenstad,2018,4.181149247095785,0.07888439595209985,-0.01206754445014848,-0.00449441782372167,-0.020498495745247307,0.08652819214571297,0.029416661825504085
WK045700,Binnenstad,2020,4.2107414098073805,0.1084765586636955,-0.002409025932903123,0.002579075383062424,-0.016501665465054507,0.09485190292847005,0.02995627175012041
WK045700,Binnenstad,2022,4.19404204434718,0.09177719320349464,-0.003370746642870879,-0.02009692866020227,-0.016983200254150302,0.09629909855225262,0.03592897020846522
WK045701,Zuid,2002,4.148703700320244,0.04643884917655841,NA,NA,NA,NA,NA
WK045701,Zuid,2008,4.129635595481691,0.027370744338006035,NA,NA,NA,NA,NA
WK045701,Zuid,2012,4.16369016487179,0.06142531372810497,NA,NA,NA,NA,NA
WK045701,Zuid,2014,4.138853168582825,0.03658831743913959,-0.015015606792144974,0.018129548004827474,-0.003389686407629417,0.027876798533851745,0.008987264100234477
WK045701,Zuid,2016,4.171659323305006,0.06939447216132036,NA,NA,NA,NA,NA
WK045701,Zuid,2018,4.155686111715836,0.053421260572151096,-0.018991458224741468,0.03288342932061671,-0.0022996416258201074,0.03126125550637554,0.010567675595720194
WK045701,Zuid,2020,4.175332438168568,0.07306758702488317,-0.014017196805276655,0.03830947187000319,0.005532638866386193,0.03590543576140704,0.0073372373323630025
WK045701,Zuid,2022,4.128674260713733,0.026409409570047417,-0.013693430005944177,-0.004613583505853582,4.7594335817895085e-4,0.03549269416990422,0.008747785553761732
WK045702,Noord,2002,3.8762872498550878,-0.22597760128859745,NA,NA,NA,NA,NA
WK045702,Noord,2008,3.8603362413864457,-0.24192860975723957,NA,NA,NA,NA,NA
WK045702,Noord,2012,3.8765612870358344,-0.2257035641078509,NA,NA,NA,NA,NA
WK045702,Noord,2014,3.873084343107788,-0.2291805080358971,-0.02762379454855827,-0.1287363515222242,-0.040435974924128974,0.038571094285334485,-0.07095548132632035
WK045702,Noord,2016,3.8774963958777553,-0.22476845526592984,NA,NA,NA,NA,NA
WK045702,Noord,2018,3.906042116636951,-0.19622273450673425,-0.04184848711943479,-0.08537062768488468,-0.050778701734796886,0.04490937263768062,-0.06313429060529878
WK045702,Noord,2020,3.981841819881396,-0.12042303126228898,-0.038128026470126544,-0.04500167523289444,-0.04954884539290729,0.058093009345757146,-0.04583749351211812
WK045702,Noord,2022,4.022133952966574,-0.08013089817711067,-0.03425577657307026,-0.027092960383912904,-0.04261823799105946,0.06257533716127288,-0.03873926039034119
WK045703,Hogewey,2002,3.918977990268229,-0.18328686087545631,NA,NA,NA,NA,NA
WK045703,Hogewey,2008,3.917692890541912,-0.18457196060177328,NA,NA,NA,NA,NA
WK045703,Hogewey,2012,3.9340675435701358,-0.16819730757354928,NA,NA,NA,NA,NA
WK045703,Hogewey,2014,3.955714453605043,-0.1465503975386424,-0.010774082283565451,-0.06503047313115722,-0.039509364756588485,0.029143900006163615,-0.06038037737349517
WK045703,Hogewey,2016,3.9779743127899962,-0.12429053835368845,NA,NA,NA,NA,NA
WK045703,Hogewey,2018,3.986168991161863,-0.11609585998182217,-0.029230761927119528,-0.02195966661679039,-0.043563284739214274,0.031384756156096656,-0.05272690285479491
WK045703,Hogewey,2020,4.049055825042225,-0.05320902610146032,-0.02281964680607123,0.015204468186563194,-0.03604122547165397,0.037758816364929136,-0.04731143837522776
WK045703,Hogewey,2022,4.084922176397656,-0.017342674746029314,-0.02206709872982389,0.021402882091644544,-0.03109654817725332,0.04122006883664449,-0.026801978767241403
WK045704,Aetsveld,2002,4.028555909574986,-0.07370894156869952,NA,NA,NA,NA,NA
WK045704,Aetsveld,2008,4.042043960895675,-0.0602208902480104,NA,NA,NA,NA,NA
WK045704,Aetsveld,2012,4.069705017471731,-0.032559833671955196,NA,NA,NA,NA,NA
WK045704,Aetsveld,2014,4.09704755716276,-0.00521729398092501,-0.011510893433363126,0.01232786330775028,-5.465084554340258e-4,9.142960656023119e-4,-0.006402051465480699
WK045704,Aetsveld,2016,4.099313923272554,-0.002950927871130731,NA,NA,NA,NA,NA
WK045704,Aetsveld,2018,4.098675792404617,-0.0035890587390680264,-0.014756861112564712,0.023744998491141006,-0.008401025953810067,-0.0023010680677124635,-0.0018751020961220834
WK045704,Aetsveld,2020,4.0988525518826116,-0.0034122992610734625,-0.012459039491542494,0.02273251686021626,-0.009534025322997042,0.0019528494764531187,-0.006104600783203576
WK045704,Aetsveld,2022,4.080081610197006,-0.0221832409466794,-0.013163843273588735,0.004348625957134146,-0.017027018052629843,-4.0470759282757487e-4,0.004063702015232326
WK045707,Aetsveldsepolder,2002,4.3058843323101,0.20361948116641485,NA,NA,NA,NA,NA
WK045707,Aetsveldsepolder,2008,4.26674105944975,0.16447620830606455,NA,NA,NA,NA,NA
WK045707,Aetsveldsepolder,2012,4.31123776268692,0.20897291154323488,NA,NA,NA,NA,NA
WK045707,Aetsveldsepolder,2014,4.28304826408883,0.18078341294514474,-0.012634540788440864,0.08025744067085423,0.08922898889695693,-0.0659136752913271,0.08984519945710126
WK045707,Aetsveldsepolder,2016,4.290979716778472,0.1887148656347865,NA,NA,NA,NA,NA
WK045707,Aetsveldsepolder,2018,4.317857947521215,0.21559309637753,-0.005448923702670638,0.0954297276215401,0.100302013926002,-0.06142016310026805,0.08673044163292631
WK045707,Aetsveldsepolder,2020,4.311183426769362,0.20891857562567692,-0.004089591150686011,0.09622178915456894,0.09093300704842353,-0.06143011189735638,0.08728348247072656
WK045707,Aetsveldsepolder,2022,4.263252365339934,0.16098751419624863,-0.005697283006980118,0.06547412109214093,0.07599301913312492,-0.0635433572301275,0.08876101420808993
WK045708,Oostelijke Vechtoever,2002,4.313366880040694,0.211102028897009,NA,NA,NA,NA,NA
WK045708,Oostelijke Vechtoever,2008,4.3072842920068855,0.20501944086320034,NA,NA,NA,NA,NA
WK045708,Oostelijke Vechtoever,2012,4.3488404755924455,0.2465756244487602,NA,NA,NA,NA,NA
WK045708,Oostelijke Vechtoever,2014,4.349363257881884,0.24709840673819874,-0.014084963589786444,0.10892288407293543,0.12683901309145887,-0.09310500690466622,0.11852648006825668
WK045708,Oostelijke Vechtoever,2016,4.343765963782667,0.24150111263898202,NA,NA,NA,NA,NA
WK045708,Oostelijke Vechtoever,2018,4.3709234464579385,0.2686585953142531,0.009827688191068587,0.11628919027167735,0.13567449929924094,-0.09417072537508407,0.10103794292734998
WK045708,Oostelijke Vechtoever,2020,4.396414697684515,0.29414984654082993,-1.5714819196006267e-4,0.12566939915133624,0.1358658876083703,-0.09138560157009908,0.12415730954318217
WK045708,Oostelijke Vechtoever,2022,4.331818667673446,0.22955381652976004,0.0033203699841362418,0.09108691515209287,0.1303715784703653,-0.09534718135789647,0.10012213428106198
WK045709,Bloemendalerpolder,2002,4.21690516976986,0.11464031862617524,NA,NA,NA,NA,NA
WK045709,Bloemendalerpolder,2008,4.257943279853293,0.1556784287096074,NA,NA,NA,NA,NA
WK045709,Bloemendalerpolder,2012,4.17381962076387,0.07155476962018469,NA,NA,NA,NA,NA
WK045709,Bloemendalerpolder,2014,4.158525615984754,0.056260764841068886,-0.019732502858221694,0.009600589632377522,0.06025437551175291,-0.025393946021462374,0.03153224857662223
WK045709,Bloemendalerpolder,2016,4.122311889627451,0.020047038483765534,NA,NA,NA,NA,NA
WK045709,Bloemendalerpolder,2018,4.178012312034289,0.07574746089060312,-0.03717520044969257,0.05616865573017191,0.060850302708024995,-0.03208233007361532,0.02798603297571391
WK045709,Bloemendalerpolder,2020,4.2375871848255215,0.13532233368183633,-0.033433513283287565,0.060053271201211844,0.10465098450780116,-0.026810586088229768,0.030862177344340443
WK045709,Bloemendalerpolder,2022,4.279537378058843,0.1772725269151584,-0.02206254268262473,0.09161835011773022,0.13385369547921624,-0.040845832466089554,0.014708856466925916
WK047301,Zandvoort Noord,2002,4.033805613588421,-0.06845923755526463,NA,NA,NA,NA,NA
WK047301,Zandvoort Noord,2008,4.0145376659260235,-0.08772718521766186,NA,NA,NA,NA,NA
WK047301,Zandvoort Noord,2012,4.02341760309306,-0.07884724805062529,NA,NA,NA,NA,NA
WK047301,Zandvoort Noord,2014,4.072412937557011,-0.02985191358667533,0.1485935925602116,-0.03653946677890829,-0.030904315057354095,-0.07724205729394033,-0.03375966701668449
WK047301,Zandvoort Noord,2016,4.102605630189603,3.407790459184596e-4,NA,NA,NA,NA,NA
WK047301,Zandvoort Noord,2018,4.083113871483218,-0.019150979660466336,0.1263320345248061,-0.02540114301320364,-0.031179211127690693,-0.06587510861609351,-0.023027551428284908
WK047301,Zandvoort Noord,2020,4.102525596964832,2.607458211466407e-4,0.13754359164271873,-0.024651679317075202,-0.033303697928216795,-0.060935595624524136,-0.01839187295175625
WK047301,Zandvoort Noord,2022,4.0696685256962555,-0.03259632544742997,0.13706170074722732,-0.052499469500934884,-0.028414517596022044,-0.07656690795678764,-0.012177131140912992
WK047302,Zandvoort Zuid,2002,4.099897189822275,-0.0023676613214100336,NA,NA,NA,NA,NA
WK047302,Zandvoort Zuid,2008,4.143515500735718,0.04125064959203288,NA,NA,NA,NA,NA
WK047302,Zandvoort Zuid,2012,4.1677893883893296,0.06552453724564444,NA,NA,NA,NA,NA
WK047302,Zandvoort Zuid,2014,4.178620331155046,0.07635548001136071,0.14955314318976093,-0.038618756179657494,-0.004893012192879107,-0.0353530022195241,0.005667107413660149
WK047302,Zandvoort Zuid,2016,4.1702977473386165,0.06803289619493134,NA,NA,NA,NA,NA
WK047302,Zandvoort Zuid,2018,4.212084146414281,0.10981929527059592,0.12914545558970467,-0.010858207567354592,-0.005570261721317666,-0.018309647012858248,0.015411955982421498
WK047302,Zandvoort Zuid,2020,4.248579320826873,0.14631446968318748,0.15337044658538643,-0.008202915256735721,-0.006309242550138141,-0.008448785220786997,0.01590496612546165
WK047302,Zandvoort Zuid,2022,4.234909974988264,0.13264512384457963,0.15271531948873507,-0.020367744511763604,-0.008669851137369868,-0.019869399497653206,0.028836799502631006
WK047303,Bentveld,2002,4.298647415553592,0.1963825644099075,NA,NA,NA,NA,NA
WK047303,Bentveld,2008,4.316204037566854,0.21393918642316825,NA,NA,NA,NA,NA
WK047303,Bentveld,2012,4.372728090553599,0.2704632394099138,NA,NA,NA,NA,NA
WK047303,Bentveld,2014,4.407762934180149,0.30549808303646353,0.16352740092291634,0.10309788775013469,0.07524490105423563,-0.09203723829087943,0.05566513160005604
WK047303,Bentveld,2016,4.3987249820640155,0.29646013092033047,NA,NA,NA,NA,NA
WK047303,Bentveld,2018,4.412391623280141,0.3101267721364552,0.15481230629901424,0.11918998694209004,0.07847262829162469,-0.09041549922221363,0.048067349825939555
WK047303,Bentveld,2020,4.434832977554484,0.3325681264107985,0.19523083525901014,0.09468534519122428,0.06737716669835264,-0.08124008387202455,0.05651486313423572
WK047303,Bentveld,2022,4.404884618783432,0.3026197676397458,0.19719894103527055,0.07395698761993903,0.06414733445116753,-0.08790315236985381,0.05521965690322218
WK047304,Buitengebied,2002,4.472572635979267,0.37030778483558163,NA,NA,NA,NA,NA
WK047304,Buitengebied,2008,4.479500377973543,0.37723552682985856,NA,NA,NA,NA,NA
WK047304,Buitengebied,2012,4.461217412816713,0.35895256167302736,NA,NA,NA,NA,NA
WK047304,Buitengebied,2014,4.522903214253896,0.42063836311021047,0.2485228720649554,0.13544567029908958,0.08977564388830593,-0.08143415074914039,0.028328327606999583
WK047304,Buitengebied,2016,4.470354660439955,0.3680898092962695,NA,NA,NA,NA,NA
WK047304,Buitengebied,2018,4.490960936124579,0.3886960849808933,0.23764477854270805,0.11860565651853691,0.07368442198102376,-0.07578479871765727,0.03454602665628201
WK047304,Buitengebied,2020,4.513088224075278,0.41082337293159304,0.3183996028984942,0.07239853942909166,0.0604727043787837,-0.0689190886021035,0.028471614827326335
WK047304,Buitengebied,2022,4.435400472869437,0.33313562172575223,0.3157456694433319,0.016453854309912277,0.05713042304864504,-0.07911002928276112,0.022915704206623706
WK047911,Wijk 11 Zaandam Zuid,2002,3.9972074156170363,-0.10505743552664881,NA,NA,NA,NA,NA
WK047911,Wijk 11 Zaandam Zuid,2008,4.0008486111247255,-0.1014162400189601,NA,NA,NA,NA,NA
WK047911,Wijk 11 Zaandam Zuid,2012,3.9571057326366006,-0.1451591185070843,NA,NA,NA,NA,NA
WK047911,Wijk 11 Zaandam Zuid,2014,3.9375416237689755,-0.1647232273747095,-0.007927019130646251,-0.12524639770233698,-0.051482476982969,0.057601985722047944,-0.03766931928080549
WK047911,Wijk 11 Zaandam Zuid,2016,3.96800441293486,-0.13426043820882522,NA,NA,NA,NA,NA
WK047911,Wijk 11 Zaandam Zuid,2018,3.9566445171374536,-0.145620334006232,-0.02742945307457045,-0.1259126089049859,-0.05518081233455014,0.09913407056242063,-0.03623153025454641
WK047911,Wijk 11 Zaandam Zuid,2020,3.9688318257022623,-0.13343302544142305,-0.019658638787099815,-0.12416884999873187,-0.05849072113879133,0.11562788303499015,-0.04674269855179047
WK047911,Wijk 11 Zaandam Zuid,2022,3.9865481275735117,-0.11571672357017311,-0.01913400216515547,-0.1171501024922658,-0.056129648268543456,0.11614826610622318,-0.03945123675043184
WK047912,Wijk 12 Poelenburg,2002,3.8070707951930207,-0.2951940559506642,NA,NA,NA,NA,NA
WK047912,Wijk 12 Poelenburg,2008,3.7727155236833667,-0.32954932746031884,NA,NA,NA,NA,NA
WK047912,Wijk 12 Poelenburg,2012,3.7658782815377077,-0.3363865696059779,NA,NA,NA,NA,NA
WK047912,Wijk 12 Poelenburg,2014,3.7634058693492682,-0.3388589817944166,0.0064850590920119446,-0.16156773466612076,-0.07688425545041334,0.025311133583014307,-0.13220318435290904
WK047912,Wijk 12 Poelenburg,2016,3.772191051700241,-0.3300737994434445,NA,NA,NA,NA,NA
WK047912,Wijk 12 Poelenburg,2018,3.7356098847986834,-0.3666549663450019,-0.015693437865803118,-0.18598915286893894,-0.0759770630755651,0.04494519593464794,-0.13394050846934288
WK047912,Wijk 12 Poelenburg,2020,3.774137895201404,-0.3281269559422808,-0.008355980255037598,-0.18548574590974945,-0.07364276967541525,0.06105261050074498,-0.12169507060282378
WK047912,Wijk 12 Poelenburg,2022,3.8619676819686135,-0.24029716917507163,0.0012033703255347273,-0.11804884135356122,-0.06759218863863765,0.05834980685568086,-0.11420931636408856
WK047913,Wijk 13 Pelders- en Hoornseveld,2002,3.900590694300427,-0.2016741568432581,NA,NA,NA,NA,NA
WK047913,Wijk 13 Pelders- en Hoornseveld,2008,3.911765555195869,-0.190499295947816,NA,NA,NA,NA,NA
WK047913,Wijk 13 Pelders- en Hoornseveld,2012,3.887547398384106,-0.2147174527595795,NA,NA,NA,NA,NA
WK047913,Wijk 13 Pelders- en Hoornseveld,2014,3.8712708184698017,-0.23099403267388335,-0.0064320543433209485,-0.08116011054172274,-0.07782507615649455,0.017131663488274274,-0.08270845512061967
WK047913,Wijk 13 Pelders- en Hoornseveld,2016,3.891910248422936,-0.21035460272074907,NA,NA,NA,NA,NA
WK047913,Wijk 13 Pelders- en Hoornseveld,2018,3.8727479960421642,-0.22951685510152103,-0.026363589305182563,-0.08829829927916982,-0.07672945042929866,0.03928655324020406,-0.07741206932807436
WK047913,Wijk 13 Pelders- en Hoornseveld,2020,3.868026292169155,-0.23423855897453036,-0.018574380059361517,-0.10618583616152237,-0.07462900835318814,0.051247936524149114,-0.08609727092460769
WK047913,Wijk 13 Pelders- en Hoornseveld,2022,3.8759464054769475,-0.22631844566673767,-0.01076938053238028,-0.10933106196894682,-0.07054238573935971,0.043190078357646086,-0.07886569578369722
WK047914,Wijk 14 Rosmolenwijk,2002,3.963032291703883,-0.1392325594398022,NA,NA,NA,NA,NA
WK047914,Wijk 14 Rosmolenwijk,2008,3.9785677851028796,-0.12369706604080546,NA,NA,NA,NA,NA
WK047914,Wijk 14 Rosmolenwijk,2012,3.981773615703224,-0.1204912354404611,NA,NA,NA,NA,NA
WK047914,Wijk 14 Rosmolenwijk,2014,3.9351718929743082,-0.16709295816937694,-0.014450860889613658,-0.1150218112452701,-0.06563031301606333,0.044866334315641236,-0.01685630733407135
WK047914,Wijk 14 Rosmolenwijk,2016,3.9782696636046966,-0.12399518753898865,NA,NA,NA,NA,NA
WK047914,Wijk 14 Rosmolenwijk,2018,3.9804214001505023,-0.12184345099318326,-0.037023042444926865,-0.09953599300980935,-0.06969776786292346,0.10195057651162222,-0.01753722418714611
WK047914,Wijk 14 Rosmolenwijk,2020,3.9869640540562337,-0.1153007970874515,-0.019948758016563074,-0.11301466733380719,-0.0711835133563193,0.11457423767606607,-0.025728096056828305
WK047914,Wijk 14 Rosmolenwijk,2022,3.965221112580704,-0.13704373856298116,-0.022570006324468764,-0.14202486605945552,-0.06418959275711265,0.10734748322726388,-0.015606756649208357
WK047915,Wijk 15 Kogerveldwijk,2002,3.955191700691253,-0.14707315045243252,NA,NA,NA,NA,NA
WK047915,Wijk 15 Kogerveldwijk,2008,3.8964226979934167,-0.20584215315026821,NA,NA,NA,NA,NA
WK047915,Wijk 15 Kogerveldwijk,2012,3.881656889620948,-0.22060796152273726,NA,NA,NA,NA,NA
WK047915,Wijk 15 Kogerveldwijk,2014,3.850401426527437,-0.25186342461624805,-0.02932481308914505,-0.10348033144409466,-0.03587205875058295,0.0025963014779884475,-0.08578252281041412
WK047915,Wijk 15 Kogerveldwijk,2016,3.8849295365210335,-0.21733531462265165,NA,NA,NA,NA,NA
WK047915,Wijk 15 Kogerveldwijk,2018,3.860655821556189,-0.24160902958749625,-0.04064590120693459,-0.09622212085013848,-0.034288931459912554,0.012956453731882677,-0.08340852980239359
WK047915,Wijk 15 Kogerveldwijk,2020,3.9053387843431984,-0.1969260668004868,-0.02977883418149494,-0.06964963668437606,-0.03620417934254015,0.027983853002898004,-0.08927726959497398
WK047915,Wijk 15 Kogerveldwijk,2022,3.884436381139166,-0.21782847000451883,-0.0216635214825942,-0.09326888450351295,-0.038099834101814244,0.01803055670884723,-0.08282678662544492
WK047916,Wijk 16 Zaandam Noord,2002,3.9972950441939674,-0.10496980694971768,NA,NA,NA,NA,NA
WK047916,Wijk 16 Zaandam Noord,2008,4.058007794350144,-0.044257056793541666,NA,NA,NA,NA,NA
WK047916,Wijk 16 Zaandam Noord,2012,4.038338680905585,-0.06392617023810064,NA,NA,NA,NA,NA
WK047916,Wijk 16 Zaandam Noord,2014,4.0619588526157475,-0.0403059985279377,0.01730724923169739,-0.022222073859059024,-0.016434878029380148,-0.028111720319782353,0.009155424448586172
WK047916,Wijk 16 Zaandam Noord,2016,4.091868232801051,-0.010396618342633814,NA,NA,NA,NA,NA
WK047916,Wijk 16 Zaandam Noord,2018,4.0866548840203345,-0.015609967123350603,0.008438478931103525,0.012505456640012935,-0.014920688091482975,-0.03669041594139024,0.015057201338405818
WK047916,Wijk 16 Zaandam Noord,2020,4.101893307932542,-3.715432111428788e-4,0.01724253362965372,0.023014028129093683,-0.015800625401839744,-0.023468792259226885,-0.001358687308823895
WK047916,Wijk 16 Zaandam Noord,2022,4.096118543029355,-0.006146308114329913,0.016085739324044952,0.002168193951199286,-0.012884832354108306,-0.03213803798732501,0.02062262895185892
WK047921,Wijk 21 Oude Haven,2002,4.061122261030134,-0.041142590113551605,NA,NA,NA,NA,NA
WK047921,Wijk 21 Oude Haven,2008,4.087238959546664,-0.015025891597022058,NA,NA,NA,NA,NA
WK047921,Wijk 21 Oude Haven,2012,4.064462827625067,-0.03780202351861834,NA,NA,NA,NA,NA
WK047921,Wijk 21 Oude Haven,2014,4.055044826332706,-0.04722002481098,0.0142391997285606,-0.08754550771268858,-0.012101196493235156,0.04681260595708616,-0.00862512629070328
WK047921,Wijk 21 Oude Haven,2016,4.067971266283747,-0.034293584859938046,NA,NA,NA,NA,NA
WK047921,Wijk 21 Oude Haven,2018,4.105682452464119,0.0034176013204345814,-0.006137583443065826,-0.07092381885411624,-0.01579135095343719,0.09767804936589793,-0.001407694794844364
WK047921,Wijk 21 Oude Haven,2020,4.113124534174784,0.010859683031098646,-3.365647982765095e-4,-0.0695601482062945,-0.019495586419399778,0.11879875189495649,-0.01854676943988729
WK047921,Wijk 21 Oude Haven,2022,4.121237240406358,0.01897238926267278,-0.005918512386344223,-0.06867144128429235,-0.019723918040632248,0.11248929332276204,7.969676511792575e-4
WK047922,Wijk 22 Zaandam West,2002,4.08388614354142,-0.018378707602265183,NA,NA,NA,NA,NA
WK047922,Wijk 22 Zaandam West,2008,4.104408453282698,0.0021436021390130624,NA,NA,NA,NA,NA
WK047922,Wijk 22 Zaandam West,2012,4.074363573079127,-0.027901278064558166,NA,NA,NA,NA,NA
WK047922,Wijk 22 Zaandam West,2014,4.033280751424105,-0.06898409971958067,-0.021289700285314826,-0.05582350567967693,-0.016937104280828535,0.04068662578137049,-0.01562041525513117
WK047922,Wijk 22 Zaandam West,2016,4.051445605949314,-0.0508192451943708,NA,NA,NA,NA,NA
WK047922,Wijk 22 Zaandam West,2018,4.08367204328553,-0.018592807858155314,-0.02789223866028014,-0.045920847689236995,-0.01765717334978453,0.08068643627772672,-0.007808984436580635
WK047922,Wijk 22 Zaandam West,2020,4.080143486042616,-0.02212136510106948,-0.02046085478360279,-0.05332474757552347,-0.021084821352031196,0.10056691699643948,-0.027817858386351764
WK047922,Wijk 22 Zaandam West,2022,4.101907665828286,-3.5718531539965023e-4,-0.021456204684469526,-0.04181618755440286,-0.01775737901395594,0.08944542548286749,-0.00877283954543909
WK047923,Wijk 23 Nieuw West,2002,4.058720709626189,-0.043544141517496186,NA,NA,NA,NA,NA
WK047923,Wijk 23 Nieuw West,2008,4.006979704608732,-0.095285146534953985,NA,NA,NA,NA,NA
WK047923,Wijk 23 Nieuw West,2012,3.98732726540425,-0.11493758573943495,NA,NA,NA,NA,NA
WK047923,Wijk 23 Nieuw West,2014,4.023806833416364,-0.0784580177273215,-0.017688076152152482,-0.0430336772722269,-0.005817739147860303,0.002058538145775118,-0.013977063300857193
WK047923,Wijk 23 Nieuw West,2016,4.035174304361269,-0.06709054678241623,NA,NA,NA,NA,NA
WK047923,Wijk 23 Nieuw West,2018,4.018107921733534,-0.08415692941015186,-0.029781621463992797,-0.013327840801686537,-0.009633922572660185,-0.02335240955404163,-0.008061135017771018
WK047923,Wijk 23 Nieuw West,2020,4.028964895692133,-0.0732999554515525,-0.02315428729091941,-0.009558521788091075,-0.013341391851143799,-0.011590871497024789,-0.015654883024373692
WK047923,Wijk 23 Nieuw West,2022,4.024420968916285,-0.07784388222740032,-0.025346025654537887,-0.009701207246340883,-0.015901309257451406,-0.016674413987377318,-0.010220926081693098
WK047931,Wijk 31 Oud Koog a/d Zaan,2002,4.0271600585524245,-0.0751047925912606,NA,NA,NA,NA,NA
WK047931,Wijk 31 Oud Koog a/d Zaan,2008,4.0234821925010955,-0.07878265864258954,NA,NA,NA,NA,NA
WK047931,Wijk 31 Oud Koog a/d Zaan,2012,3.99306061737705,-0.10920423376663495,NA,NA,NA,NA,NA
WK047931,Wijk 31 Oud Koog a/d Zaan,2014,4.010470376221451,-0.09179447492223422,-0.012512597656442019,-0.04369890885755819,-0.022634543818690255,0.020374179817128645,-0.033322604406672666
WK047931,Wijk 31 Oud Koog a/d Zaan,2016,4.073421686719048,-0.02884316442463766,NA,NA,NA,NA,NA
WK047931,Wijk 31 Oud Koog a/d Zaan,2018,4.018947079083943,-0.08331777205974256,-0.021378786046297796,-0.04862024897722424,-0.021380781870485113,0.02553412001322201,-0.01747207517895771
WK047931,Wijk 31 Oud Koog a/d Zaan,2020,4.0626120912178765,-0.0396527599258083,-0.007854482571860269,-0.022786068909325528,-0.01915833586143047,0.04405667302673498,-0.033910545609927276
WK047931,Wijk 31 Oud Koog a/d Zaan,2022,4.067345545958312,-0.03491930518537286,-0.00365198597322464,-0.042403541222805284,-0.01717530574245954,0.032215498581382465,-0.0039039708282661133
WK047932,Wijk 32 Westerkoog,2002,4.022785407483121,-0.07947944366056431,NA,NA,NA,NA,NA
WK047932,Wijk 32 Westerkoog,2008,4.018603819506851,-0.08366103163683347,NA,NA,NA,NA,NA
WK047932,Wijk 32 Westerkoog,2012,4.033261585334923,-0.06900326580876187,NA,NA,NA,NA,NA
WK047932,Wijk 32 Westerkoog,2014,4.075813576118397,-0.026451275025288105,0.008861094059826805,-0.016907860380848468,-0.008175294022192732,-0.02654180823513193,0.016312593553057968
WK047932,Wijk 32 Westerkoog,2016,4.126845148205687,0.024580297062001877,NA,NA,NA,NA,NA
WK047932,Wijk 32 Westerkoog,2018,4.096023088984471,-0.006241762159213751,-9.424036189610863e-4,0.020579322605181135,-0.007583460367070515,-0.037444760202611026,0.01914953942424743
WK047932,Wijk 32 Westerkoog,2020,4.103605378826592,0.001340527682907036,0.0098213398952625465,0.01595046681014149,-0.006538762882069077,-0.02558769241320591,0.007695176272777733
WK047932,Wijk 32 Westerkoog,2022,4.1202376340457345,0.01797278290204908,0.015654936784054337,0.013347485359042885,-0.0014464687832247342,-0.029345365218367576,0.01976219476054389
WK047941,Wijk 41 Oud Zaandijk,2002,4.056492132317377,-0.04577271882630836,NA,NA,NA,NA,NA
WK047941,Wijk 41 Oud Zaandijk,2008,4.069073555776166,-0.033191295367519136,NA,NA,NA,NA,NA
WK047941,Wijk 41 Oud Zaandijk,2012,4.0481586944333285,-0.05410615671035689,NA,NA,NA,NA,NA
WK047941,Wijk 41 Oud Zaandijk,2014,4.057389855452668,-0.04487499569101638,-0.0022065553078074265,-0.030524093615330303,-0.017623243183906814,0.010887255492293624,-0.005408359076265691
WK047941,Wijk 41 Oud Zaandijk,2016,4.07492993776035,-0.027334913383335418,NA,NA,NA,NA,NA
WK047941,Wijk 41 Oud Zaandijk,2018,4.061369372828464,-0.04089547831522085,-0.009572137955198345,-0.002511229450113693,-0.02133924033785955,-0.010447147941505959,0.002974277369456444
WK047941,Wijk 41 Oud Zaandijk,2020,4.066634633290976,-0.035630217852709506,1.5024837179935033e-4,-0.021127830797883794,-0.023359902603028653,0.00815965721256844,5.476099638348818e-4
WK047941,Wijk 41 Oud Zaandijk,2022,4.0437849465351965,-0.05847990460848864,-0.002390209485023486,-0.041050294315487734,-0.015604672403569733,-0.005566397862793691,0.0061316694583857315
WK047942,Wijk 42 Rooswijk,2002,4.087716237057758,-0.014548614085927636,NA,NA,NA,NA,NA
WK047942,Wijk 42 Rooswijk,2008,4.069292568128384,-0.03297228301530051,NA,NA,NA,NA,NA
WK047942,Wijk 42 Rooswijk,2012,4.065689813657118,-0.03657503748656807,NA,NA,NA,NA,NA
WK047942,Wijk 42 Rooswijk,2014,4.071756463041802,-0.03050838810188355,0.024252783398927502,0.007282997988677351,-0.017488000354336716,-0.018313780047875376,-0.026242389087276618
WK047942,Wijk 42 Rooswijk,2016,4.068180476010241,-0.03408437513344472,NA,NA,NA,NA,NA
WK047942,Wijk 42 Rooswijk,2018,4.091021934375304,-0.011242916768381132,0.01863814182352855,0.02687110645726185,-0.01899456144008818,-0.025973058291412453,-0.011784545317671187
WK047942,Wijk 42 Rooswijk,2020,4.080076520433461,-0.022188330710224496,0.02681445638703416,0.0038801759406469705,-0.025984217257182474,-0.007573088544173896,-0.01932565723654953
WK047942,Wijk 42 Rooswijk,2022,4.104668280723712,0.0024034295800270103,0.031407779301583005,0.0056728280185048795,-0.018622367114509018,-0.005264101369681564,-0.010790709255870572
WK047951,Wijk 51 Wormerveer,2002,3.9694120234112824,-0.13285282773240298,NA,NA,NA,NA,NA
WK047951,Wijk 51 Wormerveer,2008,3.9571227528807427,-0.14514209826294217,NA,NA,NA,NA,NA
WK047951,Wijk 51 Wormerveer,2012,3.9460921676867318,-0.15617268345695326,NA,NA,NA,NA,NA
WK047951,Wijk 51 Wormerveer,2014,3.9841223593690143,-0.11814249177467119,0.0014143675631662967,-0.044552967916765315,-0.026512267421674472,-0.016559946302016987,-0.031931677697381
WK047951,Wijk 51 Wormerveer,2016,3.979144754655884,-0.1231200964878014,NA,NA,NA,NA,NA
WK047951,Wijk 51 Wormerveer,2018,3.9662992051573847,-0.13596564598630095,-0.026488935963738115,-0.025571208900554247,-0.0273543086295334,-0.030364164562757104,-0.026187027929718346
WK047951,Wijk 51 Wormerveer,2020,4.004621801244038,-0.09764304989964678,-0.010523006923653065,-0.02075860208309132,-0.028009110646410224,-0.011650810237405496,-0.026701520009086932
WK047951,Wijk 51 Wormerveer,2022,4.04047847416599,-0.06178637697769481,-0.007296338158681246,-0.011353564680426175,-0.02050334026816951,-0.012418036151203368,-0.010215097719214793
WK047961,Wijk 61 Krommenie Oost,2002,3.9917547897664365,-0.11051006137724877,NA,NA,NA,NA,NA
WK047961,Wijk 61 Krommenie Oost,2008,3.9777730593636504,-0.12449179178003479,NA,NA,NA,NA,NA
WK047961,Wijk 61 Krommenie Oost,2012,3.953456021115457,-0.14880883002822784,NA,NA,NA,NA,NA
WK047961,Wijk 61 Krommenie Oost,2014,4.016792954612484,-0.08547189653120087,-0.0015391252551363054,-0.03112203627081135,-0.024178790921821024,-0.018871001776077295,-0.009760942307355155
WK047961,Wijk 61 Krommenie Oost,2016,4.026942400089962,-0.07532245105372294,NA,NA,NA,NA,NA
WK047961,Wijk 61 Krommenie Oost,2018,4.010996062021294,-0.09126878912239059,-0.026422127092820078,-0.0178562771364573,-0.020524663266081853,-0.019952306605181474,-0.006513415021850118
WK047961,Wijk 61 Krommenie Oost,2020,4.0255577872837875,-0.076707063859898,-0.020170471585492518,-0.03171374074455057,-0.019919464002932957,0.005887044850207394,-0.010790432377129625
WK047961,Wijk 61 Krommenie Oost,2022,4.044874598379997,-0.057390252763688164,-0.020643656582782458,-0.017430227613492066,-0.013534193942164695,-0.003534317585733719,-0.0022478570395155287
WK047962,Wijk 62 Krommenie West,2002,3.99948625399105,-0.10277859715263545,NA,NA,NA,NA,NA
WK047962,Wijk 62 Krommenie West,2008,4.034342863189054,-0.06792198795463096,NA,NA,NA,NA,NA
WK047962,Wijk 62 Krommenie West,2012,4.013446407219562,-0.08881844392412366,NA,NA,NA,NA,NA
WK047962,Wijk 62 Krommenie West,2014,4.06304551597545,-0.0392193351682355,0.005232142408605283,0.019482472662711366,-0.008806918460887271,-0.06440883747519917,0.00928180569653401
WK047962,Wijk 62 Krommenie West,2016,4.04551010359641,-0.05675474754727493,NA,NA,NA,NA,NA
WK047962,Wijk 62 Krommenie West,2018,4.055279929041835,-0.04698492210185017,-0.011432319030665475,0.024834537121771316,-0.0038104450278695283,-0.06537719758188838,0.008800502416801618
WK047962,Wijk 62 Krommenie West,2020,4.050844866289263,-0.051419984854422215,-0.006012459060254427,0.014677947324554935,-0.006628896609668093,-0.0509745604651281,-0.0024820160439268215
WK047962,Wijk 62 Krommenie West,2022,4.04671318894119,-0.05555166220249523,-0.008132929073618607,0.004789756808330302,-0.0031745346955194048,-0.05424873416275891,0.005214778921071114
WK047971,Wijk 71 Assendelft-Zuid,2002,4.025815092144283,-0.07644975899940265,NA,NA,NA,NA,NA
WK047971,Wijk 71 Assendelft-Zuid,2008,4.047296745542775,-0.0549681056009098,NA,NA,NA,NA,NA
WK047971,Wijk 71 Assendelft-Zuid,2012,4.014478732324052,-0.08778611881963339,NA,NA,NA,NA,NA
WK047971,Wijk 71 Assendelft-Zuid,2014,4.071233901389706,-0.031030949753978996,-0.00387482462714758,0.028839672708816707,0.026627438066629493,-0.10182987302012467,0.019206637117846762
WK047971,Wijk 71 Assendelft-Zuid,2016,4.044372521745975,-0.05789232939770978,NA,NA,NA,NA,NA
WK047971,Wijk 71 Assendelft-Zuid,2018,4.063330246964845,-0.03893460417884048,-0.01789444226489017,0.0376687691688745,0.019053286315349055,-0.10349776085639789,0.025735543458223712
WK047971,Wijk 71 Assendelft-Zuid,2020,4.064679571144101,-0.03758527999958465,-0.009447855804751468,0.022775393460326518,0.01774856649394303,-0.08684996644037275,0.018188582291269764
WK047971,Wijk 71 Assendelft-Zuid,2022,4.056364735920662,-0.04590011522302381,-0.0086649152300178,0.015254706105779132,0.022035208177326123,-0.096099788535333,0.021574674259221483
WK047972,Wijk 72 Assendelft-Noord,2002,4.03038490419948,-0.07187994694420449,NA,NA,NA,NA,NA
WK047972,Wijk 72 Assendelft-Noord,2008,4.1192290653575006,0.01696421421381533,NA,NA,NA,NA,NA
WK047972,Wijk 72 Assendelft-Noord,2012,4.079780254249355,-0.022484596894329762,NA,NA,NA,NA,NA
WK047972,Wijk 72 Assendelft-Noord,2014,4.080139638795801,-0.022125212347884806,-0.01287578568788009,0.011088667412065075,0.035502791717007126,-0.04431790476285618,-0.011522981026221013
WK047972,Wijk 72 Assendelft-Noord,2016,4.082059716821972,-0.020205134321713655,NA,NA,NA,NA,NA
WK047972,Wijk 72 Assendelft-Noord,2018,4.076390513065017,-0.02587433807866851,-0.025134664852657765,0.01466343399325427,0.02592964289342612,-0.041671076752272454,3.3832663958102287e-4
WK047972,Wijk 72 Assendelft-Noord,2020,4.077973785581937,-0.0242910655617477,-0.018869094073370986,-0.00470569219600931,0.024227193078393716,-0.022215623602043696,-0.002727848768717738
WK047972,Wijk 72 Assendelft-Noord,2022,4.0872306984012665,-0.01503415274241844,-0.02128783569103445,-0.01230377624935788,0.028426804925845015,-0.027553952740008696,0.017684607012137275
WK047981,Wijk 81 Westzaan,2002,4.097689078842815,-0.004575772300870154,NA,NA,NA,NA,NA
WK047981,Wijk 81 Westzaan,2008,4.090636471260692,-0.011628379882993433,NA,NA,NA,NA,NA
WK047981,Wijk 81 Westzaan,2012,4.093005140588634,-0.009259710555051509,NA,NA,NA,NA,NA
WK047981,Wijk 81 Westzaan,2014,4.149079024020557,0.04681417287687145,0.0029146549463391243,0.060148122288224075,0.04966882551062941,-0.09559479885976122,0.029677368991439787
WK047981,Wijk 81 Westzaan,2016,4.124674120629808,0.02240926948612299,NA,NA,NA,NA,NA
WK047981,Wijk 81 Westzaan,2018,4.12272575914661,0.020460908002925098,-0.0047712355560023175,0.044006460592661154,0.041491494285411656,-0.09343473920755295,0.03316892788840728
WK047981,Wijk 81 Westzaan,2020,4.13002035959078,0.027755508447095237,0.0016401180165578075,0.03552640207775434,0.042610633966904087,-0.08540867134521415,0.03338702573109289
WK047981,Wijk 81 Westzaan,2022,4.142302034780282,0.040037183636596856,0.003929928632592033,0.03866947178614375,0.044716797921823925,-0.0817097509048138,0.034430736200850666
WK048201,Wijk 01 Centrum,2002,3.9962772248302816,-0.10598762631340351,NA,NA,NA,NA,NA
WK048201,Wijk 01 Centrum,2008,3.9996260195293125,-0.10263883161437277,NA,NA,NA,NA,NA
WK048201,Wijk 01 Centrum,2012,4.041349269746311,-0.0609155813973746,NA,NA,NA,NA,NA
WK048201,Wijk 01 Centrum,2014,4.0595076251983215,-0.042757225945363894,-0.0203876463354742,0.029582625096412345,-0.005069462453657642,-0.010015042979076953,-0.03686769927356771
WK048201,Wijk 01 Centrum,2016,4.066529927663249,-0.03573492348043518,NA,NA,NA,NA,NA
WK048201,Wijk 01 Centrum,2018,4.06926429607476,-0.03300055506892495,-0.021661371659348408,0.024669518380425342,8.74753941110262e-4,-0.01310408509660238,-0.023779370634510084
WK048201,Wijk 01 Centrum,2020,4.098328053081692,-0.0039367980619934625,-0.010650676474277384,0.03220356078873646,0.0010436867011523333,-1.4234917334662278e-4,-0.026391019904258423
WK048201,Wijk 01 Centrum,2022,4.129542045137546,0.02727719399386029,-0.004452041062146662,0.027275881774466878,0.006638783688863846,-0.0061592634637450405,0.003973833056420919
WK048202,Wijk 02 Kinderdijk,2002,3.9122142482097924,-0.19005060293389292,NA,NA,NA,NA,NA
WK048202,Wijk 02 Kinderdijk,2008,3.9168103206680587,-0.18545453047562643,NA,NA,NA,NA,NA
WK048202,Wijk 02 Kinderdijk,2012,3.9487610977150167,-0.15350375342866832,NA,NA,NA,NA,NA
WK048202,Wijk 02 Kinderdijk,2014,3.9777607341995633,-0.12450411694412152,-0.0027066922738925546,0.011875253924667036,-4.637661396686885e-4,-0.0804131194901728,-0.05279579296505479
WK048202,Wijk 02 Kinderdijk,2016,3.9662975291888607,-0.1359673219548241,NA,NA,NA,NA,NA
WK048202,Wijk 02 Kinderdijk,2018,3.9808601392712295,-0.12140471187245573,-0.005765683687827427,0.011561793771792452,-0.006591915298427144,-0.08461331821113696,-0.035995588446857005
WK048202,Wijk 02 Kinderdijk,2020,4.022814293337898,-0.07945055780578682,-5.379838098365115e-4,0.03946468312425141,-0.005797593784238746,-0.07482024079107842,-0.037759422544884826
WK048202,Wijk 02 Kinderdijk,2022,4.03048690588063,-0.07177794526305521,0.0023770286497880482,0.012104491121930431,-0.0033561578930165663,-0.07845752831808765,-0.004445778823669764
WK048203,Wijk 03 Blokweer,2002,3.9062231504301015,-0.19604170071358407,NA,NA,NA,NA,NA
WK048203,Wijk 03 Blokweer,2008,3.916046083025493,-0.1862187681181925,NA,NA,NA,NA,NA
WK048203,Wijk 03 Blokweer,2012,3.946953724408564,-0.15531112673512137,NA,NA,NA,NA,NA
WK048203,Wijk 03 Blokweer,2014,3.973994937845767,-0.12826991329791826,-0.010853547936199205,0.0023537626280152,-0.009036681963783188,-0.04976294478788274,-0.0609705012380686
WK048203,Wijk 03 Blokweer,2016,3.9665619148352818,-0.13570293630840366,NA,NA,NA,NA,NA
WK048203,Wijk 03 Blokweer,2018,3.9852159625718424,-0.11704888857184285,-0.017307501085230874,0.01394428933765373,-0.01269830398393999,-0.05069588923547028,-0.05029148360485575
WK048203,Wijk 03 Blokweer,2020,4.006641663789373,-0.09562318735431241,-0.011775407166291246,0.01691600729806085,-0.012439369266039538,-0.03893647711296314,-0.04938794110707959
WK048203,Wijk 03 Blokweer,2022,4.014869408929975,-0.08739544221370966,-0.0076491585398340564,0.003889555526678567,-0.009086403901620748,-0.04719027874683703,-0.027359156552096683
WK048204,Wijk 04 Souburgh,2002,3.8899587211366895,-0.2123061300069958,NA,NA,NA,NA,NA
WK048204,Wijk 04 Souburgh,2008,3.92984439349828,-0.1724204576454054,NA,NA,NA,NA,NA
WK048204,Wijk 04 Souburgh,2012,3.9585124209436144,-0.14375243020007059,NA,NA,NA,NA,NA
WK048204,Wijk 04 Souburgh,2014,3.995457498125549,-0.10680735301813657,-0.013372416422568431,0.027900969052787522,-0.022763415064145743,-0.050729049800699325,-0.047843440783510854
WK048204,Wijk 04 Souburgh,2016,3.9812509265859046,-0.12101392455778068,NA,NA,NA,NA,NA
WK048204,Wijk 04 Souburgh,2018,4.001844548889549,-0.10042030225413544,-0.01284204161557465,0.01529991825302743,-0.017695459784506765,-0.048350718409010236,-0.03683200069807146
WK048204,Wijk 04 Souburgh,2020,4.011066059716456,-0.09119879142722885,-0.009262461205204,0.018516063666321355,-0.01666066498086986,-0.03954699405290311,-0.044244734854573475
WK048204,Wijk 04 Souburgh,2022,4.034180941861898,-0.06808390928178715,-7.794014672118853e-4,0.0050511282343448025,-0.01594901775231023,-0.04391465569603073,-0.012491962600579401
WK048205,Wijk 05 Bedrijventerrein,2002,4.065350928115594,-0.03691392302809193,NA,NA,NA,NA,NA
WK048205,Wijk 05 Bedrijventerrein,2008,3.9995293046104,-0.10273554653328518,NA,NA,NA,NA,NA
WK048205,Wijk 05 Bedrijventerrein,2012,4.104513723525125,0.002248872381439145,NA,NA,NA,NA,NA
WK048205,Wijk 05 Bedrijventerrein,2014,4.1023027792272835,3.792808359876313e-5,-0.11990615697958222,0.05907435069634422,0.07257537387255088,-0.04353768382529924,0.03183204431958506
WK048205,Wijk 05 Bedrijventerrein,2016,4.103981570564668,0.001716719420982334,NA,NA,NA,NA,NA
WK048205,Wijk 05 Bedrijventerrein,2018,4.188722270712561,0.08645741956887525,-0.10338016894539012,0.11727458668694928,0.0827035660555097,-0.04297431708673675,0.032833752858543196
WK048205,Wijk 05 Bedrijventerrein,2020,4.2014912172464,0.0992263661027157,-0.10382916505643285,0.12617022721813473,0.07265013708858295,-0.028913295737511894,0.033148462589942515
WK048205,Wijk 05 Bedrijventerrein,2022,4.218302261980577,0.11603741083689233,-0.10884614390203716,0.11266748064121193,0.07582880278117543,-0.021476570061565878,0.05786384137810801
WK048206,Wijk 06 Landelijk gebied,2002,4.284080198523297,0.18181534737961133,NA,NA,NA,NA,NA
WK048206,Wijk 06 Landelijk gebied,2008,4.35900145320382,0.25673660206013493,NA,NA,NA,NA,NA
WK048206,Wijk 06 Landelijk gebied,2012,4.194059809849595,0.09179495870590955,NA,NA,NA,NA,NA
WK048206,Wijk 06 Landelijk gebied,2014,4.253893381779808,0.15162853063612294,-0.05993681924000507,0.10317578921323252,0.12394879936604146,-0.1026537758636121,0.0870945371604659
WK048206,Wijk 06 Landelijk gebied,2016,4.287150768064245,0.18488591692055956,NA,NA,NA,NA,NA
WK048206,Wijk 06 Landelijk gebied,2018,4.281865133273565,0.1796002821298801,-0.03007149276391433,0.11067890054805772,0.10899534840883997,-0.09113401429381324,0.08113154023070947
WK048206,Wijk 06 Landelijk gebied,2020,4.360359306672746,0.25809445552906074,-0.0350426141883164,0.12252082521834701,0.169362915019106,-0.0854105475700792,0.08666387705000307
WK048206,Wijk 06 Landelijk gebied,2022,4.376605207607869,0.274340356464184,-0.022912112515781402,0.11492979774148628,0.18111380462906887,-0.0929988800695823,0.09420774667899229
WK048401,Oudshoorn,2002,3.9322983597122887,-0.16996649143139683,NA,NA,NA,NA,NA
WK048401,Oudshoorn,2008,3.978473403049075,-0.12379144809461026,NA,NA,NA,NA,NA
WK048401,Oudshoorn,2012,4.006297703166449,-0.09596714797723668,NA,NA,NA,NA,NA
WK048401,Oudshoorn,2014,4.075780609298859,-0.026484241844826197,-0.004627328854870091,0.009801876408956746,-0.020598820679167268,0.012609163433124435,-0.02366913215287036
WK048401,Oudshoorn,2016,4.087527112787792,-0.014737738355893384,NA,NA,NA,NA,NA
WK048401,Oudshoorn,2018,4.0646374699837695,-0.03762738115991615,-0.006606676464974961,0.02437498451604678,-0.0194724684425451,-0.02556431696645596,-0.010358903801987174
WK048401,Oudshoorn,2020,4.053724308741898,-0.04854054240178713,-0.004949783153730453,0.020329370953808296,-0.022889943014547977,-0.02961861631382117,-0.01141157087349608
WK048401,Oudshoorn,2022,4.063300662083768,-0.03896418905991696,-0.0011856896435725166,0.019711162127449045,-0.01681865749834376,-0.036793899641674045,-0.00387710440377597
WK048402,Ridderveld,2002,3.8828664754006987,-0.21939837574298662,NA,NA,NA,NA,NA
WK048402,Ridderveld,2008,3.9058021500716276,-0.19646270107205746,NA,NA,NA,NA,NA
WK048402,Ridderveld,2012,3.934939995219499,-0.16732485592418597,NA,NA,NA,NA,NA
WK048402,Ridderveld,2014,4.012003845679771,-0.09026100546391488,-0.0041274573393517726,-0.023358471995474268,-0.02965553211723252,0.02240568877595396,-0.05552523278781056
WK048402,Ridderveld,2016,4.007144520078082,-0.09512033106560297,NA,NA,NA,NA,NA
WK048402,Ridderveld,2018,3.9891972745190687,-0.11306757662461674,-0.011689700621863305,-0.005555812510738008,-0.03166924808129248,-0.02272542851985317,-0.04142738689087008
WK048402,Ridderveld,2020,3.9909878722539904,-0.11127697888969446,-0.0095856164213759,-0.004546489225006583,-0.0311536410461414,-0.01887784960552528,-0.04711338259164557
WK048402,Ridderveld,2022,3.9786561936924483,-0.12360865745123699,-0.006763539139779145,-0.01840169413775269,-0.030800567592864144,-0.026186522221203493,-0.04145633435963781
WK048403,Zegersloot,2002,3.9445988142070747,-0.1576660369366103,NA,NA,NA,NA,NA
WK048403,Zegersloot,2008,3.959652582234065,-0.14261226890961992,NA,NA,NA,NA,NA
WK048403,Zegersloot,2012,3.9758564608862805,-0.12640839025740427,NA,NA,NA,NA,NA
WK048403,Zegersloot,2014,4.0257900929767585,-0.07647475816692696,0.005321499682398605,0.0012929534673369908,-0.025508034736694062,-0.012432577178486635,-0.045148599401482144
WK048403,Zegersloot,2016,4.044045541917238,-0.05821930922644701,NA,NA,NA,NA,NA
WK048403,Zegersloot,2018,4.018519089962433,-0.08374576118125268,0.0014948167175840327,0.009513765625441255,-0.027196255221936565,-0.044535817181203294,-0.023022271121138388
WK048403,Zegersloot,2020,4.003195270446634,-0.09906958069705082,0.0034613114144480613,-0.00697058351199952,-0.030090256168119348,-0.033586385995913924,-0.03188366643546632
WK048403,Zegersloot,2022,3.9957458691172065,-0.10651898202647897,0.0013849617976718382,-0.022020537570901735,-0.029465289277602405,-0.043955344601180876,-0.012462772374466101
WK048404,Hoorn,2002,3.97119761558462,-0.1310672355590654,NA,NA,NA,NA,NA
WK048404,Hoorn,2008,3.9743896199622837,-0.12787523118140112,NA,NA,NA,NA,NA
WK048404,Hoorn,2012,3.9772559049726413,-0.12500894617104397,NA,NA,NA,NA,NA
WK048404,Hoorn,2014,4.0530870832465915,-0.04917776789709407,-0.005969881379138662,-0.029653889620301795,-0.021794833097592926,0.05509538981042541,-0.04685455361048639
WK048404,Hoorn,2016,4.079508795847712,-0.022756055295973267,NA,NA,NA,NA,NA
WK048404,Hoorn,2018,4.043808372761012,-0.058456478382673885,-0.012485165220566861,-0.021477919442955486,-0.024798620450710927,0.02699271031515424,-0.026687483583595142
WK048404,Hoorn,2020,4.031448992346126,-0.07081585879755903,-0.008334912566232386,-0.02448668029743475,-0.029141916481791895,0.03249430717683013,-0.0413466566289304
WK048404,Hoorn,2022,4.063232915511025,-0.039031935632659574,-0.00550621474195946,-0.018002068210292658,-0.02004723435571168,0.025937985496413272,-0.021414403821109245
WK048405,Hoge Zijde,2002,4.058670652425018,-0.04359419871866688,NA,NA,NA,NA,NA
WK048405,Hoge Zijde,2008,4.056528319579744,-0.04573653156394057,NA,NA,NA,NA,NA
WK048405,Hoge Zijde,2012,4.070376334885367,-0.03188851625831821,NA,NA,NA,NA,NA
WK048405,Hoge Zijde,2014,4.136348221409534,0.034083370265849226,0.004444443376605417,-0.009244994910679375,-0.010439536117560672,0.059566634383548193,-0.010243176466064615
WK048405,Hoge Zijde,2016,4.163579999925947,0.06131514878226124,NA,NA,NA,NA,NA
WK048405,Hoge Zijde,2018,4.122732290057725,0.02046743891403931,0.001523417312736427,9.722231752060485e-4,-0.014040407962064502,0.0298264146759974,0.002185791712163637
WK048405,Hoge Zijde,2020,4.072539992996082,-0.029724858147603114,-0.0016318333052464699,-0.021633117994791187,-0.02364080857451795,0.014001391019729992,0.003179510707222205
WK048405,Hoge Zijde,2022,4.0712980995381525,-0.030966751605532822,-0.0031091457269843835,-0.022087720352200038,-0.017750028743751745,0.009388374716136174,0.002591768501266905
WK048406,Lage Zijde,2002,4.076093654614247,-0.026171196529437883,NA,NA,NA,NA,NA
WK048406,Lage Zijde,2008,4.090056996334573,-0.012207854809112365,NA,NA,NA,NA,NA
WK048406,Lage Zijde,2012,4.10691439588583,0.004649544742143895,NA,NA,NA,NA,NA
WK048406,Lage Zijde,2014,4.130465272732259,0.028200421588573422,0.003918914170180939,-0.010185085582900613,-0.0024158278778555193,0.058690902340595597,-0.021808481461447256
WK048406,Lage Zijde,2016,4.147564281741493,0.045299430597808533,NA,NA,NA,NA,NA
WK048406,Lage Zijde,2018,4.12868276329125,0.0264179121475649,-0.005461623870549937,0.009168253786375957,7.248050329079198e-4,0.02180018574359137,1.8629145523929659e-4
WK048406,Lage Zijde,2020,4.124706171911735,0.022441320768050572,-0.0017818030002703109,0.019781748091503657,-2.639543904692387e-4,0.017515859516966836,-0.012810529449680655
WK048406,Lage Zijde,2022,4.123510678706756,0.021245827563070727,7.900490460457946e-4,0.018565666032466937,-0.007336258850111036,0.003656920001456236,0.005569451333212518
WK048407,Steekterpolder,2002,4.179475303423661,0.07721045227997649,NA,NA,NA,NA,NA
WK048407,Steekterpolder,2008,4.19899898056464,0.09673412942095405,NA,NA,NA,NA,NA
WK048407,Steekterpolder,2012,4.222645637101987,0.12038078595830212,NA,NA,NA,NA,NA
WK048407,Steekterpolder,2014,4.293448319651205,0.1911834685075195,-0.09217554891300225,0.10570397036739547,0.11201030711487388,-0.09621080227888054,0.16185554221713266
WK048407,Steekterpolder,2016,4.313142978790987,0.21087812764730182,NA,NA,NA,NA,NA
WK048407,Steekterpolder,2018,4.270195691502996,0.1679308403593111,-0.05318829479671207,0.12056365549541803,0.117457810200686,-0.1148698153816455,0.09796748484156426
WK048407,Steekterpolder,2020,4.229193133609351,0.12692828246566562,-0.05752301583394939,0.11180334866901148,0.08708443400866021,-0.1124678562718975,0.09803137189384063
WK048407,Steekterpolder,2022,4.239661467786144,0.13739661664245872,-0.05038181279623733,0.12098601669889898,0.07911933688686731,-0.11171721705711603,0.09939029291004561
WK048408,Kerk en Zanen,2002,4.070559156618812,-0.03170569452487258,NA,NA,NA,NA,NA
WK048408,Kerk en Zanen,2008,4.108828590289628,0.006563739145943138,NA,NA,NA,NA,NA
WK048408,Kerk en Zanen,2012,4.122293530068986,0.020028678925301056,NA,NA,NA,NA,NA
WK048408,Kerk en Zanen,2014,4.157553574460498,0.05528872331681278,-0.008192677246957476,0.05637284982258456,0.003926642176917868,-0.0019203336118945047,0.0051022421761620605
WK048408,Kerk en Zanen,2016,4.1303646472063535,0.028099796062668138,NA,NA,NA,NA,NA
WK048408,Kerk en Zanen,2018,4.094392482900237,-0.007872368243448278,-0.010290305711028742,0.05293727401669842,-0.001141412071938254,-0.0650991911190885,0.015721266641908496
WK048408,Kerk en Zanen,2020,4.14207310551326,0.0398082543695755,-0.0068801746433590355,0.07256468723444137,-5.232522529225313e-4,-0.038975722562163626,0.01362271659357909
WK048408,Kerk en Zanen,2022,4.13986641114667,0.03760156000298446,-0.002563676663224288,0.056339820509997945,0.004926822648271001,-0.04162973162280216,0.020528325130741685
WK048409,Rietveld,2002,4.264622886219733,0.16235803507604868,NA,NA,NA,NA,NA
WK048409,Rietveld,2008,4.179578673489296,0.07731382234561118,NA,NA,NA,NA,NA
WK048409,Rietveld,2012,4.295704156483376,0.19343930533969092,NA,NA,NA,NA,NA
WK048409,Rietveld,2014,4.260804919126164,0.1585400679824797,-0.12428772015176637,0.12410023399474353,0.12149073710027943,-0.0991254247915186,0.1363622418307417
WK048409,Rietveld,2016,4.324387152330522,0.2221223011868366,NA,NA,NA,NA,NA
WK048409,Rietveld,2018,4.338975886310094,0.23671103516640887,-0.03493091102359687,0.14482792571445588,0.1219033908381117,-0.10070293055971394,0.10561356019715137
WK048409,Rietveld,2020,4.295757487504046,0.19349263636036093,-0.05415307799969349,0.1376390526583002,0.12524403924236285,-0.12134269516895665,0.10610531762834804
WK048409,Rietveld,2022,4.313540236446325,0.21127538530264006,-0.04204750421357097,0.13916126424798028,0.12810322746115682,-0.12681135069554278,0.11286974850261673
WK048431,Benthuizen,2002,4.081071836638219,-0.021193014505466016,NA,NA,NA,NA,NA
WK048431,Benthuizen,2008,4.037939626267732,-0.06432522487595342,NA,NA,NA,NA,NA
WK048431,Benthuizen,2012,4.0642331168506125,-0.03803173429307299,NA,NA,NA,NA,NA
WK048431,Benthuizen,2014,4.088407305686023,-0.013857545457662225,-0.014059874378883695,0.050212918985396544,0.02731354555778726,-0.08727443227607302,0.009950296654110407
WK048431,Benthuizen,2016,4.091942660887245,-0.010322190256439644,NA,NA,NA,NA,NA
WK048431,Benthuizen,2018,4.082680031232347,-0.019584819911338446,-0.03351506664757468,0.06356358031581678,0.031100740552031585,-0.08471870997296474,0.003984635841352361
WK048431,Benthuizen,2020,4.0980698442043515,-0.004195006939334024,-0.022219890274545077,0.07158036424035012,0.028909511678719375,-0.08029949976371575,-0.0021654928201429446
WK048431,Benthuizen,2022,4.109529867585695,0.007265016442009454,0.009775108699238875,0.04379374950800825,0.03303283462549694,-0.08632614773572815,0.006989471344993243
WK048445,Aarlanderveen,2002,4.155661399315347,0.05339654817166238,NA,NA,NA,NA,NA
WK048445,Aarlanderveen,2008,4.17514716988311,0.07288231873942463,NA,NA,NA,NA,NA
WK048445,Aarlanderveen,2012,4.21930596309192,0.11704111194823515,NA,NA,NA,NA,NA
WK048445,Aarlanderveen,2014,4.251836956071269,0.14957210492758424,-0.028526855561199126,0.10210695347681097,0.07752023976189905,-0.1103761064799118,0.10884787372998489
WK048445,Aarlanderveen,2016,4.22706096604718,0.12479611490349411,NA,NA,NA,NA,NA
WK048445,Aarlanderveen,2018,4.225237024364046,0.12297217322036079,-0.004813739550439298,0.10126948860331765,0.0794422365730769,-0.1250290121604977,0.07210319975490291
WK048445,Aarlanderveen,2020,4.210172801530106,0.10790795038642119,-0.00802774251929163,0.10562786160767584,0.0738981068721024,-0.12038929161496192,0.05679901604089622
WK048445,Aarlanderveen,2022,4.189625599610392,0.08736074846670668,-0.006294275747083145,0.0953381622039367,0.06754669836538603,-0.12117322695709017,0.05194339060155699
WK048470,Boskoop,2002,4.04546597821768,-0.05679887292600497,NA,NA,NA,NA,NA
WK048470,Boskoop,2008,4.057882417756993,-0.044382433386692025,NA,NA,NA,NA,NA
WK048470,Boskoop,2012,4.072722288815783,-0.029542562327902335,NA,NA,NA,NA,NA
WK048470,Boskoop,2014,4.104064336984206,0.0017994858405209428,-0.01436306544078872,0.005926829553532081,0.013951120023320785,-0.03836757775465455,0.03465217945911107
WK048470,Boskoop,2016,4.109532203961219,0.00726735281753337,NA,NA,NA,NA,NA
WK048470,Boskoop,2018,4.108414105078978,0.0061492539352923535,-0.010344899558792411,0.02364932101027419,0.018977122460550864,-0.03576396398018379,0.009631674003443214
WK048470,Boskoop,2020,4.113621912551588,0.011357061407903013,-0.009273474169084832,0.029200777663697386,0.0155722820543615,-0.03215473816007568,0.008012214019004342
WK048470,Boskoop,2022,4.110236482377485,0.00797163123380004,-0.006624705431084663,0.024795546229234678,0.01357217908292633,-0.03738581679546865,0.013614428148192066
WK048471,Zwammerdam,2002,4.141910317614159,0.039645466470474414,NA,NA,NA,NA,NA
WK048471,Zwammerdam,2008,4.134751269967621,0.032486418823936054,NA,NA,NA,NA,NA
WK048471,Zwammerdam,2012,4.139079392711368,0.036814541567682796,NA,NA,NA,NA,NA
WK048471,Zwammerdam,2014,4.0605023177280515,-0.04176253341563345,-0.022015092203813903,0.05396199500545849,-0.021641087054110924,-0.08330334811451914,0.03123499895135179
WK048471,Zwammerdam,2016,4.116079003500088,0.013814152356403084,NA,NA,NA,NA,NA
WK048471,Zwammerdam,2018,4.129412912682579,0.027148061538893892,-0.022479390557992678,0.0788238464638589,0.03129839886943994,-0.09032868455157335,0.029833891315160763
WK048471,Zwammerdam,2020,4.104307087103384,0.0020422359596989387,-0.015342580382154603,0.06159588071373738,0.019893207261886953,-0.09343993334248438,0.029335661708713295
WK048471,Zwammerdam,2022,4.122033516531748,0.019768665388062757,-0.014548036052234497,0.09050970939465855,0.017433068491009226,-0.10483629221448186,0.031210215769111153
WK048491,Hazerswoude-Dorp,2002,4.13664526226015,0.034380411116465344,NA,NA,NA,NA,NA
WK048491,Hazerswoude-Dorp,2008,4.125727352360504,0.023462501216818452,NA,NA,NA,NA,NA
WK048491,Hazerswoude-Dorp,2012,4.136010855538403,0.03374600439471858,NA,NA,NA,NA,NA
WK048491,Hazerswoude-Dorp,2014,4.152294448380092,0.05002959723640686,-0.01943564433485362,0.06750795145187896,0.04966775929399138,-0.07245151485723147,0.024741045682621296
WK048491,Hazerswoude-Dorp,2016,4.139300115859684,0.03703526471599904,NA,NA,NA,NA,NA
WK048491,Hazerswoude-Dorp,2018,4.151950106921494,0.04968525577780834,-0.023907734575445084,0.08080116455231748,0.0472452013418803,-0.07694598454345658,0.022492609002511932
WK048491,Hazerswoude-Dorp,2020,4.130046289820277,0.027781438676592208,-0.02393833837995325,0.07861044244148081,0.0381218510728126,-0.08508124546253032,0.020068729004782102
WK048491,Hazerswoude-Dorp,2022,4.120254321953318,0.017989470809633392,-0.021724627753867385,0.06972201371443397,0.040454155398168774,-0.09657477634796431,0.026112705798862046
WK048494,Hazerswoude-Rijndijk,2002,3.9822539915452237,-0.1200108595984614,NA,NA,NA,NA,NA
WK048494,Hazerswoude-Rijndijk,2008,3.989093731513073,-0.11317111963061215,NA,NA,NA,NA,NA
WK048494,Hazerswoude-Rijndijk,2012,3.988933448084226,-0.11333140305945957,NA,NA,NA,NA,NA
WK048494,Hazerswoude-Rijndijk,2014,4.051896396527262,-0.05036845461642288,-0.02427301465036816,0.011472235718648086,0.006479782910086449,-0.04295420730164219,-0.0010932512931473763
WK048494,Hazerswoude-Rijndijk,2016,4.058210575697803,-0.044054275445882314,NA,NA,NA,NA,NA
WK048494,Hazerswoude-Rijndijk,2018,4.052274078366474,-0.049990772777210986,-0.03224446827821206,0.05583668978712302,0.007004788174079456,-0.07084753059902332,-0.009740251861178344
WK048494,Hazerswoude-Rijndijk,2020,4.078405488630172,-0.023859362513513154,-0.028427741398842243,0.055738440603051484,0.005355714387699108,-0.05069972066419944,-0.005826055441222349
WK048494,Hazerswoude-Rijndijk,2022,4.095375637584662,-0.006889213559022731,-0.0301453897600034,0.06548024432007572,0.011243304192396318,-0.059642328744485384,0.006174956432993715
WK048496,Koudekerk aan den Rijn,2002,4.020716746430561,-0.0815481047131243,NA,NA,NA,NA,NA
WK048496,Koudekerk aan den Rijn,2008,4.024187026051746,-0.07807782509193871,NA,NA,NA,NA,NA
WK048496,Koudekerk aan den Rijn,2012,4.010307101078369,-0.09195775006531659,NA,NA,NA,NA,NA
WK048496,Koudekerk aan den Rijn,2014,4.081337814563233,-0.020927036580451863,-0.02098339807357648,0.04256571465511702,0.015305869438174363,-0.06677996127889023,0.00896473867872322
WK048496,Koudekerk aan den Rijn,2016,4.0680311501075135,-0.03423370103617193,NA,NA,NA,NA,NA
WK048496,Koudekerk aan den Rijn,2018,4.059508340608708,-0.04275651053497723,-0.034280693203227054,0.06532100308036763,0.014799318748403513,-0.09647758871086057,0.007881449550338966
WK048496,Koudekerk aan den Rijn,2020,4.076094497937492,-0.026170353206193216,-0.031707161433019486,0.0767394988228168,0.01121990751335497,-0.09244232865352764,0.010019730544181824
WK048496,Koudekerk aan den Rijn,2022,4.089687701125058,-0.012577150018626897,-0.03312107433612609,0.08307901581051616,0.015963305908342895,-0.09147933581842155,0.012980938417061433
WK048901,Wijk 01 Centrum,2002,4.021301141812537,-0.08096370933114833,NA,NA,NA,NA,NA
WK048901,Wijk 01 Centrum,2008,4.04372696187795,-0.058537889265735166,NA,NA,NA,NA,NA
WK048901,Wijk 01 Centrum,2012,4.0512316815610765,-0.05103316958260884,NA,NA,NA,NA,NA
WK048901,Wijk 01 Centrum,2014,4.108194404083382,0.005929552939696386,0.012089469626960066,-0.02479274025641897,-0.0027297110828718783,0.0423762777450443,-0.02101374309301738
WK048901,Wijk 01 Centrum,2016,4.126495266470245,0.02423041532656032,NA,NA,NA,NA,NA
WK048901,Wijk 01 Centrum,2018,4.123597241608842,0.02133239046515574,0.008820189504762925,-0.02595512468383279,-0.0035101385543967072,0.043076166333512876,-0.0010987021348908377
WK048901,Wijk 01 Centrum,2020,4.128960895960457,0.02669604481677129,0.018457794546730338,-0.042633153262006826,-0.005041911163404582,0.07695348191729949,-0.021040167221847452
WK048901,Wijk 01 Centrum,2022,4.132542074615315,0.030277223471629536,0.024213619392585154,-0.06300466908264862,-0.002774578500626951,0.06564117045498984,0.006201681207329733
WK048902,Wijk 02 Noord,2002,4.045464724557542,-0.05680012658614351,NA,NA,NA,NA,NA
WK048902,Wijk 02 Noord,2008,4.0493131092410195,-0.0529517419026659,NA,NA,NA,NA,NA
WK048902,Wijk 02 Noord,2012,4.034134894568629,-0.06812995657505631,NA,NA,NA,NA,NA
WK048902,Wijk 02 Noord,2014,4.086820795653677,-0.015444055490009323,0.0033590874394572087,0.012618020647275083,-0.01980642342566248,0.014183258873767571,-0.02579799902484693
WK048902,Wijk 02 Noord,2016,4.098086020578407,-0.004178830565278565,NA,NA,NA,NA,NA
WK048902,Wijk 02 Noord,2018,4.105565883021003,0.0033010318773183667,0.006358555506969799,0.020902487122684665,-0.026783227077677815,0.015131581261804049,-0.012308364936462694
WK048902,Wijk 02 Noord,2020,4.114339954509994,0.01207510336630918,0.01506115231444589,-0.010565427019927241,-0.028352479734387384,0.05367571218335648,-0.017743854377178903
WK048902,Wijk 02 Noord,2022,4.134968248310011,0.0327033971663264,0.016721971140447767,-0.006547568475166401,-0.01982259775835691,0.046032143490528206,-0.0036805512311265656
WK048903,Wijk 03 Binnenland,2002,3.9973144221491483,-0.10495042899453676,NA,NA,NA,NA,NA
WK048903,Wijk 03 Binnenland,2008,3.980095588628138,-0.12216926251554704,NA,NA,NA,NA,NA
WK048903,Wijk 03 Binnenland,2012,3.9821673134301,-0.12009753771358538,NA,NA,NA,NA,NA
WK048903,Wijk 03 Binnenland,2014,4.028116616963948,-0.07414823417973725,-0.01510926150517113,0.008051790737644006,-0.03591896073296792,-0.016109762464645495,-0.015062040214596974
WK048903,Wijk 03 Binnenland,2016,4.058286191366958,-0.04397865977672802,NA,NA,NA,NA,NA
WK048903,Wijk 03 Binnenland,2018,4.0822652265236945,-0.01999962461999097,0.0037850906398806078,0.05700484392044692,-0.037912029197928666,-0.035618273529175064,-0.007259256453215157
WK048903,Wijk 03 Binnenland,2020,4.090471321288142,-0.011793529855543373,0.008437779273919229,0.014467248558619786,-0.034112291369504964,0.003074291553478044,-0.003660557872055749
WK048903,Wijk 03 Binnenland,2022,4.062064729858546,-0.04020012128513876,0.0084854615718409,-0.017054623502499228,-0.03298500476340222,-5.926252903158086e-4,0.0019466706992374123
WK048904,Wijk 04 Oranjewijk,2002,4.136253462497608,0.033988611353922664,NA,NA,NA,NA,NA
WK048904,Wijk 04 Oranjewijk,2008,4.142688363920806,0.040423512777121015,NA,NA,NA,NA,NA
WK048904,Wijk 04 Oranjewijk,2012,4.158325508789553,0.056060657645868636,NA,NA,NA,NA,NA
WK048904,Wijk 04 Oranjewijk,2014,4.152908792232077,0.05064394108839233,-0.014791355124544268,0.047745421095865555,0.03817513023601206,-0.022516854412162817,0.002031599293221505
WK048904,Wijk 04 Oranjewijk,2016,4.220179410597672,0.11791455945398678,NA,NA,NA,NA,NA
WK048904,Wijk 04 Oranjewijk,2018,4.237743880681861,0.13547902953817584,-0.006010143530667833,0.08739852952734488,0.0458465845426143,-0.01771481300327861,0.025958872002162858
WK048904,Wijk 04 Oranjewijk,2020,4.251660320287316,0.14939546914363053,0.0015126989226630463,0.08050380862747186,0.04390262604038557,0.0061422815827941145,0.017334053970315552
WK048904,Wijk 04 Oranjewijk,2022,4.255206036170716,0.15294118502703036,0.003820747729025699,0.062305967383113704,0.04803996314418281,0.0015041863728372882,0.037270320397870545
WK048905,Wijk 05 Buitenoord,2002,4.022852873979345,-0.07941197716433969,NA,NA,NA,NA,NA
WK048905,Wijk 05 Buitenoord,2008,4.025038213354132,-0.0772266377895527,NA,NA,NA,NA,NA
WK048905,Wijk 05 Buitenoord,2012,4.054295078387185,-0.04796977275650012,NA,NA,NA,NA,NA
WK048905,Wijk 05 Buitenoord,2014,4.105190756319741,0.0029259051760562272,-0.001181663632557403,0.02063914571474796,0.0036408833612731413,-0.03322449071991011,0.01305203045250237
WK048905,Wijk 05 Buitenoord,2016,4.119647416618955,0.017382565475270263,NA,NA,NA,NA,NA
WK048905,Wijk 05 Buitenoord,2018,4.123168453524127,0.020903602380442112,-0.0026230937768229497,0.03194707458124224,0.005516314242762648,-0.028135101929462055,0.014198409262721891
WK048905,Wijk 05 Buitenoord,2020,4.195481790072423,0.09321693892873802,0.010911663492949478,0.05283469393360918,0.004432658263001573,0.0017102978861370424,0.023327625353040452
WK048905,Wijk 05 Buitenoord,2022,4.162956384542995,0.060691533399309675,0.013877309504688419,0.020070084915476828,0.007618749142560032,-0.00545277363532407,0.02457816347190819
WK048906,Wijk 06 Ter Leede,2002,4.11449758611445,0.012232734970765307,NA,NA,NA,NA,NA
WK048906,Wijk 06 Ter Leede,2008,4.13907813948946,0.03681328834577421,NA,NA,NA,NA,NA
WK048906,Wijk 06 Ter Leede,2012,4.137887347402921,0.03562249625923568,NA,NA,NA,NA,NA
WK048906,Wijk 06 Ter Leede,2014,4.139275186305891,0.037010335162205706,-0.014754402160880455,0.04236219113322206,0.0342537542565041,-0.04945016420938395,0.024598956142743645
WK048906,Wijk 06 Ter Leede,2016,4.164107782160079,0.06184293101639446,NA,NA,NA,NA,NA
WK048906,Wijk 06 Ter Leede,2018,4.1774067222771984,0.07514187113351331,-0.011839510540105236,0.07134766942287495,0.03040621655928316,-0.04044623479321601,0.025673730484676343
WK048906,Wijk 06 Ter Leede,2020,4.214303711606842,0.1120388604631572,-0.005885251457712794,0.07096283718940484,0.02892907849932256,-0.013210953169244814,0.031243149401386987
WK048906,Wijk 06 Ter Leede,2022,4.216567852245591,0.11430300110190537,-0.0040676841383485,0.06352468852657911,0.03527610630047966,-0.014590468206498022,0.03416035861969276
WK048907,Wijk 07 Paddewei,2002,4.042180301042684,-0.060084550101000306,NA,NA,NA,NA,NA
WK048907,Wijk 07 Paddewei,2008,4.0473307233464775,-0.054934127797207834,NA,NA,NA,NA,NA
WK048907,Wijk 07 Paddewei,2012,4.067091376140674,-0.03517347500301133,NA,NA,NA,NA,NA
WK048907,Wijk 07 Paddewei,2014,4.110858854525724,0.008594003382039292,0.004705275332743042,0.007748237919462231,-0.0073227790990124456,0.039119561125738646,-0.03565629189689247
WK048907,Wijk 07 Paddewei,2016,4.143885016896313,0.04162016575262813,NA,NA,NA,NA,NA
WK048907,Wijk 07 Paddewei,2018,4.1051772917466005,0.0029124406029155717,4.2922688612426007e-4,0.0032599155790244035,-0.008782330646234609,0.030172384484979546,-0.02216675570097832
WK048907,Wijk 07 Paddewei,2020,4.1416463474162315,0.03938149627254593,0.011703476847567203,0.00190929618409906,-0.01246761063739014,0.06518925836590311,-0.026952924487633565
WK048907,Wijk 07 Paddewei,2022,4.143606898581511,0.041342047437825914,0.0111376448890736,-0.01743855415585915,-0.011808484137178051,0.061548591392750256,-0.0020971505509610033
WK048908,Wijk 08 Molenvliet,2002,4.03940169832155,-0.06286315282213534,NA,NA,NA,NA,NA
WK048908,Wijk 08 Molenvliet,2008,3.9928902979268894,-0.10937455321679566,NA,NA,NA,NA,NA
WK048908,Wijk 08 Molenvliet,2012,3.9960717224262146,-0.10619312871747066,NA,NA,NA,NA,NA
WK048908,Wijk 08 Molenvliet,2014,4.084060923385698,-0.018203927757987737,-0.005111989654169413,0.012090254809373958,-0.0020608834030060963,-0.00958262951983783,-0.013538679990348572
WK048908,Wijk 08 Molenvliet,2016,4.113197206140704,0.010932354997018764,NA,NA,NA,NA,NA
WK048908,Wijk 08 Molenvliet,2018,4.085073864687371,-0.01719098645631377,-0.007542226450467877,0.015657548219124278,-0.005449622053809798,-0.014263632851239199,-0.0055930533199214675
WK048908,Wijk 08 Molenvliet,2020,4.098147467542184,-0.004117383601501802,7.939287921815103e-4,0.002702056397056792,-0.006673444214617452,0.015482304420600501,-0.016422228996723392
WK048908,Wijk 08 Molenvliet,2022,4.1070994557578695,0.004834604614184954,0.00525275221583918,-0.00744228574419953,-0.0031790477102332424,0.011986397802431258,-0.0017832119496530743
WK048909,Wijk 09 Nieuweland,2002,4.086041095221357,-0.016223755922328466,NA,NA,NA,NA,NA
WK048909,Wijk 09 Nieuweland,2008,4.073039842139735,-0.029225009003950204,NA,NA,NA,NA,NA
WK048909,Wijk 09 Nieuweland,2012,4.065154566076856,-0.03711028506682873,NA,NA,NA,NA,NA
WK048909,Wijk 09 Nieuweland,2014,4.1128498727867395,0.010585021643054447,-0.009945374399506615,0.025182592495045467,0.0079891708598918,-0.004974778783053226,-0.007666588529323316
WK048909,Wijk 09 Nieuweland,2016,4.1299021935491025,0.027637342405416935,NA,NA,NA,NA,NA
WK048909,Wijk 09 Nieuweland,2018,4.112624420078289,0.010359568934603922,-0.011945036639162538,0.02558673164714203,0.006189822711010114,-0.01878385954584748,0.009311910761461506
WK048909,Wijk 09 Nieuweland,2020,4.134972884508155,0.032708033364469945,-6.746286067204375e-4,0.020630390076645536,0.005630207219473981,0.004856380352517372,0.0022656843225531687
WK048909,Wijk 09 Nieuweland,2022,4.129741760664632,0.02747690952094707,0.004163782715177802,-0.004289488161218909,0.007317433579086659,0.00691360923992269,0.013371572147978532
WK048910,Wijk 10 Dorpzicht,2002,4.093788431588173,-0.00847641955551175,NA,NA,NA,NA,NA
WK048910,Wijk 10 Dorpzicht,2008,4.090340508651953,-0.011924342491732277,NA,NA,NA,NA,NA
WK048910,Wijk 10 Dorpzicht,2012,4.110063481209392,0.007798630065706613,NA,NA,NA,NA,NA
WK048910,Wijk 10 Dorpzicht,2014,4.156275284545732,0.054010433402046205,-0.027621072443910724,0.010657517569512312,0.02847335706767953,0.03595297411534015,0.0065476570934246345
WK048910,Wijk 10 Dorpzicht,2016,4.154622551496242,0.05235770035255695,NA,NA,NA,NA,NA
WK048910,Wijk 10 Dorpzicht,2018,4.173276762414355,0.07101191127066983,-0.036786549685511885,0.03795576662145817,0.022054378336959408,0.034894037934210524,0.012894278063553269
WK048910,Wijk 10 Dorpzicht,2020,4.179096640144143,0.076831789000458,-0.024411340000498667,0.02025519265804975,0.023427770534337686,0.05488763957171279,0.002672526236856325
WK048910,Wijk 10 Dorpzicht,2022,4.1736198045895545,0.07135495344586912,-0.02065865325308292,2.1570421279524285e-4,0.02238829946879515,0.05285060451899124,0.016558998498370007
WK048911,Wijk 11 Bijdorp,2002,4.125778952060728,0.023514100917043073,NA,NA,NA,NA,NA
WK048911,Wijk 11 Bijdorp,2008,4.14775391993498,0.04548906879129496,NA,NA,NA,NA,NA
WK048911,Wijk 11 Bijdorp,2012,4.15437157461288,0.052106723469194656,NA,NA,NA,NA,NA
WK048911,Wijk 11 Bijdorp,2014,4.166100817593198,0.06383596644951221,-0.022145896240395455,0.038588080192910004,0.02700971474153616,-5.546721823019751e-4,0.02093873993776327
WK048911,Wijk 11 Bijdorp,2016,4.1854033508880795,0.0831384997443946,NA,NA,NA,NA,NA
WK048911,Wijk 11 Bijdorp,2018,4.176091858829799,0.07382700768611317,-0.027990481968454755,0.052416017632187145,0.030343799813981956,-0.008658942998523775,0.027716615206922274
WK048911,Wijk 11 Bijdorp,2020,4.187547000626902,0.08528214948321658,-0.01667285568296084,0.04433101894917799,0.017306110854865685,0.014588095289784645,0.025729780072348756
WK048911,Wijk 11 Bijdorp,2022,4.174526090729584,0.07226123958589831,-0.013061007298524902,0.019797524526843305,0.019550148846020476,0.01681086300653252,0.02916371050502656
WK048912,Wijk 12 Smitshoek,2002,4.070494688679765,-0.031770162463920344,NA,NA,NA,NA,NA
WK048912,Wijk 12 Smitshoek,2008,4.083769526116422,-0.01849532502726304,NA,NA,NA,NA,NA
WK048912,Wijk 12 Smitshoek,2012,4.091083173423278,-0.011181677720406838,NA,NA,NA,NA,NA
WK048912,Wijk 12 Smitshoek,2014,4.1122105955287065,0.009945744385021599,-0.007834900333123888,0.006636836908916595,0.007070272775291465,-0.017261316070272908,0.021334851104210035
WK048912,Wijk 12 Smitshoek,2016,4.150013439409777,0.047748588266091914,NA,NA,NA,NA,NA
WK048912,Wijk 12 Smitshoek,2018,4.108045804808549,0.005780953664864132,2.906540402671756e-6,0.010991534592270496,0.005758776764417147,-0.025266939654714275,0.014294675422487873
WK048912,Wijk 12 Smitshoek,2020,4.134806586063246,0.032541734919560916,0.00811238129716963,0.007228208120776775,0.0034261252609403972,-0.007851966795453138,0.021626987036127043
WK048912,Wijk 12 Smitshoek,2022,4.133799085316035,0.03153423417235009,0.015011410416149989,-0.005282517518077231,0.005874881486221294,-0.011718205492367493,0.027648665280423222
WK048913,Wijk 13 Voordijk,2002,4.143991039297799,0.041726188154114406,NA,NA,NA,NA,NA
WK048913,Wijk 13 Voordijk,2008,4.183190456536991,0.08092560539330645,NA,NA,NA,NA,NA
WK048913,Wijk 13 Voordijk,2012,4.157874390253423,0.055609539109738,NA,NA,NA,NA,NA
WK048913,Wijk 13 Voordijk,2014,4.191561278201254,0.08929642705756943,-0.004121013072102279,0.013919134034686252,0.07698978940486917,-0.016372573870792523,0.018881090560908524
WK048913,Wijk 13 Voordijk,2016,4.205093914776112,0.10282906363242714,NA,NA,NA,NA,NA
WK048913,Wijk 13 Voordijk,2018,4.227816625771182,0.12555177462749656,0.006153623804378484,0.0420099862833108,0.06454587537379414,-0.029010010465377815,0.041852299631390665
WK048913,Wijk 13 Voordijk,2020,4.2146108822732415,0.11234603112955606,0.011503054554456282,0.02601299499600795,0.05346122475686699,-0.009833691610520735,0.031202448432745226
WK048913,Wijk 13 Voordijk,2022,4.219543666424005,0.11727881528031953,0.014149624454849623,0.011670578040752175,0.05562323535826242,-0.01626957396736621,0.05210495139382134
WK048914,Wijk 14 Meerwede,2002,3.981470231969902,-0.12079461917378347,NA,NA,NA,NA,NA
WK048914,Wijk 14 Meerwede,2008,4.039583197554165,-0.06268165358952006,NA,NA,NA,NA,NA
WK048914,Wijk 14 Meerwede,2012,4.017365089345061,-0.08489976179862421,NA,NA,NA,NA,NA
WK048914,Wijk 14 Meerwede,2014,4.028824294031902,-0.07344055711178309,0.005876411846080911,-0.007263641177678608,-0.013144968739645274,-0.03963524417885778,-0.019273114861682622
WK048914,Wijk 14 Meerwede,2016,4.042684307979781,-0.05958054316390498,NA,NA,NA,NA,NA
WK048914,Wijk 14 Meerwede,2018,4.050175833291128,-0.05208901785255764,0.0038047032448304844,-0.004319077744484644,-0.016412175472924107,-0.04584649004849387,0.010684022168514254
WK048914,Wijk 14 Meerwede,2020,4.07250206924993,-0.029762781893754645,0.010841364942312939,0.002117388045333174,-0.01726620990824952,-0.032132316561721844,0.006676991588570363
WK048914,Wijk 14 Meerwede,2022,4.070025507764712,-0.03223934337897346,0.01462522891852585,-0.014809046046263501,-0.016253150529812035,-0.033836599149539126,0.01803422342811501
WK048915,Wijk 15 Waterkant,2002,3.9787979659664305,-0.12346688517725458,NA,NA,NA,NA,NA
WK048915,Wijk 15 Waterkant,2008,4.029715100170903,-0.07254975097278264,NA,NA,NA,NA,NA
WK048915,Wijk 15 Waterkant,2012,4.012119111098876,-0.09014574004480926,NA,NA,NA,NA,NA
WK048915,Wijk 15 Waterkant,2014,4.050718088538057,-0.051546762605628745,0.006485979085656681,0.0036187344054980836,-0.017695562928259818,-0.031081845205170308,-0.012874067963353721
WK048915,Wijk 15 Waterkant,2016,4.109720882593386,0.007456031449700799,NA,NA,NA,NA,NA
WK048915,Wijk 15 Waterkant,2018,4.071685404419755,-0.03057944672392995,0.004279172285940522,0.008073227983322974,-0.021434628868125544,-0.03364311630429622,0.012145898179228051
WK048915,Wijk 15 Waterkant,2020,4.1003545615634085,-0.0019102895802766186,0.011590406098819995,0.0251467512858733,-0.022992307797918516,-0.017963034014807863,0.002307894847755979
WK048915,Wijk 15 Waterkant,2022,4.081247725653617,-0.021017125490068945,0.00990468701257468,-0.011677324415468503,-0.02135961404102584,-0.026730651467029284,0.02884577742087993
WK048916,Wijk 16 Havenkwartier,2002,3.9829938337279707,-0.11927101741571462,NA,NA,NA,NA,NA
WK048916,Wijk 16 Havenkwartier,2008,4.066039046649165,-0.036225804494519974,NA,NA,NA,NA,NA
WK048916,Wijk 16 Havenkwartier,2012,4.020009331785587,-0.08225551935809802,NA,NA,NA,NA,NA
WK048916,Wijk 16 Havenkwartier,2014,4.062231759998068,-0.04003309114561729,0.04023180376021904,-0.03730369817330476,-0.018891637624094182,-0.026840489638259322,0.0027709305298215504
WK048916,Wijk 16 Havenkwartier,2016,4.129151495804973,0.026886644661287873,NA,NA,NA,NA,NA
WK048916,Wijk 16 Havenkwartier,2018,4.075807094982331,-0.026457756161354738,0.035001163786451135,-0.028249442976087728,-0.017987987805964483,-0.02952707488446708,0.01430558571871305
WK048916,Wijk 16 Havenkwartier,2020,4.121537699734459,0.019272848590773696,0.04113795094842444,-0.007477218221762038,-0.01590893966650238,-0.0055286855134655125,0.007049741044078985
WK048916,Wijk 16 Havenkwartier,2022,4.090549369867638,-0.01171548127604735,0.04125777089937265,-0.05444136401919636,-0.01762889439278419,-0.015206043505301668,0.03430304974186191
WK048917,Wijk 17 Gaatkensoog,2002,4.111859556154143,0.00959470501045754,NA,NA,NA,NA,NA
WK048917,Wijk 17 Gaatkensoog,2008,4.182524703689265,0.0802598525455804,NA,NA,NA,NA,NA
WK048917,Wijk 17 Gaatkensoog,2012,4.18413033854119,0.08186548739750489,NA,NA,NA,NA,NA
WK048917,Wijk 17 Gaatkensoog,2014,4.146934397543034,0.04466954639934838,0.026855420114562188,-0.008275634588415494,0.03637443894894825,-0.04454411711887895,0.03425943904313205
WK048917,Wijk 17 Gaatkensoog,2016,4.185643303760993,0.08337845261730777,NA,NA,NA,NA,NA
WK048917,Wijk 17 Gaatkensoog,2018,4.202741198837021,0.10047634769333583,0.022275326602355643,0.05323363406576136,0.031049755254880344,-0.04601025720744012,0.03992788897777846
WK048917,Wijk 17 Gaatkensoog,2020,4.2195877737025524,0.1173229225588672,0.030366863952776556,0.040026551660669256,0.03386933351272399,-0.026130680907223307,0.039190854339920436
WK048917,Wijk 17 Gaatkensoog,2022,4.15941415628966,0.057149305145975673,0.025716494145493745,0.002003999756149554,0.03680529688677507,-0.04916797754599504,0.041791491903551956
WK048918,Wijk 18 Riederhoek,2002,4.115134748024447,0.012869896880762247,NA,NA,NA,NA,NA
WK048918,Wijk 18 Riederhoek,2008,4.130951455722205,0.028686604578520295,NA,NA,NA,NA,NA
WK048918,Wijk 18 Riederhoek,2012,4.07448500463837,-0.027779846505315727,NA,NA,NA,NA,NA
WK048918,Wijk 18 Riederhoek,2014,4.096898750806176,-0.005366100337509671,0.009615467178598004,-0.0019107178185364337,0.021020196448216056,-0.018920454324474114,-0.015170591821313514
WK048918,Wijk 18 Riederhoek,2016,4.114937511600844,0.01267266045715793,NA,NA,NA,NA,NA
WK048918,Wijk 18 Riederhoek,2018,4.11187516110757,0.009610309963885101,0.009540771269880859,0.007094174621791517,0.013565992776450818,-0.026868227198296256,0.006277598494057882
WK048918,Wijk 18 Riederhoek,2020,4.135816768177322,0.03355191703363688,0.016701089303790592,0.004609829796901862,0.014915315339589796,-0.007116393997771018,0.004442076591125278
WK048918,Wijk 18 Riederhoek,2022,4.111900546523953,0.00963569538026733,0.020725874194998065,-0.03554432221523006,0.015715259964534163,-0.013195910095243669,0.02193479353120863
WK048919,Wijk 19 Vrijheidsakker,2002,4.048354849628064,-0.053910001515621524,NA,NA,NA,NA,NA
WK048919,Wijk 19 Vrijheidsakker,2008,4.1513107838892545,0.049045932745569495,NA,NA,NA,NA,NA
WK048919,Wijk 19 Vrijheidsakker,2012,4.099662802722343,-0.002602048421342271,NA,NA,NA,NA,NA
WK048919,Wijk 19 Vrijheidsakker,2014,4.11492839257799,0.012663541434304438,-0.022734721517799244,0.028688905448695873,0.04329890940954232,-0.025682747725821114,-0.010906804180313694
WK048919,Wijk 19 Vrijheidsakker,2016,4.134801621113098,0.032536769969413286,NA,NA,NA,NA,NA
WK048919,Wijk 19 Vrijheidsakker,2018,4.09109239589335,-0.011172455250335247,-0.01763289234040561,0.01123082320558845,0.0414447668075504,-0.03506215706422943,-0.011152995858839224
WK048919,Wijk 19 Vrijheidsakker,2020,4.148702330207507,0.04643747906382132,-0.010799749635676849,0.021833314496662485,0.042611522970825516,-0.012876580327696842,0.005668971559706773
WK048919,Wijk 19 Vrijheidsakker,2022,4.1543398098933135,0.052074958749627906,0.005395493978933221,-0.0052456406771979125,0.04506462895507705,-0.020312631931091327,0.027173108423906567
WK048920,Wijk 20 Vrijenburg,2002,4.0332174121770015,-0.0690474389666832,NA,NA,NA,NA,NA
WK048920,Wijk 20 Vrijenburg,2008,4.007898683397419,-0.09436616774626626,NA,NA,NA,NA,NA
WK048920,Wijk 20 Vrijenburg,2012,3.9915823054972113,-0.11068254564647405,NA,NA,NA,NA,NA
WK048920,Wijk 20 Vrijenburg,2014,4.004483208511271,-0.09778164263241436,-0.02397679213635163,-0.012274704552662613,0.0044084223144334606,-0.03748391891873072,-0.028454649339103143
WK048920,Wijk 20 Vrijenburg,2016,4.049144854616472,-0.05311999652721323,NA,NA,NA,NA,NA
WK048920,Wijk 20 Vrijenburg,2018,4.045136880327209,-0.05712797081647634,-0.01247631443286174,0.0027346523194385543,-0.0037430341982029485,-0.03539333969178986,-0.00824993481306055
WK048920,Wijk 20 Vrijenburg,2020,4.065347570566309,-0.03691728057737678,-0.004245821757859095,0.012814282855534926,-0.00488242624097735,-0.023251706571910356,-0.01735160886216515
WK048920,Wijk 20 Vrijenburg,2022,4.07202695986443,-0.030237891279255618,0.005435270242868379,-0.01963491000658653,-0.0036608030277561023,-0.026389669607588494,0.014012221119806855
WK048930,Wijk 30 Buitengebied Noord,2002,4.233634090427381,0.13136923928369576,NA,NA,NA,NA,NA
WK048930,Wijk 30 Buitengebied Noord,2008,4.204005990326458,0.1017411391827728,NA,NA,NA,NA,NA
WK048930,Wijk 30 Buitengebied Noord,2012,4.202330793695261,0.10006594255157587,NA,NA,NA,NA,NA
WK048930,Wijk 30 Buitengebied Noord,2014,4.284883293831238,0.1826184426875529,-0.010625099837831243,0.03561323435138755,0.0674359841592513,0.043358089822742724,0.046836234192002155
WK048930,Wijk 30 Buitengebied Noord,2016,4.304893849376226,0.2026289982325412,NA,NA,NA,NA,NA
WK048930,Wijk 30 Buitengebied Noord,2018,4.309849350051046,0.20758449890736091,-0.016816921309402648,0.06147824386522733,0.06572563544940302,0.046789483989736515,0.050408056912396464
WK048930,Wijk 30 Buitengebied Noord,2020,4.330583688199435,0.2283188370557498,-0.010333526322488653,0.0556736159809418,0.06814523639718337,0.0637565995076106,0.05107691149250225
WK048930,Wijk 30 Buitengebied Noord,2022,4.319689577609572,0.21742472646588687,-0.008259576747546998,0.04234234506917728,0.07165996422744084,0.06497012719499987,0.046711866721815314
WK048931,Wijk 31 Buitengebied Zuid,2002,4.064064163267311,-0.03820068787637414,NA,NA,NA,NA,NA
WK048931,Wijk 31 Buitengebied Zuid,2008,4.042954481579472,-0.05931036956421305,NA,NA,NA,NA,NA
WK048931,Wijk 31 Buitengebied Zuid,2012,4.10475665973014,0.0024918085864546304,NA,NA,NA,NA,NA
WK048931,Wijk 31 Buitengebied Zuid,2014,4.173068198782162,0.07080334763847736,-0.004253735633450437,0.04547211620074552,0.06639884268437533,-0.06717127333631238,0.030357397723119038
WK048931,Wijk 31 Buitengebied Zuid,2016,4.1708789113768026,0.06861406023311731,NA,NA,NA,NA,NA
WK048931,Wijk 31 Buitengebied Zuid,2018,4.154857503663867,0.052592652520182075,-0.01884380147356757,0.04419011498732193,0.0525815976905385,-0.054473347401848435,0.029138088717737248
WK048931,Wijk 31 Buitengebied Zuid,2020,4.169446562709514,0.06718171156582951,-0.015353302813649264,0.046882421008895045,0.04357878697042735,-0.03967260664240239,0.03174641304255852
WK048931,Wijk 31 Buitengebied Zuid,2022,4.149570369353491,0.04730551820980565,-0.013711637759772407,0.026742161415270995,0.04358082849266878,-0.03999383822110809,0.030688004282746095
WK048950,Wijk 50 Bedrijventerreinen,2002,4.322562504958138,0.2202976538144526,NA,NA,NA,NA,NA
WK048950,Wijk 50 Bedrijventerreinen,2008,4.375536662701244,0.2732718115575592,NA,NA,NA,NA,NA
WK048950,Wijk 50 Bedrijventerreinen,2012,4.128177167649226,0.025912316505540794,NA,NA,NA,NA,NA
WK048950,Wijk 50 Bedrijventerreinen,2014,4.083967129045142,-0.018297722098543367,-0.21447453378167947,0.07685153357757196,0.09504269639420361,-0.04286187591235389,0.06714445762371417
WK048950,Wijk 50 Bedrijventerreinen,2016,4.100600130272346,-0.0016647208713388058,NA,NA,NA,NA,NA
WK048950,Wijk 50 Bedrijventerreinen,2018,4.087201969815398,-0.015062881328287021,-0.2123132840669299,0.09442711065790475,0.0907881729052887,-0.05359891471635623,0.06563403389180546
WK048950,Wijk 50 Bedrijventerreinen,2020,3.9082161155197217,-0.19404873562396363,-0.07059599981013985,-0.16736585803879975,0.09303802925071294,-0.01431066395876681,-0.03481424306697013
WK048950,Wijk 50 Bedrijventerreinen,2022,3.9722675422951275,-0.12999730884855734,-0.06316039300697016,-0.0680885075748542,0.10885222812659678,-0.009696837451298491,-0.0979037989420317
WK049800,Hoogkarspel,2002,4.041273767754261,-0.06099108338942418,NA,NA,NA,NA,NA
WK049800,Hoogkarspel,2008,4.13404526385705,0.03178041271336504,NA,NA,NA,NA,NA
WK049800,Hoogkarspel,2012,4.119718228096888,0.017453376953202645,NA,NA,NA,NA,NA
WK049800,Hoogkarspel,2014,4.114375733517198,0.01211088237351301,0.0246536780349779,0.0537644556206062,0.03316844478007421,-0.1282906107594264,0.02881491469728082
WK049800,Hoogkarspel,2016,4.153979227396565,0.0517143762528801,NA,NA,NA,NA,NA
WK049800,Hoogkarspel,2018,4.168446929185315,0.06618207804162929,0.029353172772027907,0.07943564280782507,0.0350562043754112,-0.11073805291802621,0.033075111004391054
WK049800,Hoogkarspel,2020,4.164668661410738,0.06240381026705297,0.029947169136022255,0.07640004932753254,0.029333467042822636,-0.10490817097856046,0.03163129573923567
WK049800,Hoogkarspel,2022,4.1235754919464815,0.021310640802795988,0.03089802596715468,0.05643949953202913,0.028897142250739034,-0.12772883404183583,0.03280480709470867
WK049801,Westwoud,2002,4.034481869138949,-0.06778298200473647,NA,NA,NA,NA,NA
WK049801,Westwoud,2008,4.016396424946957,-0.08586842619672867,NA,NA,NA,NA,NA
WK049801,Westwoud,2012,4.056838871628375,-0.04542597951531053,NA,NA,NA,NA,NA
WK049801,Westwoud,2014,4.090475145895339,-0.011789705248346109,-0.029176762143172063,0.08128306776488382,0.06911246867961413,-0.18751183234919266,0.05450335279952035
WK049801,Westwoud,2016,4.097128219367732,-0.0051366317759534656,NA,NA,NA,NA,NA
WK049801,Westwoud,2018,4.1313812223949355,0.029116371251250293,-0.025892713335719412,0.10301359935259723,0.0688585797859948,-0.1725227392861473,0.05565964473452474
WK049801,Westwoud,2020,4.1277710183294705,0.025506167185784925,-0.022761920785915518,0.10787409624069647,0.06193394302867888,-0.17553385253070716,0.053993901233031966
WK049801,Westwoud,2022,4.116435137098701,0.014170285955015814,-0.024767229537207613,0.0975098621812517,0.05886567267339655,-0.17288222316902618,0.055444203806601186
WK049802,Oosterblokker,2002,4.060199673411679,-0.042065177732005986,NA,NA,NA,NA,NA
WK049802,Oosterblokker,2008,4.074187270746216,-0.02807758039746889,NA,NA,NA,NA,NA
WK049802,Oosterblokker,2012,4.092996739423345,-0.009268111720339896,NA,NA,NA,NA,NA
WK049802,Oosterblokker,2014,4.149103500391158,0.046838649247472615,-0.02493049846713653,0.08978426196334034,0.0815863456539397,-0.15880550246457742,0.05920404256190621
WK049802,Oosterblokker,2016,4.138958077965386,0.03669322682170015,NA,NA,NA,NA,NA
WK049802,Oosterblokker,2018,4.155088125666609,0.05282327452292387,-0.017831375848848672,0.09097193523560326,0.07298764224414137,-0.14576759822133598,0.0524626711133636
WK049802,Oosterblokker,2020,4.178602857202541,0.07633800605885495,-0.012763973512206166,0.09540230578639941,0.061802800351778965,-0.1323503081894394,0.06424718162232185
WK049802,Oosterblokker,2022,4.158810884251875,0.05654603310819009,-0.005601044675892892,0.08055709225999372,0.05719600450411187,-0.1376692082058196,0.06206318922579677
WK049803,Venhuizen,2002,4.004253921320522,-0.09801092982316334,NA,NA,NA,NA,NA
WK049803,Venhuizen,2008,4.037103712376688,-0.0651611387669968,NA,NA,NA,NA,NA
WK049803,Venhuizen,2012,4.082191415435603,-0.020073435708082305,NA,NA,NA,NA,NA
WK049803,Venhuizen,2014,4.087278673175048,-0.014986177968636993,0.020016387533279865,0.0729135355594593,0.05508617842266534,-0.19936730889933382,0.036365029415292044
WK049803,Venhuizen,2016,4.116134151000546,0.013869299856860652,NA,NA,NA,NA,NA
WK049803,Venhuizen,2018,4.116122433514641,0.013857582370955579,0.024126337793448437,0.08184975646844202,0.05320157853560839,-0.18304540275246853,0.03772531232592503
WK049803,Venhuizen,2020,4.1131933940916445,0.010928542947958784,0.02492936065780275,0.08168152542145009,0.04692014834791571,-0.17982524838393707,0.03722275690472701
WK049803,Venhuizen,2022,4.076050770008547,-0.02621408113513837,0.016052698056161316,0.0629009697184724,0.04407096190895145,-0.19001308090458774,0.040774370085863966
WK049804,Wijdenes,2002,4.117987251699006,0.015722400555320506,NA,NA,NA,NA,NA
WK049804,Wijdenes,2008,4.096949972103719,-0.00531487903996649,NA,NA,NA,NA,NA
WK049804,Wijdenes,2012,4.133073082223754,0.030808231080068665,NA,NA,NA,NA,NA
WK049804,Wijdenes,2014,4.174686665994713,0.07242181485102767,0.014977084564523145,0.09493160015308925,0.09216705785788436,-0.21133677752613447,0.08168284980166506
WK049804,Wijdenes,2016,4.189623431809019,0.08735858066533375,NA,NA,NA,NA,NA
WK049804,Wijdenes,2018,4.187715953973135,0.08545110282944986,-2.1539997814498766e-4,0.1009268984738802,0.0983157098143098,-0.19612642287303564,0.08255031739244022
WK049804,Wijdenes,2020,4.193609189014019,0.0913443378703335,0.017388852161621563,0.1090535071978703,0.08141544208669875,-0.2104515662030555,0.09393810262719816
WK049804,Wijdenes,2022,4.200866677182362,0.09860182603867702,0.02790317547224288,0.11272723515246078,0.08449753321019929,-0.21346075444108853,0.08693463664486228
WK049805,Schellinkhout,2002,4.111649188772537,0.009384337628851637,NA,NA,NA,NA,NA
WK049805,Schellinkhout,2008,4.12903765839098,0.026772807247294715,NA,NA,NA,NA,NA
WK049805,Schellinkhout,2012,4.15649464430505,0.0542297931613648,NA,NA,NA,NA,NA
WK049805,Schellinkhout,2014,4.200717494616705,0.09845264347301931,0.03272395744434204,0.11652082977602146,0.08014232523246059,-0.19686786273921603,0.06593339375941086
WK049805,Schellinkhout,2016,4.201759397002098,0.09949454585841257,NA,NA,NA,NA,NA
WK049805,Schellinkhout,2018,4.224429594193872,0.12216474305018686,0.03254894649236377,0.11904577008750994,0.07763457747107352,-0.17439827933474483,0.0673337283339843
WK049805,Schellinkhout,2020,4.228461213396166,0.126196362252481,0.03339603061784193,0.12189047066743126,0.0847609765726076,-0.18516503101329526,0.07131391540789535
WK049805,Schellinkhout,2022,4.189586322761995,0.08732147161831007,0.0344020479436255,0.09092039887045487,0.0833043438693407,-0.18421487184002733,0.06290955277491612
WK049806,Hem,2002,4.036328789250902,-0.06593606189278294,NA,NA,NA,NA,NA
WK049806,Hem,2008,4.057781069439636,-0.044483781704050054,NA,NA,NA,NA,NA
WK049806,Hem,2012,4.060037528281615,-0.04222732286206945,NA,NA,NA,NA,NA
WK049806,Hem,2014,4.089634671491458,-0.012630179652227298,-0.0139877966890799,0.0625375947513495,0.07893920005255896,-0.1985389701861949,0.058419792419138805
WK049806,Hem,2016,4.0940971574158045,-0.00816769372788096,NA,NA,NA,NA,NA
WK049806,Hem,2018,4.087824106564233,-0.01444074457945238,-0.023771637223103236,0.061883074482173554,0.0715849215436702,-0.18649268221936027,0.062355578837167136
WK049806,Hem,2020,4.109272570790347,0.007007719646661928,-0.01774319271653425,0.07565515034763345,0.06996494871481214,-0.18588462165218209,0.06501543495293245
WK049806,Hem,2022,4.079488772818823,-0.022776078324862465,-0.01716629795349431,0.0614055355024466,0.06467757730645317,-0.19432886866806462,0.06263597548779631
WK049807,Oosterleek,2002,4.274042082806655,0.17177723166297082,NA,NA,NA,NA,NA
WK049807,Oosterleek,2008,4.281880040646933,0.17961518950324823,NA,NA,NA,NA,NA
WK049807,Oosterleek,2012,4.246074661051539,0.1438098099078542,NA,NA,NA,NA,NA
WK049807,Oosterleek,2014,4.340147124883169,0.23788227373948348,0.05640050903936812,0.15439892246315512,0.1337157851386233,-0.21950064166929537,0.1128676987676322
WK049807,Oosterleek,2016,4.279124125479322,0.17685927433563714,NA,NA,NA,NA,NA
WK049807,Oosterleek,2018,4.366994709189205,0.26472985804552035,0.07294925576068137,0.13948564865247023,0.14003089694334542,-0.20623484120483623,0.11849889789385923
WK049807,Oosterleek,2020,4.3493939466739295,0.247129095530245,0.0696916175093871,0.14519938187084058,0.11715866019813564,-0.21261205205093323,0.12769148800281468
WK049807,Oosterleek,2022,4.335179281723334,0.2329144305796482,0.07049039555623311,0.1332016528407443,0.1257693934203084,-0.21389686003865194,0.11734984880101404
WK050100,Wijk 00 Brielle,2002,3.9609391620480987,-0.14132568909558627,NA,NA,NA,NA,NA
WK050100,Wijk 00 Brielle,2008,3.9957204846377694,-0.1065443665059158,NA,NA,NA,NA,NA
WK050100,Wijk 00 Brielle,2012,4.016722349010609,-0.08554250213307606,NA,NA,NA,NA,NA
WK050100,Wijk 00 Brielle,2014,4.073706228873276,-0.028558622270408864,0.008872807284233807,0.02560812090953224,0.004748843665885297,-0.07742659735377211,0.00963820322371161
WK050100,Wijk 00 Brielle,2016,4.067961588882662,-0.034303262261023613,NA,NA,NA,NA,NA
WK050100,Wijk 00 Brielle,2018,4.067625089723629,-0.03463976142005613,-0.007185254634626018,0.02384147478733859,0.003829653954921249,-0.07164125371367641,0.016515618185986156
WK050100,Wijk 00 Brielle,2020,4.075441122084799,-0.026823729058886206,0.001200727867844603,0.028530009408765947,0.002136391022974485,-0.0751430139256558,0.016452156567184295
WK050100,Wijk 00 Brielle,2022,4.091673683698706,-0.010591167444979439,0.0068609760392892025,0.0178445500822322,0.005091285599490425,-0.06296109904458976,0.02257311987859822
WK050101,Wijk 01 Vierpolders,2002,4.0191344058809655,-0.08313044526272025,NA,NA,NA,NA,NA
WK050101,Wijk 01 Vierpolders,2008,4.016405571624804,-0.085859279518881,NA,NA,NA,NA,NA
WK050101,Wijk 01 Vierpolders,2012,4.038110134446445,-0.0641547166972411,NA,NA,NA,NA,NA
WK050101,Wijk 01 Vierpolders,2014,4.087624832255528,-0.014640018888156903,-0.03534618521124117,0.0736672867964405,0.06165334235101392,-0.14489522892785184,0.03028076610348146
WK050101,Wijk 01 Vierpolders,2016,4.136549517573895,0.0342846664302099,NA,NA,NA,NA,NA
WK050101,Wijk 01 Vierpolders,2018,4.092293620155636,-0.009971230988049867,-0.04249397443984542,0.06432397832980324,0.06123246805722997,-0.12667036662430106,0.03363666368906311
WK050101,Wijk 01 Vierpolders,2020,4.084913825425091,-0.017351025718594256,-0.043710088640003246,0.07046534295896309,0.0505766470431518,-0.1254531687761242,0.0307702416954181
WK050101,Wijk 01 Vierpolders,2022,4.100770594741502,-0.0014942564021833856,-0.033902337724738676,0.06628821439834907,0.05487315549239463,-0.12581270042091194,0.037059411852723205
WK050102,Wijk 02 Zwartewaal,2002,4.010596935549993,-0.09166791559369282,NA,NA,NA,NA,NA
WK050102,Wijk 02 Zwartewaal,2008,3.991168076653253,-0.11109677449043222,NA,NA,NA,NA,NA
WK050102,Wijk 02 Zwartewaal,2012,4.02452175675255,-0.0777430943911348,NA,NA,NA,NA,NA
WK050102,Wijk 02 Zwartewaal,2014,4.059786295312583,-0.042478555831102036,-0.03124592722917857,0.05474356613641781,0.05039791497272866,-0.14627688499877362,0.02990277528770335
WK050102,Wijk 02 Zwartewaal,2016,4.103214580882371,9.49729738685579e-4,NA,NA,NA,NA,NA
WK050102,Wijk 02 Zwartewaal,2018,4.070459743228875,-0.03180510791481018,-0.04113384132230246,0.08031804783848248,0.045216872604705846,-0.14369280134320253,0.027486614307506256
WK050102,Wijk 02 Zwartewaal,2020,4.0623017902037395,-0.039963060939945984,-0.026673277963688197,0.05217777200918822,0.03596495768987225,-0.13000050892462964,0.02856799624931119
WK050102,Wijk 02 Zwartewaal,2022,4.077517766223936,-0.02474708491974922,-0.0283213825216428,0.06347182313976474,0.04461231937048685,-0.13713399729174267,0.03262415238338441
WK050103,Wijk 03 Recreatiestrook Brielse Maas,2002,4.068223111945257,-0.03404173919842753,NA,NA,NA,NA,NA
WK050103,Wijk 03 Recreatiestrook Brielse Maas,2008,4.071549330102178,-0.030715521041507612,NA,NA,NA,NA,NA
WK050103,Wijk 03 Recreatiestrook Brielse Maas,2012,4.120014578491349,0.01774972734766466,NA,NA,NA,NA,NA
WK050103,Wijk 03 Recreatiestrook Brielse Maas,2014,4.192001838636286,0.08973698749260159,-0.0431215549637964,0.11941421642916697,0.12115799672330262,-0.18864479870961742,0.08093112801354539
WK050103,Wijk 03 Recreatiestrook Brielse Maas,2016,4.1053420402256595,0.0030771890819747062,NA,NA,NA,NA,NA
WK050103,Wijk 03 Recreatiestrook Brielse Maas,2018,4.094352717529264,-0.007912133614421276,-0.059752360862687176,0.09118635959617151,0.08705824362503073,-0.1867061131449827,0.06030173717204637
WK050103,Wijk 03 Recreatiestrook Brielse Maas,2020,4.149798012539175,0.047533161395489465,-0.04809753664407214,0.12064300300386527,0.07248322442025394,-0.18273592313548542,0.08524039375092748
WK050103,Wijk 03 Recreatiestrook Brielse Maas,2022,4.110711779893993,0.008446928750308084,-0.09037928849124434,0.08623512157864151,0.10425018429950532,-0.18126968409902686,0.08961059546243222
WK050201,Capelle West en 's Gravenland,2002,4.088043226944396,-0.014221624199290048,NA,NA,NA,NA,NA
WK050201,Capelle West en 's Gravenland,2008,4.059896857776929,-0.04236799336675599,NA,NA,NA,NA,NA
WK050201,Capelle West en 's Gravenland,2012,4.061895472346206,-0.04036937879747847,NA,NA,NA,NA,NA
WK050201,Capelle West en 's Gravenland,2014,4.107168194325473,0.004903343181787408,-0.007865521243906135,0.010836827801769242,0.007898579069166413,0.016505902528662984,-0.022472444973905353
WK050201,Capelle West en 's Gravenland,2016,4.103505295178129,0.0012404440344437647,NA,NA,NA,NA,NA
WK050201,Capelle West en 's Gravenland,2018,4.12901579695244,0.026750945808754582,-0.024311063785108028,0.02655096249307254,0.009216962833183085,0.01932278327210384,-0.004028699004497194
WK050201,Capelle West en 's Gravenland,2020,4.162388217504531,0.06012336636084568,-0.014478512380602885,0.02024841331933906,0.009582936434531801,0.04281064997991451,0.0019598790076629335
WK050201,Capelle West en 's Gravenland,2022,4.176524160426701,0.0742593092830154,-0.01321447836230198,0.0299219937142005,0.008164596448723463,0.03272983967987751,0.016657357802515663
WK050202,Middelwatering West,2002,3.9361541838150544,-0.16611066732863078,NA,NA,NA,NA,NA
WK050202,Middelwatering West,2008,3.8828760372701594,-0.21938881387352588,NA,NA,NA,NA,NA
WK050202,Middelwatering West,2012,3.8876330044849703,-0.21463184665871493,NA,NA,NA,NA,NA
WK050202,Middelwatering West,2014,3.9261840288557144,-0.176080822287971,-0.005181977166320277,-0.05276053539141689,-0.04135915878564463,0.004466682812967229,-0.0812458337575567
WK050202,Middelwatering West,2016,3.933003341666108,-0.16926150947757704,NA,NA,NA,NA,NA
WK050202,Middelwatering West,2018,3.9515141827389884,-0.15075066840469686,-0.018228690708988467,-0.050943673648246236,-0.03719356983286523,0.017834078735806204,-0.062218812950403414
WK050202,Middelwatering West,2020,3.991698681467806,-0.1105661696758791,-0.009534639078236819,-0.04309098585162875,-0.032309997482856956,0.03715648956459997,-0.0627870368277568
WK050202,Middelwatering West,2022,4.010837335854913,-0.09142751528877227,-0.005694760317261514,-0.029130949353398296,-0.03530944728207673,0.03189571016308518,-0.05318806849912116
WK050203,Middelwatering Oost,2002,3.9476002595919955,-0.15466459155169004,NA,NA,NA,NA,NA
WK050203,Middelwatering Oost,2008,3.9376919363101335,-0.16457291483355188,NA,NA,NA,NA,NA
WK050203,Middelwatering Oost,2012,3.9176960891553008,-0.1845687619883848,NA,NA,NA,NA,NA
WK050203,Middelwatering Oost,2014,3.935080192908508,-0.1671846582351772,0.003887803950253751,-0.07314235143823869,-0.04942027941222877,0.011440275731865223,-0.05995010706682897
WK050203,Middelwatering Oost,2016,3.937711393594258,-0.16455345754942768,NA,NA,NA,NA,NA
WK050203,Middelwatering Oost,2018,3.9863101605451767,-0.1159546905985089,-0.005626661397669607,-0.05143333804963862,-0.044594659225393976,0.02653409104867647,-0.04083412297448343
WK050203,Middelwatering Oost,2020,4.021192623771035,-0.08107222737265059,0.0021221844372119854,-0.047034668765511684,-0.03850972685548238,0.05110884300657518,-0.04875885919544396
WK050203,Middelwatering Oost,2022,4.032331350766322,-0.06993350037736386,0.010882529929669777,-0.04246046475501029,-0.03716534026826285,0.042370172065362026,-0.04356039734912276
WK050204,Oostgaarde Zuid,2002,4.003488783966716,-0.0987760671769691,NA,NA,NA,NA,NA
WK050204,Oostgaarde Zuid,2008,4.025920345683271,-0.07634450546041487,NA,NA,NA,NA,NA
WK050204,Oostgaarde Zuid,2012,4.02578201880972,-0.07648283233396483,NA,NA,NA,NA,NA
WK050204,Oostgaarde Zuid,2014,4.033468605387062,-0.06879624575662305,0.017831080563681444,-0.0027315916242718354,-0.0094768926856414,-0.07349940080162194,-9.19441208769592e-4
WK050204,Oostgaarde Zuid,2016,4.060763644038792,-0.041501207104893495,NA,NA,NA,NA,NA
WK050204,Oostgaarde Zuid,2018,4.056766526797722,-0.045498324345963063,0.007565296769377051,0.007432253156865282,-0.011773636550931277,-0.05601648784943594,0.007294250128161537
WK050204,Oostgaarde Zuid,2020,4.070114372646512,-0.03215047849717339,0.010683440105990495,-0.0032414523631639374,-0.011322799294494512,-0.03650063485627212,0.008230967910766399
WK050204,Oostgaarde Zuid,2022,4.061599636319585,-0.04066521482410098,0.016249789498583325,-0.005734498556921778,-0.01744290275627692,-0.045886202999947875,0.012148599990461943
WK050205,Oostgaarde Noord,2002,3.676059091608112,-0.4262057595355727,NA,NA,NA,NA,NA
WK050205,Oostgaarde Noord,2008,3.7581257183845014,-0.34413913275918373,NA,NA,NA,NA,NA
WK050205,Oostgaarde Noord,2012,3.784722988385965,-0.31754186275772045,NA,NA,NA,NA,NA
WK050205,Oostgaarde Noord,2014,3.825013925217536,-0.2772509259261494,-0.009344793795655124,-0.07882139383551783,-0.08630301210169898,-0.04350313125747732,-0.05927859493580043
WK050205,Oostgaarde Noord,2016,3.8323393869910065,-0.2699254641526786,NA,NA,NA,NA,NA
WK050205,Oostgaarde Noord,2018,3.8617845198053544,-0.2404803313383308,-0.008200559934524565,-0.06269540150484304,-0.08303005043544803,-0.03912882380379012,-0.0474254956597253
WK050205,Oostgaarde Noord,2020,3.9060309901242167,-0.19623386101946846,0.003006960142778626,-0.058584138814760114,-0.07530878436727875,-0.012898713330850754,-0.05244918464935772
WK050205,Oostgaarde Noord,2022,3.890287757402832,-0.2119770937408536,2.0218993238440511e-4,-0.05651756751324347,-0.08276433745804379,-0.026020629665190184,-0.04687674903676085
WK050206,Schenkel,2002,4.045322455919413,-0.05694239522427228,NA,NA,NA,NA,NA
WK050206,Schenkel,2008,4.012807275152077,-0.08945757599160825,NA,NA,NA,NA,NA
WK050206,Schenkel,2012,3.9789978660769596,-0.12326698506672544,NA,NA,NA,NA,NA
WK050206,Schenkel,2014,4.014705218581763,-0.08755963256192276,0.018608705880126586,-0.08037087132915116,-0.02725101393807802,0.03979729005741159,-0.038343743232232025
WK050206,Schenkel,2016,4.047144755676062,-0.05512009546762358,NA,NA,NA,NA,NA
WK050206,Schenkel,2018,4.0338107785255515,-0.06845407261813391,0.007770256672674494,-0.07158627284686273,-0.026074085268403737,0.047311584913150545,-0.025875556088692724
WK050206,Schenkel,2020,4.051093645549574,-0.0511712055941119,0.017650371448461457,-0.07648759573579982,-0.026127429550258933,0.061493683083190136,-0.02770023483970504
WK050206,Schenkel,2022,4.087390738419168,-0.01487411272451746,0.024085250140650136,-0.044210282916493496,-0.023167355521237824,0.04864900960493204,-0.020230734032368622
WK050207,Schollevaar Zuid,2002,3.9407230254943557,-0.16154182564932945,NA,NA,NA,NA,NA
WK050207,Schollevaar Zuid,2008,3.9457576778038,-0.15650717333988534,NA,NA,NA,NA,NA
WK050207,Schollevaar Zuid,2012,3.9256430231289254,-0.17662182801475973,NA,NA,NA,NA,NA
WK050207,Schollevaar Zuid,2014,3.938939673105157,-0.16332517803852847,-3.520982255899484e-4,-0.08701402488832082,-0.03669006149410599,0.002930098509208699,-0.04219909193972072
WK050207,Schollevaar Zuid,2016,3.9558819748167684,-0.14638287632691654,NA,NA,NA,NA,NA
WK050207,Schollevaar Zuid,2018,3.9742738667621205,-0.12799098438156492,-0.0077029901322973925,-0.0690380148927576,-0.03703516257019904,0.01083517567048746,-0.025049992456798568
WK050207,Schollevaar Zuid,2020,4.0025789123564754,-0.09968593878720984,1.0254530328822302e-4,-0.06819743052537101,-0.03829312992321424,0.02540346662983387,-0.018701390271746984
WK050207,Schollevaar Zuid,2022,4.01779529136239,-0.0844695597812955,-4.1990516860084155e-4,-0.05201846618895214,-0.03552200158353534,0.0223303604579658,-0.018839547298173265
WK050208,Schollevaar Noord,2002,3.981215066363301,-0.1210497847803845,NA,NA,NA,NA,NA
WK050208,Schollevaar Noord,2008,3.9574230137139765,-0.1448418374297089,NA,NA,NA,NA,NA
WK050208,Schollevaar Noord,2012,3.9476808386544695,-0.1545840124892155,NA,NA,NA,NA,NA
WK050208,Schollevaar Noord,2014,3.9870434626236815,-0.11522138852000342,-0.023965470757245755,-0.0314621371037106,-0.013853508625530414,-0.0024531442091122284,-0.04348712782440469
WK050208,Schollevaar Noord,2016,4.00526721061955,-0.09699764052413543,NA,NA,NA,NA,NA
WK050208,Schollevaar Noord,2018,4.051648151730844,-0.05061669941284105,-0.021331128845177957,-0.00833753426357537,-0.01590756554353107,5.989297948042155e-5,-0.005100363740037436
WK050208,Schollevaar Noord,2020,4.059165293105944,-0.043099558037740654,-0.013999554242606741,-0.011839751985749705,-0.019499716972426147,0.019050293954924774,-0.016810828791883083
WK050208,Schollevaar Noord,2022,4.085382994098038,-0.016881857045647694,-0.0060303526090937695,0.0021150177937902716,-0.01871691332288997,0.014348408059760636,-0.008598016967215185
WK050209,Rivium,2002,4.123105610854923,0.020840759711237784,NA,NA,NA,NA,NA
WK050209,Rivium,2008,4.017335380357461,-0.08492947078622393,NA,NA,NA,NA,NA
WK050209,Rivium,2012,4.015305018363043,-0.08695983278064164,NA,NA,NA,NA,NA
WK050209,Rivium,2014,4.043239283147612,-0.059025567996073586,-0.040105023701310645,-0.005549123009724711,0.015606499211615698,0.020981467035228896,-0.049959387531882955
WK050209,Rivium,2016,4.090769603201502,-0.011495247942182847,NA,NA,NA,NA,NA
WK050209,Rivium,2018,4.0960489694300035,-0.006215881713681456,-0.040441204770608405,0.022662978040321292,0.009634548216878812,0.03150780873196439,-0.029580011932237724
WK050209,Rivium,2020,4.1626773830385995,0.06041253189491393,-0.018922312914593842,0.0294526202107626,0.03427826936045875,0.06295591521996032,-0.04735195998167419
WK050209,Rivium,2022,4.155657707483255,0.053392856339570104,-0.02069838527471786,0.02613810398003887,0.02329347613018121,0.06279376139306438,-0.03813409988899656
WK050311,Wijk 11 Binnenstad,2002,4.187182357852236,0.08491750670855032,NA,NA,NA,NA,NA
WK050311,Wijk 11 Binnenstad,2008,4.215252025250308,0.11298717410662332,NA,NA,NA,NA,NA
WK050311,Wijk 11 Binnenstad,2012,4.214880719311645,0.11261586816795999,NA,NA,NA,NA,NA
WK050311,Wijk 11 Binnenstad,2014,4.20321117404427,0.10094632290058453,0.004142146670783906,-0.05425674719238722,-0.04075227664674231,0.187970487263861,0.003842712805068883
WK050311,Wijk 11 Binnenstad,2016,4.223298725819729,0.1210338746760445,NA,NA,NA,NA,NA
WK050311,Wijk 11 Binnenstad,2018,4.265099255757643,0.16283440461395743,-0.011264861009165983,-0.025540412793970277,-0.04068885739391954,0.21626531968094545,0.024063216130067483
WK050311,Wijk 11 Binnenstad,2020,4.276922833935742,0.174657982792056,0.005315482370741375,-0.017614214969887382,-0.039082889718472145,0.21711411773076192,0.008925487378911898
WK050311,Wijk 11 Binnenstad,2022,4.279853240906188,0.17758838976250255,0.0031216648525134146,0.0015173877142724568,-0.05016250499699996,0.2178703305144976,0.005241511678218768
WK050312,Wijk 12 Vrijenban,2002,4.036188504959984,-0.06607634618370123,NA,NA,NA,NA,NA
WK050312,Wijk 12 Vrijenban,2008,4.030935455961739,-0.07132939518194648,NA,NA,NA,NA,NA
WK050312,Wijk 12 Vrijenban,2012,4.060239220843287,-0.04202563030039856,NA,NA,NA,NA,NA
WK050312,Wijk 12 Vrijenban,2014,4.076739684132184,-0.025525167011501877,-0.023653299923644,-0.024478307368336023,-0.05423693671594564,0.1049497833977058,-0.028106406401282286
WK050312,Wijk 12 Vrijenban,2016,4.114959803769433,0.012694952625747677,NA,NA,NA,NA,NA
WK050312,Wijk 12 Vrijenban,2018,4.122391295289625,0.020126444145939396,-0.027158996757312127,-0.006935548165532537,-0.052081340888022506,0.11947224653452136,-0.013169916577715057
WK050312,Wijk 12 Vrijenban,2020,4.139502237923548,0.03723738677986186,-0.01881342649855702,-0.008866989831919693,-0.04727946150141752,0.12422129821143846,-0.01202403359968261
WK050312,Wijk 12 Vrijenban,2022,4.160550412590647,0.05828556144696071,-0.013491966685229768,-0.0014947215605250193,-0.048046610946679905,0.12882911667712085,-0.007510256037725727
WK050313,Wijk 13 Hof van Delft,2002,4.0306062521358035,-0.07165859900788134,NA,NA,NA,NA,NA
WK050313,Wijk 13 Hof van Delft,2008,4.068413368208767,-0.03385148293491828,NA,NA,NA,NA,NA
WK050313,Wijk 13 Hof van Delft,2012,4.060702311791648,-0.04156253935203699,NA,NA,NA,NA,NA
WK050313,Wijk 13 Hof van Delft,2014,4.072600124626103,-0.029664726517582275,-0.01481655690946557,-0.028877127505658247,-0.04894497900386961,0.12191671088415189,-0.05894277398274102
WK050313,Wijk 13 Hof van Delft,2016,4.124926778576193,0.02266192743250804,NA,NA,NA,NA,NA
WK050313,Wijk 13 Hof van Delft,2018,4.146740028367401,0.044475177223715835,-0.024767169890495537,-0.004470787196866895,-0.05236491217228646,0.14865261715976205,-0.022574570676397593
WK050313,Wijk 13 Hof van Delft,2020,4.158322348075027,0.05605749693134116,-0.018093794876523916,8.628691396731505e-4,-0.05026651260167785,0.1517513677996242,-0.028196432529754685
WK050313,Wijk 13 Hof van Delft,2022,4.171892134242903,0.06962728309921691,-0.014051691929377351,0.00676479264997497,-0.050517318346842824,0.1513708575421061,-0.023939356816644282
WK050314,Wijk 14 Voordijkshoorn,2002,4.04677177060005,-0.055493080543634804,NA,NA,NA,NA,NA
WK050314,Wijk 14 Voordijkshoorn,2008,4.0458125762872506,-0.056452274856434864,NA,NA,NA,NA,NA
WK050314,Wijk 14 Voordijkshoorn,2012,4.03475181680281,-0.06751303434087491,NA,NA,NA,NA,NA
WK050314,Wijk 14 Voordijkshoorn,2014,4.050208416234817,-0.052056434908867785,-0.014852948302127014,-0.017549513181248796,-0.031896147903180724,0.05251858588203562,-0.040276411404347144
WK050314,Wijk 14 Voordijkshoorn,2016,4.072129470956964,-0.030135380186721336,NA,NA,NA,NA,NA
WK050314,Wijk 14 Voordijkshoorn,2018,4.0962339296448596,-0.006030921498825616,-0.01982652880304348,0.007105988193426525,-0.025252043348944715,0.06695272742352992,-0.03501106496379416
WK050314,Wijk 14 Voordijkshoorn,2020,4.124777661352956,0.022512810209271508,-0.012529685280234595,0.01196197327050441,-0.028080011219722367,0.07766301085021322,-0.02650247741148943
WK050314,Wijk 14 Voordijkshoorn,2022,4.141366705710935,0.039101854567249884,-0.015927790484128044,0.02868406720855057,-0.01986347844551189,0.07722334016605154,-0.03101428387771256
WK050316,Wijk 16 Delftse Hout,2002,4.452573426585491,0.35030857544180566,NA,NA,NA,NA,NA
WK050316,Wijk 16 Delftse Hout,2008,4.351945456393229,0.24968060524954303,NA,NA,NA,NA,NA
WK050316,Wijk 16 Delftse Hout,2012,4.424863865272339,0.32259901412865427,NA,NA,NA,NA,NA
WK050316,Wijk 16 Delftse Hout,2014,4.404362779576528,0.30209792843284233,0.04744914255032996,0.10619620646576684,0.07317941887888184,0.028909612493064337,0.04636354804479898
WK050316,Wijk 16 Delftse Hout,2016,4.470438131674902,0.3681732805312166,NA,NA,NA,NA,NA
WK050316,Wijk 16 Delftse Hout,2018,4.432976722899076,0.3307118717553908,0.04518493704862642,0.11290972964539048,0.09775821021768226,0.040019305566476676,0.034839689277214606
WK050316,Wijk 16 Delftse Hout,2020,4.37373329616801,0.27146844502432493,0.041889574563284813,0.08456505083582913,0.06577125339119018,0.033005245597404025,0.046237320636616466
WK050316,Wijk 16 Delftse Hout,2022,4.347504462505052,0.24523961136136627,0.04087328645536424,0.08602884779172086,0.061751654653343,0.025797404977212272,0.03078841748372571
WK050322,Wijk 22 Tanthof-West,2002,3.941882892208366,-0.16038195893531942,NA,NA,NA,NA,NA
WK050322,Wijk 22 Tanthof-West,2008,3.9393822431420413,-0.16288260800164409,NA,NA,NA,NA,NA
WK050322,Wijk 22 Tanthof-West,2012,3.9643074382695085,-0.1379574128741767,NA,NA,NA,NA,NA
WK050322,Wijk 22 Tanthof-West,2014,3.981187882581444,-0.12107696856224091,-0.007720045922009669,-0.06811411134564499,-0.03465101039092292,0.011173405412386645,-0.02176520631605029
WK050322,Wijk 22 Tanthof-West,2016,4.005125627671991,-0.09713922347169407,NA,NA,NA,NA,NA
WK050322,Wijk 22 Tanthof-West,2018,4.016436198927145,-0.08582865221654042,-0.0010361168466090137,-0.043810375949202375,-0.04111433816320845,0.014094486003039258,-0.013962307260560126
WK050322,Wijk 22 Tanthof-West,2020,4.028596300266378,-0.07366855087730671,0.001365695367985712,-0.04396423678810475,-0.04441888996591955,0.02868056596985264,-0.015331685461121016
WK050322,Wijk 22 Tanthof-West,2022,4.047699850328907,-0.05456500081477808,9.437251345425272e-4,-0.012819598171860293,-0.043047757768233226,0.010419965407377099,-0.010061335416604474
WK050323,Wijk 23 Tanthof-Oost,2002,3.9775386299935893,-0.12472622115009581,NA,NA,NA,NA,NA
WK050323,Wijk 23 Tanthof-Oost,2008,3.9767090045636517,-0.12555584658003346,NA,NA,NA,NA,NA
WK050323,Wijk 23 Tanthof-Oost,2012,3.961392440010076,-0.14087241113360924,NA,NA,NA,NA,NA
WK050323,Wijk 23 Tanthof-Oost,2014,4.013212427855776,-0.0890524232879097,-0.003048912947877308,-0.03264211177018917,-0.03914006595169649,0.01730348333577118,-0.0315248159539182
WK050323,Wijk 23 Tanthof-Oost,2016,3.9839078566807435,-0.11835699446294151,NA,NA,NA,NA,NA
WK050323,Wijk 23 Tanthof-Oost,2018,4.024246506076351,-0.07801834506733413,-0.006801558440274133,-0.03192046733603463,-0.050208513146124664,0.016378074782382592,-0.00546588092728354
WK050323,Wijk 23 Tanthof-Oost,2020,4.046403268860058,-0.0558615822836262,-0.001844998639478022,-0.020866686061768204,-0.04848401011501471,0.03302546690766872,-0.017691354375034274
WK050323,Wijk 23 Tanthof-Oost,2022,4.023404418023176,-0.07886043312050924,-0.008254621285326972,-0.032761155943006534,-0.05092688299105266,0.02247498389920659,-0.009392756800329935
WK050324,Wijk 24 Voorhof,2002,3.8173249079312974,-0.2849399432123878,NA,NA,NA,NA,NA
WK050324,Wijk 24 Voorhof,2008,3.8312252034297436,-0.27103964771394146,NA,NA,NA,NA,NA
WK050324,Wijk 24 Voorhof,2012,3.8398649832443055,-0.2623998678993798,NA,NA,NA,NA,NA
WK050324,Wijk 24 Voorhof,2014,3.8390511742275355,-0.26321367691615005,-0.018358667257679425,-0.0901285764867107,-0.08625320522716233,0.07547502376273987,-0.14394825170733772
WK050324,Wijk 24 Voorhof,2016,3.8354249622075876,-0.2668398889360976,NA,NA,NA,NA,NA
WK050324,Wijk 24 Voorhof,2018,3.8542882908997185,-0.24797656024396678,-0.027261208673034366,-0.08204594052731988,-0.09900043369387408,0.08122267891919097,-0.1208916562689297
WK050324,Wijk 24 Voorhof,2020,3.877737555434465,-0.22452729570922025,-0.021422052583389833,-0.10766833836699136,-0.09827725765111929,0.09368419319652051,-0.09084384030424059
WK050324,Wijk 24 Voorhof,2022,3.8773176394040076,-0.22494721173967785,-0.01876480047507275,-0.10034924534249119,-0.09837704665318597,0.09445202118178005,-0.10190814045070827
WK050325,Wijk 25 Buitenhof,2002,3.747566637093535,-0.3546982140501498,NA,NA,NA,NA,NA
WK050325,Wijk 25 Buitenhof,2008,3.7754008953685694,-0.3268639557751156,NA,NA,NA,NA,NA
WK050325,Wijk 25 Buitenhof,2012,3.7693932587432895,-0.332871592400396,NA,NA,NA,NA,NA
WK050325,Wijk 25 Buitenhof,2014,3.828800109040604,-0.2734647421030815,-0.0039177817375068294,-0.1666407849796587,-0.0789720087386819,0.04876627755788594,-0.07270044420512028
WK050325,Wijk 25 Buitenhof,2016,3.792585439091012,-0.3096794120526729,NA,NA,NA,NA,NA
WK050325,Wijk 25 Buitenhof,2018,3.8321575563282897,-0.2701072948153952,-0.023409715927757393,-0.15444037028760635,-0.07538272450259302,0.051615780723592505,-0.06849026482103122
WK050325,Wijk 25 Buitenhof,2020,3.875488715537196,-0.22677613560648896,-0.00745332020312115,-0.14230464235101736,-0.07889713831462715,0.06453614177088109,-0.0626571765086047
WK050325,Wijk 25 Buitenhof,2022,3.8728353183227893,-0.2294295328208959,-0.007184432615342643,-0.1429082283452757,-0.077830169849259,0.05478046354384167,-0.05628716555486052
WK050327,Wijk 27 Schieweg,2002,4.035041528317108,-0.06722332282657666,NA,NA,NA,NA,NA
WK050327,Wijk 27 Schieweg,2008,4.043283802284754,-0.05898104885893058,NA,NA,NA,NA,NA
WK050327,Wijk 27 Schieweg,2012,4.058954629806621,-0.043310221337064046,NA,NA,NA,NA,NA
WK050327,Wijk 27 Schieweg,2014,4.107383417695003,0.005118566551317679,-0.016739226954937594,-0.018628450807897177,-0.03862993649060163,0.06866347853372037,0.010452702271033497
WK050327,Wijk 27 Schieweg,2016,4.118598186216728,0.016333335073042424,NA,NA,NA,NA,NA
WK050327,Wijk 27 Schieweg,2018,4.122026826223985,0.0197619750802999,-0.017978886422144482,-6.683230289617612e-4,-0.04493930255838644,0.07574853951817942,0.007599947571612891
WK050327,Wijk 27 Schieweg,2020,4.173973394943641,0.07170854379995563,-0.011458090037775545,0.03146819955049721,-0.03908903980255098,0.07810598541681009,0.012681488672974509
WK050327,Wijk 27 Schieweg,2022,4.116737357502959,0.01447250635927397,-0.014644494055265194,-0.004347977355766222,-0.05615002448172788,0.07848095829442492,0.01113404395760801
WK050328,Wijk 28 Wippolder,2002,3.972082190666999,-0.13018266047668617,NA,NA,NA,NA,NA
WK050328,Wijk 28 Wippolder,2008,3.996740469054711,-0.10552438208897423,NA,NA,NA,NA,NA
WK050328,Wijk 28 Wippolder,2012,3.991147723403318,-0.11111712774036756,NA,NA,NA,NA,NA
WK050328,Wijk 28 Wippolder,2014,4.043595103890179,-0.05866974725350635,-0.008900781355718635,-0.006265510149838208,-0.05342175741595881,0.06224532515103435,-0.05232702348302536
WK050328,Wijk 28 Wippolder,2016,4.072569042452802,-0.02969580869088343,NA,NA,NA,NA,NA
WK050328,Wijk 28 Wippolder,2018,4.067883593090035,-0.03438125805365037,-0.02164683685479998,0.010744201775487962,-0.038643821982723064,0.07288426755001076,-0.05771906854162633
WK050328,Wijk 28 Wippolder,2020,4.07705864249689,-0.025206208646794733,-0.012333327942483065,0.010106345374244262,-0.04542086371312416,0.07005121663256128,-0.047609578997993306
WK050328,Wijk 28 Wippolder,2022,4.06725278153514,-0.035012069608546144,-0.015062491043231872,0.02378962488854933,-0.042754980224315446,0.06252384417678673,-0.06350806740633512
WK050329,Wijk 29 Ruiven,2002,4.049297781689533,-0.05296706945415251,NA,NA,NA,NA,NA
WK050329,Wijk 29 Ruiven,2008,4.074578761203044,-0.027686089940641173,NA,NA,NA,NA,NA
WK050329,Wijk 29 Ruiven,2012,4.111786172586832,0.00952132144314681,NA,NA,NA,NA,NA
WK050329,Wijk 29 Ruiven,2014,4.183596002279925,0.0813311511362402,0.05381881431006294,0.016524051250915633,0.07096743059598364,-0.04611723847812734,-0.01386190654259487
WK050329,Wijk 29 Ruiven,2016,4.172897694936132,0.07063284379244579,NA,NA,NA,NA,NA
WK050329,Wijk 29 Ruiven,2018,4.161108873831912,0.05884402268822682,0.025958763148693276,0.03538661098682065,0.07835938171434095,-0.043246887855914726,-0.037613845305713704
WK050329,Wijk 29 Ruiven,2020,4.147157015177726,0.0448921640340403,0.00647801528914836,0.07012576202977269,0.030743478993597886,-0.04649692161804817,-0.015958170660430846
WK050329,Wijk 29 Ruiven,2022,4.121903810680347,0.019638959536661706,-0.004023697212900064,0.03970995791354772,0.02476349488807304,-0.045922824511322576,0.005112028459263226
WK050501,Wijk 01 Binnenstad,2002,4.031144145680539,-0.07112070546314608,NA,NA,NA,NA,NA
WK050501,Wijk 01 Binnenstad,2008,4.044782565255653,-0.05748228588803324,NA,NA,NA,NA,NA
WK050501,Wijk 01 Binnenstad,2012,4.031454093271752,-0.07081075787193276,NA,NA,NA,NA,NA
WK050501,Wijk 01 Binnenstad,2014,4.058880620420165,-0.04338423072352014,0.006112492532882128,-0.1273790913340383,-0.028264886924202516,0.11443686458878076,-0.00828960958694244
WK050501,Wijk 01 Binnenstad,2016,4.105019017712305,0.002754166568620268,NA,NA,NA,NA,NA
WK050501,Wijk 01 Binnenstad,2018,4.154076286945504,0.05181143580181819,-0.0016155571445280333,-0.10278328999522039,-0.03379025795039455,0.16022781736919825,0.02977272352276264
WK050501,Wijk 01 Binnenstad,2020,4.168091095051441,0.06582624390775592,0.0024389915727637368,-0.08688957442291677,-0.03293816634874812,0.17540374370347261,0.007811249403184193
WK050501,Wijk 01 Binnenstad,2022,4.207512826928041,0.10524797578435585,0.006011621162773901,-0.07574808736066764,-0.0335665030342126,0.1700299752306067,0.03852096978585518
WK050502,Wijk 02 Noordflank,2002,3.8481180430239412,-0.25414680811974377,NA,NA,NA,NA,NA
WK050502,Wijk 02 Noordflank,2008,3.964165842437352,-0.13809900870633382,NA,NA,NA,NA,NA
WK050502,Wijk 02 Noordflank,2012,3.9595912414495507,-0.1426736096941342,NA,NA,NA,NA,NA
WK050502,Wijk 02 Noordflank,2014,3.970816255242623,-0.13144859590106248,-0.004429202514918341,-0.14204143482786274,-0.05788597977601023,0.09754523814478042,-0.024637216927051845
WK050502,Wijk 02 Noordflank,2016,4.027202482226712,-0.0750623689169734,NA,NA,NA,NA,NA
WK050502,Wijk 02 Noordflank,2018,4.073803044176908,-0.028461806966776797,-0.010484688544699397,-0.10977858513721481,-0.052898688551100165,0.15231570756507237,-0.007615552298835107
WK050502,Wijk 02 Noordflank,2020,4.073683348616511,-0.028581502527174025,-0.007153061893640394,-0.11414714529293385,-0.05486768222637056,0.16194818254717291,-0.014361795661402409
WK050502,Wijk 02 Noordflank,2022,4.123685060587887,0.02142020944420167,-0.001623314452802,-0.09670233403576538,-0.05064969857479548,0.15325403875180105,0.01714151775576316
WK050503,Wijk 03 Oud Krispijn,2002,3.7888474655644555,-0.3134173855792296,NA,NA,NA,NA,NA
WK050503,Wijk 03 Oud Krispijn,2008,3.8573671936506018,-0.24489765749308365,NA,NA,NA,NA,NA
WK050503,Wijk 03 Oud Krispijn,2012,3.865061262161433,-0.23720358898225263,NA,NA,NA,NA,NA
WK050503,Wijk 03 Oud Krispijn,2014,3.868756941975602,-0.23350790916808348,-0.032454169672622685,-0.11910785338840471,-0.03574310638406287,0.048891330334311645,-0.0950941100573051
WK050503,Wijk 03 Oud Krispijn,2016,3.8973140656398466,-0.20495078550383847,NA,NA,NA,NA,NA
WK050503,Wijk 03 Oud Krispijn,2018,3.9201030756450566,-0.18216177549862858,-0.03860144321400541,-0.10145024493477871,-0.037812436294253245,0.07547109207946377,-0.07976874313505528
WK050503,Wijk 03 Oud Krispijn,2020,3.963962627493307,-0.13830222365037817,-0.03473063589766247,-0.08445844676562715,-0.037628716046945315,0.09355669005469933,-0.07504111499484284
WK050503,Wijk 03 Oud Krispijn,2022,3.976916243246269,-0.1253486078974159,-0.031426876525388385,-0.08734048497615304,-0.034561683618448136,0.08664584552926738,-0.058665408306693985
WK050504,Wijk 04 Nieuw-krispijn,2002,3.862032047140509,-0.24023280400317593,NA,NA,NA,NA,NA
WK050504,Wijk 04 Nieuw-krispijn,2008,3.9117483630984027,-0.19051648804528243,NA,NA,NA,NA,NA
WK050504,Wijk 04 Nieuw-krispijn,2012,3.90358142299263,-0.19868342815105566,NA,NA,NA,NA,NA
WK050504,Wijk 04 Nieuw-krispijn,2014,3.898216694817231,-0.20404815632645398,-0.025820446658628506,-0.14201406491637975,-0.0595514888833583,0.06523431469363071,-0.041896470561718385
WK050504,Wijk 04 Nieuw-krispijn,2016,3.9065005169645346,-0.1957643341791507,NA,NA,NA,NA,NA
WK050504,Wijk 04 Nieuw-krispijn,2018,3.9312080061744283,-0.17105684496925694,-0.026728622742610685,-0.13532486682907802,-0.05774481372566741,0.0784302986720901,-0.02968884034399117
WK050504,Wijk 04 Nieuw-krispijn,2020,3.9582491150871904,-0.14401573605649504,-0.02396384186143119,-0.12480586796648771,-0.05730718834837859,0.09221347251376226,-0.03015231039396004
WK050504,Wijk 04 Nieuw-krispijn,2022,3.9735744266794617,-0.12869042446422385,-0.023337941483108842,-0.12676364821544978,-0.049781951397138764,0.08449346831329296,-0.013300351681819669
WK050505,Wijk 05 Het Reeland,2002,3.978191525146902,-0.12407332599678325,NA,NA,NA,NA,NA
WK050505,Wijk 05 Het Reeland,2008,3.991178854539572,-0.11108599660411281,NA,NA,NA,NA,NA
WK050505,Wijk 05 Het Reeland,2012,4.010367661828706,-0.09189718931497928,NA,NA,NA,NA,NA
WK050505,Wijk 05 Het Reeland,2014,3.981840332119453,-0.12042451902423223,-0.02041473502618485,-0.09215958547261935,-0.02484321099561315,0.06963088151082625,-0.05263786904064142
WK050505,Wijk 05 Het Reeland,2016,4.010565871618397,-0.09169897952528823,NA,NA,NA,NA,NA
WK050505,Wijk 05 Het Reeland,2018,4.07275889183864,-0.02950595930504582,-0.025274511508516756,-0.062677722378099,-0.021132573138225492,0.1085865750763347,-0.02900772735653954
WK050505,Wijk 05 Het Reeland,2020,4.103763691940246,0.001498840796560411,-0.01690898240420091,-0.04964891939929252,-0.019086493108770943,0.11799532693271116,-0.030852091223886595
WK050505,Wijk 05 Het Reeland,2022,4.156149969462123,0.05388511831843771,-0.013946647294720583,-0.02983123733445485,-0.01846687881231748,0.11445619418745452,0.0016736875724758017
WK050506,Wijk 06 Staart,2002,3.8149165498093374,-0.28734830133434797,NA,NA,NA,NA,NA
WK050506,Wijk 06 Staart,2008,3.878912620102532,-0.22335223104115307,NA,NA,NA,NA,NA
WK050506,Wijk 06 Staart,2012,3.8870594128902676,-0.21520543825341754,NA,NA,NA,NA,NA
WK050506,Wijk 06 Staart,2014,3.8732131290786302,-0.22905172206505486,-0.018716939486510466,-0.07111717726499811,-0.03173491906902176,0.0011424183198441415,-0.10862510456436894
WK050506,Wijk 06 Staart,2016,3.9189977491082812,-0.18326710203540414,NA,NA,NA,NA,NA
WK050506,Wijk 06 Staart,2018,3.9603995239041447,-0.14186532723954054,-0.01755623156676701,-0.04248495647881596,-0.030677711565415322,0.027485363000908234,-0.07863179062945078
WK050506,Wijk 06 Staart,2020,3.9800374091399076,-0.12222744200377755,-0.019158184681893918,-0.034343189635806855,-0.02752047698226642,0.043258237317454554,-0.0844638280212652
WK050506,Wijk 06 Staart,2022,3.990878578526508,-0.11138627261717744,-0.005235166868628017,-0.04183533960119072,-0.030681964255002588,0.03267188088696668,-0.0663056827793231
WK050507,Wijk 07 Wielwijk,2002,3.7210930677839738,-0.38117178335971147,NA,NA,NA,NA,NA
WK050507,Wijk 07 Wielwijk,2008,3.7680448523120176,-0.33421999883166753,NA,NA,NA,NA,NA
WK050507,Wijk 07 Wielwijk,2012,3.8096098279256827,-0.2926550232180022,NA,NA,NA,NA,NA
WK050507,Wijk 07 Wielwijk,2014,3.7997653368060367,-0.3024995143376482,-0.04228180386163985,-0.1417947700032359,-0.05488155993692115,0.002189189461099103,-0.06573056999695064
WK050507,Wijk 07 Wielwijk,2016,3.800997558709933,-0.30126729243375233,NA,NA,NA,NA,NA
WK050507,Wijk 07 Wielwijk,2018,3.806264308978642,-0.2960005421650434,-0.04040717151379507,-0.14903467421234445,-0.05255400158216994,0.01529265340808328,-0.06929734826481752
WK050507,Wijk 07 Wielwijk,2020,3.830589546908993,-0.2716753042346923,-0.03724867197252819,-0.14975399924174485,-0.05158013733946263,0.028480346125302616,-0.061572841806259576
WK050507,Wijk 07 Wielwijk,2022,3.881579845370829,-0.22068500577285655,-0.02532602257557437,-0.12581690546393318,-0.048055328610606775,0.023512865314073372,-0.04499961443681589
WK050508,Wijk 08 Crabbehof/Zuidhoven,2002,3.8106402455434547,-0.29162460560023074,NA,NA,NA,NA,NA
WK050508,Wijk 08 Crabbehof/Zuidhoven,2008,3.8446292436118217,-0.25763560753186343,NA,NA,NA,NA,NA
WK050508,Wijk 08 Crabbehof/Zuidhoven,2012,3.845650398357327,-0.2566144527863579,NA,NA,NA,NA,NA
WK050508,Wijk 08 Crabbehof/Zuidhoven,2014,3.8290675844462925,-0.2731972666973926,-0.021326612839956852,-0.11955119362148527,-0.05927484337309605,0.01896062225083374,-0.09200523911368842
WK050508,Wijk 08 Crabbehof/Zuidhoven,2016,3.8358194954540195,-0.26644535568966576,NA,NA,NA,NA,NA
WK050508,Wijk 08 Crabbehof/Zuidhoven,2018,3.8690759959703347,-0.23318885517335086,-0.019364544979935113,-0.11316598702175273,-0.05194814924692384,0.042120097321406806,-0.09083027124614627
WK050508,Wijk 08 Crabbehof/Zuidhoven,2020,3.8996929816488577,-0.2025718694948275,-0.014464751663175363,-0.10672684394144273,-0.04970381840556352,0.059859344292915055,-0.09153579977756125
WK050508,Wijk 08 Crabbehof/Zuidhoven,2022,3.9098481986742106,-0.19241665246947426,-0.012885967985162035,-0.11073129802391421,-0.049469112413379646,0.05687786177045009,-0.07620813581746873
WK050509,Wijk 09 Sterrenburg,2002,3.910828375246438,-0.19143647589724738,NA,NA,NA,NA,NA
WK050509,Wijk 09 Sterrenburg,2008,3.95289912691211,-0.14936572423157538,NA,NA,NA,NA,NA
WK050509,Wijk 09 Sterrenburg,2012,3.9850690354329035,-0.11719581571078191,NA,NA,NA,NA,NA
WK050509,Wijk 09 Sterrenburg,2014,4.019505042990491,-0.0827598081531947,-0.018939022719987857,-9.170120722969608e-4,-0.015835205993867285,-0.013081121536102386,-0.03398744583094048
WK050509,Wijk 09 Sterrenburg,2016,4.046294164214672,-0.05597068692901409,NA,NA,NA,NA,NA
WK050509,Wijk 09 Sterrenburg,2018,4.055208372539419,-0.04705647860426592,-0.01047229066223634,0.005288179911871533,-0.01593601886132823,-0.002542855025126093,-0.023393493967447058
WK050509,Wijk 09 Sterrenburg,2020,4.072197640289419,-0.030067210854266387,-0.006811812812710462,0.010113205604580865,-0.015336105343567136,0.0077790187274499115,-0.025811517030019854
WK050509,Wijk 09 Sterrenburg,2022,4.0945762138786135,-0.007688637265072063,-0.004699168164744999,0.012515403961166556,-0.006323143250385376,0.004771700506887057,-0.013953430317995594
WK050510,Wijk 10 Dubbeldam,2002,4.0708930823192375,-0.031371768824448004,NA,NA,NA,NA,NA
WK050510,Wijk 10 Dubbeldam,2008,4.107461152493267,0.005196301349581098,NA,NA,NA,NA,NA
WK050510,Wijk 10 Dubbeldam,2012,4.156456611190879,0.05419176004719326,NA,NA,NA,NA,NA
WK050510,Wijk 10 Dubbeldam,2014,4.186767461390647,0.08450261024696167,-0.0031051252891754607,0.05586334688670994,0.03460240658135033,0.002480482702597024,-0.0053385006345204366
WK050510,Wijk 10 Dubbeldam,2016,4.2203377052362905,0.11807285409260505,NA,NA,NA,NA,NA
WK050510,Wijk 10 Dubbeldam,2018,4.21287150359601,0.11060665245232472,-0.003878426310748294,0.057015581278825375,0.03092543405469058,0.023578925325451163,0.002965138104105633
WK050510,Wijk 10 Dubbeldam,2020,4.223142226271692,0.12087737512800689,0.003317563411831385,0.06583047274125958,0.026005459150466603,0.03397394323013237,-0.008250063405683333
WK050510,Wijk 10 Dubbeldam,2022,4.236944523087188,0.13467967194350344,0.004626260997717286,0.06635603296241263,0.027833333147987794,0.026652581510712845,0.009211463324672589
WK050511,Wijk 11 Stadspolders,2002,3.9523865769351962,-0.14987827420848918,NA,NA,NA,NA,NA
WK050511,Wijk 11 Stadspolders,2008,3.987266229726989,-0.11499862141669619,NA,NA,NA,NA,NA
WK050511,Wijk 11 Stadspolders,2012,3.9767752526115387,-0.12548959853214633,NA,NA,NA,NA,NA
WK050511,Wijk 11 Stadspolders,2014,4.006861163339791,-0.0954036878038939,-0.0021230002765337567,-0.021930681678286115,-0.008457644565162415,-0.03492945925031019,-0.027962902033601703
WK050511,Wijk 11 Stadspolders,2016,4.062087712867337,-0.04017713827634858,NA,NA,NA,NA,NA
WK050511,Wijk 11 Stadspolders,2018,4.072353440714631,-0.029911410429054555,-0.003047386213696049,0.009962305826792528,-0.01261686502103112,-0.008501253639886823,-0.015708211381233374
WK050511,Wijk 11 Stadspolders,2020,4.0969116517615385,-0.005353199382146492,0.002594030652629224,0.018543580824693894,-0.012942157204318945,0.002904647700726895,-0.01645330135587784
WK050511,Wijk 11 Stadspolders,2022,4.107864590611861,0.005599739468175719,0.002290688140462472,0.021533278705559107,-0.007423355318584488,-0.013934156921258253,0.0031332848619966213
WK050519,Wijk 19 Industriegebied West,2002,4.028424222644695,-0.07384062849898991,NA,NA,NA,NA,NA
WK050519,Wijk 19 Industriegebied West,2008,4.03664813252474,-0.06561671861894544,NA,NA,NA,NA,NA
WK050519,Wijk 19 Industriegebied West,2012,4.04477803656221,-0.0574868145814752,NA,NA,NA,NA,NA
WK050519,Wijk 19 Industriegebied West,2014,4.071375248367938,-0.03088960277574637,-0.08091169442786039,0.06109910825796378,0.05854581080444301,-0.0633488622362667,-0.006273965174026431
WK050519,Wijk 19 Industriegebied West,2016,4.09388655755628,-0.008378293587405099,NA,NA,NA,NA,NA
WK050519,Wijk 19 Industriegebied West,2018,4.077476474048206,-0.024788377095479402,-0.07497005640395518,0.044207741686261424,0.053082868418391514,-0.05165053618079872,0.004541605384621279
WK050519,Wijk 19 Industriegebied West,2020,4.125989190243155,0.02372433909946967,-0.07420205077382817,0.06918356068464203,0.06186322203662411,-0.04467274840938808,0.011552355561419475
WK050519,Wijk 19 Industriegebied West,2022,4.115677411211108,0.013412560067422318,-0.09434919007078689,0.06935925657545366,0.06383627217803527,-0.047715480930977244,0.022281702315697198
WK050598,Wijk 98 Verspreide bebouwing,2002,4.17161095486415,0.06934610372046439,NA,NA,NA,NA,NA
WK050598,Wijk 98 Verspreide bebouwing,2008,4.121951109155329,0.019686258011643965,NA,NA,NA,NA,NA
WK050598,Wijk 98 Verspreide bebouwing,2012,4.127652281492927,0.025387430349241593,NA,NA,NA,NA,NA
WK050598,Wijk 98 Verspreide bebouwing,2014,4.140687929298479,0.038423078154794156,-0.04320193936568233,0.10591442585833957,0.08506906813574264,-0.13617284943894073,0.02681437296533453
WK050598,Wijk 98 Verspreide bebouwing,2016,4.164484315927613,0.06221946478392798,NA,NA,NA,NA,NA
WK050598,Wijk 98 Verspreide bebouwing,2018,4.161721651069116,0.05945679992543028,-0.02244246601639864,0.09258463481882938,0.08451518165489805,-0.1252413674902401,0.030040816958341265
WK050598,Wijk 98 Verspreide bebouwing,2020,4.207798059930458,0.10553320878677314,-0.01264471119875778,0.11474755249638403,0.10561077316579276,-0.12112976432867992,0.018949358652033694
WK050598,Wijk 98 Verspreide bebouwing,2022,4.206728215689355,0.10446336454566986,-0.010103737228045006,0.09880400677878078,0.0946227607327604,-0.1380976445891308,0.05923797885130429
WK051201,Wijk 01 Gorinchem binnenstad,2002,4.053270517982502,-0.04899433316118301,NA,NA,NA,NA,NA
WK051201,Wijk 01 Gorinchem binnenstad,2008,4.102016419205789,-2.4843193789597537e-4,NA,NA,NA,NA,NA
WK051201,Wijk 01 Gorinchem binnenstad,2012,4.1085980492179,0.006333198074214242,NA,NA,NA,NA,NA
WK051201,Wijk 01 Gorinchem binnenstad,2014,4.0376779998545285,-0.06458685128915684,0.015690981212217254,-0.07929370442341181,-0.03503630744162505,0.04431067495093189,-0.010258495587269394
WK051201,Wijk 01 Gorinchem binnenstad,2016,4.113815300565243,0.01155044942155725,NA,NA,NA,NA,NA
WK051201,Wijk 01 Gorinchem binnenstad,2018,4.119572728909518,0.017307877765833042,0.012354318564429426,-0.07729069525568123,-0.04071287720882396,0.1015355310728912,0.021421600593017294
WK051201,Wijk 01 Gorinchem binnenstad,2020,4.149396712263811,0.047131861120125365,0.02066887432602373,-0.0641607983888639,-0.04772615934876439,0.12224739377919604,0.016102550752533577
WK051201,Wijk 01 Gorinchem binnenstad,2022,4.067907511656443,-0.03435733948724193,0.017132047089120927,-0.07747352747068549,-0.05412105600776365,0.06516926836344925,0.014935928538636744
WK051202,Wijk 02 Wijdschild,2002,4.155456206728102,0.053191355584416726,NA,NA,NA,NA,NA
WK051202,Wijk 02 Wijdschild,2008,4.142018524100901,0.039753672957215186,NA,NA,NA,NA,NA
WK051202,Wijk 02 Wijdschild,2012,4.139078280889614,0.03681342974592953,NA,NA,NA,NA,NA
WK051202,Wijk 02 Wijdschild,2014,4.138300791622781,0.036035940479095446,0.0012659606332074361,0.03664627531213269,0.019493692362157606,-0.01422864116310758,-0.007141346665294965
WK051202,Wijk 02 Wijdschild,2016,4.173166916712678,0.07090206556899348,NA,NA,NA,NA,NA
WK051202,Wijk 02 Wijdschild,2018,4.217256053775187,0.11499120263150202,-0.0025876602546591877,0.05357312663431125,0.017311170108478605,0.03642977365835612,0.010264792485014931
WK051202,Wijk 02 Wijdschild,2020,4.220972248424409,0.11870739728072291,-0.002369064766841948,0.059627637806478874,0.015164936278578199,0.049031126834891255,-0.0027472388723836986
WK051202,Wijk 02 Wijdschild,2022,4.17689705469852,0.07463220355483498,-0.005350628108093056,0.0399316525151087,0.011156706227744688,0.002969753553339987,0.02592471936673443
WK051203,Wijk 03 Lingewijk,2002,3.938230852192502,-0.1640339989511835,NA,NA,NA,NA,NA
WK051203,Wijk 03 Lingewijk,2008,3.9673787418173654,-0.13488610932631964,NA,NA,NA,NA,NA
WK051203,Wijk 03 Lingewijk,2012,4.002739670733659,-0.09952518041002616,NA,NA,NA,NA,NA
WK051203,Wijk 03 Lingewijk,2014,4.0127317088763155,-0.08953314226736937,-0.028969394044444374,-0.031575451622435,-0.027668294679978053,-0.0389454674332229,0.03762546551271073
WK051203,Wijk 03 Lingewijk,2016,4.073440432356767,-0.02882441878691773,NA,NA,NA,NA,NA
WK051203,Wijk 03 Lingewijk,2018,4.0875815636653465,-0.014683287478339113,-0.02683791140872567,-0.004681491084869108,-0.026675529140911397,0.007792456858008883,0.035719187298157914
WK051203,Wijk 03 Lingewijk,2020,4.1144875240577115,0.012222672914026548,-0.027017026206552726,0.009490607703155858,-0.03149707732831888,0.027158958037849644,0.034087210707892314
WK051203,Wijk 03 Lingewijk,2022,4.080586676898824,-0.021678174244860758,-0.022995435439814138,0.016572599572684914,-0.036821343690466725,-0.01723997409738784,0.038805979410122704
WK051204,Wijk 04 haarwijk,2002,3.9852565574215504,-0.11700829372213466,NA,NA,NA,NA,NA
WK051204,Wijk 04 haarwijk,2008,3.981838363233053,-0.12042648791063221,NA,NA,NA,NA,NA
WK051204,Wijk 04 haarwijk,2012,3.951048126555496,-0.1512167245881893,NA,NA,NA,NA,NA
WK051204,Wijk 04 haarwijk,2014,3.9413519148831058,-0.16091293626057954,-0.020610175539370373,-0.04290117490925301,-0.037898532679970315,-0.013333240412124447,-0.04616981271986165
WK051204,Wijk 04 haarwijk,2016,3.9728753669198817,-0.12938948422380359,NA,NA,NA,NA,NA
WK051204,Wijk 04 haarwijk,2018,3.9777833727917207,-0.12448147835196449,-0.02539395132317717,-0.04881379992062779,-0.037631808055376297,0.037361879481161306,-0.050003798533944814
WK051204,Wijk 04 haarwijk,2020,4.0071762700742495,-0.09508858106943525,-0.0207803605711391,-0.04702574732671794,-0.039450641158720275,0.05912422373037733,-0.04695605574323557
WK051204,Wijk 04 haarwijk,2022,3.980379244820549,-0.12188560632313684,-0.020579457209794195,-0.04397328297945968,-0.03475434714610326,0.004702931766258013,-0.027281450754037956
WK051205,Wijk 05 Stalkaarsen,2002,3.904584372224316,-0.19768047891936946,NA,NA,NA,NA,NA
WK051205,Wijk 05 Stalkaarsen,2008,3.9800557239828613,-0.12220912716082356,NA,NA,NA,NA,NA
WK051205,Wijk 05 Stalkaarsen,2012,3.954724976025929,-0.14753987511775613,NA,NA,NA,NA,NA
WK051205,Wijk 05 Stalkaarsen,2014,3.9483757543248457,-0.15388909681883958,-0.031153343759092907,-0.047145964625208384,-0.019896884219693916,-0.00300473514766289,-0.052688169067181774
WK051205,Wijk 05 Stalkaarsen,2016,3.963608081794936,-0.1386567693487496,NA,NA,NA,NA,NA
WK051205,Wijk 05 Stalkaarsen,2018,3.973799357582375,-0.12846549356131032,-0.03166140655549269,-0.045850433553027974,-0.03416099098084196,0.04243986847311019,-0.05923253094505815
WK051205,Wijk 05 Stalkaarsen,2020,4.014757972522772,-0.08750687862091291,-0.028053701713369204,-0.05802829065418914,-0.020635632492460955,0.05566943865688085,-0.03645869241777476
WK051205,Wijk 05 Stalkaarsen,2022,3.989878035683503,-0.11238681546018253,-0.027385760371876677,-0.04582148635200389,-0.018396629890729342,0.012253473758946726,-0.03303641260451956
WK051206,Wijk 06 Gildenwijk,2002,4.014873669509832,-0.08739118163385279,NA,NA,NA,NA,NA
WK051206,Wijk 06 Gildenwijk,2008,3.9877886987748825,-0.11447615236880253,NA,NA,NA,NA,NA
WK051206,Wijk 06 Gildenwijk,2012,3.958879206197414,-0.14338564494627148,NA,NA,NA,NA,NA
WK051206,Wijk 06 Gildenwijk,2014,3.939022425186721,-0.16324242595696423,-0.023279164802969907,-0.029276036450044163,-0.06836241888509806,0.022135145854876023,-0.06445995167372841
WK051206,Wijk 06 Gildenwijk,2016,3.980011704379728,-0.12225314676395667,NA,NA,NA,NA,NA
WK051206,Wijk 06 Gildenwijk,2018,3.9516060336317573,-0.1506588175119278,-0.026168349917013115,-0.059592348965755236,-0.06687027184347574,0.06314113814194221,-0.061168984927626215
WK051206,Wijk 06 Gildenwijk,2020,3.997905165527979,-0.10435968561570635,-0.022106728025108425,-0.03847148382804196,-0.06484518725630735,0.08193269212415451,-0.0608689786304034
WK051206,Wijk 06 Gildenwijk,2022,3.952769497238991,-0.14949535390469432,-0.019354777180213233,-0.059182624106552055,-0.0638715915992255,0.041346135405244885,-0.0484324964239487
WK051207,Wijk 07 Schelluinsestraat,2002,4.2304553646043335,0.12819051346064844,NA,NA,NA,NA,NA
WK051207,Wijk 07 Schelluinsestraat,2008,4.1927488065693055,0.09048395542562068,NA,NA,NA,NA,NA
WK051207,Wijk 07 Schelluinsestraat,2012,4.121395132580676,0.01913028143699056,NA,NA,NA,NA,NA
WK051207,Wijk 07 Schelluinsestraat,2014,4.125062877009671,0.02279802586598559,-0.045702745942427854,0.04059100583348467,0.032774761170472275,-0.00796176855032289,0.003096773354779281
WK051207,Wijk 07 Schelluinsestraat,2016,4.104347859717529,0.0020830085738435212,NA,NA,NA,NA,NA
WK051207,Wijk 07 Schelluinsestraat,2018,4.102962449696435,6.975985527500786e-4,-0.05618763299306134,-0.010349402489561857,0.02122916454680367,0.03203335490406569,0.013972114584503724
WK051207,Wijk 07 Schelluinsestraat,2020,4.168641300401672,0.0663764492579862,-0.05100461327501377,0.028568501819657928,0.0366737878219102,0.04159157667633642,0.010547196215095027
WK051207,Wijk 07 Schelluinsestraat,2022,4.071972900947202,-0.03029195019648294,-0.059549782370268235,-0.043249110798657855,0.051992043849768535,0.0024001713471636173,0.018114727775510743
WK051208,Wijk 08 Avelingen Oost,2002,4.205681565792418,0.10341671464873227,NA,NA,NA,NA,NA
WK051208,Wijk 08 Avelingen Oost,2008,4.14446273147125,0.042197880327564344,NA,NA,NA,NA,NA
WK051208,Wijk 08 Avelingen Oost,2012,4.277641212158313,0.17537636101462825,NA,NA,NA,NA,NA
WK051208,Wijk 08 Avelingen Oost,2014,4.312793503620481,0.2105286524767963,0.006042823166898779,0.05314545372521108,0.1193630376001038,0.015565142870690848,0.01641219511389177
WK051208,Wijk 08 Avelingen Oost,2016,4.278493216776707,0.17622836563302188,NA,NA,NA,NA,NA
WK051208,Wijk 08 Avelingen Oost,2018,4.312935756364869,0.2106709052211844,0.007718961524358716,0.05398919793889792,0.06751685505041655,0.05451583353788372,0.0269300571696274
WK051208,Wijk 08 Avelingen Oost,2020,4.319291878060853,0.2170270269171679,0.012457986743810422,0.056179658649727786,0.06372307544087032,0.05839470770360011,0.026271598379158993
WK051208,Wijk 08 Avelingen Oost,2022,4.219592238693566,0.11732738754988088,0.026414461651560067,0.014923294147387169,0.04043713329187529,0.012148261053296187,0.023404237405762116
WK051209,Wijk 09 Avelingen West,2002,4.431872316178589,0.3296074650349044,NA,NA,NA,NA,NA
WK051209,Wijk 09 Avelingen West,2008,4.03536176901602,-0.06690308212766483,NA,NA,NA,NA,NA
WK051209,Wijk 09 Avelingen West,2012,4.308869912864887,0.20660506172120136,NA,NA,NA,NA,NA
WK051209,Wijk 09 Avelingen West,2014,4.364856625573247,0.2625917744295614,-0.01262643923257965,0.1278698174462985,0.15369816346332374,-0.08464681392017157,0.07829704667268976
WK051209,Wijk 09 Avelingen West,2016,4.427051120116305,0.32478626897261964,NA,NA,NA,NA,NA
WK051209,Wijk 09 Avelingen West,2018,4.400084993425401,0.2978201422817164,0.016739061696454206,0.11788485032550686,0.15125652907394804,-0.053522041803229094,0.06546174298903636
WK051209,Wijk 09 Avelingen West,2020,4.419221548638168,0.3169566974944825,0.009565859847260105,0.1368471914323754,0.15471918336263996,-0.04875361813561141,0.06457808098781805
WK051209,Wijk 09 Avelingen West,2022,4.36706890229837,0.26480405115468464,0.016388991522078133,0.10744232047177474,0.14256898672672172,-0.08454708224869056,0.0829508346828007
WK051210,Wijk 10 Molenvliet,2002,3.878160308400916,-0.22410454274276947,NA,NA,NA,NA,NA
WK051210,Wijk 10 Molenvliet,2008,3.943984250555691,-0.15828060058799442,NA,NA,NA,NA,NA
WK051210,Wijk 10 Molenvliet,2012,3.9360402534107948,-0.16622459773289044,NA,NA,NA,NA,NA
WK051210,Wijk 10 Molenvliet,2014,4.074858068064563,-0.027406783079122476,-0.035624085313032385,0.028595485727832517,0.021015721144712736,-0.08315604757999988,0.041762142941364246
WK051210,Wijk 10 Molenvliet,2016,4.179368962852834,0.07710411170914881,NA,NA,NA,NA,NA
WK051210,Wijk 10 Molenvliet,2018,4.173698643948938,0.07143379280525207,-0.008534201598863174,0.06047411334410121,0.021950793951921475,-0.0523876772904008,0.04993076439849285
WK051210,Wijk 10 Molenvliet,2020,4.204611478423114,0.10234662727942924,-0.01571452946254195,0.06093329295177076,0.06327508046031396,-0.04305453373859872,0.03690731706848509
WK051210,Wijk 10 Molenvliet,2022,4.107242396437125,0.004977545293440601,-0.01607904765131361,6.412814840021533e-5,0.042667936011403,-0.07675109301741886,0.05507562180236986
WK051211,Wijk 11 laag Dalem,2002,4.047004917795007,-0.05525993334867799,NA,NA,NA,NA,NA
WK051211,Wijk 11 laag Dalem,2008,4.049640485360931,-0.05262436578275393,NA,NA,NA,NA,NA
WK051211,Wijk 11 laag Dalem,2012,4.0602777391934275,-0.04198711195025788,NA,NA,NA,NA,NA
WK051211,Wijk 11 laag Dalem,2014,4.096878792855086,-0.005386058288599365,-0.006215421296125777,0.048274433186610455,0.010957982389560975,-0.042525532993441785,-0.015877519575203572
WK051211,Wijk 11 laag Dalem,2016,4.1140327088911715,0.011767857747486126,NA,NA,NA,NA,NA
WK051211,Wijk 11 laag Dalem,2018,4.151955073759698,0.0496902226160127,-0.009893392190591875,0.053531586384000913,0.003668119112400489,-0.0030744268409474596,0.005458336151150339
WK051211,Wijk 11 laag Dalem,2020,4.149420643136446,0.047155791992760925,-0.008364837150969943,0.045649275706888204,0.004631805292020814,0.011198270251183938,-0.005958722106362349
WK051211,Wijk 11 laag Dalem,2022,4.121922612749238,0.01965776160555259,-0.0026702524089071483,0.03659341249814846,5.344892317899164e-4,-0.031024624758394438,0.01622473704291554
WK051212,Wijk 12 Dalem,2002,4.0716925191163105,-0.030572332027374992,NA,NA,NA,NA,NA
WK051212,Wijk 12 Dalem,2008,4.029234707471422,-0.0730301436722636,NA,NA,NA,NA,NA
WK051212,Wijk 12 Dalem,2012,4.06400040236595,-0.038264448777734876,NA,NA,NA,NA,NA
WK051212,Wijk 12 Dalem,2014,4.109067065236139,0.006802214092453816,-0.009808330022909484,0.07591035646742923,0.05053577727425997,-0.11695244085654856,0.007116851230222426
WK051212,Wijk 12 Dalem,2016,4.0939513087138995,-0.008313542429785882,NA,NA,NA,NA,NA
WK051212,Wijk 12 Dalem,2018,4.149114665715126,0.046849814571440745,-0.01276440656361442,0.08388850294802104,0.04570449354299257,-0.08467622884202511,0.014697453486066383
WK051212,Wijk 12 Dalem,2020,4.174581435418115,0.0723165842744294,-0.010512035679593888,0.09031859844700606,0.045225291799470255,-0.06374312701878179,0.01102785672632836
WK051212,Wijk 12 Dalem,2022,4.145495300582189,0.043230449438503384,0.002305674175681597,0.07195531466395602,0.03945936603017831,-0.09065561609166728,0.02016571066035443
WK051213,Wijk 13 Hoog Dalem,2002,4.078285681754683,-0.023979169389001846,NA,NA,NA,NA,NA
WK051213,Wijk 13 Hoog Dalem,2008,4.074572798534183,-0.02769205260950249,NA,NA,NA,NA,NA
WK051213,Wijk 13 Hoog Dalem,2012,4.234238149141309,0.13197329799762278,NA,NA,NA,NA,NA
WK051213,Wijk 13 Hoog Dalem,2014,4.188391291223878,0.08612644008019331,-0.03656356069215935,0.0824782763447141,0.10459576522773865,-0.08764626973531602,0.023262228935215522
WK051213,Wijk 13 Hoog Dalem,2016,4.37052352754383,0.2682586764001452,NA,NA,NA,NA,NA
WK051213,Wijk 13 Hoog Dalem,2018,4.207926245508899,0.10566139436521321,-0.023267177132287913,0.0828415528928268,0.08879727931245417,-0.06307387153407198,0.0203636108262918
WK051213,Wijk 13 Hoog Dalem,2020,4.180265055608666,0.07800020446498081,-0.03341066857002773,0.06339963121380288,0.07018833792816555,-0.047159144457234015,0.02498204835027377
WK051213,Wijk 13 Hoog Dalem,2022,4.160353076414714,0.05808822527102942,-0.011407767608734812,0.05577661907464656,0.059245889188115276,-0.07296222100973046,0.0274357056267326
WK051214,Wijk 14 Bedrijventerrein Oost,2002,4.2198488585229565,0.11758400737927073,NA,NA,NA,NA,NA
WK051214,Wijk 14 Bedrijventerrein Oost,2008,4.229992296138467,0.12772744499478156,NA,NA,NA,NA,NA
WK051214,Wijk 14 Bedrijventerrein Oost,2012,4.211701927278268,0.10943707613458299,NA,NA,NA,NA,NA
WK051214,Wijk 14 Bedrijventerrein Oost,2014,4.18387673975794,0.0816118886142551,0.015238816772496892,-0.009053569357675774,0.0502573458653879,-0.0368209120466201,0.061990207380665886
WK051214,Wijk 14 Bedrijventerrein Oost,2016,4.269191593777897,0.1669267426342121,NA,NA,NA,NA,NA
WK051214,Wijk 14 Bedrijventerrein Oost,2018,4.266012738831608,0.16374788768792328,-0.01389964199925566,0.03282767317685239,0.061403924641861556,0.004023467591858486,0.07939246427660633
WK051214,Wijk 14 Bedrijventerrein Oost,2020,4.2445077921392516,0.14224294099556672,-0.0050279743038405345,0.03136706164226089,0.03352987305165851,0.019158852496099634,0.06321512810938812
WK051214,Wijk 14 Bedrijventerrein Oost,2022,4.148876320944616,0.04661146980093082,-0.016588927278467166,-0.0070281279743464415,0.02862338087294893,-0.019577104076872884,0.061182248257668256
WK051215,Wijk 15 Papland,2002,4.232328972464606,0.13006412132092038,NA,NA,NA,NA,NA
WK051215,Wijk 15 Papland,2008,4.297149155043878,0.1948843039001937,NA,NA,NA,NA,NA
WK051215,Wijk 15 Papland,2012,4.132841124016197,0.03057627287251246,NA,NA,NA,NA,NA
WK051215,Wijk 15 Papland,2014,4.172590951213576,0.0703261000698906,-0.13110300959756888,0.07671139045677826,0.1350023064853613,-0.06880074593404767,0.058516158659367344
WK051215,Wijk 15 Papland,2016,4.012924589862676,-0.08934026128100873,NA,NA,NA,NA,NA
WK051215,Wijk 15 Papland,2018,4.187454272094056,0.08518942095037094,-0.16123372629680785,0.08999109403211546,0.12038042952544958,-0.027913430223849352,0.06396505391346294
WK051215,Wijk 15 Papland,2020,4.185223797441538,0.0829589462978533,-0.15484221012700358,0.10051006202431877,0.07982501609099338,-0.017032839976216612,0.07449891828576101
WK051215,Wijk 15 Papland,2022,4.101363386472818,-9.014646708673167e-4,-0.15277287745780513,0.06478528768870052,0.08101002986912735,-0.060036257508553126,0.06611235273766308
WK051216,Wijk 16 schotdeuren,2002,4.272593461049895,0.17032860990620935,NA,NA,NA,NA,NA
WK051216,Wijk 16 schotdeuren,2008,4.257125028232773,0.15486017708908792,NA,NA,NA,NA,NA
WK051216,Wijk 16 schotdeuren,2012,4.271655686809152,0.16939083566546637,NA,NA,NA,NA,NA
WK051216,Wijk 16 schotdeuren,2014,4.255233924895192,0.15296907375150756,-0.017634631545542855,0.06227932394244983,0.10347696223385705,-0.055212886850123176,0.060060305970866215
WK051216,Wijk 16 schotdeuren,2016,4.219778289625521,0.11751343848183624,NA,NA,NA,NA,NA
WK051216,Wijk 16 schotdeuren,2018,4.2868527029060655,0.18458785176238054,-0.009437643655700316,0.05765844765290215,0.07319627275461152,-0.007047948174566197,0.07021872318513357
WK051216,Wijk 16 schotdeuren,2020,4.315646621395396,0.21338177025171026,-0.014663723173241546,0.051326474990970754,0.11039910107010763,0.01604441236340065,0.05027550500047245
WK051216,Wijk 16 schotdeuren,2022,4.24914624823833,0.14688139709464407,-0.012967263385206373,0.039662749805549825,0.10393125961918093,-0.03459902382593008,0.05085367488104963
WK051217,Wijk 17 Bedrijventerrein Noord,2002,4.188568954307262,0.0863041031635765,NA,NA,NA,NA,NA
WK051217,Wijk 17 Bedrijventerrein Noord,2008,4.442795040815798,0.3405301896721129,NA,NA,NA,NA,NA
WK051217,Wijk 17 Bedrijventerrein Noord,2012,4.360726481107958,0.25846162996427235,NA,NA,NA,NA,NA
WK051217,Wijk 17 Bedrijventerrein Noord,2014,4.363756530691837,0.26149167954815145,-0.010324121483688942,0.15475578791017014,0.13513630672911925,-0.08848334892437482,0.07040705531692543
WK051217,Wijk 17 Bedrijventerrein Noord,2016,4.346954817651919,0.2446899665082336,NA,NA,NA,NA,NA
WK051217,Wijk 17 Bedrijventerrein Noord,2018,4.348181230337876,0.24591637919419096,0.002347604778905943,0.13164781114454185,0.09871772659291045,-0.05970057357679981,0.07290381025463255
WK051217,Wijk 17 Bedrijventerrein Noord,2020,4.349050437106552,0.2467855859628667,0.005035839372603268,0.07918348189419844,0.1312213286072192,-0.036155414488168836,0.06750035057701437
WK051217,Wijk 17 Bedrijventerrein Noord,2022,4.315097862020573,0.21283301087688766,-0.003084790007028937,0.11327469110719202,0.12206587613760006,-0.08723189997277081,0.06780913361189467
WK051218,Wijk 18 Landelijk gebied West,2002,4.245522377254584,0.14325752611089884,NA,NA,NA,NA,NA
WK051218,Wijk 18 Landelijk gebied West,2008,4.254035357680313,0.15177050653662794,NA,NA,NA,NA,NA
WK051218,Wijk 18 Landelijk gebied West,2012,4.168936518765486,0.06667166762180088,NA,NA,NA,NA,NA
WK051218,Wijk 18 Landelijk gebied West,2014,4.160633191542913,0.05836834039922729,-0.10981156758626438,0.08957829684837927,0.10763694192490242,-0.1322772851187135,0.10324195433092327
WK051218,Wijk 18 Landelijk gebied West,2016,4.161462071315184,0.05919722017149872,NA,NA,NA,NA,NA
WK051218,Wijk 18 Landelijk gebied West,2018,4.25227490209666,0.1500100509529754,-0.04793144175209597,0.11099812311968196,0.08069040031735665,-0.10314040754939605,0.10939337681742851
WK051218,Wijk 18 Landelijk gebied West,2020,4.252928063379081,0.15066321223539642,-0.08520993103969877,0.08112694074139376,0.13574135116544694,-0.09081410617294923,0.10981895754120333
WK051218,Wijk 18 Landelijk gebied West,2022,4.235263223395631,0.13299837225194516,-0.07472784752184101,0.08389531776932947,0.14065430685988303,-0.12265781927672842,0.10583441442130218
WK051219,Wijk 19 Landelijk gebied Noord,2002,4.328990626402772,0.22672577525908721,NA,NA,NA,NA,NA
WK051219,Wijk 19 Landelijk gebied Noord,2008,4.35149386879151,0.24922901764782512,NA,NA,NA,NA,NA
WK051219,Wijk 19 Landelijk gebied Noord,2012,4.101721311221339,-5.435399223463477e-4,NA,NA,NA,NA,NA
WK051219,Wijk 19 Landelijk gebied Noord,2014,4.078382902696046,-0.023881948447638912,-0.09333989818836402,-0.040722669490245084,0.08240206433454128,-0.06391979886308452,0.09169835375951285
WK051219,Wijk 19 Landelijk gebied Noord,2016,4.177232570753216,0.07496771960953108,NA,NA,NA,NA,NA
WK051219,Wijk 19 Landelijk gebied Noord,2018,4.316879664750525,0.21461481360683976,-0.05011763351772952,0.11764449933647443,0.0763578595192595,-0.023465020428384387,0.09419510869722003
WK051219,Wijk 19 Landelijk gebied Noord,2020,4.2899439583187595,0.1876791071750743,-0.06240033499617337,0.08220868189642729,0.1444196410525062,-0.005392414156366598,0.028843533378680508
WK051219,Wijk 19 Landelijk gebied Noord,2022,4.216140527463813,0.11387567632012807,-0.046247448447047645,0.03891269283021965,0.14216578627113985,-0.05255371309443435,0.03159835876025058
WK051301,Binnenstad,2002,4.018810219099675,-0.08345463204400999,NA,NA,NA,NA,NA
WK051301,Binnenstad,2008,4.074120647638381,-0.028144203505304298,NA,NA,NA,NA,NA
WK051301,Binnenstad,2012,4.081526731818234,-0.020738119325451804,NA,NA,NA,NA,NA
WK051301,Binnenstad,2014,4.04930335050183,-0.052961500641855085,-0.004296160827551339,-0.1441860186360473,-0.033160169670383315,0.1467084375334887,-0.01802758904136208
WK051301,Binnenstad,2016,4.102469795665325,2.049445216397481e-4,NA,NA,NA,NA,NA
WK051301,Binnenstad,2018,4.113375326166716,0.01111047502303138,-0.012837624664807928,-0.10690384575949002,-0.034598241293934504,0.1476416770207856,0.017808509720477976
WK051301,Binnenstad,2020,4.089181560373738,-0.013083290769947591,-0.004622626587733302,-0.10484572439107873,-0.03847179239044124,0.15630662526123218,-0.02144977266192675
WK051301,Binnenstad,2022,4.100424168655057,-0.0018406824886283545,-0.00202765830323882,-0.12568128135459908,-0.03974166261627011,0.14495205368913558,0.020657866096343777
WK051302,De Korte Akkeren,2002,3.9383433034981463,-0.1639215476455386,NA,NA,NA,NA,NA
WK051302,De Korte Akkeren,2008,3.9356241101716956,-0.1666407409719892,NA,NA,NA,NA,NA
WK051302,De Korte Akkeren,2012,3.9704414790848843,-0.13182337205880085,NA,NA,NA,NA,NA
WK051302,De Korte Akkeren,2014,3.9414223959387145,-0.1608424552049708,-0.024369237411606796,-0.12307915617366318,-0.03716966788159229,0.08829961869762976,-0.06452401243573853
WK051302,De Korte Akkeren,2016,3.9907600211617247,-0.111504829981961,NA,NA,NA,NA,NA
WK051302,De Korte Akkeren,2018,3.9961227313189633,-0.106142119824722,-0.024776043575798563,-0.09396533438500901,-0.03824258214202245,0.10281580640669703,-0.05197396612858931
WK051302,De Korte Akkeren,2020,4.031580662293717,-0.07068418884996842,-0.022184303853744293,-0.07646290423945679,-0.03894192060085575,0.11821858966824964,-0.05131364982416151
WK051302,De Korte Akkeren,2022,3.9872617840835707,-0.11500306706011502,-0.02249382255210166,-0.10417313200474974,-0.03916099448350039,0.09351879929102357,-0.042693917310787095
WK051303,Bloemendaal,2002,4.018756281735827,-0.08350856940785754,NA,NA,NA,NA,NA
WK051303,Bloemendaal,2008,4.053179909136475,-0.049084942007210204,NA,NA,NA,NA,NA
WK051303,Bloemendaal,2012,4.063796769044173,-0.03846808209951256,NA,NA,NA,NA,NA
WK051303,Bloemendaal,2014,4.057266201906838,-0.04499864923684649,-0.01604752775552082,-0.03464448821567464,-0.019975305457423927,0.05811391133176059,-0.03244523913998797
WK051303,Bloemendaal,2016,4.091039941004233,-0.01122491013945169,NA,NA,NA,NA,NA
WK051303,Bloemendaal,2018,4.129961781114804,0.027696929971118275,-0.019733158364675592,0.0068129771627918985,-0.019107442538803428,0.07441186245468749,-0.014687308742882398
WK051303,Bloemendaal,2020,4.159688714170074,0.057423863026388994,-0.010683557176519233,0.0074551749330974745,-0.005448850028894912,0.08515035931557825,-0.01904926401687287
WK051303,Bloemendaal,2022,4.145739323538546,0.04347447239486079,-0.009783937666925476,-0.012751355336977263,-0.006747915308051446,0.08413859412912905,-0.011380913422314409
WK051304,Plaswijck,2002,3.998644102546298,-0.10362074859738717,NA,NA,NA,NA,NA
WK051304,Plaswijck,2008,4.024849034615933,-0.07741581652775274,NA,NA,NA,NA,NA
WK051304,Plaswijck,2012,4.044063031732591,-0.05820181941109422,NA,NA,NA,NA,NA
WK051304,Plaswijck,2014,4.0532867926666505,-0.04897805847703521,0.0047117649364838594,-0.054031194591313246,-0.01625809193830733,0.02370049626456913,-0.007101033148467889
WK051304,Plaswijck,2016,4.073794216276772,-0.028470634866913414,NA,NA,NA,NA,NA
WK051304,Plaswijck,2018,4.111258238376229,0.00899338723254407,-5.095200669808524e-4,-0.00998314595711459,-0.015482088049212814,0.0343212901260844,6.468511797676291e-4
WK051304,Plaswijck,2020,4.125310737672786,0.02304588652910117,0.0035531946480255434,-0.006300094186474108,-0.01436625288400637,0.043662900126904276,-0.003503861175348458
WK051304,Plaswijck,2022,4.1318303844956334,0.02956553335194799,0.0061076187517500975,-0.006306387180125946,-0.015529638163846225,0.036694514533026794,0.008599425411143011
WK051305,Noord,2002,3.9536468140387413,-0.14861803710494398,NA,NA,NA,NA,NA
WK051305,Noord,2008,3.9761471477840664,-0.12611770335961844,NA,NA,NA,NA,NA
WK051305,Noord,2012,3.9900901377497764,-0.11217471339390891,NA,NA,NA,NA,NA
WK051305,Noord,2014,4.0197454565674695,-0.08251939457621628,-0.015732877337674735,-0.06648131986744063,-0.026105405614434335,0.06978412660598893,-0.04398391836265579
WK051305,Noord,2016,4.041763162776554,-0.06050168836713217,NA,NA,NA,NA,NA
WK051305,Noord,2018,4.071992934865152,-0.030271916278532707,-0.017100831221634277,-0.0403979572657278,-0.019645707509829257,0.07784586507814673,-0.0309732853594884
WK051305,Noord,2020,4.09065125873848,-0.011613592405205738,-0.00991437983537951,-0.038425578898127484,-0.022528330633647356,0.08829211068817895,-0.02903741372623063
WK051305,Noord,2022,4.114721895592412,0.012457044448727358,-0.0061374533627693365,-0.017420061011973114,-0.024661394253526137,0.08105109290821347,-0.02037513983121779
WK051306,Kort Haarlem,2002,4.041690923695634,-0.060573927448050714,NA,NA,NA,NA,NA
WK051306,Kort Haarlem,2008,4.0277392376729075,-0.0745256134707778,NA,NA,NA,NA,NA
WK051306,Kort Haarlem,2012,4.045426898906866,-0.05683795223681918,NA,NA,NA,NA,NA
WK051306,Kort Haarlem,2014,4.016155993486015,-0.08610885765767105,-0.015379005143849949,-0.10324188097341785,-0.029658999872543453,0.09957367907709704,-0.0374026507449571
WK051306,Kort Haarlem,2016,4.0169839488751,-0.08528090226858502,NA,NA,NA,NA,NA
WK051306,Kort Haarlem,2018,4.04614664419023,-0.05611820695345481,-0.02460753280226709,-0.07782602575174823,-0.026333797353784653,0.08710189495416959,-0.0144527459998247
WK051306,Kort Haarlem,2020,4.04528941608966,-0.056975435054024956,-0.01339208844331368,-0.0850605083516252,-0.023041716930699573,0.08585159257222345,-0.021332713900610294
WK051306,Kort Haarlem,2022,4.0509197422455925,-0.05134510889809295,-0.013506611350487724,-0.08447650815717643,-0.02738363506423764,0.0788190728304968,-0.004797427156688245
WK051307,Goverwelle,2002,3.9024108889649707,-0.19985396217871512,NA,NA,NA,NA,NA
WK051307,Goverwelle,2008,3.87843287851631,-0.22383197262737495,NA,NA,NA,NA,NA
WK051307,Goverwelle,2012,3.843987553324366,-0.25827729781931913,NA,NA,NA,NA,NA
WK051307,Goverwelle,2014,3.9129955606094873,-0.1892692905341982,-0.007262233579439526,-0.09903456742957381,-0.015256876557469577,-0.02409732371236356,-0.04361828925535198
WK051307,Goverwelle,2016,3.9251043523107736,-0.1771604988329114,NA,NA,NA,NA,NA
WK051307,Goverwelle,2018,3.937652121184485,-0.1646127299591998,-0.017099831840545986,-0.0766772971961291,-0.02417110427807205,-0.02458782742089848,-0.022076669223554495
WK051307,Goverwelle,2020,3.9799533951960773,-0.1223114559476078,-0.018444419813201145,-0.035956063942705854,-0.02393918151302974,-0.017423428368074048,-0.026548362310597297
WK051307,Goverwelle,2022,3.993523342722284,-0.10874150842140141,-0.005635142515206408,-0.04714529345106355,-0.021040492540823588,-0.02809849820521643,-0.006822081709091679
WK051308,Stolwijkersluis,2002,4.329205719205308,0.22694086806162234,NA,NA,NA,NA,NA
WK051308,Stolwijkersluis,2008,4.264579566804339,0.16231471566065386,NA,NA,NA,NA,NA
WK051308,Stolwijkersluis,2012,4.28953327321473,0.18726842207104571,NA,NA,NA,NA,NA
WK051308,Stolwijkersluis,2014,4.188916302555948,0.0866514514122629,-0.07312893471581047,-0.008656954625423773,0.08597215390435711,0.023150258940035126,0.05931492790910458
WK051308,Stolwijkersluis,2016,4.231632078435187,0.1293672272915017,NA,NA,NA,NA,NA
WK051308,Stolwijkersluis,2018,4.249245091060508,0.14698023991682221,-0.05799974827164355,0.032010944753755856,0.07598918554080095,0.026628460327184272,0.07035139756672437
WK051308,Stolwijkersluis,2020,4.215464990704305,0.11320013956061978,-0.06758808684453631,0.030958121013566448,0.06391885912403969,0.0386861346433624,0.04722511162418707
WK051308,Stolwijkersluis,2022,4.217826798937333,0.115561947793648,-0.06120872427589536,0.01157132420077951,0.06094853330699442,0.037743515026403184,0.0665072995353661
WK051309,Westergouwe,2002,4.606353517713371,0.5040886665696857,NA,NA,NA,NA,NA
WK051309,Westergouwe,2008,4.702227108775091,0.5999622576314058,NA,NA,NA,NA,NA
WK051309,Westergouwe,2012,4.771019914314801,0.6687550631711159,NA,NA,NA,NA,NA
WK051309,Westergouwe,2014,4.328982318539136,0.22671746739545076,0.006605444923774403,-0.00860930869383552,0.17717242889640508,-0.03760408502012702,0.08915298728923367
WK051309,Westergouwe,2016,4.5771615469870515,0.4748966958433658,NA,NA,NA,NA,NA
WK051309,Westergouwe,2018,4.09161367304589,-0.010651178097795257,-0.0451255928254834,-0.03146395981393872,0.0713274297679214,-0.022528243664329064,0.017139188438034265
WK051309,Westergouwe,2020,4.1872499321429375,0.08498508099925188,-0.018470910001126186,0.00951937360355213,0.07222942303022488,0.0031602929299122,0.018546901436688624
WK051309,Westergouwe,2022,4.131935487484021,0.02967063634033575,-0.02644860674001446,-0.014160634436305768,0.06609656391904283,-0.015878724328364183,0.020062037925977112
WK051801,Wijk 01 Oostduinen,2002,4.670523481171254,0.5682586300275689,NA,NA,NA,NA,NA
WK051801,Wijk 01 Oostduinen,2008,4.645642433244442,0.5433775821007565,NA,NA,NA,NA,NA
WK051801,Wijk 01 Oostduinen,2012,4.6105526728978035,0.5082878217541182,NA,NA,NA,NA,NA
WK051801,Wijk 01 Oostduinen,2014,4.5692933019679955,0.4670284508243103,0.14917474745728596,0.1434038793912843,-7.617665862617029e-4,0.1522156647866051,0.02299592577539622
WK051801,Wijk 01 Oostduinen,2016,4.614464229310639,0.5121993781669536,NA,NA,NA,NA,NA
WK051801,Wijk 01 Oostduinen,2018,4.623150495540508,0.5208856443968228,0.19966052272813448,0.12075362371107062,-0.00612036111270986,0.17734634243586678,0.02924551663446029
WK051801,Wijk 01 Oostduinen,2020,4.710847828172894,0.6085829770292088,0.2691843840610575,0.1439174325705377,-0.0016317844441234852,0.17884253031234315,0.01827041452939404
WK051802,Wijk 02 Belgisch Park,2002,4.305220963048235,0.20295611190454982,NA,NA,NA,NA,NA
WK051802,Wijk 02 Belgisch Park,2008,4.30946525334157,0.20720040219788508,NA,NA,NA,NA,NA
WK051802,Wijk 02 Belgisch Park,2012,4.297540563704074,0.19527571256038823,NA,NA,NA,NA,NA
WK051802,Wijk 02 Belgisch Park,2014,4.322881627110931,0.22061677596724613,0.12264376576176259,-0.04056828971222197,-0.02676617727790718,0.15280165171778295,0.012505825477829458
WK051802,Wijk 02 Belgisch Park,2016,4.391705004276314,0.2894401531326293,NA,NA,NA,NA,NA
WK051802,Wijk 02 Belgisch Park,2018,4.3550555627156875,0.25279071157200184,0.09817754829859475,-0.02168748367570433,-0.030207743830605562,0.18516299641418796,0.021345394365528705
WK051802,Wijk 02 Belgisch Park,2020,4.364531653580243,0.2622668024365573,0.11000326291057923,-0.015748289672952318,-0.028265602117172283,0.17634182036540197,0.019935610950700417
WK051802,Wijk 02 Belgisch Park,2022,4.369643705153517,0.26737885400983163,0.11035456334293599,-0.04891209492920696,-0.03693062594925175,0.20603529159161016,0.03683171995374393
WK051803,Wijk 03 Westbroekpark en Duttendel,2002,4.544308954004574,0.4420441028608889,NA,NA,NA,NA,NA
WK051803,Wijk 03 Westbroekpark en Duttendel,2008,4.553786124888926,0.45152127374524204,NA,NA,NA,NA,NA
WK051803,Wijk 03 Westbroekpark en Duttendel,2012,4.525415092307695,0.42315024116401023,NA,NA,NA,NA,NA
WK051803,Wijk 03 Westbroekpark en Duttendel,2014,4.527524745306443,0.4252598941627579,0.11475048006675401,0.08902142762117862,0.0362257156930065,0.11017200240096905,0.07509026838084942
WK051803,Wijk 03 Westbroekpark en Duttendel,2016,4.5097893206781166,0.4075244695344311,NA,NA,NA,NA,NA
WK051803,Wijk 03 Westbroekpark en Duttendel,2018,4.516061688296552,0.4137968371528662,0.09272395230397382,0.06428384366835063,0.0349524474048955,0.14672493670700223,0.07511165706864367
WK051803,Wijk 03 Westbroekpark en Duttendel,2020,4.528516665890853,0.4262518147471681,0.0964365216707883,0.08937630417153276,0.03261913402749885,0.13957010082361354,0.06824975405373435
WK051803,Wijk 03 Westbroekpark en Duttendel,2022,4.5508131563005785,0.4485483051568932,0.10866907788331608,0.06662444985702248,0.027559199209574125,0.17247941761035837,0.07321616059662192
WK051804,Wijk 04 Benoordenhout,2002,4.482051009536214,0.37978615839252877,NA,NA,NA,NA,NA
WK051804,Wijk 04 Benoordenhout,2008,4.472934714040786,0.37066986289710113,NA,NA,NA,NA,NA
WK051804,Wijk 04 Benoordenhout,2012,4.443038964816645,0.34077411367295973,NA,NA,NA,NA,NA
WK051804,Wijk 04 Benoordenhout,2014,4.445852184645289,0.3435873335016035,0.07629274371441234,0.06794539112722679,0.014129513983483966,0.16181821348693406,0.023401471189546004
WK051804,Wijk 04 Benoordenhout,2016,4.470085181328027,0.36782033018434224,NA,NA,NA,NA,NA
WK051804,Wijk 04 Benoordenhout,2018,4.465238608627047,0.3629737574833615,0.07095659611739524,0.061690568135039675,0.011548833366031198,0.18890367380237555,0.029874086062519584
WK051804,Wijk 04 Benoordenhout,2020,4.454277389198257,0.35201253805457144,0.07515627451131796,0.05800468264455108,0.011032827773726224,0.18468638381140295,0.023132369313572935
WK051804,Wijk 04 Benoordenhout,2022,4.476169807140525,0.3739049559968402,0.08370071082274089,0.038764647765304035,0.005717522212522595,0.2073933671403322,0.03832870805594022
WK051805,Wijk 05 Archipelbuurt,2002,4.3650399663931685,0.2627751152494829,NA,NA,NA,NA,NA
WK051805,Wijk 05 Archipelbuurt,2008,4.409114954918705,0.30685010377501987,NA,NA,NA,NA,NA
WK051805,Wijk 05 Archipelbuurt,2012,4.385356927134847,0.2830920759911615,NA,NA,NA,NA,NA
WK051805,Wijk 05 Archipelbuurt,2014,4.411411831785099,0.3091469806414133,0.05777078279325901,0.00936525187577231,-0.02393801944754436,0.22714262483010578,0.03880634058982031
WK051805,Wijk 05 Archipelbuurt,2016,4.4488187828695835,0.34655393172589827,NA,NA,NA,NA,NA
WK051805,Wijk 05 Archipelbuurt,2018,4.4650943316875145,0.36282948054382863,0.04635503334624298,0.03014213961925121,-0.031491355280943434,0.2680931425986592,0.04973052026061839
WK051805,Wijk 05 Archipelbuurt,2020,4.48753064972005,0.38526579857636434,0.06781150527936279,0.0395270991406956,-0.034440144712290455,0.26044354892314464,0.0519237899454515
WK051805,Wijk 05 Archipelbuurt,2022,4.50210503378828,0.39984018264459453,0.05897856131407291,0.011923914101151874,-0.03514941495981752,0.3023991072823292,0.06168801490685771
WK051806,Wijk 06 Van Stolkpark en Scheveningse Bo,2002,4.508526239257932,0.40626138811424706,NA,NA,NA,NA,NA
WK051806,Wijk 06 Van Stolkpark en Scheveningse Bo,2008,4.565105982048249,0.4628411309045633,NA,NA,NA,NA,NA
WK051806,Wijk 06 Van Stolkpark en Scheveningse Bo,2012,4.541510689347421,0.43924583820373525,NA,NA,NA,NA,NA
WK051806,Wijk 06 Van Stolkpark en Scheveningse Bo,2014,4.526858808851862,0.4245939577081761,0.0933992269953657,0.06209691609658924,0.019078353482214122,0.15406868263479429,0.09595077849921241
WK051806,Wijk 06 Van Stolkpark en Scheveningse Bo,2016,4.504629684128364,0.40236483298467823,NA,NA,NA,NA,NA
WK051806,Wijk 06 Van Stolkpark en Scheveningse Bo,2018,4.574570636317841,0.47230578517415545,0.07164132601849671,0.09833947198989132,0.01960947679730507,0.19205131263487413,0.09066419773358797
WK051806,Wijk 06 Van Stolkpark en Scheveningse Bo,2020,4.525611340133863,0.42334648899017746,0.07965761906322018,0.07155818528808895,0.01461120458889977,0.1728701990845432,0.08464928096542501
WK051806,Wijk 06 Van Stolkpark en Scheveningse Bo,2022,4.5690517869928104,0.46678693584912595,0.09208465569982535,0.052210946736584184,0.00806964436295129,0.21180601249796058,0.10261567655180437
WK051807,Wijk 07 Scheveningen,2002,4.259645514000691,0.15738066285700505,NA,NA,NA,NA,NA
WK051807,Wijk 07 Scheveningen,2008,4.256701659495747,0.15443680835206278,NA,NA,NA,NA,NA
WK051807,Wijk 07 Scheveningen,2012,4.232050550824944,0.12978569968125833,NA,NA,NA,NA,NA
WK051807,Wijk 07 Scheveningen,2014,4.2207233586033635,0.11845850745967795,0.1018215128247228,-0.07177194003055994,-0.05451191479577634,0.1608791823256148,-0.017958332864323624
WK051807,Wijk 07 Scheveningen,2016,4.259889927709685,0.15762507656600044,NA,NA,NA,NA,NA
WK051807,Wijk 07 Scheveningen,2018,4.26041680118594,0.15815195004225505,0.0782725848387097,-0.06664641892037025,-0.05754336239600592,0.19870499521583956,0.005364151304081662
WK051807,Wijk 07 Scheveningen,2020,4.247895697554011,0.14563084641032545,0.08982120406865926,-0.06798995113432325,-0.05559971144125676,0.18227759349491157,-0.0028782885776656424
WK051807,Wijk 07 Scheveningen,2022,4.2676559547284265,0.16539110358474116,0.09031973164203337,-0.1044205484967806,-0.05676893031053863,0.21846972510222612,0.017791125647800634
WK051808,Wijk 08 Duindorp,2002,4.055611432327784,-0.04665341881590122,NA,NA,NA,NA,NA
WK051808,Wijk 08 Duindorp,2008,4.073655770478079,-0.028609080665606516,NA,NA,NA,NA,NA
WK051808,Wijk 08 Duindorp,2012,4.090664956428304,-0.011599894715380987,NA,NA,NA,NA,NA
WK051808,Wijk 08 Duindorp,2014,4.112609368707695,0.010344517564008997,0.15159289910939405,-0.10936548012313244,-0.0510797310623525,0.07198598208355425,-0.05278915244345467
WK051808,Wijk 08 Duindorp,2016,4.164344372371344,0.062079521227659154,NA,NA,NA,NA,NA
WK051808,Wijk 08 Duindorp,2018,4.1321715902795635,0.029906739135878106,0.13177810901431108,-0.09902891373865795,-0.054976369158572735,0.098558819685279,-0.04642490666648153
WK051808,Wijk 08 Duindorp,2020,4.149958970285855,0.04769411914216942,0.17390830931357346,-0.12721314993832364,-0.05458109591263488,0.10121989411038469,-0.04563983843083049
WK051808,Wijk 08 Duindorp,2022,4.182897659744069,0.08063280860038327,0.1850382688051326,-0.1510558835971962,-0.04631144094930045,0.1259092281996814,-0.032947363857934314
WK051809,Wijk 09 Geuzen- en Statenkwartier,2002,4.412810411287488,0.31054556014380236,NA,NA,NA,NA,NA
WK051809,Wijk 09 Geuzen- en Statenkwartier,2008,4.437686730837757,0.3354218796940714,NA,NA,NA,NA,NA
WK051809,Wijk 09 Geuzen- en Statenkwartier,2012,4.398790318526167,0.29652546738248237,NA,NA,NA,NA,NA
WK051809,Wijk 09 Geuzen- en Statenkwartier,2014,4.408563061228476,0.3062982100847907,0.07099633312471959,0.009574378130741275,-0.0341993172698049,0.1879172948882638,0.07200952121087063
WK051809,Wijk 09 Geuzen- en Statenkwartier,2016,4.417725429761347,0.31546057861766263,NA,NA,NA,NA,NA
WK051809,Wijk 09 Geuzen- en Statenkwartier,2018,4.44497841719843,0.3427135660547457,0.057353219365037615,0.021201574379701434,-0.038502331033720014,0.22652922697207117,0.07613187637165526
WK051809,Wijk 09 Geuzen- en Statenkwartier,2020,4.447858723659292,0.3455938725156069,0.06953819325907225,0.01839536439605587,-0.03870596871676494,0.21739236175483162,0.07897392182241186
WK051809,Wijk 09 Geuzen- en Statenkwartier,2022,4.486617473503172,0.38435262235948714,0.07028455194256863,0.007710938056628705,-0.036378881515478884,0.25358669759082886,0.08914931628493958
WK051810,Wijk 10 Zorgvliet,2002,4.487960212678904,0.385695361535219,NA,NA,NA,NA,NA
WK051810,Wijk 10 Zorgvliet,2008,4.53887056803516,0.43660571689147565,NA,NA,NA,NA,NA
WK051810,Wijk 10 Zorgvliet,2012,4.561761951729882,0.45949710058619736,NA,NA,NA,NA,NA
WK051810,Wijk 10 Zorgvliet,2014,4.599893021216897,0.4976281700732116,0.0985996541175303,0.07197473737497152,0.020812190407646473,0.205443359711151,0.10079822846191196
WK051810,Wijk 10 Zorgvliet,2016,4.590836593680478,0.48857174253679286,NA,NA,NA,NA,NA
WK051810,Wijk 10 Zorgvliet,2018,4.605807082515655,0.5035422313719696,0.08469686991544043,0.07099363957878475,0.016028593893508625,0.2487355589735073,0.08308756901072831
WK051810,Wijk 10 Zorgvliet,2020,4.597681148101611,0.495416296957925,0.08713529183562725,0.07261990921311397,0.014838240439906643,0.23357431961456343,0.08724853585471358
WK051810,Wijk 10 Zorgvliet,2022,4.622657683477101,0.5203928323334157,0.08719699676821953,0.06362016362074362,0.0017466363223147547,0.2760893755323778,0.09173966008975988
WK051811,Wijk 11 Duinoord,2002,4.393794342286383,0.29152949114269766,NA,NA,NA,NA,NA
WK051811,Wijk 11 Duinoord,2008,4.417867051713441,0.3156022005697557,NA,NA,NA,NA,NA
WK051811,Wijk 11 Duinoord,2012,4.403912739802803,0.30164788865911873,NA,NA,NA,NA,NA
WK051811,Wijk 11 Duinoord,2014,4.419504120448209,0.3172392693045232,0.059053211945219626,0.0057252997652344345,-0.05068825400130696,0.24353088073594303,0.05961813085943271
WK051811,Wijk 11 Duinoord,2016,4.465732098026467,0.3634672468827813,NA,NA,NA,NA,NA
WK051811,Wijk 11 Duinoord,2018,4.456661415732831,0.3543965645891456,0.04369700093856115,0.007087716959206602,-0.05093213959798319,0.2908230704365615,0.06372091585279935
WK051811,Wijk 11 Duinoord,2020,4.4636557801445225,0.36139092900083747,0.05103682774419963,0.010208939957535442,-0.0518313430597762,0.2891528773704343,0.06282362698844399
WK051811,Wijk 11 Duinoord,2022,4.497199527163318,0.39493467601963217,0.052657483422389136,0.003622722305839796,-0.05725432332501507,0.325844083994505,0.07006470962191302
WK051812,Wijk 12 Bomen- en Bloemenbuurt,2002,4.261582090333848,0.15931723919016208,NA,NA,NA,NA,NA
WK051812,Wijk 12 Bomen- en Bloemenbuurt,2008,4.26154592326313,0.15928107211944492,NA,NA,NA,NA,NA
WK051812,Wijk 12 Bomen- en Bloemenbuurt,2012,4.238865606486747,0.13660075534306113,NA,NA,NA,NA,NA
WK051812,Wijk 12 Bomen- en Bloemenbuurt,2014,4.260378699346967,0.1581138482032822,0.05653443630516642,-0.00840628179728657,-0.03285769035911979,0.15652486466497934,-0.013681480610457484
WK051812,Wijk 12 Bomen- en Bloemenbuurt,2016,4.301558408361317,0.1992935572176326,NA,NA,NA,NA,NA
WK051812,Wijk 12 Bomen- en Bloemenbuurt,2018,4.349002476326195,0.24673762518251038,0.04484614332798723,0.02074309611332508,-0.03340243260454176,0.20025461893193577,0.014296199413803796
WK051812,Wijk 12 Bomen- en Bloemenbuurt,2020,4.359893443502787,0.2576285923591018,0.05593241044770958,0.014826366278432914,-0.032215381428525196,0.208027139188609,0.01105805787287525
WK051812,Wijk 12 Bomen- en Bloemenbuurt,2022,4.4149946834275475,0.312729832283862,0.06423192574833693,0.013074701030253296,-0.029504371268932385,0.2320888077574395,0.032838769016764364
WK051813,Wijk 13 Vogelwijk,2002,4.3056671595337646,0.20340230839007956,NA,NA,NA,NA,NA
WK051813,Wijk 13 Vogelwijk,2008,4.335354338231297,0.23308948708761162,NA,NA,NA,NA,NA
WK051813,Wijk 13 Vogelwijk,2012,4.319601814941465,0.21733696379777956,NA,NA,NA,NA,NA
WK051813,Wijk 13 Vogelwijk,2014,4.382920338237044,0.2806554870933589,0.10403616289393526,0.019402053444071508,0.03769823127145318,0.07835886048663626,0.04116017899726245
WK051813,Wijk 13 Vogelwijk,2016,4.399286946072934,0.29702209492924875,NA,NA,NA,NA,NA
WK051813,Wijk 13 Vogelwijk,2018,4.453106977749757,0.3508421266060713,0.10023166106288825,0.0597369460341844,0.03694578966741059,0.11215943941190518,0.04176829042968255
WK051813,Wijk 13 Vogelwijk,2020,4.490767397321646,0.38850254617796043,0.11854057326962077,0.06689080188671484,0.04649200321517712,0.11204908548544126,0.044530082321006186
WK051813,Wijk 13 Vogelwijk,2022,4.493728776347413,0.39146392520372764,0.1220996406557068,0.052365403115735815,0.041984235821145195,0.13123632723121317,0.043778318379926365
WK051814,Wijk 14 Bohemen en Meer en Bos,2002,4.196349339632156,0.09408448848847059,NA,NA,NA,NA,NA
WK051814,Wijk 14 Bohemen en Meer en Bos,2008,4.179941905933389,0.07767705478970394,NA,NA,NA,NA,NA
WK051814,Wijk 14 Bohemen en Meer en Bos,2012,4.156471920000123,0.054207068856438105,NA,NA,NA,NA,NA
WK051814,Wijk 14 Bohemen en Meer en Bos,2014,4.195538399019702,0.09327354787601623,0.07736777772894521,0.016217665830033753,-0.0013590723873176816,0.0427463715560349,-0.04169919485168023
WK051814,Wijk 14 Bohemen en Meer en Bos,2016,4.240489137115505,0.13822428597181924,NA,NA,NA,NA,NA
WK051814,Wijk 14 Bohemen en Meer en Bos,2018,4.247914068727791,0.14564921758410654,0.07395510462684586,0.034419649688901405,-0.008899377274884285,0.07046043359478125,-0.02428659305153797
WK051814,Wijk 14 Bohemen en Meer en Bos,2020,4.282499324937218,0.1802344737935323,0.08960977987787594,0.06179086520201868,-0.008350527225438964,0.06973967021493424,-0.03255531427585789
WK051814,Wijk 14 Bohemen en Meer en Bos,2022,4.312001425582004,0.2097365744383187,0.09630089386734544,0.040890393910770956,-0.00504360957202913,0.08273952434756006,-0.005150628115328937
WK051815,Wijk 15 Kijkduin en Ockenburgh,2002,4.379963011016308,0.2776981598726223,NA,NA,NA,NA,NA
WK051815,Wijk 15 Kijkduin en Ockenburgh,2008,4.3725208729364375,0.27025602179275204,NA,NA,NA,NA,NA
WK051815,Wijk 15 Kijkduin en Ockenburgh,2012,4.3336193594613075,0.23135450831762286,NA,NA,NA,NA,NA
WK051815,Wijk 15 Kijkduin en Ockenburgh,2014,4.3679340965981766,0.2656692454544919,0.1461710374554499,0.04941230114296616,0.041683007153513696,0.008607499751516262,0.019795399951045577
WK051815,Wijk 15 Kijkduin en Ockenburgh,2016,4.392575324141026,0.2903104729973405,NA,NA,NA,NA,NA
WK051815,Wijk 15 Kijkduin en Ockenburgh,2018,4.423589177241951,0.3213243260982653,0.14771045252267181,0.08153156480884717,0.03985881291663942,0.02513486994638111,0.027088625903725495
WK051815,Wijk 15 Kijkduin en Ockenburgh,2020,4.457834074682578,0.35556922353889314,0.1762772269339088,0.0930455284073107,0.03837031726668903,0.02094104210263241,0.02693510882835191
WK051815,Wijk 15 Kijkduin en Ockenburgh,2022,4.4471232417985584,0.34485839065487295,0.19599985290878677,0.06541112001235055,0.04007488639830544,0.024382350144507316,0.0189901811909226
WK051816,Wijk 16 Kraayenstein en Vroondaal,2002,4.07231933202304,-0.02994551912064439,NA,NA,NA,NA,NA
WK051816,Wijk 16 Kraayenstein en Vroondaal,2008,4.040701661947434,-0.06156318919625077,NA,NA,NA,NA,NA
WK051816,Wijk 16 Kraayenstein en Vroondaal,2012,4.0609764582665795,-0.04128839287710612,NA,NA,NA,NA,NA
WK051816,Wijk 16 Kraayenstein en Vroondaal,2014,4.055553101017791,-0.04671175012589385,0.04251919109410527,-0.025432530129925357,-0.015239177083106983,-0.013341696730909373,-0.0352175372760577
WK051816,Wijk 16 Kraayenstein en Vroondaal,2016,4.101982947839815,-2.81903303869781e-4,NA,NA,NA,NA,NA
WK051816,Wijk 16 Kraayenstein en Vroondaal,2018,4.1447701324121224,0.04250528126843728,0.03428375936521977,0.016834345134023942,-0.0036506847654897145,-4.233202083965902e-5,-0.004919806444477319
WK051816,Wijk 16 Kraayenstein en Vroondaal,2020,4.160759810215941,0.05849495907225583,0.057705523082058764,0.0245971224537984,-0.006075265999531576,-0.003001315430945408,-0.014731105033124633
WK051816,Wijk 16 Kraayenstein en Vroondaal,2022,4.2301365850097445,0.1278717338660599,0.071328878461065,0.028595303486567837,0.02098430124412057,-0.006298616320304099,0.013261866994610289
WK051817,Wijk 17 Loosduinen,2002,4.029914745593249,-0.07235010555043597,NA,NA,NA,NA,NA
WK051817,Wijk 17 Loosduinen,2008,4.03747766173456,-0.06478718940912628,NA,NA,NA,NA,NA
WK051817,Wijk 17 Loosduinen,2012,4.019474232849918,-0.0827906182937682,NA,NA,NA,NA,NA
WK051817,Wijk 17 Loosduinen,2014,4.031124107430638,-0.07114074371304796,0.030585905862513457,-0.06897421444475464,-0.045819900541076125,0.05757749644147458,-0.04451003103120551
WK051817,Wijk 17 Loosduinen,2016,4.052898889524166,-0.04936596161951845,NA,NA,NA,NA,NA
WK051817,Wijk 17 Loosduinen,2018,4.086152665172738,-0.016112185970948024,0.0210648620813318,-0.04522266292898715,-0.04676472275301915,0.083432351538560115,-0.028622013908833937
WK051817,Wijk 17 Loosduinen,2020,4.0855164987593655,-0.016748352384320236,0.035462816397606414,-0.04420128945539233,-0.04568315639570587,0.0803957616925591,-0.04272248462338784
WK051817,Wijk 17 Loosduinen,2022,4.090788445695938,-0.01147640544774683,0.03941564186197087,-0.07072865190532887,-0.04808163638492292,0.09388343783077069,-0.025965196850236877
WK051818,Wijk 18 Waldeck,2002,4.053636759808299,-0.04862809133538626,NA,NA,NA,NA,NA
WK051818,Wijk 18 Waldeck,2008,4.046738626681659,-0.05552622446202641,NA,NA,NA,NA,NA
WK051818,Wijk 18 Waldeck,2012,4.031461144971404,-0.07080370617228149,NA,NA,NA,NA,NA
WK051818,Wijk 18 Waldeck,2014,4.05943013277278,-0.04283471837090472,0.06312725747293196,-0.06324745312066667,-0.05095881654789489,0.051001238754372256,-0.04275694492964766
WK051818,Wijk 18 Waldeck,2016,4.106707717709924,0.004442866566238725,NA,NA,NA,NA,NA
WK051818,Wijk 18 Waldeck,2018,4.123890505139903,0.021625653996217454,0.05577336432394188,-0.034830756853523236,-0.0525777295773775,0.08085821797198535,-0.027597441868809334
WK051818,Wijk 18 Waldeck,2020,4.127077147909659,0.024812296765973164,0.06468916999918735,-0.026502928965504824,-0.05310517871018884,0.07875296258439894,-0.039021728141919725
WK051818,Wijk 18 Waldeck,2022,4.137319268397789,0.03505441725410386,0.06955234796817546,-0.05322267685690827,-0.05275318945996906,0.09143325292067575,-0.019955317317870282
WK051819,Wijk 19 Vruchtenbuurt,2002,4.186643939620137,0.08437908847645206,NA,NA,NA,NA,NA
WK051819,Wijk 19 Vruchtenbuurt,2008,4.182351495464829,0.08008664432114382,NA,NA,NA,NA,NA
WK051819,Wijk 19 Vruchtenbuurt,2012,4.154362376699623,0.05209752555593803,NA,NA,NA,NA,NA
WK051819,Wijk 19 Vruchtenbuurt,2014,4.175667504242267,0.07340265309858184,0.03714189114355481,-5.810637120069232e-4,-0.03318707469272766,0.10062205255328772,-0.030593152193526377
WK051819,Wijk 19 Vruchtenbuurt,2016,4.201656190720997,0.09939133957731153,NA,NA,NA,NA,NA
WK051819,Wijk 19 Vruchtenbuurt,2018,4.232629935020475,0.13036508387678966,0.021812566040052817,0.02307000877508088,-0.034422919229682936,0.12885987885412487,-0.008954450562786206
WK051819,Wijk 19 Vruchtenbuurt,2020,4.25700577068256,0.15474091953887498,0.033990259327538325,0.023534652260963112,-0.032052915722299846,0.13856439110254662,-0.00929546742987347
WK051819,Wijk 19 Vruchtenbuurt,2022,4.300824566091172,0.19855971494748645,0.044133829336953236,0.02046070062886966,-0.02903812682528582,0.1542167377287743,0.00878657407817479
WK051820,Wijk 20 Valkenboskwartier,2002,4.038557208024765,-0.06370764311891977,NA,NA,NA,NA,NA
WK051820,Wijk 20 Valkenboskwartier,2008,4.096134543020996,-0.006130308122689217,NA,NA,NA,NA,NA
WK051820,Wijk 20 Valkenboskwartier,2012,4.075994889725623,-0.026269961418062277,NA,NA,NA,NA,NA
WK051820,Wijk 20 Valkenboskwartier,2014,4.0143971181548865,-0.08786773298879838,0.016710816011792872,-0.12322065600129362,-0.07957899645742136,0.1450297285299574,-0.04680862507183398
WK051820,Wijk 20 Valkenboskwartier,2016,4.091411407421464,-0.010853443722221164,NA,NA,NA,NA,NA
WK051820,Wijk 20 Valkenboskwartier,2018,4.1235652079890075,0.021300356845322665,-9.07500209760817e-4,-0.1063343876018713,-0.08171558310764161,0.19625004450718025,0.014007783257415855
WK051820,Wijk 20 Valkenboskwartier,2020,4.086579889651573,-0.01568496149211211,0.01176263289043951,-0.11602411644326575,-0.08186633487150094,0.20564815469829884,-0.035205297766084026
WK051820,Wijk 20 Valkenboskwartier,2022,4.1861320600493706,0.08386720890568489,0.016852136204821226,-0.11912386172705969,-0.08058255054231318,0.23376598437597082,0.03295550059426547
WK051821,Wijk 21 Regentessekwartier,2002,4.045324784337504,-0.05694006680618095,NA,NA,NA,NA,NA
WK051821,Wijk 21 Regentessekwartier,2008,4.089788319314804,-0.012476531828880665,NA,NA,NA,NA,NA
WK051821,Wijk 21 Regentessekwartier,2012,4.086681361906157,-0.015583489237528102,NA,NA,NA,NA,NA
WK051821,Wijk 21 Regentessekwartier,2014,4.038378664901366,-0.06388618624231975,0.007097920248916088,-0.14404577484334466,-0.08425211344742813,0.20727914047843793,-0.04996535867890131
WK051821,Wijk 21 Regentessekwartier,2016,4.135684923759545,0.03342007261585931,NA,NA,NA,NA,NA
WK051821,Wijk 21 Regentessekwartier,2018,4.153168683993053,0.0509038328493677,-0.011410421415827316,-0.11945322612312897,-0.0858195485973139,0.2577347289951295,0.009852299990508049
WK051821,Wijk 21 Regentessekwartier,2020,4.141691793410795,0.03942694226710943,0.011778110281213783,-0.12032241757800108,-0.08592297871781741,0.2702184262486977,-0.036324197966983836
WK051821,Wijk 21 Regentessekwartier,2022,4.20847567847885,0.1062108273351654,0.003030608664692741,-0.13690037529204535,-0.09041484573995226,0.30453275041777494,0.025962689284695042
WK051822,Wijk 22 Zeeheldenkwartier,2002,4.234906894707675,0.13264204356398948,NA,NA,NA,NA,NA
WK051822,Wijk 22 Zeeheldenkwartier,2008,4.248002291528481,0.14573744038479644,NA,NA,NA,NA,NA
WK051822,Wijk 22 Zeeheldenkwartier,2012,4.2251961048985525,0.12293125375486698,NA,NA,NA,NA,NA
WK051822,Wijk 22 Zeeheldenkwartier,2014,4.198081968357146,0.09581711721346116,-0.0024915141254149213,-0.09202318917322796,-0.07020159514859081,0.2679183850133972,-0.007384969352702584
WK051822,Wijk 22 Zeeheldenkwartier,2016,4.2734200116064205,0.17115516046273535,NA,NA,NA,NA,NA
WK051822,Wijk 22 Zeeheldenkwartier,2018,4.281233113377312,0.1789682622336272,-0.021857700815229843,-0.06532747521454703,-0.07184087164928792,0.31874692951678413,0.01924738039590755
WK051822,Wijk 22 Zeeheldenkwartier,2020,4.353953751650318,0.251688900506633,0.04203327327451401,-0.05664412702549157,-0.07194330713471438,0.3295483377916507,0.008694723600673923
WK051822,Wijk 22 Zeeheldenkwartier,2022,4.322096328906433,0.21983147776274778,-0.00990350383719365,-0.09749642160032189,-0.07978922112582403,0.38026659240552196,0.02675403192056511
WK051823,Wijk 23 Willemspark,2002,4.387737128012851,0.2854722768691664,NA,NA,NA,NA,NA
WK051823,Wijk 23 Willemspark,2008,4.399592152262156,0.29732730111847105,NA,NA,NA,NA,NA
WK051823,Wijk 23 Willemspark,2012,4.3788213134103415,0.27655646226665626,NA,NA,NA,NA,NA
WK051823,Wijk 23 Willemspark,2014,4.409702692627347,0.307437841483662,0.036763581447714126,-0.006808516536319907,-0.035141579166313414,0.2835615145554209,0.02906284118316007
WK051823,Wijk 23 Willemspark,2016,4.466809902805018,0.36454505166133305,NA,NA,NA,NA,NA
WK051823,Wijk 23 Willemspark,2018,4.468539481736821,0.36627463059313575,0.03948967977821168,-0.017556672646883233,-0.043025186172256244,0.3494691888349362,0.037897620799127084
WK051823,Wijk 23 Willemspark,2020,4.517254929808302,0.41499007866461723,0.07079307885242739,4.2996462419048323e-4,-0.044189687626187434,0.34138996562623564,0.04656675718795084
WK051823,Wijk 23 Willemspark,2022,4.547104330058056,0.44483947891437076,0.04287998047692563,-1.0884000500050365e-5,-0.0459790475742184,0.38904978813060787,0.05889964188155542
WK051824,Wijk 24 Haagse Bos,2002,4.33339480549744,0.23112995435375427,NA,NA,NA,NA,NA
WK051824,Wijk 24 Haagse Bos,2008,4.261232468463914,0.15896761732022863,NA,NA,NA,NA,NA
WK051824,Wijk 24 Haagse Bos,2012,4.285071292680446,0.18280644153676104,NA,NA,NA,NA,NA
WK051824,Wijk 24 Haagse Bos,2014,4.376649647977229,0.2743847968335439,0.050742713504392405,0.01939379737878886,0.025352133765351132,0.21202217838397502,-0.033126026198963876
WK051824,Wijk 24 Haagse Bos,2016,4.369420526773992,0.26715567563030684,NA,NA,NA,NA,NA
WK051824,Wijk 24 Haagse Bos,2018,4.403618498958246,0.3013536478145604,0.018653307622247768,0.06595495799715961,0.001205657285250258,0.24596616431625865,-0.030426439406356195
WK051824,Wijk 24 Haagse Bos,2020,4.435567146077487,0.3333022949338012,0.05974423942896426,0.04822403796904304,-0.014208050196381649,0.25190513734627107,-0.012363069614095957
WK051824,Wijk 24 Haagse Bos,2022,4.4586131767567165,0.35634832561303137,0.07146309773054009,0.017343351592714815,-0.009316299033481721,0.28103888099895113,-0.004180705675693123
WK051825,Wijk 25 Mariahoeve en Marlot,2002,4.14048077925642,0.038215928112735054,NA,NA,NA,NA,NA
WK051825,Wijk 25 Mariahoeve en Marlot,2008,4.061616397030523,-0.04064845411316172,NA,NA,NA,NA,NA
WK051825,Wijk 25 Mariahoeve en Marlot,2012,4.009876371912695,-0.0923884792309906,NA,NA,NA,NA,NA
WK051825,Wijk 25 Mariahoeve en Marlot,2014,3.9839165547987085,-0.11834829634497677,0.0031029204872944317,-0.06388861336235827,-0.05554682425517253,0.09127910788221782,-0.09329488709695852
WK051825,Wijk 25 Mariahoeve en Marlot,2016,4.0552703366010725,-0.04699451454261232,NA,NA,NA,NA,NA
WK051825,Wijk 25 Mariahoeve en Marlot,2018,4.069333822525193,-0.032931028618491974,-0.007879538300472508,-0.023460484016943044,-0.05323510402938706,0.11093563497586945,-0.05929153724755908
WK051825,Wijk 25 Mariahoeve en Marlot,2020,4.05896121539749,-0.043303635746195085,-0.0017044914071581382,-0.03108488505766718,-0.051869465947919746,0.11872804155602579,-0.07737283488947608
WK051825,Wijk 25 Mariahoeve en Marlot,2022,4.107811094148979,0.005546243005294097,0.005005316331551373,-0.03046848050587147,-0.05411432462092183,0.12923364467341186,-0.04410991287287613
WK051826,Wijk 26 Bezuidenhout,2002,4.166942397927462,0.06467754678377688,NA,NA,NA,NA,NA
WK051826,Wijk 26 Bezuidenhout,2008,4.1708226205729835,0.06855776942929855,NA,NA,NA,NA,NA
WK051826,Wijk 26 Bezuidenhout,2012,4.15143958836266,0.04917473721897404,NA,NA,NA,NA,NA
WK051826,Wijk 26 Bezuidenhout,2014,4.148983938657042,0.04671908751335738,-0.01793150178315667,-0.03737362633808661,-0.05198137582715888,0.20409065115136976,-0.05008505968961052
WK051826,Wijk 26 Bezuidenhout,2016,4.18246709313093,0.08020224198724489,NA,NA,NA,NA,NA
WK051826,Wijk 26 Bezuidenhout,2018,4.221352631102936,0.11908777995925085,-0.03030584543274843,-0.013860209314468103,-0.05931159890478366,0.2402497172060717,-0.017684283594820913
WK051826,Wijk 26 Bezuidenhout,2020,4.226909443005566,0.12464459186187996,-0.021634826183114235,-0.013790659610199459,-0.06044257960403825,0.24816571030028375,-0.027653053041052103
WK051826,Wijk 26 Bezuidenhout,2022,4.255588720892081,0.1533238697483959,-0.021539015671358387,-0.02912490706331527,-0.06295117334816272,0.27160732603609844,-0.004668360204866471
WK051827,Wijk 27 Stationsbuurt,2002,3.922787154324174,-0.17947769681951173,NA,NA,NA,NA,NA
WK051827,Wijk 27 Stationsbuurt,2008,3.9588444974163495,-0.14342035372733605,NA,NA,NA,NA,NA
WK051827,Wijk 27 Stationsbuurt,2012,3.9461797654946644,-0.1560850856490206,NA,NA,NA,NA,NA
WK051827,Wijk 27 Stationsbuurt,2014,3.9571188107906563,-0.14514604035302886,-0.03192651711547005,-0.2095377695007561,-0.08204257055179237,0.26754597207426395,-0.08918515525927459
WK051827,Wijk 27 Stationsbuurt,2016,4.035307003012555,-0.06695784813113041,NA,NA,NA,NA,NA
WK051827,Wijk 27 Stationsbuurt,2018,4.072216914898973,-0.030047936244712446,-0.04712276223890072,-0.17099982116086196,-0.07308372056209395,0.32758628996882483,-0.06642792225168095
WK051827,Wijk 27 Stationsbuurt,2020,4.066382293819125,-0.035882557324559604,-0.03960977703694544,-0.16221399042324552,-0.07263804510718185,0.3215515547179767,-0.08297229947516375
WK051827,Wijk 27 Stationsbuurt,2022,4.11402964163556,0.0117647904918754,-0.04321323746996977,-0.18996697241241595,-0.0770126792079909,0.3779956029632297,-0.05603792338097795
WK051828,Wijk 28 Centrum,2002,4.150609501557232,0.04834465041354755,NA,NA,NA,NA,NA
WK051828,Wijk 28 Centrum,2008,4.1996923160216735,0.09742746487798828,NA,NA,NA,NA,NA
WK051828,Wijk 28 Centrum,2012,4.176106252132873,0.07384140098918739,NA,NA,NA,NA,NA
WK051828,Wijk 28 Centrum,2014,4.109879562154196,0.0076147110105116485,-0.015754233139410913,-0.19969253832838005,-0.07427155044093081,0.3283436581461499,-0.031010625226916735
WK051828,Wijk 28 Centrum,2016,4.172906921635459,0.07064207049177379,NA,NA,NA,NA,NA
WK051828,Wijk 28 Centrum,2018,4.2059290837008545,0.10366423255716911,-0.025767089487692994,-0.17976456883791747,-0.08150343685333471,0.3977922220937696,-0.00709289435765558
WK051828,Wijk 28 Centrum,2020,4.217366356575906,0.11510150543222063,0.002415357892793955,-0.1662716913065201,-0.08433070414046472,0.38456238908907403,-0.021273846102662926
WK051828,Wijk 28 Centrum,2022,4.264355428153341,0.16209057700965654,-0.016954921902821416,-0.1765885313288624,-0.08483852071395426,0.43919969985664564,0.0012728510986487341
WK051829,Wijk 29 Schildersbuurt,2002,3.6903470244158316,-0.41191782672785326,NA,NA,NA,NA,NA
WK051829,Wijk 29 Schildersbuurt,2008,3.7430508614562807,-0.3592139896874047,NA,NA,NA,NA,NA
WK051829,Wijk 29 Schildersbuurt,2012,3.729121088228553,-0.3731437629151322,NA,NA,NA,NA,NA
WK051829,Wijk 29 Schildersbuurt,2014,3.714236316828469,-0.3880285343152162,-0.029866763481160685,-0.310626365224639,-0.1286798072552172,0.21179245114887998,-0.1306480495030796
WK051829,Wijk 29 Schildersbuurt,2016,3.7493923217658374,-0.3528725293778481,NA,NA,NA,NA,NA
WK051829,Wijk 29 Schildersbuurt,2018,3.8182514538927625,-0.284013397250923,-0.04619705671205824,-0.28110436772097136,-0.12378601510439464,0.2693615476682021,-0.10228750538170112
WK051829,Wijk 29 Schildersbuurt,2020,3.836059437634983,-0.2662054135087022,-0.039898355074110735,-0.2643467594843443,-0.12219269428311104,0.2743878052787154,-0.11415540994585184
WK051829,Wijk 29 Schildersbuurt,2022,3.9144618456091886,-0.1878030055344966,-0.03456545597693761,-0.2624882142940233,-0.12262283045923364,0.31555454233672087,-0.08368104714102324
WK051830,Wijk 30 Transvaalkwartier,2002,3.635675581186679,-0.46658926995700634,NA,NA,NA,NA,NA
WK051830,Wijk 30 Transvaalkwartier,2008,3.67291910747673,-0.429345743666955,NA,NA,NA,NA,NA
WK051830,Wijk 30 Transvaalkwartier,2012,3.6754408611178384,-0.42682399002584714,NA,NA,NA,NA,NA
WK051830,Wijk 30 Transvaalkwartier,2014,3.664291401192923,-0.43797344995076254,-0.02849851744719233,-0.296497394726575,-0.11647765172650895,0.1688974706406839,-0.1653973566911704
WK051830,Wijk 30 Transvaalkwartier,2016,3.7379093284523193,-0.3643555226913664,NA,NA,NA,NA,NA
WK051830,Wijk 30 Transvaalkwartier,2018,3.7446043434074223,-0.3576605077362628,-0.04648232890950786,-0.28323086955825943,-0.11809822161090078,0.21179200657303152,-0.12164109423062652
WK051830,Wijk 30 Transvaalkwartier,2020,3.7481653153859993,-0.35409953575768577,-0.041024297388742754,-0.28417863542116256,-0.11714048799070688,0.2342978908580398,-0.14605400581511363
WK051830,Wijk 30 Transvaalkwartier,2022,3.795952207289311,-0.30631264385437423,-0.03763930859107379,-0.30824246818039946,-0.12539534810854933,0.2745134195405813,-0.1095489385149332
WK051831,Wijk 31 Rustenburg en Oostbroek,2002,3.911348201663964,-0.19091664947972115,NA,NA,NA,NA,NA
WK051831,Wijk 31 Rustenburg en Oostbroek,2008,3.8644877339681583,-0.23777711717552666,NA,NA,NA,NA,NA
WK051831,Wijk 31 Rustenburg en Oostbroek,2012,3.8345542409717206,-0.26771061017196457,NA,NA,NA,NA,NA
WK051831,Wijk 31 Rustenburg en Oostbroek,2014,3.758054354459234,-0.34421049668445114,-0.026029339058643273,-0.19581959353069436,-0.08953507806104344,0.14740287913597158,-0.18022936517004196
WK051831,Wijk 31 Rustenburg en Oostbroek,2016,3.8024148333153205,-0.29985001782836496,NA,NA,NA,NA,NA
WK051831,Wijk 31 Rustenburg en Oostbroek,2018,3.8203609543390082,-0.2819038968046769,-0.041133065060700635,-0.1742045674943643,-0.09376497389930283,0.1838802571589078,-0.15668154750921728
WK051831,Wijk 31 Rustenburg en Oostbroek,2020,3.821123053885168,-0.28114179725851723,-0.03559357098818185,-0.1789689624646275,-0.0978963466967706,0.20284097818961228,-0.1715238952985498
WK051831,Wijk 31 Rustenburg en Oostbroek,2022,3.896980129406203,-0.20528472173748188,-0.03048018059502408,-0.17640779547098634,-0.09847514360455735,0.22671505147166507,-0.12663665353857947
WK051832,Wijk 32 Leyenburg,2002,4.0318313098660274,-0.07043354127765779,NA,NA,NA,NA,NA
WK051832,Wijk 32 Leyenburg,2008,3.9848683292132288,-0.1173965219304565,NA,NA,NA,NA,NA
WK051832,Wijk 32 Leyenburg,2012,3.962095617932905,-0.14016923321078015,NA,NA,NA,NA,NA
WK051832,Wijk 32 Leyenburg,2014,3.9280148352109205,-0.1742500159327643,-0.028053002293139638,-0.0906302941357891,-0.06078564198908899,0.11567164625961884,-0.11045272377436566
WK051832,Wijk 32 Leyenburg,2016,3.9808140932481106,-0.12145075789557462,NA,NA,NA,NA,NA
WK051832,Wijk 32 Leyenburg,2018,4.0105487845687335,-0.0917160665749517,-0.03274280950503011,-0.06634592787143016,-0.0658978847755971,0.14799965904174597,-0.07472910346464054
WK051832,Wijk 32 Leyenburg,2020,3.989269506945795,-0.11299534419789087,-0.026934701320152892,-0.07142557936912865,-0.06293391596949308,0.15474289076993542,-0.10644403830905193
WK051832,Wijk 32 Leyenburg,2022,3.9984986900782897,-0.10376616106539567,-0.024919827616658192,-0.10189153237446143,-0.07568043553106572,0.16958678236018407,-0.07086114790339466
WK051833,Wijk 33 Bouwlust en Vrederust,2002,3.806796499974812,-0.29546835116887327,NA,NA,NA,NA,NA
WK051833,Wijk 33 Bouwlust en Vrederust,2008,3.791546632637654,-0.3107182185060312,NA,NA,NA,NA,NA
WK051833,Wijk 33 Bouwlust en Vrederust,2012,3.7929534849470246,-0.3093113661966604,NA,NA,NA,NA,NA
WK051833,Wijk 33 Bouwlust en Vrederust,2014,3.777042654231226,-0.32522219691245935,-0.015498028139612919,-0.17251857454867278,-0.08404810043115568,0.06603300421763125,-0.11919049801064946
WK051833,Wijk 33 Bouwlust en Vrederust,2016,3.8278903398486666,-0.2743745112950186,NA,NA,NA,NA,NA
WK051833,Wijk 33 Bouwlust en Vrederust,2018,3.836190399273331,-0.26607445187035395,-0.01672549059124948,-0.1480570451546993,-0.07669352878791648,0.08905590980523877,-0.1136542971417277
WK051833,Wijk 33 Bouwlust en Vrederust,2020,3.8608633866572193,-0.24140146448646593,-0.006591146122396182,-0.13365335519021512,-0.0723275573678383,0.0912792769344675,-0.1201086827404841
WK051833,Wijk 33 Bouwlust en Vrederust,2022,3.8595012436960596,-0.24276360744762565,-0.004029084228014387,-0.15656540285388473,-0.08011450599214427,0.10261511006261528,-0.10466972443619783
WK051834,Wijk 34 Morgenstond,2002,3.9334465804444014,-0.16881827069928348,NA,NA,NA,NA,NA
WK051834,Wijk 34 Morgenstond,2008,3.9238710883430485,-0.17839376280063662,NA,NA,NA,NA,NA
WK051834,Wijk 34 Morgenstond,2012,3.9046222375039124,-0.19764261363977303,NA,NA,NA,NA,NA
WK051834,Wijk 34 Morgenstond,2014,3.8718889578593187,-0.23037589328436658,-0.012260620969151849,-0.1661214949120982,-0.08527189906191952,0.12674434369359866,-0.09346622203479593
WK051834,Wijk 34 Morgenstond,2016,3.880638905341699,-0.22162594580198622,NA,NA,NA,NA,NA
WK051834,Wijk 34 Morgenstond,2018,3.903373842765154,-0.19889100837853144,-0.01753692954104918,-0.16086528307841175,-0.08587198614826279,0.15046648154308612,-0.08508329115389411
WK051834,Wijk 34 Morgenstond,2020,3.904107481842066,-0.19815736930161953,-0.011557006189742253,-0.15902044086693715,-0.08481982754703593,0.16019494911258494,-0.10295504381048942
WK051834,Wijk 34 Morgenstond,2022,3.9119604690560124,-0.19030438208767264,-0.00733922813078545,-0.1761058313476777,-0.08918200559631724,0.16561711227774284,-0.0832944292906354
WK051835,Wijk 35 Zuiderpark,2002,4.006660780367971,-0.09560407077571391,NA,NA,NA,NA,NA
WK051835,Wijk 35 Zuiderpark,2008,3.941274828112422,-0.1609900230312633,NA,NA,NA,NA,NA
WK051835,Wijk 35 Zuiderpark,2012,3.9827425371900587,-0.11952231395362654,NA,NA,NA,NA,NA
WK051835,Wijk 35 Zuiderpark,2014,3.992218078506176,-0.1100467726375094,-0.03946993840340854,-0.06428833717568709,-0.06764844517847043,0.15060234592700972,-0.08924239780695332
WK051835,Wijk 35 Zuiderpark,2016,3.969400706675733,-0.13286414446795275,NA,NA,NA,NA,NA
WK051835,Wijk 35 Zuiderpark,2018,4.019183165704994,-0.08308168543869131,-0.06076876033191459,-0.05668114938806529,-0.06908710964819817,0.18307577949790688,-0.07962044556842067
WK051835,Wijk 35 Zuiderpark,2020,3.975636074552846,-0.12662877659083888,-0.057267356420903526,-0.08757678340846309,-0.07411935470195193,0.19839871952742255,-0.10606400158694317
WK051835,Wijk 35 Zuiderpark,2022,4.013793642147261,-0.08847120899642416,-0.044727438964385045,-0.0829411407473612,-0.08026380054349312,0.19728339734072817,-0.07782222608191319
WK051836,Wijk 36 Moerwijk,2002,3.8912620734630714,-0.21100277768061443,NA,NA,NA,NA,NA
WK051836,Wijk 36 Moerwijk,2008,3.8000792335733036,-0.30218561757038126,NA,NA,NA,NA,NA
WK051836,Wijk 36 Moerwijk,2012,3.785805246437687,-0.3164596047059986,NA,NA,NA,NA,NA
WK051836,Wijk 36 Moerwijk,2014,3.808872943262176,-0.29339190788150943,-0.014141094683022767,-0.20689640223320457,-0.09562848575319248,0.13133154336502023,-0.10805746857711013
WK051836,Wijk 36 Moerwijk,2016,3.805540059455978,-0.2967247916877072,NA,NA,NA,NA,NA
WK051836,Wijk 36 Moerwijk,2018,3.8214770210118783,-0.2807878301318065,-0.02087077568287857,-0.20225033194082628,-0.09462221725122698,0.15527356653139326,-0.11831807178826824
WK051836,Wijk 36 Moerwijk,2020,3.8381156893683364,-0.2641491617753486,-0.013667248447813266,-0.20972504091755162,-0.09375069666353388,0.17605598054769317,-0.1230621562941433
WK051836,Wijk 36 Moerwijk,2022,3.88013258403852,-0.22213226710516523,-0.010289704972997712,-0.20761975193621476,-0.0920731836183321,0.19379421432015229,-0.10594384089777326
WK051837,Wijk 37 Groente- en Fruitmarkt,2002,3.7379018119187197,-0.36436303922496566,NA,NA,NA,NA,NA
WK051837,Wijk 37 Groente- en Fruitmarkt,2008,3.7336359742731045,-0.3686288768705807,NA,NA,NA,NA,NA
WK051837,Wijk 37 Groente- en Fruitmarkt,2012,3.688839298375719,-0.413425552767966,NA,NA,NA,NA,NA
WK051837,Wijk 37 Groente- en Fruitmarkt,2014,3.6995490655588386,-0.4027157855848465,-0.03591671455190722,-0.21519758113758086,-0.08677243438794119,0.13901730180788685,-0.20384635731530434
WK051837,Wijk 37 Groente- en Fruitmarkt,2016,3.7985514157033644,-0.30371343544032087,NA,NA,NA,NA,NA
WK051837,Wijk 37 Groente- en Fruitmarkt,2018,3.818174333715871,-0.284090517427814,-0.05312134586439964,-0.18094895411935089,-0.08408684497620064,0.17177344794393906,-0.13770682041180213
WK051837,Wijk 37 Groente- en Fruitmarkt,2020,3.8087343326234753,-0.2935305185202097,-0.04858322974820649,-0.17714787169641877,-0.08064715123799579,0.18753644770646263,-0.17468871354405158
WK051837,Wijk 37 Groente- en Fruitmarkt,2022,3.883863048745331,-0.21840180239835405,-0.04514832637033293,-0.19649660770036487,-0.08429687366573357,0.22724447450533466,-0.1197044691672576
WK051838,Wijk 38 Laakkwartier en Spoorwijk,2002,3.883136268796921,-0.2191285823467642,NA,NA,NA,NA,NA
WK051838,Wijk 38 Laakkwartier en Spoorwijk,2008,3.8500246506914286,-0.25224020045225676,NA,NA,NA,NA,NA
WK051838,Wijk 38 Laakkwartier en Spoorwijk,2012,3.8458854871703503,-0.25637936397333505,NA,NA,NA,NA,NA
WK051838,Wijk 38 Laakkwartier en Spoorwijk,2014,3.7786488012612245,-0.3236160498824605,-0.025857322797965255,-0.22219489195142206,-0.1005187018220514,0.18130980874061728,-0.15635494205163936
WK051838,Wijk 38 Laakkwartier en Spoorwijk,2016,3.8354494899652014,-0.26681536117848415,NA,NA,NA,NA,NA
WK051838,Wijk 38 Laakkwartier en Spoorwijk,2018,3.8620605305334097,-0.24020432061027572,-0.03505976284042995,-0.18832532537166774,-0.09438791643274562,0.21328155084517417,-0.13571286681060685
WK051838,Wijk 38 Laakkwartier en Spoorwijk,2020,3.882316648965892,-0.2199482021777931,-0.023460355678498652,-0.1952570733684311,-0.09759021347295929,0.23560544453983565,-0.13924600419774003
WK051838,Wijk 38 Laakkwartier en Spoorwijk,2022,3.8633113391198957,-0.23895351202378937,-0.02880643420263555,-0.24524715332778654,-0.1048511816256542,0.2594707272216597,-0.11951947008937307
WK051839,Wijk 39 Binckhorst,2002,3.96111811999437,-0.14114673114931522,NA,NA,NA,NA,NA
WK051839,Wijk 39 Binckhorst,2008,4.059247719282885,-0.04301713186080046,NA,NA,NA,NA,NA
WK051839,Wijk 39 Binckhorst,2012,3.983011059685465,-0.11925379145822035,NA,NA,NA,NA,NA
WK051839,Wijk 39 Binckhorst,2014,4.043855794427089,-0.0584090567165958,-0.10343981585779692,-0.0903308211448543,0.030441700756775856,0.144799738773486,-0.03987985924420669
WK051839,Wijk 39 Binckhorst,2016,3.9225779501302713,-0.17968690101341403,NA,NA,NA,NA,NA
WK051839,Wijk 39 Binckhorst,2018,3.9800534769147724,-0.12221137422891297,-0.001573175460446233,-0.10376229715324907,-0.014466587130979092,0.18006771413976563,-0.18247702862400453
WK051839,Wijk 39 Binckhorst,2020,3.979755942999826,-0.12250890814385951,-0.04868907432719277,-0.06816676532124505,-0.04534814782994693,0.19134589946459,-0.15165082013006517
WK051839,Wijk 39 Binckhorst,2022,4.133704159458007,0.03143930831432141,-0.08013831227271997,-0.06140499907856013,-0.025221824053000132,0.20974201525135,-0.011537571532748576
WK051840,Wijk 40 Wateringse Veld,2002,4.130886860331415,0.028622009187730293,NA,NA,NA,NA,NA
WK051840,Wijk 40 Wateringse Veld,2008,4.1127424148602385,0.010477563716552743,NA,NA,NA,NA,NA
WK051840,Wijk 40 Wateringse Veld,2012,4.057908969060716,-0.04435588208296873,NA,NA,NA,NA,NA
WK051840,Wijk 40 Wateringse Veld,2014,4.0588724569980945,-0.043392394145590686,-0.012632116240501002,-0.05699833775207328,-0.013508756627938094,0.05586817593429563,-0.016121359459374224
WK051840,Wijk 40 Wateringse Veld,2016,4.114830585775109,0.012565734631423393,NA,NA,NA,NA,NA
WK051840,Wijk 40 Wateringse Veld,2018,4.1315835447291525,0.029318693585466907,-0.008423240657875183,-0.014399176485376978,-0.0068785494638428455,0.06400134736516104,-0.0049816871725993795
WK051840,Wijk 40 Wateringse Veld,2020,4.166480576459881,0.0642157253161953,-0.00451701039545889,0.004931908050347972,-0.006480117648502168,0.07843081702751147,-0.008149871717703377
WK051840,Wijk 40 Wateringse Veld,2022,4.137209844312209,0.034944993168523834,-6.269696395916301e-4,-0.03761337095434912,-0.011672836259192097,0.0839326033837716,9.255666378848028e-4
WK051841,Wijk 41 Hoornwijk,2002,4.309165493817437,0.2069006426737521,NA,NA,NA,NA,NA
WK051841,Wijk 41 Hoornwijk,2008,4.39326348520135,0.29099863405766524,NA,NA,NA,NA,NA
WK051841,Wijk 41 Hoornwijk,2012,4.304302274119538,0.20203742297585278,NA,NA,NA,NA,NA
WK051841,Wijk 41 Hoornwijk,2014,4.3506603003883155,0.2483954492446306,-0.07524713356052369,0.02357335744137369,0.07253920346655607,0.12732307430834047,0.10020694758888377
WK051841,Wijk 41 Hoornwijk,2016,4.349127505264849,0.24686265412116315,NA,NA,NA,NA,NA
WK051841,Wijk 41 Hoornwijk,2018,4.2586261321478895,0.15636128100420454,-0.08182510092838632,-0.03578241080161838,0.0728669406464952,0.11615478517924487,0.08494706690846898
WK051841,Wijk 41 Hoornwijk,2020,4.102729933703349,4.650825596645122e-4,-0.05735302170674943,-0.18137354017987942,0.06903028947253932,0.10698841438147141,0.06317294059228244
WK051841,Wijk 41 Hoornwijk,2022,4.166149345996125,0.06388449485244015,-0.026628934027160583,-0.07777141818226749,0.06768690252188385,0.07156242961535407,0.029035514924629965
WK051842,Wijk 42 Ypenburg,2002,4.106810966620323,0.0045461154766376155,NA,NA,NA,NA,NA
WK051842,Wijk 42 Ypenburg,2008,4.172317308795079,0.0700524576513938,NA,NA,NA,NA,NA
WK051842,Wijk 42 Ypenburg,2012,4.079102803773309,-0.023162047370376224,NA,NA,NA,NA,NA
WK051842,Wijk 42 Ypenburg,2014,4.1100311682591295,0.00776631711544424,0.0031398978040952604,-0.03345119196777103,-0.007926352487113616,0.056978942373060185,-0.010974978606826821
WK051842,Wijk 42 Ypenburg,2016,4.136583806946799,0.03431895580311365,NA,NA,NA,NA,NA
WK051842,Wijk 42 Ypenburg,2018,4.1428990075451955,0.04063415640151029,-0.002069250608238447,-0.007804617583660802,-0.012241997020909706,0.060419202536425444,0.0023308190778935285
WK051842,Wijk 42 Ypenburg,2020,4.161611147987057,0.05934629684337154,0.006100181203010902,-0.008097312143623569,-0.012241015169133824,0.07251411094382959,0.0010703320092881655
WK051842,Wijk 42 Ypenburg,2022,4.162782023827186,0.06051717268350072,0.009966230451090345,-0.024443248740236952,-0.014451216223516411,0.0742225828193506,0.01522282437681286
WK051843,Wijk 43 Forepark,2002,4.2531789165202705,0.15091406537658567,NA,NA,NA,NA,NA
WK051843,Wijk 43 Forepark,2008,4.364472514367795,0.2622076632241097,NA,NA,NA,NA,NA
WK051843,Wijk 43 Forepark,2012,4.303985974977294,0.20172112383360863,NA,NA,NA,NA,NA
WK051843,Wijk 43 Forepark,2014,4.403911974172096,0.30164712302841046,-0.04942627367909355,0.06926856513373433,0.09468277968690733,0.11444018682456243,0.07268186506229972
WK051843,Wijk 43 Forepark,2016,4.38307445053221,0.2808095993885246,NA,NA,NA,NA,NA
WK051843,Wijk 43 Forepark,2018,4.415096971688615,0.3128321205449293,-0.08112468265533411,0.11027534195588935,0.10496389664861643,0.11365836837490093,0.0650591962208564
WK051843,Wijk 43 Forepark,2020,4.433317726582276,0.3310528754385909,-0.06676721240760333,0.11441457150826298,0.09142821589154014,0.12812564708582144,0.06385165336056951
WK051843,Wijk 43 Forepark,2022,4.343684902618569,0.2414200514748831,-0.08160124372118885,0.049967780229534665,0.0762847531936588,0.13088454506728292,0.06588421670559526
WK051844,Wijk 44 Leidschenveen,2002,4.080349489770647,-0.021915361373037935,NA,NA,NA,NA,NA
WK051844,Wijk 44 Leidschenveen,2008,4.158375062665692,0.05611021152200693,NA,NA,NA,NA,NA
WK051844,Wijk 44 Leidschenveen,2012,4.075177693091479,-0.027087158052206153,NA,NA,NA,NA,NA
WK051844,Wijk 44 Leidschenveen,2014,4.106639591751394,0.004374740607708769,-0.006789080129492478,-0.025082058236577096,0.012088504047413415,0.032531971239802886,-0.008374596313438223
WK051844,Wijk 44 Leidschenveen,2016,4.1420811543449965,0.03981630320131105,NA,NA,NA,NA,NA
WK051844,Wijk 44 Leidschenveen,2018,4.150251381465422,0.047986530321737,-0.013496731879993382,0.0175503064270072,0.007120420166095445,0.03312420659121223,0.0036883290174152456
WK051844,Wijk 44 Leidschenveen,2020,4.167774446472997,0.06550959532931178,-0.004613994897677053,0.014962749169551868,0.00804573058095019,0.04534712266096985,0.0017679878155166357
WK051844,Wijk 44 Leidschenveen,2022,4.151005907010248,0.04874105586656317,-0.006179963157686868,-0.007130842913562268,0.005065947322554574,0.04238243923334066,0.014603475381916801
WK052301,Neder Hardinxveld,2002,4.056409583801616,-0.045855267342068386,NA,NA,NA,NA,NA
WK052301,Neder Hardinxveld,2008,4.040144230040652,-0.06212062110303338,NA,NA,NA,NA,NA
WK052301,Neder Hardinxveld,2012,4.059804881699751,-0.042459969443933834,NA,NA,NA,NA,NA
WK052301,Neder Hardinxveld,2014,4.06973016924854,-0.032534681895144496,-0.03745524225217072,0.056590280146082715,0.02992922690664408,-0.08863614306230466,0.007037196366603825
WK052301,Neder Hardinxveld,2016,4.073490915034532,-0.028773936109152545,NA,NA,NA,NA,NA
WK052301,Neder Hardinxveld,2018,4.103782890179769,0.0015180390360838107,-0.03750276117498949,0.06626410327191502,0.027779130881094922,-0.07096421607142493,0.01594178212948807
WK052301,Neder Hardinxveld,2020,4.120918340234665,0.01865348909097992,-0.0305249348520675,0.07400139224848858,0.02070148965133324,-0.06122696133636122,0.015702503379586532
WK052301,Neder Hardinxveld,2022,4.098934442499559,-0.0033304086441272632,-0.020304440669805374,0.06477871349009169,0.018196054137446183,-0.08735605923374809,0.02135532363188803
WK052302,De Peulen,2002,3.915994609328989,-0.1862702418146961,NA,NA,NA,NA,NA
WK052302,De Peulen,2008,3.944348981486229,-0.15791586965745616,NA,NA,NA,NA,NA
WK052302,De Peulen,2012,3.9731215753084066,-0.12914327583527874,NA,NA,NA,NA,NA
WK052302,De Peulen,2014,4.001553935484945,-0.10071091565873998,-0.01525761143312371,0.03836307280031717,-0.02124767613454749,-0.07148971370288253,-0.031078987188503715
WK052302,De Peulen,2016,4.028189226207554,-0.07407562493613062,NA,NA,NA,NA,NA
WK052302,De Peulen,2018,4.024996240217465,-0.0772686109262202,-0.01985494823408458,0.04792199940923028,-0.02526116411954809,-0.05599290435941056,-0.02408159362240755
WK052302,De Peulen,2020,4.021219000342404,-0.08104585080128109,-0.01256273404103803,0.034921308988496186,-0.027941354888401996,-0.05442208704881728,-0.021040983811520343
WK052302,De Peulen,2022,4.020877143619489,-0.08138770752419598,-0.005481129872088788,0.03876597114422154,-0.026632257696438354,-0.07973915143766086,-0.008301139662229775
WK052303,Boven Hardinxveld,2002,4.003568709116065,-0.09869614202762038,NA,NA,NA,NA,NA
WK052303,Boven Hardinxveld,2008,4.019026679783306,-0.08323817136037907,NA,NA,NA,NA,NA
WK052303,Boven Hardinxveld,2012,4.0358262643094855,-0.0664385868342,NA,NA,NA,NA,NA
WK052303,Boven Hardinxveld,2014,4.050367080425066,-0.051897770718618834,-0.014400975779783911,0.07397793702378679,0.023246359242808146,-0.12543344051123284,-0.009287650694197262
WK052303,Boven Hardinxveld,2016,4.092658703671215,-0.009606147472470714,NA,NA,NA,NA,NA
WK052303,Boven Hardinxveld,2018,4.06619188187426,-0.03607296926942567,-0.02466255364685383,0.07688356808220599,0.023137859743301948,-0.11569408203722391,0.004262238589143879
WK052303,Boven Hardinxveld,2020,4.078135150290529,-0.024129700853156417,-0.015366101443827294,0.06227252361682929,0.022517569125534712,-0.10294223329434506,0.009388541142651646
WK052303,Boven Hardinxveld,2022,4.029101341496977,-0.07316350964670798,-0.021499517856905303,0.05264498693038432,0.015736083952526778,-0.12998886812083035,0.009943805448116308
WK052304,Giessendam,2002,4.0474943248487385,-0.054770526294946296,NA,NA,NA,NA,NA
WK052304,Giessendam,2008,4.064883621035938,-0.03738123010774701,NA,NA,NA,NA,NA
WK052304,Giessendam,2012,4.084323033377844,-0.01794181776584068,NA,NA,NA,NA,NA
WK052304,Giessendam,2014,4.0915954103463745,-0.010669440797310926,-0.019150286826332488,0.053551027551615754,0.02414490650263993,-0.07504120595513626,0.005826117929901864
WK052304,Giessendam,2016,4.1110982227574455,0.00883337161376059,NA,NA,NA,NA,NA
WK052304,Giessendam,2018,4.1385959047365715,0.03633105359288636,-0.014735152920081538,0.07062247535807227,0.025185814862145085,-0.059735046092643795,0.014992962385393984
WK052304,Giessendam,2020,4.128378916739135,0.026114065595449373,-0.011151751636915118,0.06745749272711016,0.023659552409273154,-0.06431380006392229,0.010462572159903203
WK052304,Giessendam,2022,4.100434058487946,-0.0018307926557394336,-0.011185135482154865,0.06650740240406477,0.01837386881978701,-0.09272738988262166,0.017200461485185062
WK053000,Wijk 00 Hellevoet,2002,3.905901772311587,-0.19636307883209808,NA,NA,NA,NA,NA
WK053000,Wijk 00 Hellevoet,2008,3.918717564632041,-0.18354728651164381,NA,NA,NA,NA,NA
WK053000,Wijk 00 Hellevoet,2012,3.9803387610834315,-0.12192609006025333,NA,NA,NA,NA,NA
WK053000,Wijk 00 Hellevoet,2014,4.018398201012286,-0.08386665013139916,0.03789571477710752,-0.01599793771927744,-0.013166493607521007,-0.09643018511232733,0.003832251530618808
WK053000,Wijk 00 Hellevoet,2016,4.028579003037963,-0.07368584810572185,NA,NA,NA,NA,NA
WK053000,Wijk 00 Hellevoet,2018,4.03731043006978,-0.06495442107390534,0.03380507223120706,0.00996520446415741,-0.015631975525114042,-0.1006333736448403,0.007540651400684237
WK053000,Wijk 00 Hellevoet,2020,4.071476290238354,-0.030788560905331615,0.06464046458213361,0.004209747602130605,-0.015838931963771802,-0.08743784411580477,0.003638002989980426
WK053000,Wijk 00 Hellevoet,2022,4.075674633755433,-0.02659021738825255,0.06318321199401,0.003218434936880035,-0.013669343662867638,-0.08722189052595815,0.007899369869682905
WK053001,Wijk 01 Nieuw-Helvoet,2002,3.911776600899464,-0.19048825024422114,NA,NA,NA,NA,NA
WK053001,Wijk 01 Nieuw-Helvoet,2008,3.9020958934389713,-0.2001689577047141,NA,NA,NA,NA,NA
WK053001,Wijk 01 Nieuw-Helvoet,2012,3.9255474790651084,-0.17671737207857693,NA,NA,NA,NA,NA
WK053001,Wijk 01 Nieuw-Helvoet,2014,3.991440236678157,-0.11082461446552841,0.026309842422639403,-0.021503967468423934,-0.018595667962200538,-0.09503228595215242,-0.002002535505391172
WK053001,Wijk 01 Nieuw-Helvoet,2016,3.9859857043577924,-0.11627914678589306,NA,NA,NA,NA,NA
WK053001,Wijk 01 Nieuw-Helvoet,2018,3.981987538165814,-0.12027731297787127,0.013382225823686767,-0.020753478939046274,-0.016970792938552977,-0.10107030260275644,0.005135035678797383
WK053001,Wijk 01 Nieuw-Helvoet,2020,4.012376031271585,-0.08988881987210001,0.03158727595050124,-0.016059619336949573,-0.017269043858030807,-0.0921380189476892,0.003990586320068052
WK053001,Wijk 01 Nieuw-Helvoet,2022,4.034757799401205,-0.06750705174248027,0.03677481871853145,-0.009163936387575466,-0.016277303368080868,-0.08988325487054825,0.011042624165192551
WK053002,Wijk 02 Nieuwenhoorn,2002,4.120202509544706,0.017937658401020705,NA,NA,NA,NA,NA
WK053002,Wijk 02 Nieuwenhoorn,2008,4.100672913426114,-0.0015919377175714082,NA,NA,NA,NA,NA
WK053002,Wijk 02 Nieuwenhoorn,2012,4.119605386879433,0.01734053573574884,NA,NA,NA,NA,NA
WK053002,Wijk 02 Nieuwenhoorn,2014,4.151518332921747,0.049253481778062595,0.02041469102296389,0.07959661204218095,0.05644301538078659,-0.13950035738120123,0.03229952071333211
WK053002,Wijk 02 Nieuwenhoorn,2016,4.149693777007845,0.04742892586415893,NA,NA,NA,NA,NA
WK053002,Wijk 02 Nieuwenhoorn,2018,4.134030639721596,0.03176578857791065,0.012887869870940453,0.06897209798778538,0.05170774147812861,-0.14108835700775735,0.03928643624881337
WK053002,Wijk 02 Nieuwenhoorn,2020,4.129534287309627,0.027269436165942178,0.020099748758237883,0.07090960275822045,0.045368160244062344,-0.14996716858458856,0.04085909299000978
WK053002,Wijk 02 Nieuwenhoorn,2022,4.1262076601286815,0.023942808984996213,0.021431446688013805,0.06786490179160586,0.03691704971098847,-0.15835005370442307,0.05607946449881082
WK053003,Wijk 03 De Struyten,2002,3.833607768051563,-0.268657083092122,NA,NA,NA,NA,NA
WK053003,Wijk 03 De Struyten,2008,3.8635695573373505,-0.23869529380633456,NA,NA,NA,NA,NA
WK053003,Wijk 03 De Struyten,2012,3.9001866409582995,-0.20207821018538555,NA,NA,NA,NA,NA
WK053003,Wijk 03 De Struyten,2014,3.9633246922091683,-0.13894015893451697,0.03387810825149187,-0.02300001244313767,-0.008697660073491304,-0.11413987798930332,-0.026980716680076875
WK053003,Wijk 03 De Struyten,2016,3.9829714023817036,-0.11929344876198152,NA,NA,NA,NA,NA
WK053003,Wijk 03 De Struyten,2018,3.9627456245375923,-0.13951922660609312,0.021936362491150187,-0.014839943079158854,-0.008817474198353383,-0.11802301879434447,-0.01977515302538692
WK053003,Wijk 03 De Struyten,2020,3.9899555295390554,-0.11230932160462967,0.025287898556958784,-5.318663918103121e-4,-0.010921393060010099,-0.11366207853145119,-0.012481882178317171
WK053003,Wijk 03 De Struyten,2022,3.9944078641663414,-0.107856986977344,0.02636364651005189,-0.013436758351976405,-0.008066777113205758,-0.11318367217316393,4.665741509499023e-4
WK053004,Wijk 04 De Kooistee,2002,3.787383332608536,-0.31488151853514884,NA,NA,NA,NA,NA
WK053004,Wijk 04 De Kooistee,2008,3.831209350475049,-0.271055500668636,NA,NA,NA,NA,NA
WK053004,Wijk 04 De Kooistee,2012,3.854371431405231,-0.24789341973845413,NA,NA,NA,NA,NA
WK053004,Wijk 04 De Kooistee,2014,3.8918270430540045,-0.21043780808968088,0.021812730329966112,-0.05873296146874972,-0.017318597535770544,-0.12261770253950752,-0.0335812768756195
WK053004,Wijk 04 De Kooistee,2016,3.917782882870169,-0.18448196827351646,NA,NA,NA,NA,NA
WK053004,Wijk 04 De Kooistee,2018,3.9076298533286034,-0.19463499781508167,0.01808921729982335,-0.04356942403687053,-0.01906971273002179,-0.12701836936265803,-0.023066708985354942
WK053004,Wijk 04 De Kooistee,2020,3.928711257036684,-0.17355359410700155,0.02106357250811867,-0.02892486266231334,-0.020674540317015343,-0.11942484270612992,-0.02559292092966188
WK053004,Wijk 04 De Kooistee,2022,3.9313772680055408,-0.17088758313814448,0.023472383642766124,-0.04419864762856802,-0.01951222476702177,-0.12277918220389196,-0.007869912181429156
WK053005,Wijk 05 Den Bonsen Hoek,2002,4.034845416808372,-0.06741943433531303,NA,NA,NA,NA,NA
WK053005,Wijk 05 Den Bonsen Hoek,2008,4.0106803445485415,-0.09158450659514308,NA,NA,NA,NA,NA
WK053005,Wijk 05 Den Bonsen Hoek,2012,4.058160540218852,-0.0441043109248332,NA,NA,NA,NA,NA
WK053005,Wijk 05 Den Bonsen Hoek,2014,4.087066815642209,-0.015198035501475686,0.025210486731005587,0.038865118138968306,0.02031091853577107,-0.1141591399172464,0.014574581010025484
WK053005,Wijk 05 Den Bonsen Hoek,2016,4.093746887220239,-0.008517963923446104,NA,NA,NA,NA,NA
WK053005,Wijk 05 Den Bonsen Hoek,2018,4.083420498931274,-0.01884435221241062,0.019026508826457643,0.04592631323809531,0.015565077637415676,-0.1196628268013896,0.020300574887010064
WK053005,Wijk 05 Den Bonsen Hoek,2020,4.099209562677171,-0.003055288466514346,0.026461227206877234,0.0536038776515192,0.014106878259008056,-0.1128768823250719,0.015649610741152734
WK053005,Wijk 05 Den Bonsen Hoek,2022,4.109984800450161,0.007719949306476107,0.026248962033186975,0.061560544902854654,0.01305577240140893,-0.11677946650512969,0.0236341364741549
WK053006,Wijk 06 Ravense Hoek,2002,3.9886907549784976,-0.1135740961651878,NA,NA,NA,NA,NA
WK053006,Wijk 06 Ravense Hoek,2008,4.040560703649874,-0.06170414749381111,NA,NA,NA,NA,NA
WK053006,Wijk 06 Ravense Hoek,2012,4.048821379662623,-0.053443471481061974,NA,NA,NA,NA,NA
WK053006,Wijk 06 Ravense Hoek,2014,4.090912313282957,-0.011352537860728314,0.011858965251323675,0.05714932023193714,0.03490295173561882,-0.1405297433875107,0.025265968307902568
WK053006,Wijk 06 Ravense Hoek,2016,4.069643284268787,-0.03262156687489766,NA,NA,NA,NA,NA
WK053006,Wijk 06 Ravense Hoek,2018,4.088307307212914,-0.013957543930771294,0.0056914703360362254,0.06736549921708135,0.028928932149366038,-0.14363646692885784,0.02769302129560259
WK053006,Wijk 06 Ravense Hoek,2020,4.0883110092578,-0.013953841885885531,0.012266994650760466,0.06202787191521646,0.027932705071357068,-0.13911725799304162,0.022935844469821793
WK053006,Wijk 06 Ravense Hoek,2022,4.105276788136826,0.0030119369931404173,0.013224463011322176,0.06697845336329547,0.03001212001541458,-0.1450045025641069,0.03780140316721478
WK053007,Wijk 07 Centrumgebied,2002,3.936389825943783,-0.16587502519990216,NA,NA,NA,NA,NA
WK053007,Wijk 07 Centrumgebied,2008,3.972621158223891,-0.1296436929197943,NA,NA,NA,NA,NA
WK053007,Wijk 07 Centrumgebied,2012,4.021572310333596,-0.08069254081008959,NA,NA,NA,NA,NA
WK053007,Wijk 07 Centrumgebied,2014,4.0655166550197865,-0.03674819612389857,0.050856666202206365,-0.015110214187485937,0.007144904225059823,-0.07509869108697076,-0.00454086127670836
WK053007,Wijk 07 Centrumgebied,2016,4.0204727719046565,-0.08179207923902915,NA,NA,NA,NA,NA
WK053007,Wijk 07 Centrumgebied,2018,4.017001956197207,-0.08526289494647755,0.0450954847238608,-0.04346748619668043,-7.9224853944426e-4,-0.08368971703524472,-0.002408927898969186
WK053007,Wijk 07 Centrumgebied,2020,4.050568508099651,-0.05169634304403379,0.04775112631345057,-0.028952096164217962,0.006425706490834066,-0.07429993174775221,-0.002621147936348499
WK053007,Wijk 07 Centrumgebied,2022,4.049208335614889,-0.053056515528796554,0.05146485423027095,-0.02058296850739775,0.011573399421440951,-0.0880277980742523,-0.007484002598858618
WK053008,Wijk 08 Kickers Bloem,2002,4.01038559257317,-0.09187925857051527,NA,NA,NA,NA,NA
WK053008,Wijk 08 Kickers Bloem,2008,3.9655195987619583,-0.13674525238172677,NA,NA,NA,NA,NA
WK053008,Wijk 08 Kickers Bloem,2012,3.850153716154253,-0.2521111349894324,NA,NA,NA,NA,NA
WK053008,Wijk 08 Kickers Bloem,2014,3.9371295318779582,-0.1651353192657267,-0.10972922745257785,-0.01230205751768768,0.03687145235529793,-0.14906481983198033,0.06908933318122101
WK053008,Wijk 08 Kickers Bloem,2016,3.900168533897032,-0.20209631724665292,NA,NA,NA,NA,NA
WK053008,Wijk 08 Kickers Bloem,2018,3.8156528451602836,-0.2866120059834016,-0.1438622842149964,-0.10687760305907067,0.032990740588879436,-0.14471558074257393,0.07585272144435964
WK053008,Wijk 08 Kickers Bloem,2020,3.7770437617640003,-0.3252210893796852,-0.11792234307194727,-0.20576662164445583,0.04128326969109181,-0.14027742283481326,0.0974620284804391
WK053008,Wijk 08 Kickers Bloem,2022,4.018050217012558,-0.08421463413112747,-0.12689618746972386,0.013357025288121075,0.08469266808594698,-0.1507197906270324,0.09535165059156032
WK053009,Wijk 09 Buitengebied,2002,4.1524578064944,0.050192955350714615,NA,NA,NA,NA,NA
WK053009,Wijk 09 Buitengebied,2008,4.095760349449071,-0.006504501694614455,NA,NA,NA,NA,NA
WK053009,Wijk 09 Buitengebied,2012,4.048865331088162,-0.05339952005552301,NA,NA,NA,NA,NA
WK053009,Wijk 09 Buitengebied,2014,4.235025146327998,0.13276029518431218,0.06449847608126034,0.07864810927387407,0.10817391803597312,-0.16769425794797146,0.049134049741175884
WK053009,Wijk 09 Buitengebied,2016,4.23147118918989,0.12920633804620485,NA,NA,NA,NA,NA
WK053009,Wijk 09 Buitengebied,2018,4.266613638751204,0.16434878760751923,0.06460687402116543,0.08910035110007092,0.10256148704537617,-0.16887476842581362,0.07695484386671998
WK053009,Wijk 09 Buitengebied,2020,4.239837455727263,0.13757260458357737,0.07188586652723725,0.06813404901835793,0.09237484878675448,-0.1640769257818163,0.06925476603304379
WK053009,Wijk 09 Buitengebied,2022,4.246462569247734,0.1441977181040484,0.07375112946914245,0.06797638474430923,0.08068439873535221,-0.1585989062921821,0.08038471144742655
WK053010,Oudenhoorn,2002,4.019075170779086,-0.08318968036459881,NA,NA,NA,NA,NA
WK053010,Oudenhoorn,2008,3.9820384476127724,-0.12022640353091325,NA,NA,NA,NA,NA
WK053010,Oudenhoorn,2012,4.015661020241799,-0.08660383090188631,NA,NA,NA,NA,NA
WK053010,Oudenhoorn,2014,4.0545844396048345,-0.047680411538851324,-0.027156779761560477,0.06825736589928741,0.05669149777665145,-0.197142346018704,0.05166985056547395
WK053010,Oudenhoorn,2016,4.070606837856839,-0.03165801328684661,NA,NA,NA,NA,NA
WK053010,Oudenhoorn,2018,4.1007261352552735,-0.0015387158884116185,-0.00998650243821087,0.09427242422005676,0.06737895076585497,-0.20600824162617282,0.05280465319005999
WK053010,Oudenhoorn,2020,4.095763950698868,-0.006500900444817125,-0.013692171675182902,0.10116767863241719,0.05328331731642526,-0.20029894994433026,0.053039225225853366
WK053010,Oudenhoorn,2022,4.0820557402508655,-0.020209110892819085,-0.0011435544095760395,0.08855158018133083,0.05822686506021656,-0.21143019844292812,0.04558619671813747
WK053101,Wijk 01 Centrum,2002,3.9817708673536467,-0.12049398379003805,NA,NA,NA,NA,NA
WK053101,Wijk 01 Centrum,2008,3.9900442392122697,-0.11222061193141515,NA,NA,NA,NA,NA
WK053101,Wijk 01 Centrum,2012,4.008251366302988,-0.09401348484069667,NA,NA,NA,NA,NA
WK053101,Wijk 01 Centrum,2014,4.07014423166176,-0.032120619481925045,-0.012893827327718925,0.04243023604895809,-0.001732391960713141,-0.02292709402948443,-0.03699754221296692
WK053101,Wijk 01 Centrum,2016,4.110293880234936,0.008029029091250717,NA,NA,NA,NA,NA
WK053101,Wijk 01 Centrum,2018,4.098791425930188,-0.0034734252134967507,-0.010007245753900029,0.04969781679999656,0.0021521464441456037,-0.01556040437111801,-0.029755738332621167
WK053101,Wijk 01 Centrum,2020,4.106457323415626,0.004192472271939817,-0.006508508015301057,0.03899266534773059,-1.2924426857156674e-4,0.0026288985695326833,-0.030791339361451134
WK053101,Wijk 01 Centrum,2022,4.122672376543562,0.02040752539987691,-0.009356452723529474,0.038912337338399654,0.004329391802527459,-0.010825465301914038,-0.0026522857156069625
WK053102,Wijk 02 Krommeweg,2002,3.9782597079482147,-0.12400514319547037,NA,NA,NA,NA,NA
WK053102,Wijk 02 Krommeweg,2008,3.9885773709548262,-0.1136874801888589,NA,NA,NA,NA,NA
WK053102,Wijk 02 Krommeweg,2012,4.009423883543897,-0.09284096759978896,NA,NA,NA,NA,NA
WK053102,Wijk 02 Krommeweg,2014,4.0491814260287695,-0.053083425114915164,-0.019342810111968634,0.03318884561638333,-0.005348209461706039,-0.03568000905708554,-0.025901242100538593
WK053102,Wijk 02 Krommeweg,2016,4.071319972692374,-0.030944878451311796,NA,NA,NA,NA,NA
WK053102,Wijk 02 Krommeweg,2018,4.090122259629285,-0.012142591514400126,-0.016381882235913563,0.05211075371766706,-0.0051148390834886565,-0.030018151105226664,-0.012738472807438598
WK053102,Wijk 02 Krommeweg,2020,4.119675175293556,0.01741032414987036,-0.01151105498562994,0.057843224732980855,-0.005384118458156885,-0.014231005679870826,-0.009306721459453129
WK053102,Wijk 02 Krommeweg,2022,4.107401270281924,0.005136419138238753,-0.011175218117436624,0.03297370465225132,-0.0038657167809320416,-0.027398157141253984,0.014601806525609802
WK053103,Wijk 03 De Volgerlanden,2002,3.9955396520688593,-0.10672519907482578,NA,NA,NA,NA,NA
WK053103,Wijk 03 De Volgerlanden,2008,4.12101107401975,0.01874622287606436,NA,NA,NA,NA,NA
WK053103,Wijk 03 De Volgerlanden,2012,4.113058373415311,0.010793522271625382,NA,NA,NA,NA,NA
WK053103,Wijk 03 De Volgerlanden,2014,4.061604556083221,-0.040660295060463536,-0.0477503871041436,0.026845196722990333,0.008644991427374607,-0.02420378843329713,-0.004196307673387981
WK053103,Wijk 03 De Volgerlanden,2016,4.110676951772971,0.008412100629285893,NA,NA,NA,NA,NA
WK053103,Wijk 03 De Volgerlanden,2018,4.144809742744293,0.04254489160060771,-0.022038181071902,0.0483551918378857,0.01711144336616989,-0.018556042133576513,0.0176724796020304
WK053103,Wijk 03 De Volgerlanden,2020,4.158214713417682,0.055949862273997106,-0.024547997256096802,0.05611798522649121,0.016423924819474214,-0.0028984300117070563,0.010854379495835294
WK053103,Wijk 03 De Volgerlanden,2022,4.158676442191098,0.056411591047412904,-0.010345501295469156,0.03888257573659175,0.019393742697832474,-0.013830554189072601,0.022311328097530125
WK053104,Wijk 04 Sandelingen-Ambacht,2002,4.229809411140196,0.12754455999651054,NA,NA,NA,NA,NA
WK053104,Wijk 04 Sandelingen-Ambacht,2008,4.195118834340121,0.09285398319643594,NA,NA,NA,NA,NA
WK053104,Wijk 04 Sandelingen-Ambacht,2012,4.285814955813096,0.18355010466941085,NA,NA,NA,NA,NA
WK053104,Wijk 04 Sandelingen-Ambacht,2014,4.338550134198019,0.23628528305433305,-0.06830229973041538,0.1432134458898036,0.11771208504977951,-0.06052317417246396,0.10418522601762885
WK053104,Wijk 04 Sandelingen-Ambacht,2016,4.37233639037063,0.27007153922694455,NA,NA,NA,NA,NA
WK053104,Wijk 04 Sandelingen-Ambacht,2018,4.2799764916459715,0.1777116405022862,-0.019521317563322624,0.10991774719248244,0.08143620680920273,-0.03467294353843912,0.040551947602362685
WK053104,Wijk 04 Sandelingen-Ambacht,2020,4.266371600174,0.16410674903031428,-0.014806468720078717,0.10918145230528419,0.07610370314398902,-0.026176618209442375,0.019804680510561692
WK053104,Wijk 04 Sandelingen-Ambacht,2022,4.278346931156199,0.17608208001251435,-0.02632333423699662,0.09384794549882584,0.07686731023271905,-0.044702295891586225,0.07639245440955189
WK053105,Wijk 05 De Oevers,2002,3.881991557236347,-0.220273293907338,NA,NA,NA,NA,NA
WK053105,Wijk 05 De Oevers,2008,3.9205979326607614,-0.18166691848292368,NA,NA,NA,NA,NA
WK053105,Wijk 05 De Oevers,2012,3.981359064111994,-0.12090578703169144,NA,NA,NA,NA,NA
WK053105,Wijk 05 De Oevers,2014,3.9871396474408107,-0.11512520370287434,-0.08520014129259422,0.03211024584066468,0.040959197479473006,-0.039577635810315995,-0.06341686992010202
WK053105,Wijk 05 De Oevers,2016,4.027565049008699,-0.07469980213498532,NA,NA,NA,NA,NA
WK053105,Wijk 05 De Oevers,2018,4.054173901566922,-0.048090949576763235,-0.06852631128046661,0.05562456596296835,0.05646066040148812,-0.03326487993600207,-0.05838498472475127
WK053105,Wijk 05 De Oevers,2020,4.062440475042653,-0.03982437610103254,-0.0642385942800717,0.08744847019272818,0.04388692593324445,-0.01892322336363085,-0.08799795458330281
WK053105,Wijk 05 De Oevers,2022,4.100950866942709,-0.0013139842009768877,-0.06201084903803577,0.07772627146692385,0.03459059342904887,-0.024530764424974323,-0.02708923563393995
WK053201,Stede Broec Buitengebied,2002,4.16415415678657,0.061889305642884904,NA,NA,NA,NA,NA
WK053201,Stede Broec Buitengebied,2008,4.133914073771236,0.03164922262755132,NA,NA,NA,NA,NA
WK053201,Stede Broec Buitengebied,2012,4.145667825267845,0.043402974124159756,NA,NA,NA,NA,NA
WK053201,Stede Broec Buitengebied,2014,4.178244310009388,0.07597945886570309,-0.0024551744505819724,0.07823542641070126,0.11314157254351923,-0.16469608590557192,0.0517537202676361
WK053201,Stede Broec Buitengebied,2016,4.170115816957675,0.06785096581398971,NA,NA,NA,NA,NA
WK053201,Stede Broec Buitengebied,2018,4.16239585017136,0.060130999027674416,-0.008105413265591709,0.055824003900295086,0.10611656022368991,-0.14628042047801892,0.05257626864729982
WK053201,Stede Broec Buitengebied,2020,4.141017969305718,0.03875311816203283,-0.002171209198547327,0.05834116606005845,0.08707022805924915,-0.14459984386067765,0.04011277710194999
WK053201,Stede Broec Buitengebied,2022,4.191489357878882,0.08922450673519722,7.617575822344922e-4,0.09504658887010817,0.08264845559867909,-0.14804860603407582,0.058816310718251066
WK053202,Stede Broec Noord,2002,4.0631862573742215,-0.039078593769463925,NA,NA,NA,NA,NA
WK053202,Stede Broec Noord,2008,4.071599711324584,-0.030665139819100885,NA,NA,NA,NA,NA
WK053202,Stede Broec Noord,2012,4.1031417438616975,8.768927180123385e-4,NA,NA,NA,NA,NA
WK053202,Stede Broec Noord,2014,4.123095594732123,0.020830743588438567,0.047916924399735335,0.04317958662392624,0.03160984923653737,-0.11554872244850754,0.01367310577674692
WK053202,Stede Broec Noord,2016,4.162150487592956,0.05988563644927012,NA,NA,NA,NA,NA
WK053202,Stede Broec Noord,2018,4.1750863222746135,0.07282147113092838,0.0371715537774114,0.06648108277596515,0.03065877379147503,-0.09563332432386704,0.03414338510994355
WK053202,Stede Broec Noord,2020,4.173828723423731,0.07156387228004545,0.03834883200760716,0.0677136121309394,0.024936523482454637,-0.09418342928907411,0.03474833394811808
WK053202,Stede Broec Noord,2022,4.183550514159633,0.08128566301594804,0.04477560264405037,0.07095761178597289,0.026387466545132354,-0.09736644776916423,0.03653142980995638
WK053203,Stede Broec Zuid,2002,3.9291182421011692,-0.17314660904251625,NA,NA,NA,NA,NA
WK053203,Stede Broec Zuid,2008,3.941796446970133,-0.16046840417355224,NA,NA,NA,NA,NA
WK053203,Stede Broec Zuid,2012,3.9618846264371816,-0.14038022470650333,NA,NA,NA,NA,NA
WK053203,Stede Broec Zuid,2014,3.999950880483112,-0.10231397066057397,0.03507474579354828,-0.0016709388631772604,2.1902743477329742e-4,-0.13318524662248157,-0.002751558403236952
WK053203,Stede Broec Zuid,2016,4.039547243495173,-0.06271760764851171,NA,NA,NA,NA,NA
WK053203,Stede Broec Zuid,2018,4.044685109204523,-0.05757974193916185,0.024334390571763703,0.024721257958920478,-0.0032782609634894795,-0.1098911576888159,0.006534028182459106
WK053203,Stede Broec Zuid,2020,4.054200882519884,-0.04806396862380148,0.021483813948525193,0.029724006111338245,-0.0051480769229091585,-0.1056468228757891,0.011523111115033045
WK053203,Stede Broec Zuid,2022,4.065814465796486,-0.03645038534719876,0.02595723215414656,0.031445075114793074,-0.0030945766590712315,-0.10560502407854445,0.01484690812147702
WK053401,Hillegom Midden,2002,3.9742730247006426,-0.1279918264430425,NA,NA,NA,NA,NA
WK053401,Hillegom Midden,2008,3.987123694164102,-0.11514115697958305,NA,NA,NA,NA,NA
WK053401,Hillegom Midden,2012,4.0230001656380345,-0.079264685505651,NA,NA,NA,NA,NA
WK053401,Hillegom Midden,2014,4.043166775725583,-0.05909807541810237,0.008387177340088021,-0.025999168990979114,-0.023188836157605412,-0.002781945415097947,-0.01551530219450817
WK053401,Hillegom Midden,2016,4.054113199111338,-0.04815165203234695,NA,NA,NA,NA,NA
WK053401,Hillegom Midden,2018,4.050604665923465,-0.05166018522022063,-0.00838424065461149,-0.012041766928270404,-0.023639584017965044,0.006677222660063853,-0.01427181627943777
WK053401,Hillegom Midden,2020,4.075726805418261,-0.026538045725423415,-2.467697419057705e-4,-0.005283621274108689,-0.023746673912731147,0.009304192775574528,-0.006565173572252591
WK053401,Hillegom Midden,2022,4.050986153766862,-0.051278697376822197,-1.7718835802235888e-4,-0.034556998372965886,-0.022349534111216707,0.009314022032072404,-0.003508998566689938
WK053402,Hillegom Noord,2002,4.027368929521058,-0.07489592162262665,NA,NA,NA,NA,NA
WK053402,Hillegom Noord,2008,4.0513525826514405,-0.050912268492244846,NA,NA,NA,NA,NA
WK053402,Hillegom Noord,2012,4.079077259071368,-0.02318759207231779,NA,NA,NA,NA,NA
WK053402,Hillegom Noord,2014,4.070949534382702,-0.03131531676098287,-1.5313075108493512e-4,0.021644267514575547,-9.213113122321357e-6,-0.05984431544165618,0.007047075030304808
WK053402,Hillegom Noord,2016,4.079974449627464,-0.0222904015162215,NA,NA,NA,NA,NA
WK053402,Hillegom Noord,2018,4.0573183153540855,-0.04494653578959973,-0.017252142031459125,0.023637761071913656,-0.0036577512797278536,-0.061998794315646165,0.014324390765319411
WK053402,Hillegom Noord,2020,4.071032180145928,-0.031232670997757228,-0.008488232017079541,0.026994354288673875,-0.006203752901193578,-0.06219230455866807,0.01865726419050981
WK053402,Hillegom Noord,2022,4.063199218617343,-0.039065632526342244,-0.0068712334428970906,0.009122676444283667,-0.0027848115828840994,-0.05746703153779157,0.01893476759294653
WK053403,Hillegom Zuid,2002,3.989707040631299,-0.11255781051238649,NA,NA,NA,NA,NA
WK053403,Hillegom Zuid,2008,3.9916469494315794,-0.11061790171210573,NA,NA,NA,NA,NA
WK053403,Hillegom Zuid,2012,4.015035684164509,-0.08722916697917574,NA,NA,NA,NA,NA
WK053403,Hillegom Zuid,2014,4.0394108325220754,-0.06285401862160997,0.0016336081319316823,0.021925671761053433,-0.010748603865102145,-0.04861896266408958,-0.027045731985403616
WK053403,Hillegom Zuid,2016,4.077789990885794,-0.024474860257891144,NA,NA,NA,NA,NA
WK053403,Hillegom Zuid,2018,4.091377228240706,-0.01088762290297977,-0.01356924640533661,0.046989164262955525,-0.002478982141884295,-0.03678440640506341,-0.005044152213651272
WK053403,Hillegom Zuid,2020,4.105707129128021,0.0034422779843355364,-0.007181671092574763,0.048600391044401434,-0.006143320653140889,-0.031054880124673737,-7.782411896767626e-4
WK053403,Hillegom Zuid,2022,4.101638184147355,-6.266669963305765e-4,-0.007030174251411106,0.03170723200461691,-0.0024620682998542217,-0.03301621428876014,0.010174557839077704
WK053404,Hillegom West,2002,4.145915943706537,0.04365109256285187,NA,NA,NA,NA,NA
WK053404,Hillegom West,2008,4.151566083474114,0.04930123233042889,NA,NA,NA,NA,NA
WK053404,Hillegom West,2012,4.14999735736733,0.04773250622364468,NA,NA,NA,NA,NA
WK053404,Hillegom West,2014,4.19310063724598,0.09083578610229412,0.01451975576834908,0.04576802372393562,0.030085471640936133,-0.042464322640463875,0.042926857609536864
WK053404,Hillegom West,2016,4.191696471198661,0.08943162005497511,NA,NA,NA,NA,NA
WK053404,Hillegom West,2018,4.189885562302557,0.08762071115887148,-0.005097283905685668,0.06402837678102365,0.02988298038709964,-0.03623687650187097,0.035043514398304595
WK053404,Hillegom West,2020,4.203391229219949,0.10112637807626368,0.0030324373683369835,0.07226222919130433,0.029123561339036038,-0.03945731545172843,0.03616546562931444
WK053404,Hillegom West,2022,4.197083661095177,0.09481880995149146,0.007774654755967333,0.057544476767511614,0.03217518271089801,-0.03801144956592159,0.03533594528303583
WK053405,Buitengebied,2002,4.155886024049546,0.053621172905860756,NA,NA,NA,NA,NA
WK053405,Buitengebied,2008,4.125927688103792,0.023662836960106293,NA,NA,NA,NA,NA
WK053405,Buitengebied,2012,4.1611240518947765,0.058859200751091384,NA,NA,NA,NA,NA
WK053405,Buitengebied,2014,4.2200209190243845,0.11775606788069927,-0.058967960296120656,0.08615032151709738,0.09552069433426251,-0.08024924048705988,0.0753022528125196
WK053405,Buitengebied,2016,4.243076262285949,0.14081141114226323,NA,NA,NA,NA,NA
WK053405,Buitengebied,2018,4.235195900764551,0.1329310496208657,-0.04217483941231589,0.09259711019663848,0.0877714496497239,-0.07739608696629212,0.07213341615311102
WK053405,Buitengebied,2020,4.225369906453773,0.12310505531008789,-0.03991384224396776,0.09127953225616607,0.0728440007972665,-0.07183134835050284,0.07072671285112567
WK053405,Buitengebied,2022,4.225764340658862,0.12349948951517656,-0.03287738936592592,0.08255004313914771,0.07642669619206532,-0.07774565390396294,0.07514579345385221
WK053701,Katwijk Noord,2002,3.945295539316458,-0.1569693118272277,NA,NA,NA,NA,NA
WK053701,Katwijk Noord,2008,3.9776539033439686,-0.12461094779971649,NA,NA,NA,NA,NA
WK053701,Katwijk Noord,2012,3.9971698830273494,-0.10509496811633584,NA,NA,NA,NA,NA
WK053701,Katwijk Noord,2014,4.095154969185352,-0.007109881958332908,0.07629464241150748,-0.005586969318654284,-0.016802239802824533,-0.017730310154459486,-0.04328500509390236
WK053701,Katwijk Noord,2016,4.104285820230861,0.0020209690871762468,NA,NA,NA,NA,NA
WK053701,Katwijk Noord,2018,4.123145856297145,0.020881005153459663,0.05508904633708525,0.03197334646710852,-0.014135704930584164,-0.020645109496490947,-0.03140057322365926
WK053701,Katwijk Noord,2020,4.14834580603167,0.04608095488798416,0.06232907590003961,0.04007482715217677,-0.009386708888201641,-0.010054440774132818,-0.03688179850189806
WK053701,Katwijk Noord,2022,4.1149600486701035,0.012695197526418726,0.06850763051628443,-0.007741193885617116,-0.016403418069260642,-0.010397705164123347,-0.021270115870864872
WK053702,'t Heen,2002,3.9087120860469633,-0.19355276509672195,NA,NA,NA,NA,NA
WK053702,'t Heen,2008,3.955123704186365,-0.14714114695732042,NA,NA,NA,NA,NA
WK053702,'t Heen,2012,3.9403695724118557,-0.16189527873182946,NA,NA,NA,NA,NA
WK053702,'t Heen,2014,3.975990731961553,-0.12627411918213205,-0.16210647733779815,-0.06792075151950497,0.0925826014972536,-0.046874666752812905,0.05804517493073012
WK053702,'t Heen,2016,3.936280701655459,-0.16598414948822593,NA,NA,NA,NA,NA
WK053702,'t Heen,2018,4.0757689757701225,-0.026495875373562794,-0.1862893272035822,0.0593770115393633,0.0932164580617221,-0.04846726595457494,0.05566724818350861
WK053702,'t Heen,2020,4.1365524104147395,0.03428755927105482,-0.16201477426582578,0.11272608665650927,0.06366215069944012,-0.035228569686313,0.05514266586724392
WK053702,'t Heen,2022,4.074414446661535,-0.02785040448214975,-0.17295753132118194,0.08918361677749001,0.05463271566749485,-0.050307843391821705,0.05159863778586874
WK053703,Katwijk aan den Rijn,2002,4.0930513521730125,-0.009213498970673169,NA,NA,NA,NA,NA
WK053703,Katwijk aan den Rijn,2008,4.11788237686405,0.015617525720365124,NA,NA,NA,NA,NA
WK053703,Katwijk aan den Rijn,2012,4.134488490854151,0.032223639710465955,NA,NA,NA,NA,NA
WK053703,Katwijk aan den Rijn,2014,4.180603201462823,0.07833835031913709,0.06762495825307305,0.0163408942218243,-0.011468376064761882,0.019016500351195828,-0.013175626442194454
WK053703,Katwijk aan den Rijn,2016,4.168816760776553,0.06655190963286788,NA,NA,NA,NA,NA
WK053703,Katwijk aan den Rijn,2018,4.164859747405166,0.0625948962614803,0.052186905257735706,0.022558249156380383,-0.011750392721646926,0.0044021673529395225,-0.004802032783928669
WK053703,Katwijk aan den Rijn,2020,4.192446945726791,0.09018209458310668,0.060785478977900834,0.02676283387776669,-0.011736940441011146,0.021744331572072083,-0.007373609403622048
WK053703,Katwijk aan den Rijn,2022,4.198215215464335,0.09595036432064911,0.06130158629105275,0.03127530120257653,-0.012456191182544252,0.015412401836161074,4.172661734027276e-4
WK053705,Katwijk aan Zee,2002,4.13621002123718,0.033945170093495104,NA,NA,NA,NA,NA
WK053705,Katwijk aan Zee,2008,4.125263681291435,0.02299883014775038,NA,NA,NA,NA,NA
WK053705,Katwijk aan Zee,2012,4.144222582264225,0.041957731120540236,NA,NA,NA,NA,NA
WK053705,Katwijk aan Zee,2014,4.215524786173698,0.11325993503001262,0.1142676613497226,0.0183196451572668,-0.01600401778495363,0.016616931784315343,-0.019940285476338786
WK053705,Katwijk aan Zee,2016,4.2163096796101325,0.11404482846644742,NA,NA,NA,NA,NA
WK053705,Katwijk aan Zee,2018,4.227149836256396,0.12488498511271075,0.08941304700634393,0.03630978218873879,-0.015934126936375137,0.022535647349889915,-0.0074393644958870115
WK053705,Katwijk aan Zee,2020,4.278922305509395,0.17665745436571062,0.11281384753707033,0.05340273761233121,-0.015486725929154791,0.03497996585961921,-0.009052370714155645
WK053705,Katwijk aan Zee,2022,4.2594596745956546,0.15719482345196964,0.11024203312850141,0.022383869384186496,-0.01609538236937943,0.0386980506517821,0.0019662526568788143
WK053706,Landelijk gebied Katwijk,2002,4.245858966627267,0.14359411548358234,NA,NA,NA,NA,NA
WK053706,Landelijk gebied Katwijk,2008,4.297766791730197,0.1955019405865117,NA,NA,NA,NA,NA
WK053706,Landelijk gebied Katwijk,2012,4.292253687041776,0.1899888358980911,NA,NA,NA,NA,NA
WK053706,Landelijk gebied Katwijk,2014,4.351754478439552,0.24948962729586566,0.121888197097443,0.07463335658164287,0.035298388577111574,-0.04067099317161122,0.0583406782112792
WK053706,Landelijk gebied Katwijk,2016,4.371695469828374,0.26943061868468904,NA,NA,NA,NA,NA
WK053706,Landelijk gebied Katwijk,2018,4.377547759804543,0.2752829086608576,0.12384892706337375,0.10362840934600312,0.03240178257005839,-0.03954317020944829,0.054946959890870326
WK053706,Landelijk gebied Katwijk,2020,4.402041415893147,0.29977656474946174,0.1518271562487606,0.0983944793542909,0.0315682648170631,-0.033501058263456174,0.05148772259280295
WK053706,Landelijk gebied Katwijk,2022,4.449155094622755,0.34689024347907027,0.17119566401926714,0.0891292766317545,0.05481075606645345,-0.022944916113723842,0.05469946287531885
WK053707,Rijnsburg,2002,4.156230301156195,0.053965450012509804,NA,NA,NA,NA,NA
WK053707,Rijnsburg,2008,4.159646372457374,0.05738152131368845,NA,NA,NA,NA,NA
WK053707,Rijnsburg,2012,4.174871106216754,0.07260625507306911,NA,NA,NA,NA,NA
WK053707,Rijnsburg,2014,4.259259241041349,0.15699438989766407,0.049872914082710114,0.04281774894395282,0.004689888922532574,0.061209310537144984,-0.0015954725886767008
WK053707,Rijnsburg,2016,4.251152745354104,0.14888789421041904,NA,NA,NA,NA,NA
WK053707,Rijnsburg,2018,4.227402309959453,0.12513745881576785,0.029387209380623606,0.051437718696158,0.0017151474578627915,0.03973374750922903,0.002863635771894117
WK053707,Rijnsburg,2020,4.244048543258374,0.14178369211468844,0.0382326441567579,0.06002996903177471,-4.879699009690088e-4,0.04366234263135209,3.4670619577245896e-4
WK053707,Rijnsburg,2022,4.2526527332798185,0.15038788213613324,0.04113605444326543,0.0587861601909367,-0.0027719448010613884,0.03954669349926892,0.013690918803723319
WK053708,Valkenburg,2002,4.083271436609219,-0.018993414534466485,NA,NA,NA,NA,NA
WK053708,Valkenburg,2008,4.099080867266508,-0.003183983877177226,NA,NA,NA,NA,NA
WK053708,Valkenburg,2012,4.155884002320048,0.05361915117636228,NA,NA,NA,NA,NA
WK053708,Valkenburg,2014,4.203502814808942,0.10123796366525743,0.03408135641455492,0.062446219596243774,0.024874787724788273,-0.009455268459425785,-0.010709131610904
WK053708,Valkenburg,2016,4.230135951213946,0.12787110007026034,NA,NA,NA,NA,NA
WK053708,Valkenburg,2018,4.218841272830652,0.11657642168696628,0.01955777426466854,0.08324705859493671,0.023080070844966785,-0.018241489079595025,0.008933007061989054
WK053708,Valkenburg,2020,4.21714342434589,0.11487857320220475,0.025509765434036165,0.07292614187663882,0.020427887838750703,-0.007827555887264779,0.003842333940043533
WK053708,Valkenburg,2022,4.2246426630456195,0.12237781190193428,0.0283052594421693,0.06812517906072009,0.025230119428154982,-0.011133442167349648,0.01185069613823929
WK054200,Wijk 00 Krimpen aan den IJssel,2002,3.958960443318793,-0.14330440782489212,NA,NA,NA,NA,NA
WK054200,Wijk 00 Krimpen aan den IJssel,2008,3.9682961813476907,-0.13396866979599417,NA,NA,NA,NA,NA
WK054200,Wijk 00 Krimpen aan den IJssel,2012,3.9836309395950775,-0.11863391154860785,NA,NA,NA,NA,NA
WK054200,Wijk 00 Krimpen aan den IJssel,2014,4.044126856862618,-0.05813799428106724,7.692500264781249e-4,0.02924906563456675,-0.006934728715981298,-0.07181243407976727,-0.009409147146363818
WK054200,Wijk 00 Krimpen aan den IJssel,2016,4.0806469795185345,-0.021617871625150952,NA,NA,NA,NA,NA
WK054200,Wijk 00 Krimpen aan den IJssel,2018,4.052065542067083,-0.05019930907660251,-0.010305414257560494,0.03864791941551448,-0.007261054315036094,-0.06425573989275178,-0.007025020026768865
WK054200,Wijk 00 Krimpen aan den IJssel,2020,4.062576960056914,-0.039687891086771454,-0.0025544529527075223,0.02561815709874867,-0.007982706256444727,-0.0480120521053347,-0.006756836871033455
WK054200,Wijk 00 Krimpen aan den IJssel,2022,4.0717929015178775,-0.030471949625807303,-6.955082554151599e-4,0.03961098064633777,-0.00945194650046737,-0.057194672833753166,-0.002740802682509657
WK054600,Binnenstad-Zuid,2002,4.121339874982469,0.01907502383878344,NA,NA,NA,NA,NA
WK054600,Binnenstad-Zuid,2008,4.155953456905691,0.053688605762006236,NA,NA,NA,NA,NA
WK054600,Binnenstad-Zuid,2012,4.174973763018855,0.0727089118751699,NA,NA,NA,NA,NA
WK054600,Binnenstad-Zuid,2014,4.178591110683509,0.076326259539824165,0.004565709494075974,-0.07763262325425381,-0.04236556694310981,0.23694066094092425,-0.045181920697812725
WK054600,Binnenstad-Zuid,2016,4.221407204179391,0.11914235303570572,NA,NA,NA,NA,NA
WK054600,Binnenstad-Zuid,2018,4.256593824773476,0.15432897362979003,-0.008062957088752518,-0.04089412236345588,-0.04360346832029335,0.24572432501578143,0.0011651963865100562
WK054600,Binnenstad-Zuid,2020,4.299126045292583,0.19686119414889833,0.0026907833552587274,-0.029025889375895883,-0.04415200244494974,0.25952458065816186,0.007823721956323122
WK054600,Binnenstad-Zuid,2022,4.288760319442819,0.1864954682991337,0.0017624803658398782,-0.03309281503222115,-0.04276762800366632,0.24818101496219314,0.012412416006987876
WK054601,Binnenstad-Noord,2002,4.006170777771419,-0.09609407337226672,NA,NA,NA,NA,NA
WK054601,Binnenstad-Noord,2008,4.058452776562822,-0.04381207458086339,NA,NA,NA,NA,NA
WK054601,Binnenstad-Noord,2012,4.087185575361175,-0.015079275782510383,NA,NA,NA,NA,NA
WK054601,Binnenstad-Noord,2014,4.075782081811149,-0.026482769332535978,0.0025754064352281995,-0.10532122969911363,-0.0597482242731914,0.20870859950261023,-0.07269732129806962
WK054601,Binnenstad-Noord,2016,4.1283897533572915,0.026124902213606808,NA,NA,NA,NA,NA
WK054601,Binnenstad-Noord,2018,4.142351015713605,0.040086164569919445,-0.01202407757679386,-0.0853440692527724,-0.06198180252115791,0.22309613201637804,-0.02366001809573473
WK054601,Binnenstad-Noord,2020,4.16621877604749,0.06395392490380487,-0.004446222777086008,-0.08287150657638212,-0.06520241224647463,0.23032573580299523,-0.013851669299247886
WK054601,Binnenstad-Noord,2022,4.166901600877194,0.06463674973350915,-0.0038893225903779056,-0.08373659602661172,-0.06509023482804038,0.21839640799067617,-0.0010435048121372678
WK054602,Stationsdistrict,2002,4.168104094044021,0.06583924290033581,NA,NA,NA,NA,NA
WK054602,Stationsdistrict,2008,4.169861698380077,0.06759684723639232,NA,NA,NA,NA,NA
WK054602,Stationsdistrict,2012,4.175640090739223,0.07337523959553777,NA,NA,NA,NA,NA
WK054602,Stationsdistrict,2014,4.1909684554741276,0.0887036043304429,-0.011592210657019372,-0.015808200627313255,-0.016898497726957836,0.20593642315111788,-0.07293390980938481
WK054602,Stationsdistrict,2016,4.235914731597914,0.1336498804542289,NA,NA,NA,NA,NA
WK054602,Stationsdistrict,2018,4.25777777347691,0.1555129223332253,-0.01309274431198142,-0.013296607423410685,-0.019133548922458665,0.2142228941110757,-0.01318707111999984
WK054602,Stationsdistrict,2020,4.308817798742935,0.20655294759925039,0.014352331035233748,-0.006582370625241439,-0.011217298766530695,0.23173795092199118,-0.021737664966202695
WK054602,Stationsdistrict,2022,4.296119107207592,0.19385425606390738,0.0024610600598450522,-0.018213350114323956,-0.023780764930121944,0.22043059787890995,0.012956713169598013
WK054603,Leiden-Noord,2002,3.9426423462367923,-0.159622504906893,NA,NA,NA,NA,NA
WK054603,Leiden-Noord,2008,3.937133452527246,-0.16513139861643933,NA,NA,NA,NA,NA
WK054603,Leiden-Noord,2012,3.955040813849632,-0.14722403729405334,NA,NA,NA,NA,NA
WK054603,Leiden-Noord,2014,3.985519583481208,-0.11674526766247771,-0.022585717254982176,-0.09865749645744516,-0.0689442127409977,0.13820256062481923,-0.06476040183387215
WK054603,Leiden-Noord,2016,4.039443064243054,-0.06282178690063184,NA,NA,NA,NA,NA
WK054603,Leiden-Noord,2018,4.025937472905824,-0.0763273782378618,-0.03694747300864182,-0.0695564103137705,-0.06709612051441657,0.1296152026270895,-0.032342577028122696
WK054603,Leiden-Noord,2020,4.047585297043724,-0.05467955409996193,-0.0277488706044899,-0.06430717965505131,-0.06989139482497503,0.13772654999798847,-0.03045865901343443
WK054603,Leiden-Noord,2022,4.077506242830293,-0.02475860831339142,-0.01667473210179459,-0.051456276125726515,-0.06969157114183741,0.1334627515485071,-0.020398780492540257
WK054604,Roodenburgerdistrict,2002,4.140814752123171,0.03854990097948491,NA,NA,NA,NA,NA
WK054604,Roodenburgerdistrict,2008,4.184226352962502,0.08196150181881652,NA,NA,NA,NA,NA
WK054604,Roodenburgerdistrict,2012,4.1855010909817345,0.08323623983804887,NA,NA,NA,NA,NA
WK054604,Roodenburgerdistrict,2014,4.193653914481694,0.0913890633380086,-0.007344131998185398,0.022196059589895883,-0.012674447916156257,0.10221927453936037,-0.013007690876906307
WK054604,Roodenburgerdistrict,2016,4.2020422731258105,0.09977742198212543,NA,NA,NA,NA,NA
WK054604,Roodenburgerdistrict,2018,4.174336213700063,0.07207136255637785,-0.018242297639862945,0.031118533339012714,-0.020750467578388724,0.0972185484080937,-0.017272953972477217
WK054604,Roodenburgerdistrict,2020,4.178854138979466,0.07658928783578031,-0.015105297559808358,0.03149860926251462,-0.02123662941710951,0.10670033807843132,-0.02526773252824805
WK054604,Roodenburgerdistrict,2022,4.152837541601846,0.05057269045816114,-0.016275036193716015,0.009949382756454836,-0.025570119812888394,0.10103286981652969,-0.01856440610821926
WK054605,Bos- en Gasthuisdistrict,2002,3.992460186409952,-0.10980466473373351,NA,NA,NA,NA,NA
WK054605,Bos- en Gasthuisdistrict,2008,3.9845699614003967,-0.11769488974328862,NA,NA,NA,NA,NA
WK054605,Bos- en Gasthuisdistrict,2012,3.99924816495826,-0.10301668618542494,NA,NA,NA,NA,NA
WK054605,Bos- en Gasthuisdistrict,2014,4.02769952332809,-0.07456532781559476,-0.014770105638082565,-0.04466545088215286,-0.05044299475673716,0.11282300065035039,-0.07750977718897284
WK054605,Bos- en Gasthuisdistrict,2016,4.029469391700033,-0.07279545944365219,NA,NA,NA,NA,NA
WK054605,Bos- en Gasthuisdistrict,2018,4.061334215049169,-0.04093063609451621,-0.02380867754171654,-0.021702529634520056,-0.04738149811227337,0.10957163000410984,-0.05760956081011636
WK054605,Bos- en Gasthuisdistrict,2020,4.08507572367027,-0.017189127473415125,-0.01686412148435018,-0.022447194154995253,-0.05045139451688546,0.12169766991622355,-0.049124087233408054
WK054605,Bos- en Gasthuisdistrict,2022,4.084099019065359,-0.018165832078326293,-0.008446956537489374,-0.042604530075487666,-0.04594759261578785,0.12050597380038053,-0.04167272664994222
WK054606,Morsdistrict,2002,4.015079246924409,-0.08718560421927621,NA,NA,NA,NA,NA
WK054606,Morsdistrict,2008,4.005483258790377,-0.09678159235330844,NA,NA,NA,NA,NA
WK054606,Morsdistrict,2012,4.031710890763468,-0.0705539603802174,NA,NA,NA,NA,NA
WK054606,Morsdistrict,2014,4.077656015343209,-0.024608835800476212,-0.008707841699228894,-0.018406016108625946,-0.03666737440160648,0.11930859685175807,-0.0801362004427732
WK054606,Morsdistrict,2016,4.099820543952877,-0.0024443071908083064,NA,NA,NA,NA,NA
WK054606,Morsdistrict,2018,4.069065016099779,-0.03319983504390551,-0.022022813705238016,-0.019229531629949902,-0.0367383469392217,0.11558797148117061,-0.07079711425066684
WK054606,Morsdistrict,2020,4.1026134571632,3.486060195142589e-4,-0.015435675640317848,-0.014650038673903605,-0.043692298235412486,0.13022743953296348,-0.056100820963815565
WK054606,Morsdistrict,2022,4.093646024881286,-0.008618826262399319,-0.022795862544368866,-0.01951852044962405,-0.04435643071651066,0.12568763800714494,-0.04763565055904095
WK054607,Boerhaavedistrict,2002,4.238082320819769,0.13581746967608424,NA,NA,NA,NA,NA
WK054607,Boerhaavedistrict,2008,4.267898767962745,0.16563391681906006,NA,NA,NA,NA,NA
WK054607,Boerhaavedistrict,2012,4.2209242114099155,0.11865936026622985,NA,NA,NA,NA,NA
WK054607,Boerhaavedistrict,2014,4.252032303284514,0.14976745214082865,0.0069416155366287735,0.011619259962810602,0.030531903511570722,0.15121124663389127,-0.05053657350407295
WK054607,Boerhaavedistrict,2016,4.274604951850183,0.172340100706497,NA,NA,NA,NA,NA
WK054607,Boerhaavedistrict,2018,4.286086613958535,0.18382176281484955,-0.007921809220576094,0.05586265490641778,0.03352854298415303,0.1480395161844302,-0.0456871420395757
WK054607,Boerhaavedistrict,2020,4.306420211734325,0.20415536059063985,0.0060862560263330165,0.03410361488284342,0.021398168894459006,0.15174144401210876,-0.00917412322510467
WK054607,Boerhaavedistrict,2022,4.297324243291481,0.19505939214779486,0.013457233244656511,0.04420230820221352,0.024131671166518005,0.14205106663421227,-0.02878288709980567
WK054608,Merenwijkdistrict,2002,4.01099418735085,-0.09127066379283522,NA,NA,NA,NA,NA
WK054608,Merenwijkdistrict,2008,4.034853229347285,-0.06741162179639987,NA,NA,NA,NA,NA
WK054608,Merenwijkdistrict,2012,4.034414063310727,-0.06785078783295798,NA,NA,NA,NA,NA
WK054608,Merenwijkdistrict,2014,4.063011709140509,-0.039253142003175714,0.0053950982170899425,-0.0372177108972221,-0.029841178199231034,0.05808377436303235,-0.03567312548684515
WK054608,Merenwijkdistrict,2016,4.038152753300209,-0.06411209784347675,NA,NA,NA,NA,NA
WK054608,Merenwijkdistrict,2018,4.083301534439781,-0.018963316703904158,-0.008716958627397239,-0.010298905667266451,-0.031409268121829405,0.0544151728710179,-0.02295335715842924
WK054608,Merenwijkdistrict,2020,4.094616781283627,-0.00764806986005766,-0.0031846768821109247,-0.006253269981786854,-0.02973601635675869,0.056315657997029325,-0.024789764636430806
WK054608,Merenwijkdistrict,2022,4.082791150097408,-0.019473701046277273,8.076189920857936e-4,-0.029837372783475483,-0.030130053204107162,0.04897765573474115,-0.009291549785521842
WK054609,Stevenshofdistrict,2002,3.997410908160625,-0.10485394298306039,NA,NA,NA,NA,NA
WK054609,Stevenshofdistrict,2008,4.002188748947781,-0.10007610219590392,NA,NA,NA,NA,NA
WK054609,Stevenshofdistrict,2012,4.004460822831661,-0.09780402831202432,NA,NA,NA,NA,NA
WK054609,Stevenshofdistrict,2014,4.064891741757857,-0.03737310938582837,-0.008445918432662772,-0.03490627687313848,-0.03311376905763947,0.0606820219302685,-0.0215891669526564
WK054609,Stevenshofdistrict,2016,4.079336850314869,-0.02292800082881596,NA,NA,NA,NA,NA
WK054609,Stevenshofdistrict,2018,4.066602932463222,-0.035661918680463034,-0.01233188439021765,-0.028310817233185445,-0.037095172710503194,0.05771193883982345,-0.01563598318638048
WK054609,Stevenshofdistrict,2020,4.093482996942428,-0.008781854201257364,-0.0035168224804738163,-0.020301318514197465,-0.03404946928041267,0.061366446834154806,-0.012280690760328516
WK054609,Stevenshofdistrict,2022,4.074332293440117,-0.027932557703569005,-0.0038320457850502467,-0.03362068562225165,-0.033911085817078086,0.05190787409924219,-0.008476614578431506
WK054700,Wijk 00,2002,4.068222701148851,-0.03404214999483353,NA,NA,NA,NA,NA
WK054700,Wijk 00,2008,4.077732399942313,-0.02453245120137213,NA,NA,NA,NA,NA
WK054700,Wijk 00,2012,4.09135302920556,-0.010911821938124965,NA,NA,NA,NA,NA
WK054700,Wijk 00,2014,4.1230184947313795,0.020753643587694205,-9.34611265478715e-5,0.020039582775627684,-0.02292301501825776,0.06207398071741551,-0.03834344376054361
WK054700,Wijk 00,2016,4.148323763225986,0.04605891208230019,NA,NA,NA,NA,NA
WK054700,Wijk 00,2018,4.151587207079123,0.04932235593543812,-0.006728568295291542,0.039251872847108724,-0.020258467496841723,0.059996150935773755,-0.02293863205531139
WK054700,Wijk 00,2020,4.180635605233283,0.07837075408959789,0.005120417340708098,0.03561815585908826,-0.020205620304765803,0.06656632748755972,-0.008728526292992662
WK054700,Wijk 00,2022,4.181907068168392,0.07964221702470654,0.004686300115940159,0.04594414947279526,-0.02111657118275821,0.05609548173409997,-0.005967143115370918
WK054701,Wijk 01,2002,4.100275533688748,-0.0019893174549365507,NA,NA,NA,NA,NA
WK054701,Wijk 01,2008,4.09880533562579,-0.003459515517895107,NA,NA,NA,NA,NA
WK054701,Wijk 01,2012,4.141333330637556,0.03906847949387038,NA,NA,NA,NA,NA
WK054701,Wijk 01,2014,4.159375749752534,0.05711089860884858,-0.02954864401876746,0.05479274809044786,0.029887548206774504,0.0033540460139308147,-0.001374799683537337
WK054701,Wijk 01,2016,4.203910709372656,0.10164585822897097,NA,NA,NA,NA,NA
WK054701,Wijk 01,2018,4.1955590267046405,0.09329417556095516,-0.024374342248854583,0.0832141908817768,0.029926241024145813,0.001006142505699876,0.0035219433981870047
WK054701,Wijk 01,2020,4.216133238301556,0.11386838715787133,-0.018377680914477328,0.08096886066597153,0.028631456035070602,0.010982711194959811,0.01166304017634645
WK054701,Wijk 01,2022,4.219421986099251,0.11715713495556539,-0.022082153846821728,0.06828512040216828,0.029989928570613115,0.012696578962814129,0.028267660866791295
WK054702,Wijk 02,2002,4.112502083670739,0.010237232527053648,NA,NA,NA,NA,NA
WK054702,Wijk 02,2008,4.105977427661085,0.003712576517399802,NA,NA,NA,NA,NA
WK054702,Wijk 02,2012,4.130618928585456,0.02835407744177085,NA,NA,NA,NA,NA
WK054702,Wijk 02,2014,4.165114845119848,0.06284999397616281,-0.005497614235276868,0.0439191985847356,-0.011988707540276578,0.04848630754489925,-0.012069190377918844
WK054702,Wijk 02,2016,4.190814218975642,0.08854936783195658,NA,NA,NA,NA,NA
WK054702,Wijk 02,2018,4.193325830219468,0.09106097907578302,-0.010044038648594586,0.06460330312258682,-0.016493975986774368,0.0501559750134463,0.0028397155751185843
WK054702,Wijk 02,2020,4.177340288633058,0.07507543748937297,-0.004283265100163652,0.05277942623271896,-0.020589392435152294,0.051772071919150425,-0.004603403127180717
WK054702,Wijk 02,2022,4.187363488718524,0.08509863757483821,-0.005760298578009215,0.05532892288925758,-0.01623693542412483,0.039897787213524404,0.011869161474189985
WK055301,Lisse Noord,2002,4.001700112833585,-0.10056473831010006,NA,NA,NA,NA,NA
WK055301,Lisse Noord,2008,4.018926675663803,-0.08333817547988247,NA,NA,NA,NA,NA
WK055301,Lisse Noord,2012,4.038012838785851,-0.0642520123578344,NA,NA,NA,NA,NA
WK055301,Lisse Noord,2014,4.076705706875907,-0.02555914426777816,0.004847432256630751,0.027713379802803362,-0.018727724021048508,-0.03708632899023148,-0.002305903315932613
WK055301,Lisse Noord,2016,4.096819330858804,-0.0054455202848805355,NA,NA,NA,NA,NA
WK055301,Lisse Noord,2018,4.108767470907841,0.006502619764155763,-0.008577908358983897,0.03965424947370872,-0.01689320161526941,-0.015812020929552698,0.008131501194252768
WK055301,Lisse Noord,2020,4.1405756866520464,0.03831083550836084,-0.002131100119048011,0.04613290789265065,-0.015401609666456597,0.005264211567017039,0.004446425834197473
WK055301,Lisse Noord,2022,4.158760685776274,0.0564958346325893,3.506374881622879e-4,0.0484025648755742,-0.014006204492017948,0.005644283537146763,0.016104553223723755
WK055302,Centrum,2002,4.0733250023628464,-0.02893984878083863,NA,NA,NA,NA,NA
WK055302,Centrum,2008,4.066382456900626,-0.03588239424305912,NA,NA,NA,NA,NA
WK055302,Centrum,2012,4.092913516926712,-0.009351334216973064,NA,NA,NA,NA,NA
WK055302,Centrum,2014,4.1154307128256225,0.013165861681937755,0.009858121566238179,0.01473364995797198,0.0066360513101337126,-0.014798635751560275,-0.0032633254008461237
WK055302,Centrum,2016,4.15162424375286,0.04935939260917506,NA,NA,NA,NA,NA
WK055302,Centrum,2018,4.151772151845883,0.04950730070219793,-0.0015889804963265023,0.031010267885955116,0.00921763613251826,0.004122730724224481,0.006745646455826266
WK055302,Centrum,2020,4.175745977293113,0.07348112614942837,0.0025479272578912246,0.033766325175423675,0.006645415918794551,0.024320706635867283,0.0062007511614513245
WK055302,Centrum,2022,4.189936379200893,0.08767152805720799,0.003011892486895784,0.03894112060508911,0.00618482957803904,0.026253213604286053,0.013280471782897723
WK055303,Lisse Zuid,2002,3.982736492810147,-0.11952835833353852,NA,NA,NA,NA,NA
WK055303,Lisse Zuid,2008,4.002956689818266,-0.09930816132541928,NA,NA,NA,NA,NA
WK055303,Lisse Zuid,2012,4.028208885244355,-0.07405596589932971,NA,NA,NA,NA,NA
WK055303,Lisse Zuid,2014,4.065226556597578,-0.037038294546106826,0.0059977160939880085,0.03853831149331381,0.0018985683790021402,-0.08968317199217733,0.006210281479766278
WK055303,Lisse Zuid,2016,4.070009011258132,-0.03225583988555271,NA,NA,NA,NA,NA
WK055303,Lisse Zuid,2018,4.076867793387123,-0.02539705775656207,-0.008294030703365464,0.0472953390066098,-3.8612858266996313e-4,-0.07550529238608812,0.011493054908951384
WK055303,Lisse Zuid,2020,4.094396221230177,-0.007868629913507955,-7.263812075852843e-4,0.05319264845317139,-2.9973201287881855e-4,-0.0673582838486636,0.0073231187024480875
WK055303,Lisse Zuid,2022,4.102789149939704,5.242987960184708e-4,-5.239803011068753e-4,0.05469427902077963,9.983342994680838e-4,-0.06516905532071295,0.010524721097590279
WK055304,Buitengebied,2002,4.006312139847883,-0.09595271129580289,NA,NA,NA,NA,NA
WK055304,Buitengebied,2008,3.997355354696182,-0.1049094964475032,NA,NA,NA,NA,NA
WK055304,Buitengebied,2012,4.010071046928717,-0.09219380421496884,NA,NA,NA,NA,NA
WK055304,Buitengebied,2014,4.130618580480805,0.028353729337119406,-0.035985454394854094,0.06925761426322215,0.039442552752063875,-0.08656753751955834,0.042206554236245496
WK055304,Buitengebied,2016,4.173361452061263,0.07109660091757738,NA,NA,NA,NA,NA
WK055304,Buitengebied,2018,4.098077635461173,-0.004187215682511851,-0.04541545764062568,0.053470858597425695,0.04365060466715658,-0.08995095039636986,0.03405772908990116
WK055304,Buitengebied,2020,4.108132126201861,0.005867275058175532,-0.04354946312699513,0.04247679063683527,0.038216890925121386,-0.06255671164866787,0.03127976827188154
WK055304,Buitengebied,2022,4.109546492771194,0.0072816416275091255,-0.03691525659730724,0.048202702686406224,0.04006912141013651,-0.06941644232252431,0.025341516450797633
WK055601,Wijk 01 Taanschuurpolder,2002,4.068416931214651,-0.03384791992903378,NA,NA,NA,NA,NA
WK055601,Wijk 01 Taanschuurpolder,2008,4.067297307192946,-0.03496754395073941,NA,NA,NA,NA,NA
WK055601,Wijk 01 Taanschuurpolder,2012,4.0501674993152905,-0.05209735182839425,NA,NA,NA,NA,NA
WK055601,Wijk 01 Taanschuurpolder,2014,4.046281127228852,-0.05598372391483349,-0.0028631232777770873,-0.022640732821639975,-0.025930192473261723,0.009713677214468162,-0.014263352556623192
WK055601,Wijk 01 Taanschuurpolder,2016,4.032155009246784,-0.07010984189690157,NA,NA,NA,NA,NA
WK055601,Wijk 01 Taanschuurpolder,2018,4.035613760843317,-0.06665109030036877,-0.012835049763855853,-0.014316899659676238,-0.025424741347879667,-0.029545742263737823,0.015471342734780517
WK055601,Wijk 01 Taanschuurpolder,2020,4.062161754022027,-0.040103097121658327,-0.0011880033215270033,-0.011048497551422015,-0.021748137797167628,-0.012503162571390215,0.006384704119848251
WK055601,Wijk 01 Taanschuurpolder,2022,4.079924454473506,-0.022340396670179175,-0.016527798781835266,0.0032105614364387296,-0.025100849489530067,-0.009863621164199261,0.025941311328946455
WK055602,Wijk 02 Dijkpolder,2002,3.9552280518527207,-0.14703679929096417,NA,NA,NA,NA,NA
WK055602,Wijk 02 Dijkpolder,2008,3.945598650073151,-0.15666620107053428,NA,NA,NA,NA,NA
WK055602,Wijk 02 Dijkpolder,2012,3.941768309733446,-0.16049654141023928,NA,NA,NA,NA,NA
WK055602,Wijk 02 Dijkpolder,2014,3.969174601052593,-0.13309025009109238,-0.009521319272995266,-0.05765639057631663,-0.0553988426785314,0.003406741984747758,-0.013920439547997104
WK055602,Wijk 02 Dijkpolder,2016,3.9854039090622226,-0.11686094208146257,NA,NA,NA,NA,NA
WK055602,Wijk 02 Dijkpolder,2018,3.947191923420786,-0.15507292772289874,-0.016309812089546134,-0.05471979308764272,-0.0516845468927667,-0.021991237754775912,-0.010367537898167481
WK055602,Wijk 02 Dijkpolder,2020,3.964228845031868,-0.13803600611181743,-0.004543942536950811,-0.06670782635319683,-0.051538097397378926,-0.0032510324806859546,-0.011995107343605179
WK055602,Wijk 02 Dijkpolder,2022,3.9758807375497702,-0.1263841135939151,-0.007282012016895122,-0.049877048674608716,-0.0570552705148661,-0.002993525681840489,-0.009176256705704955
WK055603,Sluispolder,2002,3.9349071872366728,-0.16735766390701257,NA,NA,NA,NA,NA
WK055603,Sluispolder,2008,3.917799630260065,-0.1844652208836199,NA,NA,NA,NA,NA
WK055603,Sluispolder,2012,3.8722039009251206,-0.23006095021856493,NA,NA,NA,NA,NA
WK055603,Sluispolder,2014,3.903788017255566,-0.1984768338881195,0.0018693690080670928,-0.08499233086243618,-0.046243618166839376,0.0036987211684434288,-0.07280897503535474
WK055603,Sluispolder,2016,3.913453383041236,-0.1888114681024493,NA,NA,NA,NA,NA
WK055603,Sluispolder,2018,3.8986347569080944,-0.2036300942355908,-0.008857133899943895,-0.07910453215648633,-0.04325735049048825,-0.016249512773360557,-0.056161564915312115
WK055603,Sluispolder,2020,3.947776929993474,-0.15448792115021115,-9.51203775740111e-4,-0.07565416862493522,-0.040126248698379094,0.006240075684881725,-0.04399637573603873
WK055603,Sluispolder,2022,3.949385641264198,-0.15287920987948714,-0.003756137926254566,-0.07066765445121578,-0.04461657211722021,0.00642334424101517,-0.040262189625812024
WK055604,Wijk 04 Kapelpolder,2002,3.8458689202355534,-0.25639593090813173,NA,NA,NA,NA,NA
WK055604,Wijk 04 Kapelpolder,2008,3.902202050217094,-0.20006280092659112,NA,NA,NA,NA,NA
WK055604,Wijk 04 Kapelpolder,2012,3.908707921661574,-0.1935569294821115,NA,NA,NA,NA,NA
WK055604,Wijk 04 Kapelpolder,2014,3.9533385425093592,-0.1489263086343261,-0.01753780580320868,-0.04297515292230581,-0.033648262796114305,-0.021465753504635712,-0.033299333608061796
WK055604,Wijk 04 Kapelpolder,2016,3.919792492952626,-0.1824723581910593,NA,NA,NA,NA,NA
WK055604,Wijk 04 Kapelpolder,2018,3.938788175351469,-0.16347667579221567,-0.03012337201184799,-0.039439584634823194,-0.03302278584197875,-0.03682296393732278,-0.024067969366243218
WK055604,Wijk 04 Kapelpolder,2020,3.968065717636218,-0.13419913350746732,-0.021121905375120598,-0.031862984550884155,-0.03131463762843718,-0.025602774727099768,-0.024296831225925967
WK055604,Wijk 04 Kapelpolder,2022,3.994913356021804,-0.10735149512188129,-0.021520478596203225,-0.030406180210734712,-0.021188856436465994,-0.020580372298799884,-0.013655607579677778
WK055605,Wijk 05 Burgemeesterswijk,2002,3.857921094892062,-0.2443437562516231,NA,NA,NA,NA,NA
WK055605,Wijk 05 Burgemeesterswijk,2008,3.9268029636643313,-0.175461887479354,NA,NA,NA,NA,NA
WK055605,Wijk 05 Burgemeesterswijk,2012,3.8995204731947197,-0.2027443779489656,NA,NA,NA,NA,NA
WK055605,Wijk 05 Burgemeesterswijk,2014,3.9189614446182777,-0.18330340652540747,-0.011151850909569947,-0.021970917856159594,-0.027018769851561326,-0.06724076048731857,-0.05592110742079829
WK055605,Wijk 05 Burgemeesterswijk,2016,3.9482438125972927,-0.15402103854639268,NA,NA,NA,NA,NA
WK055605,Wijk 05 Burgemeesterswijk,2018,3.943204805219337,-0.15906004592434855,-0.028281519227673257,-0.017446819125341462,-0.02937379400213448,-0.056956933359798796,-0.027000980209400893
WK055605,Wijk 05 Burgemeesterswijk,2020,3.9740151809950484,-0.12824967014863645,-0.011259667381272487,-0.006086532706631047,-0.027125318328632412,-0.05390585943373293,-0.02987229229836781
WK055605,Wijk 05 Burgemeesterswijk,2022,3.9760702846182094,-0.12619456652547623,-0.02702844636862346,0.006488329201910775,-0.024109328615403564,-0.059561720747511177,-0.021983399995849057
WK055606,Wijk 06 Steendijkpolder,2002,3.977502311657712,-0.12476253948597334,NA,NA,NA,NA,NA
WK055606,Wijk 06 Steendijkpolder,2008,3.964616051565288,-0.13764879957839712,NA,NA,NA,NA,NA
WK055606,Wijk 06 Steendijkpolder,2012,3.9803893027023602,-0.12187554844132463,NA,NA,NA,NA,NA
WK055606,Wijk 06 Steendijkpolder,2014,3.9893185087832093,-0.11294634236047627,-0.014611435562966691,-1.204601776229471e-4,0.005867970780236203,-0.09827036942922689,-0.005812047970896238
WK055606,Wijk 06 Steendijkpolder,2016,4.0073357070453275,-0.09492914409835752,NA,NA,NA,NA,NA
WK055606,Wijk 06 Steendijkpolder,2018,4.00790199869916,-0.09436285244452473,-0.02253948603740012,0.008066389360857136,-9.174844770577214e-4,-0.07756706840202296,-0.0014052028889013125
WK055606,Wijk 06 Steendijkpolder,2020,4.027471670787173,-0.0747931803565129,-0.007728431580240431,0.01724097294585678,-0.006356367352757922,-0.08131488014540847,0.003365525776036876
WK055606,Wijk 06 Steendijkpolder,2022,4.045709038391147,-0.05655581275253898,-0.0013121707060834405,0.02163185610940724,-0.0029362166468598254,-0.08625012707010334,0.012310845561100113
WK055607,Wijk 07 Aalkeetpolder,2002,4.507350432614271,0.405085581470586,NA,NA,NA,NA,NA
WK055607,Wijk 07 Aalkeetpolder,2008,4.341254605724735,0.23898975458104987,NA,NA,NA,NA,NA
WK055607,Wijk 07 Aalkeetpolder,2012,4.333394823976966,0.23112997283328093,NA,NA,NA,NA,NA
WK055607,Wijk 07 Aalkeetpolder,2014,4.335804385150489,0.23353953400680388,-0.06650908277265162,0.06587127986358458,0.1660467771186091,-0.04392263718254504,0.11205319697980642
WK055607,Wijk 07 Aalkeetpolder,2016,4.301687153052929,0.1994223019092438,NA,NA,NA,NA,NA
WK055607,Wijk 07 Aalkeetpolder,2018,4.3565526529729715,0.25428780182928656,-0.049155124802183606,0.08716174521022794,0.15608291321956128,-0.054367844366272185,0.11456611256795288
WK055607,Wijk 07 Aalkeetpolder,2020,4.300921414180115,0.19865656303642965,-0.04351198094451826,0.07621619237642403,0.10209952730784769,-0.048573389622346794,0.11242621391902267
WK055607,Wijk 07 Aalkeetpolder,2022,4.31178386247543,0.20951901133174422,-0.020898669493775317,0.07664796038910386,0.09731731734506874,-0.05387293818725568,0.11032534127860234
WK055608,Wijk 08 Wilgenrijk,2002,3.870258747210078,-0.23200610393360765,NA,NA,NA,NA,NA
WK055608,Wijk 08 Wilgenrijk,2008,4.219155414285161,0.11689056314147539,NA,NA,NA,NA,NA
WK055608,Wijk 08 Wilgenrijk,2012,4.15912999425666,0.05686514311297497,NA,NA,NA,NA,NA
WK055608,Wijk 08 Wilgenrijk,2014,4.1257820392420035,0.023517188098318265,-0.0565397035078421,0.062096879181862484,0.025061623142303036,-0.07454488481599997,0.06744327409799478
WK055608,Wijk 08 Wilgenrijk,2016,4.246762820709508,0.14449796956582303,NA,NA,NA,NA,NA
WK055608,Wijk 08 Wilgenrijk,2018,4.1426162245344065,0.040351373390720965,-0.03314294241012241,0.04818546622957441,0.024638904328603075,-0.059547302458245056,0.06021724770091039
WK055608,Wijk 08 Wilgenrijk,2020,4.194925338909405,0.0926604877657203,-0.021594199614508054,0.05853489925518773,0.07057190621646409,-0.06516242472150241,0.05031030663007876
WK055608,Wijk 08 Wilgenrijk,2022,4.170663366325796,0.06839851518211083,-0.027146863418337074,0.06742248951629855,0.07127556018254733,-0.08039351784647805,0.037240846748079794
WK056900,Wijk 00,2002,4.026879057662437,-0.0753857934812482,NA,NA,NA,NA,NA
WK056900,Wijk 00,2008,4.027013553730447,-0.0752512974132389,NA,NA,NA,NA,NA
WK056900,Wijk 00,2012,4.0597864710202725,-0.042478380123412825,NA,NA,NA,NA,NA
WK056900,Wijk 00,2014,4.102769487040744,5.046358970588203e-4,0.025491294516141752,0.04475074384124302,0.03540506797105099,-0.12281596561085005,0.01767349517947287
WK056900,Wijk 00,2016,4.103216861206863,9.520100631771579e-4,NA,NA,NA,NA,NA
WK056900,Wijk 00,2018,4.111534791128184,0.009269939984498644,0.025541559210161133,0.06399099559932099,0.03432885044162099,-0.13301259789342354,0.018421132626818777
WK056900,Wijk 00,2020,4.13245738329887,0.030192532155184533,0.026091904832905875,0.07245827098481972,0.02992020632769432,-0.12338915518366136,0.025111305193425703
WK056900,Wijk 00,2022,4.122201049576379,0.019936198432693755,0.023656649454890186,0.06536296576374089,0.02891821693859187,-0.12860255443265392,0.03060092070812444
WK056901,Wijk 01 Nieuwveen,2002,4.034629858511184,-0.06763499263250186,NA,NA,NA,NA,NA
WK056901,Wijk 01 Nieuwveen,2008,4.015761479816522,-0.08650337132716347,NA,NA,NA,NA,NA
WK056901,Wijk 01 Nieuwveen,2012,4.041502697825708,-0.0607621533179776,NA,NA,NA,NA,NA
WK056901,Wijk 01 Nieuwveen,2014,4.07385998635426,-0.028404864789424764,-0.011141803877959953,0.07843631630194046,0.04717822875273073,-0.1569584026417501,0.014080796675613802
WK056901,Wijk 01 Nieuwveen,2016,4.095275688507285,-0.006989162636400538,NA,NA,NA,NA,NA
WK056901,Wijk 01 Nieuwveen,2018,4.097232534056244,-0.005032317087441287,-0.011563302046925152,0.0773357416380656,0.048134357586168214,-0.13634375078811456,0.017404636523364273
WK056901,Wijk 01 Nieuwveen,2020,4.089916254937186,-0.012348596206499704,-0.005856050798864356,0.07269982066781704,0.0384544953499678,-0.12993442150290524,0.012287560077484744
WK056901,Wijk 01 Nieuwveen,2022,4.089113843163227,-0.013151007980458021,-0.005461872292943909,0.06394434808515077,0.03763021184550568,-0.13982842656152988,0.030564730943359042
WK056902,Wijk 02 Zevenhoven,2002,4.0823730350809155,-0.019891816062769463,NA,NA,NA,NA,NA
WK056902,Wijk 02 Zevenhoven,2008,4.066066589635762,-0.036198261507923685,NA,NA,NA,NA,NA
WK056902,Wijk 02 Zevenhoven,2012,4.092757726519695,-0.009507124623990905,NA,NA,NA,NA,NA
WK056902,Wijk 02 Zevenhoven,2014,4.087263265535894,-0.015001585607790852,-0.012306557755678016,0.08671272952862501,0.04717337617821271,-0.1688738571774518,0.032292723618500954
WK056902,Wijk 02 Zevenhoven,2016,4.096906032307394,-0.005358818836291158,NA,NA,NA,NA,NA
WK056902,Wijk 02 Zevenhoven,2018,4.0870341474514795,-0.015230703692204996,-0.005925599819472829,0.08181907147062213,0.04684821184251926,-0.1718933200910819,0.03392093290520804
WK056902,Wijk 02 Zevenhoven,2020,4.094690189340962,-0.0075746618027223945,-0.007594719630048464,0.08227920903105136,0.04397200591891003,-0.16131550508172082,0.03508434795908521
WK056902,Wijk 02 Zevenhoven,2022,4.096994402076246,-0.005270449067439431,-0.006126751567679524,0.09047936712579265,0.043052855133501884,-0.16931643199143673,0.036640512232382044
WK056903,Wijk 03 Ter Aar,2002,4.085454149080891,-0.0168107020627939,NA,NA,NA,NA,NA
WK056903,Wijk 03 Ter Aar,2008,4.07065265848702,-0.03161219265666453,NA,NA,NA,NA,NA
WK056903,Wijk 03 Ter Aar,2012,4.097038308316711,-0.005226542826973838,NA,NA,NA,NA,NA
WK056903,Wijk 03 Ter Aar,2014,4.115185292677964,0.012920441534278918,-0.005504151298647399,0.06437642096247134,0.04064685188568827,-0.10828512975328826,0.021686449738054687
WK056903,Wijk 03 Ter Aar,2016,4.129155690397845,0.02689083925415949,NA,NA,NA,NA,NA
WK056903,Wijk 03 Ter Aar,2018,4.131654701193287,0.029389850049601415,-0.005286268671582024,0.08851464811034776,0.03984439073185614,-0.11929010821423154,0.025607188093210834
WK056903,Wijk 03 Ter Aar,2020,4.145360633774746,0.043095782631060287,-0.0021542804820220305,0.08720586437052091,0.03740797454909367,-0.10450958441069501,0.02514580860416247
WK056903,Wijk 03 Ter Aar,2022,4.133733156281667,0.03146830513798233,-0.0010373033658321554,0.08717791773907312,0.036168629851341685,-0.1228910142282366,0.03205007514163604
WK057500,Noordwijk Zee,2002,4.1669196383419695,0.06465478719828462,NA,NA,NA,NA,NA
WK057500,Noordwijk Zee,2008,4.1922876609648325,0.09002280982114734,NA,NA,NA,NA,NA
WK057500,Noordwijk Zee,2012,4.194950506741109,0.09268565559742357,NA,NA,NA,NA,NA
WK057500,Noordwijk Zee,2014,4.221322722521169,0.11905787137748416,0.13343577541955823,0.008440941694845973,2.1793032406300763e-4,-0.007017780200778066,-0.016018995860205255
WK057500,Noordwijk Zee,2016,4.227816630197666,0.12555177905398096,NA,NA,NA,NA,NA
WK057500,Noordwijk Zee,2018,4.239860538115587,0.13759568697190153,0.11396063195783362,0.031369657426592056,-7.079642995300746e-4,-0.010023298689042363,0.002996660576048048
WK057500,Noordwijk Zee,2020,4.261819529087587,0.15955467794390218,0.13031526668846277,0.04048726314796756,-9.006330205177928e-4,-0.009101230578846825,-0.0012459882931637547
WK057500,Noordwijk Zee,2022,4.287925931741192,0.18566108059750658,0.14276380655746365,0.030472338290752306,-9.949098912006127e-5,0.007616389832999674,0.004908036905410728
WK057501,Noordwijk Binnen,2002,4.0341598517532375,-0.0681049993904474,NA,NA,NA,NA,NA
WK057501,Noordwijk Binnen,2008,4.053783145847511,-0.0484817052961741,NA,NA,NA,NA,NA
WK057501,Noordwijk Binnen,2012,4.071252428030442,-0.031012423113243773,NA,NA,NA,NA,NA
WK057501,Noordwijk Binnen,2014,4.139535585711038,0.03727073456735284,0.07565534183969909,0.026306441425900304,-0.011468970947616513,-0.029651713910643154,-0.023570363839987177
WK057501,Noordwijk Binnen,2016,4.129264975589543,0.027000124445858118,NA,NA,NA,NA,NA
WK057501,Noordwijk Binnen,2018,4.131660245997878,0.02939539485419288,0.05300785023381114,0.03245405479641642,-0.016143539241636657,-0.028828665591176757,-0.011094305343221544
WK057501,Noordwijk Binnen,2020,4.138488007029399,0.03622315588571325,0.06347521734111948,0.024416619188802845,-0.015042913973451779,-0.023396586262798728,-0.013229180407958837
WK057501,Noordwijk Binnen,2022,4.174972261445792,0.07270741030210681,0.06534053397797916,0.03315095932326881,-0.013086604303941927,-0.016679906531533752,0.0039824278363342555
WK057502,Noordwijk Buitengebied,2002,4.280514569573995,0.17824971843031032,NA,NA,NA,NA,NA
WK057502,Noordwijk Buitengebied,2008,4.234689366533997,0.1324245153903125,NA,NA,NA,NA,NA
WK057502,Noordwijk Buitengebied,2012,4.296201165239257,0.19393631409557116,NA,NA,NA,NA,NA
WK057502,Noordwijk Buitengebied,2014,4.3072521293564,0.2049872782127147,0.08708874420622945,0.07418216968066056,0.09820986766206452,-0.1028655924126495,0.04837208907640939
WK057502,Noordwijk Buitengebied,2016,4.3320873738763135,0.22982252273262843,NA,NA,NA,NA,NA
WK057502,Noordwijk Buitengebied,2018,4.301201023567461,0.19893617242377576,0.05539988786485996,0.10382423574479022,0.10182251066095648,-0.12690272609752515,0.06479226425069401
WK057502,Noordwijk Buitengebied,2020,4.29249009967166,0.1902252485279755,0.08164176664146934,0.10297545111610429,0.08045716365592215,-0.11502732994107952,0.04017819705555893
WK057502,Noordwijk Buitengebied,2022,4.2720435062344935,0.16977865509080775,0.08255531636117967,0.08855765261336092,0.0690137943168929,-0.11223660687365683,0.041888498673030794
WK057503,Noordwijkerhout,2002,4.009955973446034,-0.09230887769765146,NA,NA,NA,NA,NA
WK057503,Noordwijkerhout,2008,4.012444127777766,-0.08982072336591973,NA,NA,NA,NA,NA
WK057503,Noordwijkerhout,2012,4.03812151379612,-0.0641433373475658,NA,NA,NA,NA,NA
WK057503,Noordwijkerhout,2014,4.096001218306047,-0.006263632837638295,0.012040844612921335,0.04175751317360584,0.003460804553790042,-0.06310300915869478,-4.1978601926102854e-4
WK057503,Noordwijkerhout,2016,4.123365133877086,0.021100282733401386,NA,NA,NA,NA,NA
WK057503,Noordwijkerhout,2018,4.0962547172119725,-0.006010133931712778,-0.007161114262898206,0.05134147259723476,0.0018505385502590938,-0.057267654636581365,0.005226623820272675
WK057503,Noordwijkerhout,2020,4.101967350175836,-2.975009678486563e-4,0.003345519245356177,0.044051711023292424,-0.0017258246688666655,-0.046525867133255606,5.569605656247433e-4
WK057503,Noordwijkerhout,2022,4.1439040296993594,0.041639178555674596,0.014500083109013141,0.0579790096177436,0.008688770533448164,-0.0480580196842576,0.00852933497972701
WK057504,Noordwijkerhout Buitengebied,2002,4.180442241455857,0.0781773903121722,NA,NA,NA,NA,NA
WK057504,Noordwijkerhout Buitengebied,2008,4.171009875882762,0.06874502473907608,NA,NA,NA,NA,NA
WK057504,Noordwijkerhout Buitengebied,2012,4.1736430900226456,0.07137823887896036,NA,NA,NA,NA,NA
WK057504,Noordwijkerhout Buitengebied,2014,4.188562479658016,0.08629762851433019,-0.04807901213535849,0.09921593476168751,0.09333621199449095,-0.1141603659824564,0.05598485987596631
WK057504,Noordwijkerhout Buitengebied,2016,4.237589513789825,0.13532466264613946,NA,NA,NA,NA,NA
WK057504,Noordwijkerhout Buitengebied,2018,4.221002072207594,0.11873722106390798,-0.030061816022548378,0.10391686352442059,0.10051330436116296,-0.11172266888149783,0.05609153808237039
WK057504,Noordwijkerhout Buitengebied,2020,4.247316744012876,0.14505189286919043,-0.01697289745593679,0.09898460952266758,0.10908804252398983,-0.10566212718069064,0.05961426545916023
WK057504,Noordwijkerhout Buitengebied,2022,4.267160030547564,0.16489517940387838,-0.007270142075808431,0.10239168903377126,0.10593159331241464,-0.10579772536572374,0.06963976449922431
WK057505,De Zilk,2002,4.127245070689974,0.02498021954628921,NA,NA,NA,NA,NA
WK057505,De Zilk,2008,4.116285869992754,0.014021018849068648,NA,NA,NA,NA,NA
WK057505,De Zilk,2012,4.135404269295904,0.03313941815221893,NA,NA,NA,NA,NA
WK057505,De Zilk,2014,4.201617261786104,0.09935241064241819,0.07072227436506279,0.08645038109904248,0.04261946022306132,-0.10983808898203593,0.009398383937287218
WK057505,De Zilk,2016,4.200508902446372,0.09824405130268732,NA,NA,NA,NA,NA
WK057505,De Zilk,2018,4.2012496714134295,0.09898482026974399,0.056802011263704065,0.09127091261701561,0.03654018266987784,-0.09791087977865737,0.012282593497803602
WK057505,De Zilk,2020,4.247710280735755,0.14544542959206935,0.07114849465348876,0.09724009209361066,0.038169467998404975,-0.0800821838524055,0.0189695586989702
WK057505,De Zilk,2022,4.255409379243018,0.15314452809933257,0.07569853562566997,0.10036016244613993,0.04108650455278945,-0.08699753544304036,0.022996860917773282
WK057901,Oud Oegstgeest,2002,4.288230305243851,0.18596545410016552,NA,NA,NA,NA,NA
WK057901,Oud Oegstgeest,2008,4.346149380121123,0.24388452897743765,NA,NA,NA,NA,NA
WK057901,Oud Oegstgeest,2012,4.348450966596777,0.24618611545309205,NA,NA,NA,NA,NA
WK057901,Oud Oegstgeest,2014,4.414918290361903,0.31265343921821764,0.01814662550416061,0.075031861731125,0.03525427102005749,0.13614708642199638,0.048073594540877854
WK057901,Oud Oegstgeest,2016,4.410171790235028,0.3079069390913431,NA,NA,NA,NA,NA
WK057901,Oud Oegstgeest,2018,4.432238656872921,0.32997380572923624,0.00799335718600665,0.09961532295918504,0.035634036809371224,0.13825378932049387,0.04847729945417914
WK057901,Oud Oegstgeest,2020,4.441699043892237,0.3394341927485523,0.01381910802744411,0.09011671509642287,0.03513099384167481,0.1457802512270046,0.05458712455600566
WK057901,Oud Oegstgeest,2022,4.418686706848159,0.3164218557044734,0.013208815123461486,0.07021801584337088,0.034031214723183226,0.14558736950887835,0.05337644050557916
WK057902,Oudenhof,2002,4.161687299592488,0.059422448448803226,NA,NA,NA,NA,NA
WK057902,Oudenhof,2008,4.20786060737146,0.10559575622777415,NA,NA,NA,NA,NA
WK057902,Oudenhof,2012,4.200489027525446,0.09822417638176058,NA,NA,NA,NA,NA
WK057902,Oudenhof,2014,4.218445553677817,0.11618070253413187,0.008241459219969379,0.04464009397053329,-0.005999491284625323,0.09479581023291724,-0.025497169604663007
WK057902,Oudenhof,2016,4.229547608930478,0.12728275778679252,NA,NA,NA,NA,NA
WK057902,Oudenhof,2018,4.251122148833619,0.14885729768993392,-0.003404316311007054,0.06794709272369863,-0.0044921690928548825,0.10080369345082565,-0.01199700308072875
WK057902,Oudenhof,2020,4.264265461560815,0.1620006104171308,0.0056231706280253126,0.06734568401077101,-0.005131064541908019,0.10127209669344028,-0.007109276373198077
WK057902,Oudenhof,2022,4.247271442937974,0.1450065917942889,0.006034051448780747,0.052714125530548064,-0.006683198935804554,0.09639150977374596,-0.0034498960229815815
WK057903,De Kwaak,2002,4.200285967657976,0.09802111651429067,NA,NA,NA,NA,NA
WK057903,De Kwaak,2008,4.295066058602962,0.19280120745927642,NA,NA,NA,NA,NA
WK057903,De Kwaak,2012,4.259001847191759,0.15673699604807315,NA,NA,NA,NA,NA
WK057903,De Kwaak,2014,4.261474055337269,0.15920920419358361,-0.0013670514883204622,0.06351166426795976,0.0282479588923927,0.05833798599490834,0.010478646526643024
WK057903,De Kwaak,2016,4.238010247337603,0.13574539619391784,NA,NA,NA,NA,NA
WK057903,De Kwaak,2018,4.211828983046978,0.10956413190329252,-0.012394167784382971,0.06587094707267079,0.025670993754431104,0.012407074723379256,0.018009284137194048
WK057903,De Kwaak,2020,4.2288059314166855,0.12654108027300087,-0.013423884643975733,0.08422248040645847,0.019343337111011615,0.01259646696587153,0.023802680433634593
WK057903,De Kwaak,2022,4.2027636730212565,0.10049882187757092,-0.008854637774986058,0.06632322927612676,0.013597421978769545,8.554983622032894e-4,0.028577310035457045
WK057904,Oegstgeest Noord,2002,4.043056487882268,-0.059208363261417186,NA,NA,NA,NA,NA
WK057904,Oegstgeest Noord,2008,4.056948478478808,-0.04531637266487769,NA,NA,NA,NA,NA
WK057904,Oegstgeest Noord,2012,4.069451896522715,-0.032812954620970135,NA,NA,NA,NA,NA
WK057904,Oegstgeest Noord,2014,4.165586112999627,0.06332126185594185,-0.004602848946800946,0.06090044302801696,-0.002493623842737492,6.402117576977543e-4,0.008877079859765281
WK057904,Oegstgeest Noord,2016,4.158802750945904,0.0565378998022194,NA,NA,NA,NA,NA
WK057904,Oegstgeest Noord,2018,4.166981624221131,0.06471677307744485,-0.013944820142522775,0.07071487332172227,-0.0043642252510206325,0.002040066452839011,0.010270878696426709
WK057904,Oegstgeest Noord,2020,4.177115999946659,0.0748511488029746,-0.00412702666476702,0.0667425991738499,-0.005346446476995523,0.003698746362652094,0.01388327640823485
WK057904,Oegstgeest Noord,2022,4.172271921906043,0.07000707076235851,-0.005809490781711163,0.064368958726645,-0.006260064317045871,0.0020628486250520526,0.015644818509418228
WK057905,Oegstgeest West,2002,3.966641632298759,-0.1356232188449259,NA,NA,NA,NA,NA
WK057905,Oegstgeest West,2008,3.996711764093941,-0.10555308704974403,NA,NA,NA,NA,NA
WK057905,Oegstgeest West,2012,4.099073210489942,-0.0031916406537436993,NA,NA,NA,NA,NA
WK057905,Oegstgeest West,2014,4.2086930030788885,0.10642815193520354,-0.039290892542344795,0.047644696186658946,0.03313016763388093,0.07039039093760151,-0.005446210280593374
WK057905,Oegstgeest West,2016,4.1909896184413755,0.08872476729769006,NA,NA,NA,NA,NA
WK057905,Oegstgeest West,2018,4.213550376368835,0.11128552522515024,-0.04201159770704512,0.060296968652402805,0.019724023355222397,0.05976332331068753,0.013512807613882285
WK057905,Oegstgeest West,2020,4.227348010176631,0.12508315903294573,-0.035728473124974035,0.06756892273519062,0.020414187357057533,0.05913492352823756,0.013693598537433724
WK057905,Oegstgeest West,2022,4.234253600764186,0.1319887496205004,-0.0331486866952771,0.04860983878700324,0.035001689826838434,0.061147174303649264,0.020378733398286244
WK058901,Hekendorp,2002,4.133319429260972,0.031054578117286978,NA,NA,NA,NA,NA
WK058901,Hekendorp,2008,4.109351437953862,0.0070865868101767145,NA,NA,NA,NA,NA
WK058901,Hekendorp,2012,4.137943814366974,0.035678963223287924,NA,NA,NA,NA,NA
WK058901,Hekendorp,2014,4.092183585113707,-0.010081266029978142,-0.041819338208660094,0.07713050667938495,0.08118554312371626,-0.17794112272064047,0.051363145096220954
WK058901,Hekendorp,2016,4.081763584094437,-0.020501267049247086,NA,NA,NA,NA,NA
WK058901,Hekendorp,2018,4.0866542245849775,-0.015610626558708054,-0.03292528601358729,0.0612730432161176,0.08133297892602642,-0.17818888036845124,0.052897517681186224
WK058901,Hekendorp,2020,4.0840357753252885,-0.018229075818396723,-0.03457237412942045,0.07386663671101329,0.07172343044404897,-0.17444947944160188,0.04520271059756303
WK058901,Hekendorp,2022,4.125042863354314,0.022778012210628903,-0.026559222612399378,0.08833580118462027,0.07457486386468522,-0.1753508844500529,0.061777454223775355
WK058902,Oudewater,2002,4.100938751380607,-0.0013260997630788413,NA,NA,NA,NA,NA
WK058902,Oudewater,2008,4.123360424579179,0.021095573435493193,NA,NA,NA,NA,NA
WK058902,Oudewater,2012,4.128842937714394,0.026578086570708356,NA,NA,NA,NA,NA
WK058902,Oudewater,2014,4.1012801619341515,-9.846892095336647e-4,-0.0034733762362005416,0.0405959880384048,0.026097133683057383,-0.08452157335339204,0.020317138658596443
WK058902,Oudewater,2016,4.0858403128921035,-0.016424538251582185,NA,NA,NA,NA,NA
WK058902,Oudewater,2018,4.12357937079915,0.021314519655464933,-0.007283052254337933,0.052814041846803356,0.02310424397496147,-0.07372253202399012,0.026401818112027884
WK058902,Oudewater,2020,4.1290868004023595,0.026821949258674344,-0.002482147733549358,0.054185833173777065,0.01942090365391883,-0.06980881541815935,0.025506175582686863
WK058902,Oudewater,2022,4.135859186041937,0.03359433489825258,-5.649049835304215e-4,0.052279437283399156,0.021468685070848766,-0.06924394546168405,0.029655062989218862
WK058903,Papekop,2002,4.081296832851726,-0.020968018291958226,NA,NA,NA,NA,NA
WK058903,Papekop,2008,4.081482157685775,-0.020782693457910298,NA,NA,NA,NA,NA
WK058903,Papekop,2012,4.144193718326273,0.04192886718258825,NA,NA,NA,NA,NA
WK058903,Papekop,2014,4.097758649180887,-0.004506201962798451,-0.07830045630422693,0.08683662603803423,0.07605231795924892,-0.1466455584730892,0.05755086881723411
WK058903,Papekop,2016,4.079500999114256,-0.022763852029429214,NA,NA,NA,NA,NA
WK058903,Papekop,2018,4.160727134419665,0.05846228327597991,-0.051434225779987394,0.10456577313609586,0.08629959605075525,-0.1401807977626435,0.05921193763175937
WK058903,Papekop,2020,4.165902518192545,0.06363766704885966,-0.06273460107771407,0.09215691947054941,0.11072910246257227,-0.13465788548744237,0.0581441316808941
WK058903,Papekop,2022,4.176985647339442,0.07472079619575643,-0.06844286190119846,0.0930949166878521,0.11466422273262869,-0.1384546990051472,0.0738592176816209
WK058904,Snelrewaard,2002,4.174026917405183,0.07176206626149852,NA,NA,NA,NA,NA
WK058904,Snelrewaard,2008,4.181928189598186,0.07966333845450049,NA,NA,NA,NA,NA
WK058904,Snelrewaard,2012,4.210626156983447,0.10836130583976254,NA,NA,NA,NA,NA
WK058904,Snelrewaard,2014,4.214986957808233,0.11272210666454786,-0.02184676116291763,0.08824055197370935,0.10875761351695837,-0.1287869351398453,0.0663576374766428
WK058904,Snelrewaard,2016,4.2165880385507615,0.11432318740707617,NA,NA,NA,NA,NA
WK058904,Snelrewaard,2018,4.223133407016404,0.12086855587271926,-0.01871890116589405,0.1101164377521006,0.08745741510496706,-0.1250855012625722,0.067099105444117485
WK058904,Snelrewaard,2020,4.24036483653812,0.1380999853944346,-0.022745755324732594,0.11242312951365617,0.10107534333738048,-0.1221205260294336,0.06946779389756395
WK058904,Snelrewaard,2022,4.243073006876923,0.14080815573323768,-0.012051675294699717,0.10065788866689096,0.10154062037111487,-0.12352266616603343,0.07418398815596483
WK059001,Westpolder,2002,3.9953148475737725,-0.10695000356991216,NA,NA,NA,NA,NA
WK059001,Westpolder,2008,4.021918205369097,-0.0803466457745886,NA,NA,NA,NA,NA
WK059001,Westpolder,2012,4.062972698643729,-0.039292152499956,NA,NA,NA,NA,NA
WK059001,Westpolder,2014,4.06121318755776,-0.04105166358592486,-0.0031822024707393666,0.011846593528241321,-0.012875038711923569,-0.00643394918905231,-0.03040706674245119
WK059001,Westpolder,2016,4.046915873039904,-0.05534897810378123,NA,NA,NA,NA,NA
WK059001,Westpolder,2018,4.0863468051551495,-0.015918045988535533,-0.006804980309905971,0.018633154065570506,-0.011148622181497252,0.0035638264179242477,-0.020161423980627313
WK059001,Westpolder,2020,4.083580058089971,-0.018684793053715093,-0.001606726362428624,0.004731911993281458,-0.01069796243506249,0.010244097768280561,-0.021356114017786282
WK059001,Westpolder,2022,4.108668106440283,0.0064032552965982365,0.002462697900377762,0.02069146808346983,-0.011351063093911385,0.003999844738252471,-0.009399692331590704
WK059002,Molenvliet,2002,4.024580104084486,-0.0776847470591995,NA,NA,NA,NA,NA
WK059002,Molenvliet,2008,4.055516771307203,-0.046748079836482555,NA,NA,NA,NA,NA
WK059002,Molenvliet,2012,4.082908949532202,-0.019355901611483126,NA,NA,NA,NA,NA
WK059002,Molenvliet,2014,4.08700164676308,-0.015263204380604736,-0.039500491092649644,0.020556538591759623,0.007484480744598351,-0.010332265443162783,0.006528532818849414
WK059002,Molenvliet,2016,4.0946713098523935,-0.007593541291291606,NA,NA,NA,NA,NA
WK059002,Molenvliet,2018,4.1028576400787635,5.927889350786531e-4,-0.029727409327534468,0.0076356393951622316,0.0024790440904291643,-3.936914771583593e-4,0.020599206254179832
WK059002,Molenvliet,2020,4.102544236890014,2.793857463294015e-4,-0.02718226761463893,0.01748525788345828,0.0023773558901421955,0.0035583880838731432,0.004040651503494426
WK059002,Molenvliet,2022,4.134784010780587,0.03251915963690236,-0.02442013098611543,0.028513777600556754,0.0015191880953698837,0.0035001721685264664,0.023406152758564377
WK059003,Kraaihoek,2002,3.9388486380745564,-0.16341621306912876,NA,NA,NA,NA,NA
WK059003,Kraaihoek,2008,3.9913311589907337,-0.11093369215295178,NA,NA,NA,NA,NA
WK059003,Kraaihoek,2012,4.008774854157526,-0.09348999698615933,NA,NA,NA,NA,NA
WK059003,Kraaihoek,2014,4.021071524404962,-0.08119332673872298,-0.009900255097347248,-0.01769150643740975,-0.037357971864583436,0.01257683493462384,-0.028820428274006705
WK059003,Kraaihoek,2016,4.042453730037716,-0.059811121105968965,NA,NA,NA,NA,NA
WK059003,Kraaihoek,2018,4.035296140573823,-0.06696871056986205,-0.015630083035418355,-0.016923491576863018,-0.03728762575998505,0.021240053804800804,-0.0183675640023967
WK059003,Kraaihoek,2020,4.051895945562881,-0.05036890558080414,-0.010854657226610028,-0.015415165212495273,-0.037246268262059366,0.0353832508602192,-0.022236065739858996
WK059003,Kraaihoek,2022,4.060048610654876,-0.042216240488809,-0.008017653956646184,-0.013361523852751418,-0.033606511055322884,0.02649292990217178,-0.013723481526260595
WK059004,Middenpolder,2002,4.085938047198287,-0.016326803945398358,NA,NA,NA,NA,NA
WK059004,Middenpolder,2008,4.114131623512997,0.011866772369311846,NA,NA,NA,NA,NA
WK059004,Middenpolder,2012,4.149599586950351,0.04733473580666586,NA,NA,NA,NA,NA
WK059004,Middenpolder,2014,4.129028904602212,0.02676405345852683,-0.027597483270886944,0.0777068147787325,0.014992541376101894,-0.0184120258121371,-0.01992579361328382
WK059004,Middenpolder,2016,4.121709244408715,0.01944439326502969,NA,NA,NA,NA,NA
WK059004,Middenpolder,2018,4.106756481138007,0.004491629994321526,-0.033883083929247354,0.04203418351222657,0.01029145371690528,-0.009338884618745916,-0.004612038686817334
WK059004,Middenpolder,2020,4.15578705302737,0.053522201883685255,-0.02168896379340207,0.07346787058182432,0.014793863892907476,-0.001168766442671235,-0.011881802354973488
WK059004,Middenpolder,2022,4.176678336968114,0.07441348582442886,-0.01592823414389557,0.06844286864294394,0.01623907107718893,-0.0013434293480549182,0.007003209596246174
WK059005,Wilgendonk,2002,4.063326357663783,-0.038938493479902046,NA,NA,NA,NA,NA
WK059005,Wilgendonk,2008,4.094686286513762,-0.007578564629922964,NA,NA,NA,NA,NA
WK059005,Wilgendonk,2012,4.116295134803879,0.014030283660193849,NA,NA,NA,NA,NA
WK059005,Wilgendonk,2014,4.108127209288358,0.005862358144672592,-0.03680113209268551,0.05662651547322567,-0.0010558962838213607,-0.011097492944978716,-0.0018096360070677824
WK059005,Wilgendonk,2016,4.1022866181568824,2.176701319707492e-5,NA,NA,NA,NA,NA
WK059005,Wilgendonk,2018,4.118791752708563,0.01652690156487751,-0.040896350504348006,0.05640304362518405,-0.0045119200833803426,-0.0025565094541282665,0.008088637981549771
WK059005,Wilgendonk,2020,4.1327306157789225,0.03046576463523746,-0.03602508145317897,0.06776850270355864,-0.003668491907559697,4.139957027535777e-4,0.0019768395896636952
WK059005,Wilgendonk,2022,4.14032201888772,0.03805716774403474,-0.030113155317044202,0.05318720949901949,0.0011119382277385407,0.001201408746417321,0.012669766587903336
WK059006,De Kooy-Oosteind,2002,4.043708277005846,-0.05855657413783871,NA,NA,NA,NA,NA
WK059006,De Kooy-Oosteind,2008,4.092822983805958,-0.009441867337726666,NA,NA,NA,NA,NA
WK059006,De Kooy-Oosteind,2012,4.1297651237392765,0.027500272595591516,NA,NA,NA,NA,NA
WK059006,De Kooy-Oosteind,2014,4.101005177147578,-0.0012596739961071794,-0.026168909028606618,0.054110804101599186,0.028490297281554115,-0.045518435903816996,-0.012173430446837146
WK059006,De Kooy-Oosteind,2016,4.1096933769756925,0.007428525832006701,NA,NA,NA,NA,NA
WK059006,De Kooy-Oosteind,2018,4.096556975001664,-0.005707876142021527,-0.05326097293833799,0.05535308522983585,0.031057654904023797,-0.026992620566748265,-0.01186502277079519
WK059006,De Kooy-Oosteind,2020,4.151876670865743,0.049611819722057984,-0.041840996652226146,0.08683749954884994,0.030157712037239954,-0.023401241034502886,-0.002141154177303271
WK059006,De Kooy-Oosteind,2022,4.151841881604755,0.049577030461069274,-0.04793732082666332,0.08419487756944222,0.0365035296563406,-0.022374807514341972,-8.092484237085463e-4
WK059007,Oostpolder,2002,3.9741682028953647,-0.1280966482483202,NA,NA,NA,NA,NA
WK059007,Oostpolder,2008,4.1348685438591755,0.03260369271549011,NA,NA,NA,NA,NA
WK059007,Oostpolder,2012,4.115175011124025,0.012910159980339668,NA,NA,NA,NA,NA
WK059007,Oostpolder,2014,4.092584105950749,-0.009680745192936255,-0.05238533888915236,0.05601629046921622,0.027477501377748445,-0.05555748317389888,0.014768285023150092
WK059007,Oostpolder,2016,4.102571362177797,3.0651103411232156e-4,NA,NA,NA,NA,NA
WK059007,Oostpolder,2018,4.112243843458458,0.009978992314773165,-0.05165231881385572,0.05572044481335962,0.024368174357351963,-0.04245614678895425,0.023998838746871337
WK059007,Oostpolder,2020,4.110831407456083,0.008566556312397756,-0.0458175655921409,0.04547100662236661,0.024145801086270905,-0.03780588898601813,0.022573203181918942
WK059007,Oostpolder,2022,4.127916041271223,0.025651190127537814,-0.05600842266496692,0.06411730745944084,0.02857865266187059,-0.04034738289839267,0.029311035569585673
WK059008,Vriesenpolder,2002,4.303361109117396,0.20109625797371,NA,NA,NA,NA,NA
WK059008,Vriesenpolder,2008,4.277875814633383,0.17561096348969718,NA,NA,NA,NA,NA
WK059008,Vriesenpolder,2012,4.246562912987297,0.14429806184361205,NA,NA,NA,NA,NA
WK059008,Vriesenpolder,2014,4.192724062968352,0.09045921182466743,-0.04536425742516966,0.0858884016595897,0.06255372143297422,-0.08123426493347459,0.06861561109074794
WK059008,Vriesenpolder,2016,4.232891673061668,0.1306268219179828,NA,NA,NA,NA,NA
WK059008,Vriesenpolder,2018,4.188749612768682,0.08648476162499585,-0.017056807377274177,0.08955260797137626,0.054459940840117876,-0.11200840609126665,0.07153742628204252
WK059008,Vriesenpolder,2020,4.270060474684438,0.16779562354075317,-0.02855201322488425,0.09577354404779928,0.13035590841796887,-0.09876370712538275,0.06898189142525205
WK059008,Vriesenpolder,2022,4.282285644938691,0.18002079379500513,-0.040608942863909106,0.09629274729823976,0.14091128643092313,-0.10656199890218877,0.08998770183193991
WK059701,Centrum,2002,3.9059065544937797,-0.1963582966499059,NA,NA,NA,NA,NA
WK059701,Centrum,2008,3.8997704181487345,-0.20249443299495043,NA,NA,NA,NA,NA
WK059701,Centrum,2012,3.8947208313338537,-0.2075440198098315,NA,NA,NA,NA,NA
WK059701,Centrum,2014,3.930486974348884,-0.17177787679480114,-0.006666521857204681,-0.07386963773614133,-0.04800372947378929,0.01774218761786478,-0.06098017534553087
WK059701,Centrum,2016,3.9545584958567375,-0.14770635528694792,NA,NA,NA,NA,NA
WK059701,Centrum,2018,3.9847125113871606,-0.11755233975652478,-0.010781050079574007,-0.04463353055961976,-0.04541134090462635,0.025109322053320365,-0.0418357402660253
WK059701,Centrum,2020,4.024826003026386,-0.07743884811729912,0.004876333951376887,-0.05104188162509157,-0.03370135009802454,0.043495521243956545,-0.04106747158951671
WK059701,Centrum,2022,4.023309846411455,-0.07895500473222958,-1.570427756839435e-4,-0.044007550622126565,-0.03713550101059154,0.03066387262535321,-0.028318782949180978
WK059702,West,2002,4.018855873274733,-0.08340897786895193,NA,NA,NA,NA,NA
WK059702,West,2008,4.013161303290863,-0.08910354785282261,NA,NA,NA,NA,NA
WK059702,West,2012,4.055909787476103,-0.04635506366758216,NA,NA,NA,NA,NA
WK059702,West,2014,4.070905063005913,-0.03135978813777224,-0.028254958755581445,0.05798271877069867,-0.029726517192687776,4.1005664225701244e-4,-0.031771087602459024
WK059702,West,2016,4.100247108649031,-0.002017742494654171,NA,NA,NA,NA,NA
WK059702,West,2018,4.081404424505042,-0.0208604266386433,-0.023075124965436924,0.055680479312861145,-0.027568795376670962,8.064931914712976e-4,-0.02670347880086807
WK059702,West,2020,4.079138672895765,-0.023126178247920015,-0.018355240450680172,0.03039289409779773,-0.02639185981135524,0.013404064487569934,-0.02217603657125247
WK059702,West,2022,4.079910789539364,-0.022354061604321504,-0.019271767070248257,0.03794841654630714,-0.02796537393595416,0.010135176660071387,-0.02320051380449799
WK059703,Oost,2002,3.9488776679069395,-0.1533871832367453,NA,NA,NA,NA,NA
WK059703,Oost,2008,3.9692046561226157,-0.13306019502106944,NA,NA,NA,NA,NA
WK059703,Oost,2012,3.9995928709244657,-0.1026719802192198,NA,NA,NA,NA,NA
WK059703,Oost,2014,4.008503805112644,-0.09376104603104116,-0.01472744962787232,9.986064304000875e-4,-0.023868810538454428,-0.011482549767450452,-0.044680842527664306
WK059703,Oost,2016,4.042386910854369,-0.05987794028931636,NA,NA,NA,NA,NA
WK059703,Oost,2018,4.029655197864733,-0.07260965327895239,-0.017066520773375657,0.006899964897312169,-0.020655487123133746,-0.010209273746947734,-0.0315783365328077
WK059703,Oost,2020,4.06377202574982,-0.038492825393865275,-0.010158138436129548,0.01311412334032058,-0.01721381105280666,0.0014748965932075803,-0.025709895838457467
WK059703,Oost,2022,4.033221824398045,-0.06904302674563981,-0.01504945335648933,0.00257476854673559,-0.023094683968352982,-0.011915728468433959,-0.02155792949909936
WK059704,Drievliet,2002,3.967004203490069,-0.135260647653616,NA,NA,NA,NA,NA
WK059704,Drievliet,2008,3.9649673204286424,-0.1372975307150429,NA,NA,NA,NA,NA
WK059704,Drievliet,2012,3.9988415284968895,-0.10342332264679574,NA,NA,NA,NA,NA
WK059704,Drievliet,2014,4.030655761968835,-0.07160908917485043,-0.00919126103463761,0.008798039334556551,-0.028264076242621238,-0.045570661106863086,0.002618869874714702
WK059704,Drievliet,2016,4.0722635842983035,-0.030001266845381958,NA,NA,NA,NA,NA
WK059704,Drievliet,2018,4.0602368601064125,-0.042027991037272686,-0.004752917010462864,0.02469247797719737,-0.03165164086527066,-0.041445729108179175,0.011129817969442403
WK059704,Drievliet,2020,4.082049673857346,-0.020215177286338287,0.002056940002251343,0.02762766071605527,-0.02987934765937515,-0.030620930193980222,0.010600499848710176
WK059704,Drievliet,2022,4.080883018719242,-0.021381832424442623,-0.0023692471120262976,0.041256487558668765,-0.02716266161289553,-0.04339313272003701,0.010286721461847186
WK059705,Het Zand,2002,4.037736591528711,-0.0645282596149744,NA,NA,NA,NA,NA
WK059705,Het Zand,2008,4.028191294350073,-0.07407355679361245,NA,NA,NA,NA,NA
WK059705,Het Zand,2012,4.036649479021964,-0.06561537212172165,NA,NA,NA,NA,NA
WK059705,Het Zand,2014,4.1013999869758235,-8.648641678622957e-4,-0.004568050083862209,0.027594916204738435,0.02236157486913951,-0.05175191033142686,0.005498605173548467
WK059705,Het Zand,2016,4.112339925878783,0.01007507473509806,NA,NA,NA,NA,NA
WK059705,Het Zand,2018,4.114874259344444,0.012609408200758811,-0.008962843639947706,0.03985717772788031,0.019066587707451437,-0.04540447009793382,0.008052956503308338
WK059705,Het Zand,2020,4.134147373042503,0.03188252189881803,-0.003012837065798294,0.03490492902497365,0.018640937992255437,-0.03506109002180662,0.016410581969193573
WK059705,Het Zand,2022,4.1611725117269485,0.05890766058326288,0.0048856011898632465,0.04993993300112253,0.027209086740402948,-0.04310862474583973,0.019981664397713567
WK059706,Slikkerveer,2002,3.9592591816659537,-0.1430056694777314,NA,NA,NA,NA,NA
WK059706,Slikkerveer,2008,3.9652093527461982,-0.13705549839748699,NA,NA,NA,NA,NA
WK059706,Slikkerveer,2012,3.9607937082589846,-0.14147114288470075,NA,NA,NA,NA,NA
WK059706,Slikkerveer,2014,4.046235175471612,-0.05602967567207322,-0.0017071443153888143,0.0051623212364926745,-0.0016182270247401965,-0.019665680333540526,-0.03820094523489661
WK059706,Slikkerveer,2016,4.076359844022105,-0.025905007121580385,NA,NA,NA,NA,NA
WK059706,Slikkerveer,2018,4.091532753459268,-0.010732097684416797,-2.690978983093941e-4,0.025310350315814852,-0.0020659062826900625,-0.013227053725222418,-0.020480390094010037
WK059706,Slikkerveer,2020,4.121556611834597,0.01929176069091193,0.0036639637878170313,0.027625058044540646,-0.003110895771431732,0.008483431397138466,-0.01736979676715274
WK059706,Slikkerveer,2022,4.101677233165709,-5.876179779757615e-4,0.0013140861533594565,0.012300016430968877,-0.0032971626139334984,-0.0030197527969232922,-0.007884805151447561
WK059707,Bolnes,2002,4.017331492946692,-0.08493335819699302,NA,NA,NA,NA,NA
WK059707,Bolnes,2008,4.012301619505759,-0.08996323163792665,NA,NA,NA,NA,NA
WK059707,Bolnes,2012,4.0286898171139995,-0.0735750340296862,NA,NA,NA,NA,NA
WK059707,Bolnes,2014,4.022234747599577,-0.08003010354410822,-0.00932850224410969,-0.004371825884206896,-0.028085739538992904,-0.007093842437940618,-0.031150193438858362
WK059707,Bolnes,2016,4.0435578736408,-0.05870697750288467,NA,NA,NA,NA,NA
WK059707,Bolnes,2018,4.036318800344642,-0.06594605079904342,-0.018147838473300457,-0.006338375496844319,-0.02802213900060773,0.007058450257427125,-0.020496148085718334
WK059707,Bolnes,2020,4.0589152865211515,-0.04334956462253382,-0.005999069650578738,-0.0216919152721873,-0.0302020649831758,0.03327017643687406,-0.018726691153466358
WK059707,Bolnes,2022,3.964553380317673,-0.13771147082601243,-0.008880460707795261,-0.08811915049123786,-0.034364312483282276,0.011843686073851176,-0.018191233217548456
WK059708,Rijsoord,2002,4.146118939827893,0.043854088684208085,NA,NA,NA,NA,NA
WK059708,Rijsoord,2008,4.158897216885885,0.056632365742199764,NA,NA,NA,NA,NA
WK059708,Rijsoord,2012,4.158604083870797,0.056339232727111735,NA,NA,NA,NA,NA
WK059708,Rijsoord,2014,4.18219219932917,0.07992734818548404,-0.05142472854396865,0.0806745212994627,0.057416388270318336,-0.05765682792154558,0.050917995081216944
WK059708,Rijsoord,2016,4.201832942886694,0.09956809174300864,NA,NA,NA,NA,NA
WK059708,Rijsoord,2018,4.203901232436373,0.10163638129268754,-0.03636216269029708,0.09036794728737664,0.057141679143571315,-0.057110704127057,0.047599621679093436
WK059708,Rijsoord,2020,4.2241242627483055,0.12185941160461991,-0.037757663257518934,0.09221802726903486,0.05602243884472871,-0.045218934475691176,0.056595543224066194
WK059708,Rijsoord,2022,4.192187618587067,0.08992276744338146,-0.03251319484196136,0.07152881065598675,0.0454574255534709,-0.0510118685320939,0.05646159460797875
WK059709,Oostendam,2002,4.1434396996021325,0.04117484845844724,NA,NA,NA,NA,NA
WK059709,Oostendam,2008,4.088018801736624,-0.014246049407061138,NA,NA,NA,NA,NA
WK059709,Oostendam,2012,4.041028196838009,-0.06123665430567638,NA,NA,NA,NA,NA
WK059709,Oostendam,2014,4.109094736505841,0.006829885362155775,-0.08067116611454411,0.055038534758317194,0.05312902474326996,-0.0404244408100682,0.01975793278518061
WK059709,Oostendam,2016,4.179556982389179,0.07729213124549325,NA,NA,NA,NA,NA
WK059709,Oostendam,2018,4.131514240788863,0.029249389645177388,-0.07144246728804281,0.04896460171603511,0.054870749257010715,-0.035320663524951404,0.0321771694851254
WK059709,Oostendam,2020,4.110654481393151,0.008389630249466328,-0.06825014744097858,0.049021191257370055,0.05434099137717373,-0.03982996839505945,0.01310756345096032
WK059709,Oostendam,2022,4.097207874615975,-0.00505697652771002,-0.06263338920433047,0.04442205033881847,0.04792415613279862,-0.05195152816254538,0.01718173436754837
WK059710,Donkersloot,2002,3.9670099302932713,-0.13525492085041435,NA,NA,NA,NA,NA
WK059710,Donkersloot,2008,4.037143722043761,-0.06512112909992394,NA,NA,NA,NA,NA
WK059710,Donkersloot,2012,4.006135307810184,-0.09612954333350127,NA,NA,NA,NA,NA
WK059710,Donkersloot,2014,4.055141316044042,-0.04712353509964277,-0.0925331063352029,-0.10980729174198332,0.08931421903196028,-0.004818993114355531,0.07072163705993854
WK059710,Donkersloot,2016,4.117309094370871,0.015044243227185854,NA,NA,NA,NA,NA
WK059710,Donkersloot,2018,4.0703261753426965,-0.031938675800988414,-0.1253404140872943,-0.04798260839549214,0.07872846192571491,-0.004509184090335701,0.06716506884641851
WK059710,Donkersloot,2020,4.1356853164966445,0.033420465352959734,-0.08922369439122689,-0.032718844250730336,0.08091095002594807,0.005758755738059134,0.06869329823090962
WK059710,Donkersloot,2022,4.124908827190577,0.02264397604689204,-0.09274958175865551,-0.028275855053627997,0.08058509715548527,-0.004480607951761136,0.06756492365545103
WK059712,Cornelisland,2002,4.087055081982481,-0.015209769161204867,NA,NA,NA,NA,NA
WK059712,Cornelisland,2008,3.9867165328332264,-0.11554831831045881,NA,NA,NA,NA,NA
WK059712,Cornelisland,2012,4.045079663020796,-0.057185188122888975,NA,NA,NA,NA,NA
WK059712,Cornelisland,2014,4.132921334043891,0.030656482900205617,-0.11604954609465268,0.03006666605479187,0.066972185313394,0.021348562246865765,0.028318615379806178
WK059712,Cornelisland,2016,4.249987137670331,0.14772228652664587,NA,NA,NA,NA,NA
WK059712,Cornelisland,2018,4.238215812177015,0.1359509610333296,-0.043870035221148795,0.04169385323205715,0.0660157311846074,0.032765656677293475,0.0393457551605198
WK059712,Cornelisland,2020,4.222676031463143,0.12041118031945786,-0.06527894935487527,0.039825844951104875,0.07941597210409262,0.025451231221835235,0.04099708139730068
WK059712,Cornelisland,2022,4.19987432278521,0.09760947164152434,-0.058770298355648454,0.04942277908607611,0.023302848896666672,0.019864894774965225,0.06378924723946411
WK059901,Rotterdam Centrum,2002,4.048817827552322,-0.053447023591363094,NA,NA,NA,NA,NA
WK059901,Rotterdam Centrum,2008,4.048090982616506,-0.054173868527179,NA,NA,NA,NA,NA
WK059901,Rotterdam Centrum,2012,4.090096131825687,-0.01216871931799781,NA,NA,NA,NA,NA
WK059901,Rotterdam Centrum,2014,4.108593046819837,0.006328195676151752,-0.029270062828313525,-0.14559698683606653,-0.08049743724717497,0.34357857213521587,-0.0818858895475094
WK059901,Rotterdam Centrum,2016,4.173918715370007,0.07165386422632183,NA,NA,NA,NA,NA
WK059901,Rotterdam Centrum,2018,4.200903932308034,0.09863908116434794,-0.025458287737469762,-0.12584799288157036,-0.08396161982456343,0.3622783397106741,-0.028371358102722833
WK059901,Rotterdam Centrum,2020,4.242092282148479,0.13982743100479444,-0.018417002437841085,-0.1258077093084531,-0.08674819432194293,0.40505296381434786,-0.034252626741316586
WK059901,Rotterdam Centrum,2022,4.208743790102873,0.10647893895918827,-0.0216633182995015,-0.16329011626544265,-0.09431291091983861,0.41344556489951384,-0.027700280455543163
WK059903,Delfshaven,2002,3.9096054646438505,-0.19265938649983466,NA,NA,NA,NA,NA
WK059903,Delfshaven,2008,3.9711067742409862,-0.131158076902699,NA,NA,NA,NA,NA
WK059903,Delfshaven,2012,3.9859520284401664,-0.11631282270351899,NA,NA,NA,NA,NA
WK059903,Delfshaven,2014,3.94842495564249,-0.15383989550119515,-0.03769204836321734,-0.19225436166292706,-0.10064542319996164,0.23620197469009382,-0.059450036965183195
WK059903,Delfshaven,2016,3.958366113506836,-0.1438987376368485,NA,NA,NA,NA,NA
WK059903,Delfshaven,2018,3.9736496230344196,-0.12861522810926515,-0.03898754742356576,-0.1911103482157414,-0.10476348713212408,0.23127378239265634,-0.025027627730490516
WK059903,Delfshaven,2020,4.015787021448102,-0.08647782969558326,-0.03115089500299625,-0.1945641756461349,-0.10359454123687385,0.2742031556925047,-0.031371373502083195
WK059903,Delfshaven,2022,4.020139331016621,-0.0821255201270641,-0.030860555684606734,-0.2035768118074241,-0.10861092786652178,0.27210453562850134,-0.011181760397013097
WK059904,Overschie,2002,4.035342210076978,-0.06692264106670744,NA,NA,NA,NA,NA
WK059904,Overschie,2008,4.043615947168126,-0.0586489039755596,NA,NA,NA,NA,NA
WK059904,Overschie,2012,4.039170766463225,-0.06309408468046042,NA,NA,NA,NA,NA
WK059904,Overschie,2014,4.057068284536895,-0.045196566606790306,-0.030066731025571142,-0.06676414690063441,-0.020614836522883248,0.12395733038003318,-0.051708182537734966
WK059904,Overschie,2016,4.091062705589498,-0.011202145554187515,NA,NA,NA,NA,NA
WK059904,Overschie,2018,4.09303134324327,-0.00923350790041501,-0.0319453990969201,-0.05103035257075132,-0.00858844783981758,0.11391634126956535,-0.03158564966249163
WK059904,Overschie,2020,4.1210353086966,0.018770457552914385,-0.025675859960478678,-0.05305087761513615,-0.0054472713442091595,0.1361288228352658,-0.03318435636252772
WK059904,Overschie,2022,4.127966176886548,0.025701325742862633,-0.023968844618597093,-0.05441135616055088,-0.006650128608468584,0.13029630572576906,-0.01956465059529016
WK059905,Noord,2002,4.0206989461885385,-0.08156590495514608,NA,NA,NA,NA,NA
WK059905,Noord,2008,4.0371584832117895,-0.06510636793189603,NA,NA,NA,NA,NA
WK059905,Noord,2012,4.055933096657573,-0.04633175448611239,NA,NA,NA,NA,NA
WK059905,Noord,2014,4.058978718417655,-0.043286132726030456,-0.04201014486789635,-0.11407288304733187,-0.08505364377129794,0.2558182465157444,-0.05796770755524899
WK059905,Noord,2016,4.07396607852576,-0.028298772617925693,NA,NA,NA,NA,NA
WK059905,Noord,2018,4.1031651415800905,9.002904364050495e-4,-0.04943046381824379,-0.10507278582834666,-0.09029467448657363,0.2573133977620323,-0.011615183192463479
WK059905,Noord,2020,4.1497441795566035,0.047479328412918145,-0.040855709403616484,-0.10661761708194964,-0.0908652686104335,0.29886271170462103,-0.013044788195703542
WK059905,Noord,2022,4.161761196362752,0.059496345219066576,-0.0384441062944466,-0.1180468698941054,-0.09078589221219646,0.307843625214125,-0.0010704115943102293
WK059906,Hillegersberg-Schiebroek,2002,4.093151908823248,-0.009112942320436856,NA,NA,NA,NA,NA
WK059906,Hillegersberg-Schiebroek,2008,4.08044632040792,-0.021818530735765153,NA,NA,NA,NA,NA
WK059906,Hillegersberg-Schiebroek,2012,4.108471510060921,0.006206658917235977,NA,NA,NA,NA,NA
WK059906,Hillegersberg-Schiebroek,2014,4.1252541810261025,0.02298932988241764,-0.00501262700952194,-0.025176791728520394,-0.01578749212871136,0.0949815237660015,-0.026015283016830437
WK059906,Hillegersberg-Schiebroek,2016,4.134273249493376,0.03200839834969061,NA,NA,NA,NA,NA
WK059906,Hillegersberg-Schiebroek,2018,4.1366312713535045,0.034366420209819344,-0.011031643530212572,-0.022105350024228844,-0.016864721391366338,0.09463517600200737,-0.010267040846380533
WK059906,Hillegersberg-Schiebroek,2020,4.18048374838623,0.07821889724254462,-0.0021899826965085358,-0.018157591560721227,-0.01772495559589611,0.1283825995102906,-0.012091172414620394
WK059906,Hillegersberg-Schiebroek,2022,4.177706302400232,0.0754414512565463,-0.003390505850114017,-0.022063361768252635,-0.012450922722328037,0.11944585396474296,-0.006099612367502231
WK059908,Kralingen-Crooswijk,2002,3.958262057312342,-0.144002793831343,NA,NA,NA,NA,NA
WK059908,Kralingen-Crooswijk,2008,3.959366582561408,-0.1428982685822772,NA,NA,NA,NA,NA
WK059908,Kralingen-Crooswijk,2012,4.021651115766094,-0.08061373537759113,NA,NA,NA,NA,NA
WK059908,Kralingen-Crooswijk,2014,4.030516232512864,-0.07174861863082224,-0.022581645821486224,-0.11866237975398997,-0.08114628047321888,0.20848431111864002,-0.05784262370076752
WK059908,Kralingen-Crooswijk,2016,4.04558117491269,-0.05668367623099571,NA,NA,NA,NA,NA
WK059908,Kralingen-Crooswijk,2018,4.065888279474853,-0.03637657166883205,-0.027010296799185606,-0.11362042476930978,-0.08515475538639242,0.2210836004412819,-0.03167469515522639
WK059908,Kralingen-Crooswijk,2020,4.10383289022494,0.001568039081254356,-0.018224345292567133,-0.11615889355311197,-0.08394283497528818,0.253846900955012,-0.03395278805279065
WK059908,Kralingen-Crooswijk,2022,4.110240018779158,0.00797516763547211,-0.018173374777039022,-0.12513841374445464,-0.08178076156408322,0.25715942893843363,-0.024091711217384924
WK059910,Feijenoord,2002,3.8857837807205033,-0.21648107042318224,NA,NA,NA,NA,NA
WK059910,Feijenoord,2008,3.883346354441493,-0.21891849670219252,NA,NA,NA,NA,NA
WK059910,Feijenoord,2012,3.955586411955444,-0.1466784391882414,NA,NA,NA,NA,NA
WK059910,Feijenoord,2014,3.919441666843969,-0.1828231842997161,-0.023375581694132997,-0.18033345125484193,-0.08960942366042055,0.17291531460006412,-0.06242004229038507
WK059910,Feijenoord,2016,3.9348794248485044,-0.16738542629518083,NA,NA,NA,NA,NA
WK059910,Feijenoord,2018,3.9223207228304737,-0.1799441283132112,-0.02722219599505979,-0.19231692048998353,-0.09718465650206015,0.18878151669905568,-0.05200187202516367
WK059910,Feijenoord,2020,3.96006306490985,-0.14220178623383573,-0.023506951210564734,-0.18920235305923921,-0.09704201896288231,0.2190437596987993,-0.05149422269994904
WK059910,Feijenoord,2022,3.9831830788589455,-0.11908177228473986,-0.024949325958212833,-0.1810427988896634,-0.09216371341421964,0.22152351330256845,-0.04244944732521277
WK059912,IJsselmonde,2002,3.9563779907866494,-0.14588686035703585,NA,NA,NA,NA,NA
WK059912,IJsselmonde,2008,3.898856758118599,-0.2034080930250862,NA,NA,NA,NA,NA
WK059912,IJsselmonde,2012,3.931086195079039,-0.17117865606464647,NA,NA,NA,NA,NA
WK059912,IJsselmonde,2014,3.9063447473111523,-0.19592010383253314,-0.01634264530174521,-0.13941632145071634,-0.05102205501188214,0.09285400980413991,-0.08199309187232963
WK059912,IJsselmonde,2016,3.947374973376461,-0.15488987776722435,NA,NA,NA,NA,NA
WK059912,IJsselmonde,2018,3.942130158311223,-0.160134692832462,-0.02038232867337346,-0.12090320688065775,-0.0550381472860693,0.10783750687549638,-0.07164851686785816
WK059912,IJsselmonde,2020,3.964561527024003,-0.137703324119682,-0.013167569039765407,-0.12193126068655132,-0.055838263169056185,0.13310915884341373,-0.07987539006772312
WK059912,IJsselmonde,2022,3.95303095710512,-0.14923389403856518,-0.01296239635869688,-0.13785830513834152,-0.05728077743534615,0.12148541408960421,-0.06261782919578514
WK059913,Pernis,2002,3.9036562889001294,-0.19860856224355583,NA,NA,NA,NA,NA
WK059913,Pernis,2008,3.9280973652280764,-0.17416748591560888,NA,NA,NA,NA,NA
WK059913,Pernis,2012,3.9320068549340452,-0.17025799620964,NA,NA,NA,NA,NA
WK059913,Pernis,2014,3.9568740793007633,-0.14539077184292212,-0.014291225084429631,-0.033521617292636766,0.010609826726454018,-0.07595443327872337,-0.03223332291358666
WK059913,Pernis,2016,4.001962838357908,-0.10030201278577697,NA,NA,NA,NA,NA
WK059913,Pernis,2018,3.9733087697698064,-0.12895608137387862,-0.01493812963766992,-0.029005892575370208,0.0111686467712199,-0.07250761736989178,-0.02367308856216688
WK059913,Pernis,2020,4.003018997620908,-0.09924585352277733,-0.007834382293672702,-0.023505854346045775,0.01102809306247023,-0.06255913460219817,-0.016374575343331182
WK059913,Pernis,2022,4.011813597575718,-0.09045125356796767,-0.008627111741196585,-0.015573979287704633,0.007857111029309019,-0.06143684072826026,-0.012670432840115473
WK059914,Prins Alexander,2002,4.001513256434093,-0.10075159470959254,NA,NA,NA,NA,NA
WK059914,Prins Alexander,2008,3.9849278715934755,-0.11733697955020962,NA,NA,NA,NA,NA
WK059914,Prins Alexander,2012,4.017835162176858,-0.08442968896682682,NA,NA,NA,NA,NA
WK059914,Prins Alexander,2014,3.997197536861255,-0.10506731428243045,-0.006743200904520209,-0.062821985533432545,-0.03828561459385752,0.040992122296342484,-0.03820863554696295
WK059914,Prins Alexander,2016,4.0092715240989945,-0.09299332704469107,NA,NA,NA,NA,NA
WK059914,Prins Alexander,2018,4.01732540731184,-0.08493944383184499,-0.013728624035510981,-0.0549767016571484,-0.04051403926569104,0.047355004421347845,-0.023075083294842695
WK059914,Prins Alexander,2020,4.040536139894974,-0.06172871124871132,-0.004200530264479009,-0.058542978271113794,-0.04138470169083205,0.06698541625025044,-0.02458591727253718
WK059914,Prins Alexander,2022,4.037718399856519,-0.06454645128716571,-0.0031547038990235765,-0.059135756363612076,-0.04091676716454742,0.0570876500735339,-0.018426873933516826
WK059915,Charlois,2002,3.881482959697486,-0.22078189144619914,NA,NA,NA,NA,NA
WK059915,Charlois,2008,3.856252717821631,-0.24601213332205407,NA,NA,NA,NA,NA
WK059915,Charlois,2012,3.866199290256818,-0.23606556088686714,NA,NA,NA,NA,NA
WK059915,Charlois,2014,3.8018716937870036,-0.3003931573566819,-0.02783545328509828,-0.2013965321177289,-0.0792167306857962,0.12601605357230136,-0.11796049484036011
WK059915,Charlois,2016,3.789899736982557,-0.3123651141611286,NA,NA,NA,NA,NA
WK059915,Charlois,2018,3.8041336343995673,-0.298131216744118,-0.03020633670962343,-0.20450895777564052,-0.08819686245294066,0.13335037536966318,-0.10856943517557682
WK059915,Charlois,2020,3.833261636280972,-0.2690032148627134,-0.023427646592398647,-0.20229453786321883,-0.08831879071920352,0.1568176617772284,-0.11177990146512103
WK059915,Charlois,2022,3.8284619061239664,-0.2738029450197187,-0.022060927022521937,-0.21350606086077817,-0.0880111002390687,0.15167712026160224,-0.10190197715895237
WK059916,Hoogvliet,2002,3.868153714355165,-0.23411113678852044,NA,NA,NA,NA,NA
WK059916,Hoogvliet,2008,3.8781469101763757,-0.2241179409673098,NA,NA,NA,NA,NA
WK059916,Hoogvliet,2012,3.8887028211908317,-0.21356202995285323,NA,NA,NA,NA,NA
WK059916,Hoogvliet,2014,3.8790243464742646,-0.22324050466942066,-0.013439294186454183,-0.08065643059426364,-0.034104153473775205,-0.054961236885730264,-0.040079389529197665
WK059916,Hoogvliet,2016,3.9186820827503395,-0.18358276839334575,NA,NA,NA,NA,NA
WK059916,Hoogvliet,2018,3.9055615938102743,-0.19670325733341076,-0.01931856513730228,-0.06603190246255393,-0.03322618432637516,-0.04985099514006418,-0.02827561026711549
WK059916,Hoogvliet,2020,3.9352637705291476,-0.1670010806145377,-0.015337225258896704,-0.061344114063882196,-0.0320749148287527,-0.029512109370947025,-0.02873271709205933
WK059916,Hoogvliet,2022,3.9324742165678983,-0.16979063457578691,-0.009541717261069917,-0.05766972533261302,-0.03403565551287516,-0.045033504094757974,-0.023510032374471114
WK059917,Hoek van Holland,2002,4.083174214367499,-0.019090636776186068,NA,NA,NA,NA,NA
WK059917,Hoek van Holland,2008,4.087519458286752,-0.01474539285693306,NA,NA,NA,NA,NA
WK059917,Hoek van Holland,2012,4.123141286883177,0.02087643573949248,NA,NA,NA,NA,NA
WK059917,Hoek van Holland,2014,4.110470820080967,0.008205968937282268,0.08222167396300122,-4.105969961938362e-4,0.021380900131644148,-0.0927238434726306,-0.002262164688538928
WK059917,Hoek van Holland,2016,4.140847477181877,0.03858262603819168,NA,NA,NA,NA,NA
WK059917,Hoek van Holland,2018,4.121670084419619,0.01940523327593414,0.0667205058882798,0.015165788254802063,0.010893746475879797,-0.07780305979581803,0.004428252452790262
WK059917,Hoek van Holland,2020,4.118397864055015,0.016133012911329108,0.08472605768118142,0.0013201170517688485,0.013513068038073074,-0.0843076629837337,8.814331240392369e-4
WK059917,Hoek van Holland,2022,4.013918202729338,-0.08834664841434808,0.08415906877868586,-0.0954970550451451,0.012194576706217734,-0.09379264321437333,0.004589404360266507
WK059918,Spaanse Polder,2002,4.344889016821719,0.24262416567803405,NA,NA,NA,NA,NA
WK059918,Spaanse Polder,2008,4.287234334612188,0.18496948346850295,NA,NA,NA,NA,NA
WK059918,Spaanse Polder,2012,4.293465167562093,0.1912003164184081,NA,NA,NA,NA,NA
WK059918,Spaanse Polder,2014,4.184919847392267,0.08265499624858204,-0.1464763676891477,0.002543016350276341,0.07549922051739177,0.09246846043034344,0.05862066663971807
WK059918,Spaanse Polder,2016,4.218292059422916,0.11602720827923149,NA,NA,NA,NA,NA
WK059918,Spaanse Polder,2018,4.279143346985122,0.1768784958414363,-0.15469161754164992,0.07957357479310596,0.10053745874258052,0.08674835655397546,0.06471072329342388
WK059918,Spaanse Polder,2020,4.2753356231217,0.1730707719780146,-0.15249151467891167,0.06787627513484223,0.08054418424677852,0.11465373002153799,0.06248809725376713
WK059918,Spaanse Polder,2022,4.224650839887935,0.12238598874424911,-0.1691602527845944,0.05801597433897128,0.06793830440341343,0.10452536836284727,0.061066594423611405
WK059919,Nieuw Mathenesse,2002,4.014447939841312,-0.08781691130237375,NA,NA,NA,NA,NA
WK059919,Nieuw Mathenesse,2008,4.02670745291,-0.0755573982336847,NA,NA,NA,NA,NA
WK059919,Nieuw Mathenesse,2012,4.037067733940235,-0.06519711720345026,NA,NA,NA,NA,NA
WK059919,Nieuw Mathenesse,2014,4.021199604562192,-0.0810652465814935,-0.07797340360504261,-0.10885657420057301,-0.04603731949833817,0.125408221203768,0.0263938295186921
WK059919,Nieuw Mathenesse,2016,3.9507619890012116,-0.15150286214247355,NA,NA,NA,NA,NA
WK059919,Nieuw Mathenesse,2018,3.9804777825353503,-0.12178706860833481,-0.17813626019067072,-0.10106693684865735,-0.03615606129015142,0.16947353902165488,0.02409865069948974
WK059919,Nieuw Mathenesse,2020,4.077614296191543,-0.024650554952142485,-0.03896543221297587,-0.06661050947118058,0.057463991664880004,0.13288138632732222,-0.10941999126018892
WK059919,Nieuw Mathenesse,2022,3.7917901769376887,-0.31047467420599667,-0.049156953918899876,-0.10939669634309848,-0.15585653002304892,0.11913087867065453,-0.11519537259160445
WK059921,Waalhaven-Eemhaven,2002,4.03354041850104,-0.06872443264264509,NA,NA,NA,NA,NA
WK059921,Waalhaven-Eemhaven,2008,4.048477213573611,-0.05378763757007363,NA,NA,NA,NA,NA
WK059921,Waalhaven-Eemhaven,2012,3.9975066334624225,-0.10475821768126266,NA,NA,NA,NA,NA
WK059921,Waalhaven-Eemhaven,2014,3.960463412232966,-0.1418014389107194,-0.05835152513923275,0.012089105044554191,0.019869733914223118,-0.006299064507426575,-0.10910968822283766
WK059921,Waalhaven-Eemhaven,2016,3.9396132732112243,-0.1626515779324606,NA,NA,NA,NA,NA
WK059921,Waalhaven-Eemhaven,2018,4.011793825890556,-0.09047102525312944,-0.11347505581369709,0.0337818302890493,0.09150249308060739,-0.005065489132552919,-0.0972148036765364
WK059921,Waalhaven-Eemhaven,2020,3.938581530987483,-0.16368332015620254,-0.1099120355107957,-0.017563293539686237,0.13520635049398208,-6.292358768394608e-4,-0.17078510572286348
WK059921,Waalhaven-Eemhaven,2022,3.92418292570278,-0.17808192544090562,-0.1472376820815627,0.025626401509574903,0.11164316544088201,-0.003464421671596076,-0.16464938863820394
WK059922,Vondelingenplaat,2002,3.534823264138024,-0.5674415870056613,NA,NA,NA,NA,NA
WK059922,Vondelingenplaat,2008,3.473562971604566,-0.6287018795391196,NA,NA,NA,NA,NA
WK059922,Vondelingenplaat,2012,3.6376428634105573,-0.4646219877331274,NA,NA,NA,NA,NA
WK059922,Vondelingenplaat,2014,3.5244288366687924,-0.577836014474893,-0.026249650070187557,-0.3146257726849502,-0.06129458019434646,-0.04429733374471002,-0.13136867778069886
WK059922,Vondelingenplaat,2016,3.632595502215543,-0.4696693489281423,NA,NA,NA,NA,NA
WK059922,Vondelingenplaat,2018,3.5327308211634474,-0.5695340299802378,-0.03798793170046037,-0.3311041215809705,-0.06894744525425682,-0.04236643131027061,-0.0891281001342797
WK059922,Vondelingenplaat,2020,3.5394107554722276,-0.562854095671458,-0.03380364360072846,-0.3294199006444705,-0.0747987155300357,-0.012692336118417247,-0.11213949977780635
WK059922,Vondelingenplaat,2022,4.066911863017308,-0.03535298812637766,0.11800397935901485,-0.03518355713695545,-0.01741557370615182,-0.017783341016584853,-0.08297449562570058
WK059923,Botlek-Europoort-Maasvlakte,2002,3.6188337500729815,-0.4834311010707034,NA,NA,NA,NA,NA
WK059923,Botlek-Europoort-Maasvlakte,2008,3.6518530856047127,-0.45041176553897255,NA,NA,NA,NA,NA
WK059923,Botlek-Europoort-Maasvlakte,2012,3.631671286130298,-0.47059356501338695,NA,NA,NA,NA,NA
WK059923,Botlek-Europoort-Maasvlakte,2014,3.924892060558029,-0.17737279058565614,-0.19145730328510072,0.11148009829600175,0.004521642860077446,-0.08600144936583526,-0.01591577909079979
WK059923,Botlek-Europoort-Maasvlakte,2016,3.705890572067992,-0.396374279075693,NA,NA,NA,NA,NA
WK059923,Botlek-Europoort-Maasvlakte,2018,3.5399969481496525,-0.5622679029940327,-0.27796590559294587,-0.14707777361284802,-0.043881838143421475,-0.08351922486998592,-0.009823160774831655
WK059923,Botlek-Europoort-Maasvlakte,2020,3.7950295548565984,-0.3072352962870868,-0.3043326851997701,0.08319003624350474,-0.010920639803043725,-0.05882823293709938,-0.016343774590678345
WK059923,Botlek-Europoort-Maasvlakte,2022,3.3274054556714683,-0.7748593954722167,-0.3428214209669553,-0.2695356240234831,-0.05388785725475104,-0.09204750829491626,-0.01656698493211159
WK059924,Rotterdam-Noord-West,2002,4.573962840243082,0.47169798909939686,NA,NA,NA,NA,NA
WK059924,Rotterdam-Noord-West,2008,4.5836857876672426,0.48142093652355733,NA,NA,NA,NA,NA
WK059924,Rotterdam-Noord-West,2012,4.526130561536226,0.4238657103925405,NA,NA,NA,NA,NA
WK059924,Rotterdam-Noord-West,2014,4.383888205291284,0.281623354147599,-0.05903931425671771,0.18308024279183657,0.09835479973273192,-0.025720701831392634,0.0849483277111408
WK059924,Rotterdam-Noord-West,2016,4.388536751312892,0.2862719001692069,NA,NA,NA,NA,NA
WK059924,Rotterdam-Noord-West,2018,4.3252654910079364,0.22300063986425123,-0.06591804621740877,0.14404691174350254,0.09646155852115268,-0.03768397356709474,0.08609418938409902
WK059924,Rotterdam-Noord-West,2020,4.303366253306383,0.20110140216269734,-0.05364929414577435,0.121457870513837,0.07307598954436778,-0.024021612416868066,0.08423844866713498
WK059924,Rotterdam-Noord-West,2022,4.300375356052054,0.19811050490836912,-0.03240271680728496,0.1096397959544336,0.06524530767655157,-0.02678361347074798,0.0824117315554172
WK059927,Rozenburg,2002,3.967460582412509,-0.13480426873117668,NA,NA,NA,NA,NA
WK059927,Rozenburg,2008,3.9721790657606193,-0.13008578538306595,NA,NA,NA,NA,NA
WK059927,Rozenburg,2012,4.012719542873453,-0.08954530827023324,NA,NA,NA,NA,NA
WK059927,Rozenburg,2014,4.0013157991781565,-0.10094905196552836,-0.004928376203273376,-0.005711884690763024,-0.01478595576314664,-0.04353676339854751,-0.03198607190979808
WK059927,Rozenburg,2016,4.04288189964264,-0.05938295150104532,NA,NA,NA,NA,NA
WK059927,Rozenburg,2018,4.011152004013367,-0.09111284713031878,-0.01460594272727576,-0.005750000294494297,-0.013661821776078633,-0.041192367416712124,-0.015902714915758228
WK059927,Rozenburg,2020,3.9927317164048572,-0.10953313473882773,-0.012222967622135955,-0.013872183992114198,-0.011499134537047458,-0.04624624544452554,-0.025692603143004842
WK059927,Rozenburg,2022,3.959068355908653,-0.14319649523503247,-0.009313465629711663,-0.06543889622217962,-0.0140323582204421,-0.04440205045907233,-0.01000972470362706
WK060301,Wijk 01,2002,4.388416159444981,0.28615130830129565,NA,NA,NA,NA,NA
WK060301,Wijk 01,2008,4.332228914146434,0.22996406300274813,NA,NA,NA,NA,NA
WK060301,Wijk 01,2012,4.343951888733979,0.24168703759029445,NA,NA,NA,NA,NA
WK060301,Wijk 01,2014,4.321719909490358,0.219455058346672,-0.022022441395883482,0.014061306826782508,-0.005117868778251439,0.21593922565370996,0.01659483604031413
WK060301,Wijk 01,2016,4.35734078501296,0.2550759338692754,NA,NA,NA,NA,NA
WK060301,Wijk 01,2018,4.374259941093558,0.27199508994987265,-0.013666720633563948,0.022738314426131615,-0.009312807022326886,0.23630129000523364,0.03593501317439797
WK060301,Wijk 01,2020,4.373080918560006,0.27081606741632003,-0.005856669123171863,0.008961163695833158,-0.011950297583946955,0.2532272400631048,0.026434630364500642
WK060301,Wijk 01,2022,4.415120526398542,0.3128556752548561,-0.003161233156287849,0.015573224181669895,-0.01984994517295932,0.27305449609434224,0.04723913330809087
WK060302,Wijk 02,2002,4.210104960896866,0.10784010975318106,NA,NA,NA,NA,NA
WK060302,Wijk 02,2008,4.147710933763522,0.04544608261983608,NA,NA,NA,NA,NA
WK060302,Wijk 02,2012,4.146188179523389,0.0439233283797027,NA,NA,NA,NA,NA
WK060302,Wijk 02,2014,4.171764225192539,0.06949937404885337,-0.016804361941062048,-0.03572152410430541,-0.03518218595720918,0.209306042202771,-0.052098596151341284
WK060302,Wijk 02,2016,4.252594534263662,0.15032968311997658,NA,NA,NA,NA,NA
WK060302,Wijk 02,2018,4.207698184014208,0.10543333287052287,-0.025881263800933706,-0.029323839413633312,-0.034630705270621245,0.2222660775914146,-0.026996936235703716
WK060302,Wijk 02,2020,4.202732905781846,0.10046805463816033,-0.015456522079323106,-0.04718823197324645,-0.037440636166086685,0.23836593434092793,-0.03781248948411161
WK060302,Wijk 02,2022,4.246005001021917,0.1437401498782319,-0.010510264115913902,-0.03803723519378369,-0.03894316726313628,0.2511571586049466,-0.01992634215388109
WK060303,Wijk 03,2002,4.484598482347506,0.3823336312038207,NA,NA,NA,NA,NA
WK060303,Wijk 03,2008,4.368307146223975,0.2660422950802901,NA,NA,NA,NA,NA
WK060303,Wijk 03,2012,4.382175950126429,0.27991109898274413,NA,NA,NA,NA,NA
WK060303,Wijk 03,2014,4.423824977526069,0.32156012638238357,0.020685085770721322,0.10858623893527294,0.05909757147934885,0.09598546424106244,0.037205765955977584
WK060303,Wijk 03,2016,4.414355974272578,0.31209112312889215,NA,NA,NA,NA,NA
WK060303,Wijk 03,2018,4.416065833965319,0.3138009828216337,0.006775414123523973,0.06712481034901603,0.08055038953438085,0.1135114066680681,0.045838962146644485
WK060303,Wijk 03,2020,4.328439104286001,0.2261742531423158,0.026713453122943726,0.04989105290824806,0.0513902453841425,0.12187228467116754,-0.02369278294418638
WK060303,Wijk 03,2022,4.4126958003846415,0.3104309492409567,0.030956319160278037,0.0638759646144595,0.0452131756142844,0.12655043230743487,0.04383505754449966
WK060304,Wijk 04,2002,4.175728812939202,0.07346396179551604,NA,NA,NA,NA,NA
WK060304,Wijk 04,2008,4.142796815431374,0.040531964287688724,NA,NA,NA,NA,NA
WK060304,Wijk 04,2012,4.1247938219465805,0.02252897080289501,NA,NA,NA,NA,NA
WK060304,Wijk 04,2014,4.087287732338757,-0.014977118804928923,-0.001152899539767971,-0.058336538004914625,-0.04577225375725305,0.1557080614818637,-0.06542348898485724
WK060304,Wijk 04,2016,4.134836648331128,0.03257179718744311,NA,NA,NA,NA,NA
WK060304,Wijk 04,2018,4.132936307702602,0.030671456558917152,-0.01195761888870404,-0.04433924937560357,-0.04725956814903605,0.17272957823476087,-0.038501685262500376
WK060304,Wijk 04,2020,4.1266162513091045,0.02435140016541906,-0.002876721019624407,-0.057594824568833886,-0.047305585714301775,0.1836525204504041,-0.051523988982225294
WK060304,Wijk 04,2022,4.156666365544735,0.05440151440104958,-0.0038150459565100135,-0.05953128936068021,-0.05594926746126965,0.2012092885597787,-0.027512171380269537
WK060305,Wijk 05,2002,4.147463790201611,0.04519893905792524,NA,NA,NA,NA,NA
WK060305,Wijk 05,2008,3.966984697602062,-0.13528015354162334,NA,NA,NA,NA,NA
WK060305,Wijk 05,2012,4.202707813894142,0.10044296275045564,NA,NA,NA,NA,NA
WK060305,Wijk 05,2014,4.193241649923051,0.09097679877936579,-0.02047874568706305,-0.04950565131869201,0.011300882448746987,0.1708549137042282,-0.021194600367854456
WK060305,Wijk 05,2016,4.190887813651055,0.08862296250736967,NA,NA,NA,NA,NA
WK060305,Wijk 05,2018,4.154899472791143,0.052634621647457865,-0.041942779090657266,-0.02844954858757001,-0.051562848013554076,0.18756823703341546,-0.012978439694176402
WK060305,Wijk 05,2020,4.118786792951626,0.016521941807940574,-0.029326701271269854,-0.06781241345770017,-0.05082668266670925,0.1964879180104471,-0.03200017880682753
WK060305,Wijk 05,2022,4.145990022797472,0.043725171653786546,-0.04294996308872186,-0.0491848081445801,-0.04344849982447369,0.20557655882487835,-0.026268116113316576
WK060306,Wijk 06,2002,4.0556170101516615,-0.04664784099202396,NA,NA,NA,NA,NA
WK060306,Wijk 06,2008,4.028360569255788,-0.07390428188789769,NA,NA,NA,NA,NA
WK060306,Wijk 06,2012,4.032473728738698,-0.0697911224049871,NA,NA,NA,NA,NA
WK060306,Wijk 06,2014,3.9955725307122343,-0.1066923204314507,-0.005191711715152552,-0.0816459679818574,-0.07597850584948719,0.14782976757661284,-0.09170590246156667
WK060306,Wijk 06,2016,4.043387770129689,-0.058877081013996364,NA,NA,NA,NA,NA
WK060306,Wijk 06,2018,4.0302730369037665,-0.07199181423991853,-0.02863757204093324,-0.07457682872522142,-0.08267162182553356,0.15898881129399547,-0.0450946029422261
WK060306,Wijk 06,2020,4.016048702562314,-0.08621614858137129,-0.020515716269708866,-0.07892522500258141,-0.07838578426539933,0.18108098915940068,-0.08947041220308262
WK060306,Wijk 06,2022,4.061254624050981,-0.0410102270927051,-0.021143358245588897,-0.08006892418046553,-0.08517624697652212,0.19969678739678912,-0.05431848508691796
WK060307,Wijk 07,2002,4.029865461061858,-0.07239939008182734,NA,NA,NA,NA,NA
WK060307,Wijk 07,2008,3.9450315930432467,-0.15723325810043876,NA,NA,NA,NA,NA
WK060307,Wijk 07,2012,3.8936311296452737,-0.20863372149841164,NA,NA,NA,NA,NA
WK060307,Wijk 07,2014,3.963946294410467,-0.13831855673321827,-0.020896660604422242,-0.0933908885269925,-0.09789328934301295,0.15127475378216038,-0.07741247204095121
WK060307,Wijk 07,2016,3.995059960966461,-0.10720489017722418,NA,NA,NA,NA,NA
WK060307,Wijk 07,2018,3.998574712825973,-0.10369013831771262,-0.028742693779907232,-0.07301107240924994,-0.09590875636666461,0.15433860814340578,-0.060366223905296904
WK060307,Wijk 07,2020,3.9880887428633454,-0.11417610828033944,-0.015161933959401219,-0.10007536656530581,-0.09126606670315138,0.16599482360036766,-0.07366756465284896
WK060307,Wijk 07,2022,4.018836051188297,-0.08342879995538913,-0.0166623108965687,-0.08771153348772931,-0.0897639184501203,0.17351431115250845,-0.0628053482734796
WK060308,Wijk 08,2002,4.197404712374568,0.09513986123088312,NA,NA,NA,NA,NA
WK060308,Wijk 08,2008,4.1743787621413055,0.07211391099762056,NA,NA,NA,NA,NA
WK060308,Wijk 08,2012,4.16069991836559,0.05843506722190479,NA,NA,NA,NA,NA
WK060308,Wijk 08,2014,4.15575906853067,0.05349421738698405,-0.006647497135314716,0.014612820785097638,-0.026539004734424578,0.10210864798279368,-0.0300407495111682
WK060308,Wijk 08,2016,4.194999419683369,0.09273456853968459,NA,NA,NA,NA,NA
WK060308,Wijk 08,2018,4.188597152239275,0.08633230109559029,-0.013094194473251608,0.017650781486726237,-0.021023840688678123,0.11364882222375948,-0.010849267452965964
WK060308,Wijk 08,2020,4.179529628079624,0.07726477693593953,-0.006613811454685005,0.002028888211951472,-0.022529514323947435,0.13114028598530136,-0.02676107148268114
WK060308,Wijk 08,2022,4.2301633306954125,0.12789847955172787,0.003510231491857956,0.025426298062700033,-0.03058377139971298,0.14329343386501323,-0.013747712468130642
WK060309,Wijk 09,2002,4.032208117809307,-0.07005673333437851,NA,NA,NA,NA,NA
WK060309,Wijk 09,2008,4.009402445080489,-0.0928624060631967,NA,NA,NA,NA,NA
WK060309,Wijk 09,2012,3.9969772973344684,-0.10528755380921678,NA,NA,NA,NA,NA
WK060309,Wijk 09,2014,4.096735455698186,-0.005529395445499534,-0.013732136768533375,-0.010742087270554215,-0.05878090513914071,0.09967891341466147,-0.021953179681933013
WK060309,Wijk 09,2016,4.10674768048753,0.004482829343844657,NA,NA,NA,NA,NA
WK060309,Wijk 09,2018,4.111009727786044,0.008744876642359302,-0.01996920276603387,-0.007096161677568975,-0.0546123738696824,0.10782432597964496,-0.017401711024000687
WK060309,Wijk 09,2020,4.1350008783384435,0.032736027194758044,-0.011029020440809082,-0.014121728244709194,-0.043039489408720946,0.12224635217197052,-0.02132008688297356
WK060309,Wijk 09,2022,4.157730035590829,0.05546518444714406,-0.012750766629618942,0.009067898008548713,-0.04475804912165238,0.12815556383651397,-0.02424946164664755
WK060310,Wijk 10,2002,4.236396943793804,0.13413209265011897,NA,NA,NA,NA,NA
WK060310,Wijk 10,2008,4.240538798236361,0.13827394709267612,NA,NA,NA,NA,NA
WK060310,Wijk 10,2012,4.2391434252707745,0.13687857412708884,NA,NA,NA,NA,NA
WK060310,Wijk 10,2014,4.300138915743841,0.19787406460015564,-0.03431394773499357,0.0723896234040602,0.0701329299891793,0.054822897842915205,0.03484256109899423
WK060310,Wijk 10,2016,4.335337701249199,0.23307285010551418,NA,NA,NA,NA,NA
WK060310,Wijk 10,2018,4.287740589537111,0.18547573839342527,-0.03634150157657385,0.06576156183651684,0.08674545180994263,0.05444817715977796,0.014862049163761472
WK060310,Wijk 10,2020,4.313089201691633,0.21082435054794746,-0.032394177144570366,0.05539555251562672,0.0919065583405828,0.06452802860608658,0.031388388230221435
WK060310,Wijk 10,2022,4.351048193939345,0.24878334279566017,-0.015978328665577284,0.07973640645062231,0.07720748902533939,0.08078436404247229,0.02703341194280314
WK060311,Wijk 11,2002,4.1539117821457365,0.051646931002051755,NA,NA,NA,NA,NA
WK060311,Wijk 11,2008,4.095915069980996,-0.006349781162689362,NA,NA,NA,NA,NA
WK060311,Wijk 11,2012,4.096907257417503,-0.005357593726182083,NA,NA,NA,NA,NA
WK060311,Wijk 11,2014,4.1009311488100755,-0.0013337023336097798,-0.024614173822957955,-0.012312601917068613,-0.016280705361651413,0.045669675890652836,0.006204102877415094
WK060311,Wijk 11,2016,4.1250509872418695,0.022786136098184435,NA,NA,NA,NA,NA
WK060311,Wijk 11,2018,4.1223990541607956,0.020134203017110233,-0.03259651237847781,-0.017487920023803803,-0.014679723934155599,0.05865730650100572,0.026241052852541417
WK060311,Wijk 11,2020,4.146093021500927,0.04382817035724225,-0.027854942763141613,-0.016500062189088654,-0.004398748853629191,0.06701911191223324,0.025562812250868212
WK060311,Wijk 11,2022,4.1874930542238715,0.08522820308018586,-0.014738300409362939,7.447099465841291e-4,-0.004882873567663609,0.07662591298714834,0.02747875412347961
WK060600,Wijk 00 Centrum,2002,4.0961573056651215,-0.0061075454785637535,NA,NA,NA,NA,NA
WK060600,Wijk 00 Centrum,2008,4.018989981066794,-0.0832748700768909,NA,NA,NA,NA,NA
WK060600,Wijk 00 Centrum,2012,3.9902569515508124,-0.11200789959287233,NA,NA,NA,NA,NA
WK060600,Wijk 00 Centrum,2014,3.9530200059338174,-0.14924484520986792,-0.010929878384032978,-0.22499098042312377,-0.0657304917883024,0.1918105821050146,-0.039404076719423586
WK060600,Wijk 00 Centrum,2016,3.941713107432425,-0.16055174371125985,NA,NA,NA,NA,NA
WK060600,Wijk 00 Centrum,2018,3.9507791591027477,-0.15148569204093754,-0.01724168021329773,-0.23522663635214575,-0.06548457886112302,0.17155487993540502,-0.00508767654977638
WK060600,Wijk 00 Centrum,2020,3.9762428949563557,-0.12602195618732992,-0.005237734351527915,-0.24211551555598282,-0.06523900567016863,0.2175098764008885,-0.03093957701053941
WK060600,Wijk 00 Centrum,2022,3.965978912747323,-0.13628593839636208,-0.00518195656118034,-0.2620627887014738,-0.07272000305563277,0.20308132485477912,5.974850671454542e-4
WK060601,Wijk 01 Oost,2002,3.9628544778313954,-0.1394103733122899,NA,NA,NA,NA,NA
WK060601,Wijk 01 Oost,2008,3.9486730430824175,-0.1535918080612676,NA,NA,NA,NA,NA
WK060601,Wijk 01 Oost,2012,3.9094009956247304,-0.19286385551895516,NA,NA,NA,NA,NA
WK060601,Wijk 01 Oost,2014,3.838191178829436,-0.26407367231424944,-0.033064475692157494,-0.1760357360022515,-0.08383442058057723,0.1519046303455532,-0.12304367038481669
WK060601,Wijk 01 Oost,2016,3.8629946219104796,-0.23927022923320582,NA,NA,NA,NA,NA
WK060601,Wijk 01 Oost,2018,3.8698364839607002,-0.2324283671829852,-0.038544206723633706,-0.16574042880531334,-0.08791380656179706,0.14359847077149468,-0.08382839586373604
WK060601,Wijk 01 Oost,2020,3.8968733453796034,-0.2053915057640818,-0.0347498984699995,-0.15827589949491253,-0.08175711990809088,0.18342742586573516,-0.1140360137568143
WK060601,Wijk 01 Oost,2022,3.9296261284671026,-0.17263872267658284,-0.031946709418859104,-0.18057734402872877,-0.08789719069061963,0.18331086865971685,-0.0555283471980925
WK060602,Wijk 02 Tussen Havens en Grachten,2002,4.162572403980574,0.06030755283688858,NA,NA,NA,NA,NA
WK060602,Wijk 02 Tussen Havens en Grachten,2008,4.135285178075075,0.03302032693138956,NA,NA,NA,NA,NA
WK060602,Wijk 02 Tussen Havens en Grachten,2012,4.1292354935013025,0.026970642357616842,NA,NA,NA,NA,NA
WK060602,Wijk 02 Tussen Havens en Grachten,2014,4.109319864714158,0.007055013570472753,-0.01004316007732171,-0.12069706366445815,-0.028796808693119486,0.17811307334611498,-0.011521027340743164
WK060602,Wijk 02 Tussen Havens en Grachten,2016,4.108338748238773,0.006073897095087673,NA,NA,NA,NA,NA
WK060602,Wijk 02 Tussen Havens en Grachten,2018,4.103823386601589,0.0015585354579040684,-0.017581384728155923,-0.12490732213472816,-0.030215733278563257,0.16696394483320676,0.0072990307661444116
WK060602,Wijk 02 Tussen Havens en Grachten,2020,4.138413574987256,0.03614872384357107,-0.012470371553025389,-0.12975231142487756,-0.03343711892640381,0.2103080435977467,0.0015004821501308232
WK060602,Wijk 02 Tussen Havens en Grachten,2022,4.129455996915837,0.027191145772152325,-0.010026728669188942,-0.14503237262450433,-0.040425396823679086,0.20543132594951505,0.017244317940009316
WK060603,Wijk 03 West,2002,4.067925616907684,-0.03433923423600162,NA,NA,NA,NA,NA
WK060603,Wijk 03 West,2008,4.072439941676112,-0.029824909467572575,NA,NA,NA,NA,NA
WK060603,Wijk 03 West,2012,4.070334996999991,-0.031929854143693884,NA,NA,NA,NA,NA
WK060603,Wijk 03 West,2014,4.029683317955726,-0.07258153318795932,-0.021947823126542376,-0.08917756208353168,-0.04853063756870345,0.1422208113637639,-0.055146321772946
WK060603,Wijk 03 West,2016,4.073841794302203,-0.028423056841481522,NA,NA,NA,NA,NA
WK060603,Wijk 03 West,2018,4.050002229436506,-0.05226262170717878,-0.02792596619568168,-0.08512231701878382,-0.05307564345553936,0.13764746663351285,-0.023786161670687023
WK060603,Wijk 03 West,2020,4.063267021981914,-0.038997829161771635,-0.02091641051347184,-0.09982619108925253,-0.052412327218071354,0.17584722092016833,-0.04169012126114454
WK060603,Wijk 03 West,2022,4.100054560911269,-0.0022102902324167093,-0.02458974057223093,-0.08195499877525501,-0.05099432053720508,0.16582095609437755,-0.01049218644210351
WK060604,Wijk 04 Zuid,2002,4.013296592400554,-0.08896825874313151,NA,NA,NA,NA,NA
WK060604,Wijk 04 Zuid,2008,3.997415917286407,-0.10484893385727831,NA,NA,NA,NA,NA
WK060604,Wijk 04 Zuid,2012,3.9961945756711055,-0.1060702754725796,NA,NA,NA,NA,NA
WK060604,Wijk 04 Zuid,2014,3.97747433416811,-0.12479051697557496,-0.011831757126503313,-0.10020365093576591,-0.05358813101252477,0.06788269065896421,-0.027049668559745423
WK060604,Wijk 04 Zuid,2016,3.9751032812891247,-0.12716156985456095,NA,NA,NA,NA,NA
WK060604,Wijk 04 Zuid,2018,3.9642366936695925,-0.1380281574740926,-0.015617083717990692,-0.11394131693282658,-0.059261578042548356,0.06725910164379924,-0.016467280424526522
WK060604,Wijk 04 Zuid,2020,4.002224322746696,-0.10004052839698892,-0.008376038689341062,-0.11792933449279855,-0.057801400732549184,0.1007567441269042,-0.01669049860920461
WK060604,Wijk 04 Zuid,2022,3.9977132678160574,-0.1045515833276282,-0.01343716098163214,-0.12837333971162368,-0.06126256489234099,0.09449848405892963,0.0040229981990386795
WK060605,Wijk 05 Nieuw Mathenesse,2002,4.032414146696691,-0.06985070444699389,NA,NA,NA,NA,NA
WK060605,Wijk 05 Nieuw Mathenesse,2008,3.920738091977944,-0.18152675916574162,NA,NA,NA,NA,NA
WK060605,Wijk 05 Nieuw Mathenesse,2012,4.09403712267374,-0.008227728469945335,NA,NA,NA,NA,NA
WK060605,Wijk 05 Nieuw Mathenesse,2014,3.96387272309774,-0.1383921280459449,-0.058896029447481194,-0.13505499877593538,-0.036502310939223806,0.14647928225750614,-0.054418071140810945
WK060605,Wijk 05 Nieuw Mathenesse,2016,3.8998896409423254,-0.20237521020135943,NA,NA,NA,NA,NA
WK060605,Wijk 05 Nieuw Mathenesse,2018,4.058725328416149,-0.04353952272753605,-0.09089351912728327,-0.03544967315655128,-0.03388471779595753,0.1398026860426372,-0.023114298690381566
WK060605,Wijk 05 Nieuw Mathenesse,2020,4.074779339574245,-0.027485511569440863,-0.06528509763578673,-0.06624815358940864,-0.03436076758302229,0.1843307610312055,-0.0459222537924288
WK060605,Wijk 05 Nieuw Mathenesse,2022,4.0865637267740365,-0.015701124369648056,-0.09239468116381129,-0.0685602303304892,-0.0367692907826471,0.19281169004587473,-0.010788612138575427
WK060606,Wijk 06 Nieuwland,2002,3.874310212660384,-0.22795463848330152,NA,NA,NA,NA,NA
WK060606,Wijk 06 Nieuwland,2008,3.8549335039302446,-0.24733134721344072,NA,NA,NA,NA,NA
WK060606,Wijk 06 Nieuwland,2012,3.8486465308155844,-0.2536183203281005,NA,NA,NA,NA,NA
WK060606,Wijk 06 Nieuwland,2014,3.8736672416528344,-0.22859760949085048,-0.023868748517900495,-0.17457157410808555,-0.08438098868272736,0.14437712933713473,-0.09015342751927206
WK060606,Wijk 06 Nieuwland,2016,3.876804024264186,-0.2254608268794991,NA,NA,NA,NA,NA
WK060606,Wijk 06 Nieuwland,2018,3.882650996363,-0.21961385478068554,-0.025078481981694867,-0.17119504711232217,-0.08375390171791139,0.1439366641398984,-0.08352308810865576
WK060606,Wijk 06 Nieuwland,2020,3.9275618365975573,-0.17470301454612827,-0.020485353502518174,-0.16110923824917991,-0.08134771702824288,0.1813107585185909,-0.09307146428477851
WK060606,Wijk 06 Nieuwland,2022,3.923410645733442,-0.17885420541024308,-0.021176562929665587,-0.17888255682868814,-0.0789661060973956,0.17244407552950766,-0.07227305508400171
WK060607,Wijk 07 Groenoord en Kethel,2002,3.9804172695203546,-0.12184758162333062,NA,NA,NA,NA,NA
WK060607,Wijk 07 Groenoord en Kethel,2008,3.942264131274427,-0.1600007198692578,NA,NA,NA,NA,NA
WK060607,Wijk 07 Groenoord en Kethel,2012,3.9545819410255727,-0.14768291011811258,NA,NA,NA,NA,NA
WK060607,Wijk 07 Groenoord en Kethel,2014,3.9408067722475084,-0.16145807889617675,-0.011478803554489492,-0.08518488010646878,-0.07070351298360911,0.07294440917240957,-0.06703529142401925
WK060607,Wijk 07 Groenoord en Kethel,2016,3.9302427810605,-0.17202207008318549,NA,NA,NA,NA,NA
WK060607,Wijk 07 Groenoord en Kethel,2018,3.9434450097171085,-0.1588198414265767,-0.017573105901683424,-0.09272575991087456,-0.07071252901112529,0.07716075693741424,-0.05496920354030794
WK060607,Wijk 07 Groenoord en Kethel,2020,3.977563145578604,-0.12470170556508155,-0.013619570768815089,-0.08164881355145345,-0.06661151393301588,0.09899063605354232,-0.06181244336533973
WK060607,Wijk 07 Groenoord en Kethel,2022,3.944681572236253,-0.15758327890743232,-0.01985319910187511,-0.11246495904407078,-0.06570238853339534,0.08739932538680222,-0.046962057614893554
WK060608,Wijk 08 Industriegeb. ten N. v. Rijksweg,2002,4.205552561849458,0.103287710705772,NA,NA,NA,NA,NA
WK060608,Wijk 08 Industriegeb. ten N. v. Rijksweg,2008,4.203112810601757,0.10084795945807219,NA,NA,NA,NA,NA
WK060608,Wijk 08 Industriegeb. ten N. v. Rijksweg,2012,4.135201719579725,0.03293686843603974,NA,NA,NA,NA,NA
WK060608,Wijk 08 Industriegeb. ten N. v. Rijksweg,2014,4.126836230526264,0.024571379382578074,-0.0888032399331853,-0.008396529021707792,0.06131246447278732,0.04399235063207795,0.01646633323260556
WK060608,Wijk 08 Industriegeb. ten N. v. Rijksweg,2016,4.115738703457287,0.013473852313602095,NA,NA,NA,NA,NA
WK060608,Wijk 08 Industriegeb. ten N. v. Rijksweg,2018,4.096828764758833,-0.005436086384852795,-0.11098496981975535,-0.0018368733736856735,0.04902991684599261,0.022238385416743337,0.036117454545852
WK060608,Wijk 08 Industriegeb. ten N. v. Rijksweg,2020,4.090170310245979,-0.012094540897706578,-0.10661638977431778,-0.033626602552704714,0.03790934177389806,0.050345066874275535,0.03989404278114206
WK060608,Wijk 08 Industriegeb. ten N. v. Rijksweg,2022,4.087943596585406,-0.014321254558279154,-0.11403745323200859,-0.03353868388334393,0.041990924445162996,0.03980592947024229,0.0514580286416678
WK060609,Wijk 09 Woudhoek/Spaland /Sveaparken,2002,4.032455249826383,-0.0698096013173019,NA,NA,NA,NA,NA
WK060609,Wijk 09 Woudhoek/Spaland /Sveaparken,2008,4.022177674661035,-0.08008717648265097,NA,NA,NA,NA,NA
WK060609,Wijk 09 Woudhoek/Spaland /Sveaparken,2012,4.03364097288765,-0.06862387825603534,NA,NA,NA,NA,NA
WK060609,Wijk 09 Woudhoek/Spaland /Sveaparken,2014,4.069399231758377,-0.03286561938530859,-5.490239434774448e-4,-0.0056081284317191366,-0.007663682700143412,-0.003479437165792243,-0.015565347144176652
WK060609,Wijk 09 Woudhoek/Spaland /Sveaparken,2016,4.081051456870317,-0.021213394273368436,NA,NA,NA,NA,NA
WK060609,Wijk 09 Woudhoek/Spaland /Sveaparken,2018,4.079437136059625,-0.022827715084059376,-0.012971621013717228,0.008772250342166834,-0.013976760728664652,-0.003952878937210583,-6.987047466340402e-4
WK060609,Wijk 09 Woudhoek/Spaland /Sveaparken,2020,4.102627319004378,3.6246786069239073e-4,-0.006837968477941917,0.008941913980377046,-0.014150769473340515,0.019104635303211277,-0.006695343471613781
WK060609,Wijk 09 Woudhoek/Spaland /Sveaparken,2022,4.118788921592107,0.01652407044842169,0.0026089946059087137,0.006553163104362011,-0.013967285761735908,0.012950475644564106,0.00837872285532248
WK061001,Wijk 01 Sliedrecht-West,2002,4.010505835580105,-0.09175901556358036,NA,NA,NA,NA,NA
WK061001,Wijk 01 Sliedrecht-West,2008,4.028267748902497,-0.07399710224118786,NA,NA,NA,NA,NA
WK061001,Wijk 01 Sliedrecht-West,2012,4.0621637467093334,-0.04010110443435203,NA,NA,NA,NA,NA
WK061001,Wijk 01 Sliedrecht-West,2014,4.073875090401677,-0.028389760742007445,-0.043624666934368936,0.04081045479296768,0.030704195423833566,-0.06391684417317488,0.007637100148734834
WK061001,Wijk 01 Sliedrecht-West,2016,4.108217011785079,0.005952160641394463,NA,NA,NA,NA,NA
WK061001,Wijk 01 Sliedrecht-West,2018,4.106181197421955,0.0039163462782694485,-0.04830394405066801,0.04975234423896732,0.03590976286493167,-0.042790227535969845,0.00934841076100801
WK061001,Wijk 01 Sliedrecht-West,2020,4.111245040890159,0.008980189746473919,-0.04378257495860281,0.053525064280114124,0.029809044734549216,-0.037183054134542114,0.006611709824955289
WK061001,Wijk 01 Sliedrecht-West,2022,4.111592374860931,0.00932752371724536,-0.053971350771457566,0.05815020767481538,0.030336031897086314,-0.04813108344133217,0.02294371835813317
WK061002,Wijk 02 Sliedrecht-Centrum,2002,3.979804199230213,-0.12246065191347283,NA,NA,NA,NA,NA
WK061002,Wijk 02 Sliedrecht-Centrum,2008,4.01321459199426,-0.08905025914942478,NA,NA,NA,NA,NA
WK061002,Wijk 02 Sliedrecht-Centrum,2012,3.986834514115297,-0.11543033702838806,NA,NA,NA,NA,NA
WK061002,Wijk 02 Sliedrecht-Centrum,2014,3.9936035324184385,-0.10866131872524663,-0.009934088618305088,-0.004255733974065449,-0.023795686738161476,-0.043183004534933456,-0.027492804859781457
WK061002,Wijk 02 Sliedrecht-Centrum,2016,4.027488891323799,-0.07477595981988618,NA,NA,NA,NA,NA
WK061002,Wijk 02 Sliedrecht-Centrum,2018,4.022835498990862,-0.0794293521528239,-0.01074595431838236,0.0015664372871696953,-0.02109733765879209,-0.028659122466187358,-0.02049337499663205
WK061002,Wijk 02 Sliedrecht-Centrum,2020,4.047442511359219,-0.05482233978446569,-0.007779181358048733,0.023757879180125726,-0.01651525129853337,-0.024783763654284214,-0.029502022653725396
WK061002,Wijk 02 Sliedrecht-Centrum,2022,4.027921705941385,-0.07434314520229998,-0.004597604004609689,0.006273599873168093,-0.019661462754471275,-0.04709910924540457,-0.009258569070982806
WK061003,Wijk 03 Sliedrecht-Oost,2002,3.9559705581800992,-0.14629429296358593,NA,NA,NA,NA,NA
WK061003,Wijk 03 Sliedrecht-Oost,2008,3.981918803829306,-0.12034604731437945,NA,NA,NA,NA,NA
WK061003,Wijk 03 Sliedrecht-Oost,2012,3.9587073578391245,-0.14355749330456058,NA,NA,NA,NA,NA
WK061003,Wijk 03 Sliedrecht-Oost,2014,3.9853874581373603,-0.11687739300632467,-0.013215620072934905,0.02986436418529138,-0.025186245054056533,-0.07614464219527262,-0.03219524986935224
WK061003,Wijk 03 Sliedrecht-Oost,2016,4.015211812536385,-0.08705303860730042,NA,NA,NA,NA,NA
WK061003,Wijk 03 Sliedrecht-Oost,2018,4.011699735814944,-0.09056511532874081,-0.011705745462795281,0.028481261662220116,-0.020931935140692488,-0.06310259827185331,-0.02330609811562011
WK061003,Wijk 03 Sliedrecht-Oost,2020,4.003154532789218,-0.0991103183544667,-0.008531704734076294,0.02692920802377725,-0.023706965487734207,-0.06290040530024868,-0.030900450856185008
WK061003,Wijk 03 Sliedrecht-Oost,2022,3.9809177353207175,-0.1213471158229678,-0.007593539763142138,0.018731579767281955,-0.027381425262381527,-0.07942004602880555,-0.025683684535920796
WK061004,Wijk 04 Sliedrecht-Noord,2002,4.097178894272513,-0.005085956871171504,NA,NA,NA,NA,NA
WK061004,Wijk 04 Sliedrecht-Noord,2008,4.1043567407311565,0.0020918895874713073,NA,NA,NA,NA,NA
WK061004,Wijk 04 Sliedrecht-Noord,2012,4.092571747219159,-0.009693103924526434,NA,NA,NA,NA,NA
WK061004,Wijk 04 Sliedrecht-Noord,2014,4.076948372342329,-0.025316478801355596,-0.066479374080137,-0.01087507065085436,0.08321639702302142,-0.06929619673020553,0.03811776563681957
WK061004,Wijk 04 Sliedrecht-Noord,2016,4.159182463608276,0.05691761246459129,NA,NA,NA,NA,NA
WK061004,Wijk 04 Sliedrecht-Noord,2018,4.096804010029726,-0.005460841113958766,-0.0664411530895554,-0.005823030423729072,0.06962069979344743,-0.05549585421589418,0.052678496821772024
WK061004,Wijk 04 Sliedrecht-Noord,2020,4.117238367439592,0.014973516295906642,-0.06831075313575305,0.009240662554319929,0.06932131315933676,-0.048659660768946573,0.05338195448694936
WK061004,Wijk 04 Sliedrecht-Noord,2022,4.101057378246109,-0.0012074728975764132,-0.07108967534444714,0.003156579248334788,0.07185028945317024,-0.060601160349997005,0.05547649409536242
WK061301,Wijk 01 Poortugaal-Noord,2002,4.1297487856697375,0.02748393452605186,NA,NA,NA,NA,NA
WK061301,Wijk 01 Poortugaal-Noord,2008,4.147319747663362,0.045054896519676355,NA,NA,NA,NA,NA
WK061301,Wijk 01 Poortugaal-Noord,2012,4.128507242442963,0.02624239129927834,NA,NA,NA,NA,NA
WK061301,Wijk 01 Poortugaal-Noord,2014,4.176048987566417,0.07378413642273181,0.018769367842224636,0.044710345806806266,0.041453073038949975,-0.059890760963954306,0.02874211069870493
WK061301,Wijk 01 Poortugaal-Noord,2016,4.186388229660165,0.08412337851647982,NA,NA,NA,NA,NA
WK061301,Wijk 01 Poortugaal-Noord,2018,4.168996520375005,0.06673166923131967,0.008292946891468568,0.04916365975389431,0.037056128431874294,-0.05834438322209415,0.03056331737617635
WK061301,Wijk 01 Poortugaal-Noord,2020,4.215822055875768,0.1135572047320837,0.01606702748526152,0.07148339240752329,0.03511225641441418,-0.04111210672867868,0.03200663515356315
WK061301,Wijk 01 Poortugaal-Noord,2022,4.185736592217075,0.08347174107338964,0.02012882361728583,0.04275750266770125,0.03616467928498137,-0.048617401653644164,0.03303813715706506
WK061302,Wijk 02 Rhoon-Noord,2002,4.141276986142192,0.03901213499850661,NA,NA,NA,NA,NA
WK061302,Wijk 02 Rhoon-Noord,2008,4.138487967949328,0.036223116805643024,NA,NA,NA,NA,NA
WK061302,Wijk 02 Rhoon-Noord,2012,4.142742293999893,0.04047744285620822,NA,NA,NA,NA,NA
WK061302,Wijk 02 Rhoon-Noord,2014,4.11355763225634,0.011292781112654712,-0.0038879851157366803,0.02565936843155358,0.011064556417639445,-0.019327790932809816,-0.0022153676879921296
WK061302,Wijk 02 Rhoon-Noord,2016,4.162226784601291,0.059961933457605754,NA,NA,NA,NA,NA
WK061302,Wijk 02 Rhoon-Noord,2018,4.135935469582125,0.03367061843843965,-0.0073707175196768586,0.03991664856383972,0.008468547881480333,-0.0257348378944315,0.01839097740722767
WK061302,Wijk 02 Rhoon-Noord,2020,4.147312928005416,0.045048076861730624,0.0012376848941199367,0.03369335643700109,0.0057142410832186335,-0.013522654489635313,0.017925448937026016
WK061302,Wijk 02 Rhoon-Noord,2022,4.115368003042151,0.013103151898465207,-0.0018525490726948686,0.028321655736905108,-0.0032422365549695594,-0.015387287645971987,0.005263569435196238
WK061303,Wijk 03 Poortugaal-Zuid,2002,4.041686915061835,-0.06057793608185059,NA,NA,NA,NA,NA
WK061303,Wijk 03 Poortugaal-Zuid,2008,4.02053812778274,-0.0817267233609452,NA,NA,NA,NA,NA
WK061303,Wijk 03 Poortugaal-Zuid,2012,4.016530112685462,-0.08573473845822294,NA,NA,NA,NA,NA
WK061303,Wijk 03 Poortugaal-Zuid,2014,4.0733004213287485,-0.028964429814936365,-0.010814008629741913,0.0239228700678324,0.01067496818072057,-0.06773633124745505,0.014988071813707331
WK061303,Wijk 03 Poortugaal-Zuid,2016,4.077214565767212,-0.025050285376472987,NA,NA,NA,NA,NA
WK061303,Wijk 03 Poortugaal-Zuid,2018,4.074637424727119,-0.027627426416566167,-0.015209554612910266,0.02907006007950881,0.005826107345985807,-0.06442075481074583,0.01710671558159505
WK061303,Wijk 03 Poortugaal-Zuid,2020,4.089826554198236,-0.012438296945448879,-0.007602149033251339,0.025619172895722013,0.003382601130805694,-0.050643784976277084,0.016805863037551605
WK061303,Wijk 03 Poortugaal-Zuid,2022,4.065849921089326,-0.036414930054359265,-0.007741337829826969,0.007275254424936222,0.006895048117382433,-0.05926870008143311,0.016424805314581913
WK061304,Wijk 04 Rhoon-Zuid,2002,4.1236789128416484,0.02141406169796301,NA,NA,NA,NA,NA
WK061304,Wijk 04 Rhoon-Zuid,2008,4.094413205135767,-0.007851646007918016,NA,NA,NA,NA,NA
WK061304,Wijk 04 Rhoon-Zuid,2012,4.112200963510402,0.009936112366716135,NA,NA,NA,NA,NA
WK061304,Wijk 04 Rhoon-Zuid,2014,4.132744989507316,0.03048013836363088,-0.005770725194186051,0.0324919790074261,0.020070868734911037,-0.029489893945516786,0.013177909760996287
WK061304,Wijk 04 Rhoon-Zuid,2016,4.156343966124337,0.054079114980651335,NA,NA,NA,NA,NA
WK061304,Wijk 04 Rhoon-Zuid,2018,4.1564695373174265,0.05420468617374139,-0.008805802609949193,0.05221805513533282,0.022540504554406447,-0.029447621209685967,0.017699550303636933
WK061304,Wijk 04 Rhoon-Zuid,2020,4.188960600004071,0.08669574886038614,-9.060752220498418e-4,0.04875120189452767,0.02966161816969636,-0.012764487192355681,0.02195349121056739
WK061304,Wijk 04 Rhoon-Zuid,2022,4.180231474176171,0.07796662303248594,6.610844203308472e-4,0.03824781714089724,0.024570937868257325,-0.009274829283723054,0.023761612886723293
WK061305,Wijk 05 Buitengebied Albrandswaard,2002,4.2424366725119516,0.14017182136826625,NA,NA,NA,NA,NA
WK061305,Wijk 05 Buitengebied Albrandswaard,2008,4.242277260462263,0.14001240931857778,NA,NA,NA,NA,NA
WK061305,Wijk 05 Buitengebied Albrandswaard,2012,4.275961247043834,0.17369639590014888,NA,NA,NA,NA,NA
WK061305,Wijk 05 Buitengebied Albrandswaard,2014,4.240012428787353,0.1377475776436679,-0.03554347219319573,0.06586110442582403,0.10102632519484271,-0.07536394636896622,0.08176756658516289
WK061305,Wijk 05 Buitengebied Albrandswaard,2016,4.250813737780964,0.14854888663727933,NA,NA,NA,NA,NA
WK061305,Wijk 05 Buitengebied Albrandswaard,2018,4.301147213568827,0.19888236242514165,-0.004982332425834381,0.09331774511777836,0.10330888599249856,-0.07865626802874975,0.08589433176944859
WK061305,Wijk 05 Buitengebied Albrandswaard,2020,4.230262751375667,0.12799790023198238,-0.01677464177464889,0.07209938122527539,0.10258052594922552,-0.07365389743188819,0.04374653226401817
WK061305,Wijk 05 Buitengebied Albrandswaard,2022,4.2765131506760214,0.17424829953233553,-0.013222609818545464,0.09974855839342708,0.10848727727865523,-0.07730446662923586,0.05653954030803413
WK061306,Wijk 06 Portland,2002,4.077530612610237,-0.024734238533448624,NA,NA,NA,NA,NA
WK061306,Wijk 06 Portland,2008,4.093761247752235,-0.008503603391450105,NA,NA,NA,NA,NA
WK061306,Wijk 06 Portland,2012,4.087693372999929,-0.01457147814375573,NA,NA,NA,NA,NA
WK061306,Wijk 06 Portland,2014,4.09134303269999,-0.010921818443695795,-0.007757913010515607,0.009703342035692671,0.02787059572661547,-0.04197288713106382,0.0012350439355752268
WK061306,Wijk 06 Portland,2016,4.136611606181791,0.034346755038105845,NA,NA,NA,NA,NA
WK061306,Wijk 06 Portland,2018,4.145233623420925,0.042968772277239796,0.011305908914613572,0.030554791330851518,0.021931251571453324,-0.02969249276135172,0.00886931322167283
WK061306,Wijk 06 Portland,2020,4.162713478027364,0.060448626883678816,0.013366555905444043,0.02954590483058572,0.016492212507305478,-0.012934522529044238,0.01397847616938757
WK061306,Wijk 06 Portland,2022,4.145215278446486,0.04295042730280074,0.005855896115090055,0.007091610938433836,0.02349976794504171,-0.01743953519647479,0.023942687500709683
WK061400,Wijk 00 Rockanje,2002,4.1307498172002495,0.02848496605656468,NA,NA,NA,NA,NA
WK061400,Wijk 00 Rockanje,2008,4.088005343804604,-0.014259507339081387,NA,NA,NA,NA,NA
WK061400,Wijk 00 Rockanje,2012,4.109854253028855,0.007589401885169425,NA,NA,NA,NA,NA
WK061400,Wijk 00 Rockanje,2014,4.144784536943024,0.042519685799338965,0.09082842029322846,0.049116742961299205,0.061927899518822584,-0.1569684030001626,-0.0023849739738489545
WK061400,Wijk 00 Rockanje,2016,4.183749153179461,0.08148430203577552,NA,NA,NA,NA,NA
WK061400,Wijk 00 Rockanje,2018,4.170535499684099,0.06827064854041359,0.08380765060786008,0.05897226150613255,0.0567883910049736,-0.15588174411501268,0.02458408953645972
WK061400,Wijk 00 Rockanje,2020,4.189120124963395,0.08685527381970994,0.09637949139763737,0.06401388366741456,0.05251832890085963,-0.14976268324819494,0.02370625310199301
WK061400,Wijk 00 Rockanje,2022,4.189600180872137,0.08733532972845136,0.10067431295935048,0.055912743530914855,0.05201978931545556,-0.15053409181230382,0.029262575735033998
WK061401,Wijk 01 Oostvoorne,2002,4.151153676743148,0.048888825599462324,NA,NA,NA,NA,NA
WK061401,Wijk 01 Oostvoorne,2008,4.117075505652958,0.014810654509273598,NA,NA,NA,NA,NA
WK061401,Wijk 01 Oostvoorne,2012,4.134976982080764,0.03271213093707856,NA,NA,NA,NA,NA
WK061401,Wijk 01 Oostvoorne,2014,4.1497230563445004,0.04745820520081509,0.06992958298438105,0.05572394940303044,0.04358234895706869,-0.13000997284063298,0.008232296696967654
WK061401,Wijk 01 Oostvoorne,2016,4.165936093759098,0.06367124261541271,NA,NA,NA,NA,NA
WK061401,Wijk 01 Oostvoorne,2018,4.178337875263503,0.07607302411981856,0.058749397372892864,0.06639030272719482,0.04571334274038582,-0.13179408226773484,0.03701406354707956
WK061401,Wijk 01 Oostvoorne,2020,4.167900421573209,0.06563557042952303,0.062155830153116334,0.07114762854888147,0.04139912432284047,-0.14247993528541425,0.03341292269009872
WK061401,Wijk 01 Oostvoorne,2022,4.181580484138251,0.0793156329945653,0.06986389756717483,0.06433484888934124,0.042003812529827385,-0.13351978798270336,0.03663286199092494
WK062201,Centrum,2002,4.010757476034664,-0.09150737510902145,NA,NA,NA,NA,NA
WK062201,Centrum,2008,3.9911357335611393,-0.11112911758254611,NA,NA,NA,NA,NA
WK062201,Centrum,2012,3.984231540813066,-0.11803331033061865,NA,NA,NA,NA,NA
WK062201,Centrum,2014,3.940970543715678,-0.1612943074280075,-0.012894288208079599,-0.13344736582454758,-0.05791669454295358,0.10154394720279634,-0.05857990605522332
WK062201,Centrum,2016,3.964225752349945,-0.1380390987937405,NA,NA,NA,NA,NA
WK062201,Centrum,2018,3.9521199247551952,-0.1501449263884898,-0.02672682852195637,-0.13845128323564573,-0.05771515545961474,0.11065189698291154,-0.03790355615418474
WK062201,Centrum,2020,3.9506843833198233,-0.15158046782386195,-0.019969553437354567,-0.1366818328079053,-0.056469590758875254,0.1202018036430485,-0.0586612944627756
WK062201,Centrum,2022,3.9379190935267565,-0.16434575761692838,-0.017548364064624986,-0.15677129490331324,-0.06585196517078118,0.11062017092136958,-0.034794304399578806
WK062202,Westwijk,2002,3.9238260370084053,-0.17843881413528007,NA,NA,NA,NA,NA
WK062202,Westwijk,2008,3.870034770338009,-0.23223008080567673,NA,NA,NA,NA,NA
WK062202,Westwijk,2012,3.887234627274369,-0.21503022386931597,NA,NA,NA,NA,NA
WK062202,Westwijk,2014,3.8291351517423147,-0.2731296994013704,-0.007456769675526459,-0.14152331143564864,-0.05386524975538883,0.022907108885029837,-0.09319147741983656
WK062202,Westwijk,2016,3.821139032077477,-0.28112581906620837,NA,NA,NA,NA,NA
WK062202,Westwijk,2018,3.828590667771454,-0.27367418337223143,-0.013333006521413147,-0.15582605719787354,-0.05603247038896165,0.026639889622744363,-0.07512253888672774
WK062202,Westwijk,2020,3.835732125009187,-0.26653272613449847,-0.009620773783228651,-0.16286739135327083,-0.052991559451154066,0.04312018439472281,-0.084173185941568
WK062202,Westwijk,2022,3.8025271357170665,-0.29973771542661887,-0.017899425502688696,-0.1944813489443907,-0.05946783154439193,0.03855859146429493,-0.06644770089944273
WK062203,Vettenoordse Polder,2002,4.022591633779616,-0.07967321736406945,NA,NA,NA,NA,NA
WK062203,Vettenoordse Polder,2008,4.035074377001909,-0.06719047414177688,NA,NA,NA,NA,NA
WK062203,Vettenoordse Polder,2012,4.052759247597983,-0.049505603545702465,NA,NA,NA,NA,NA
WK062203,Vettenoordse Polder,2014,4.079416942563916,-0.022847908579769285,-0.015298584930935557,-0.031211056224724632,-0.027265090656801785,0.07699028164199007,-0.026063458409297715
WK062203,Vettenoordse Polder,2016,4.088400755331394,-0.013864095812291375,NA,NA,NA,NA,NA
WK062203,Vettenoordse Polder,2018,4.064977471549299,-0.037287379594386154,-0.017016078279215988,-0.05349569466497778,-0.025430898425593193,0.07802901981265886,-0.019373728037258384
WK062203,Vettenoordse Polder,2020,4.0901780203799625,-0.012086830763722838,-0.01959564592114309,-0.05100460063464356,-0.008193821474887614,0.08248620579278125,-0.015778968525830203
WK062203,Vettenoordse Polder,2022,4.126803178753356,0.024538327609670584,-0.01823930838222806,-0.03215555037912719,0.004810104432519731,0.0733723259146589,-0.0032492439761532066
WK062204,Oostwijk,2002,4.134738838008153,0.03247398686446806,NA,NA,NA,NA,NA
WK062204,Oostwijk,2008,4.108589553640826,0.0063247024971409835,NA,NA,NA,NA,NA
WK062204,Oostwijk,2012,4.09581561599269,-0.006449235150995587,NA,NA,NA,NA,NA
WK062204,Oostwijk,2014,4.084435603264275,-0.017829247879410672,-0.019470458534813054,-0.10094163881714222,-0.03992816169226898,0.12749127226105877,0.015019738903754548
WK062204,Oostwijk,2016,4.099702576633995,-0.0025622745096899077,NA,NA,NA,NA,NA
WK062204,Oostwijk,2018,4.107213529411947,0.004948678268261375,-0.022757420277698566,-0.09726146501575891,-0.03502026397665734,0.13046854637775462,0.029519281160621323
WK062204,Oostwijk,2020,4.128188602048636,0.02592375090494998,-0.021696144942427838,-0.07882747127492122,-0.03329975832198028,0.13810294238096024,0.021644183063318785
WK062204,Oostwijk,2022,4.092792662310281,-0.00947218883340484,-0.019385083772880566,-0.12351984430519782,-0.035347714097350116,0.1303091807315013,0.03847127261052209
WK062205,Vlaardinger Ambacht,2002,4.055925461630238,-0.04633938951344714,NA,NA,NA,NA,NA
WK062205,Vlaardinger Ambacht,2008,4.0318797354457425,-0.07038511569794235,NA,NA,NA,NA,NA
WK062205,Vlaardinger Ambacht,2012,4.057390057724453,-0.04487479341923237,NA,NA,NA,NA,NA
WK062205,Vlaardinger Ambacht,2014,4.078181088668445,-0.02408376247524052,-0.025154826933971048,-0.029753616747828806,-0.02636303843211538,0.10848720273965469,-0.051299483100980266
WK062205,Vlaardinger Ambacht,2016,4.102790492273627,5.256411299416165e-4,NA,NA,NA,NA,NA
WK062205,Vlaardinger Ambacht,2018,4.115523300619582,0.013258449475897008,-0.024508502523343106,-0.01439753628196101,-0.025851842988804143,0.10745523523295245,-0.029438903962947408
WK062205,Vlaardinger Ambacht,2020,4.123689828838605,0.021424977694919103,-0.021238260554112882,-0.009829468155624941,-0.02741030342225632,0.11852571901927295,-0.03862270919236
WK062205,Vlaardinger Ambacht,2022,4.120515587937082,0.018250736793396775,-0.01741383056538758,-0.027555542515076536,-0.024926689803990723,0.11331385010097082,-0.025167050423119477
WK062206,Holy Zuid,2002,3.90032859561396,-0.2019362555297251,NA,NA,NA,NA,NA
WK062206,Holy Zuid,2008,3.892703710957781,-0.2095611401859044,NA,NA,NA,NA,NA
WK062206,Holy Zuid,2012,3.895477388577668,-0.20678746256601752,NA,NA,NA,NA,NA
WK062206,Holy Zuid,2014,3.9530675747924846,-0.14919727635120097,7.525516631544393e-4,-0.0865477115526625,-0.05827921325706739,0.06812784949551995,-0.07325075270014575
WK062206,Holy Zuid,2016,3.960620193679693,-0.1416446574639919,NA,NA,NA,NA,NA
WK062206,Holy Zuid,2018,3.9794790903477373,-0.12278576079594776,-0.013043372642652018,-0.08162772863163409,-0.043297110815968445,0.0653890511937829,-0.0502065998994764
WK062206,Holy Zuid,2020,4.008259671072866,-0.09400518007081826,-0.008246695129881843,-0.07405671235727003,-0.04054318575607914,0.07711679551934832,-0.048275382346935895
WK062206,Holy Zuid,2022,4.0337468393543094,-0.06851801178937561,-0.012035389291197074,-0.05724728975658168,-0.03810956510145162,0.07365085010531523,-0.03477661774546071
WK062207,Holy Noord,2002,3.9876379800415265,-0.11462687110215912,NA,NA,NA,NA,NA
WK062207,Holy Noord,2008,3.977207483733367,-0.1250573674103177,NA,NA,NA,NA,NA
WK062207,Holy Noord,2012,3.9976527078006283,-0.10461214334305682,NA,NA,NA,NA,NA
WK062207,Holy Noord,2014,4.040250921480544,-0.06201392966314127,0.009354144361608651,-0.0014504691330408902,-0.03506907838016696,-0.0186835773914457,-0.016164949120096677
WK062207,Holy Noord,2016,4.043305021818881,-0.05895982932480451,NA,NA,NA,NA,NA
WK062207,Holy Noord,2018,4.038975145768297,-0.06328970537538858,-0.004402666436264574,-9.033830041021627e-4,-0.03453889925459208,-0.021558619761708996,-0.001886136918721037
WK062207,Holy Noord,2020,4.051964680904247,-0.050300170239437995,0.001859781461005004,-0.0018084290260420403,-0.03300182102658622,-0.014121292017992806,-0.003228409629822218
WK062207,Holy Noord,2022,4.01158044843094,-0.090684402712745,-0.004417610270346154,-0.03377507905668902,-0.03091780685723625,-0.020886383248925215,-6.875232795486651e-4
WK062208,Broekpolder,2002,4.465895327788422,0.36363047664473724,NA,NA,NA,NA,NA
WK062208,Broekpolder,2008,4.413650015044807,0.3113851639011223,NA,NA,NA,NA,NA
WK062208,Broekpolder,2012,4.273291020734353,0.17102616959066763,NA,NA,NA,NA,NA
WK062208,Broekpolder,2014,4.457408566230546,0.3551437150868608,0.0930781348174212,0.023803713707306974,0.03679038623133968,0.048182334098026566,0.15328914623276607
WK062208,Broekpolder,2016,4.408358894901962,0.30609404375827715,NA,NA,NA,NA,NA
WK062208,Broekpolder,2018,4.344284218789028,0.24201936764534276,0.09335222472609181,-0.06622024351475746,0.03576838359932029,0.006192262750689359,0.1729267400839985
WK062208,Broekpolder,2020,4.382509372421524,0.28024452127783855,0.09839288458400422,0.012980401345240863,-0.029055742685529785,0.06338529855981145,0.13454167947431173
WK062208,Broekpolder,2022,4.352829915159221,0.2505650640155356,0.1075901817498004,-0.019121012582563063,-0.02846584289854459,0.052017438797278534,0.1385442989495639
WK062600,Wijk 00,2002,4.095626101288203,-0.006638749855482486,NA,NA,NA,NA,NA
WK062600,Wijk 00,2008,4.098835877895841,-0.003428973247844144,NA,NA,NA,NA,NA
WK062600,Wijk 00,2012,4.124204203971064,0.02193935282737841,NA,NA,NA,NA,NA
WK062600,Wijk 00,2014,4.156278039845116,0.05401318870143029,0.0038266872441404223,0.031354227296546716,8.965011222716088e-4,0.020939771392590657,-0.00300399835411938
WK062600,Wijk 00,2016,4.175652666224848,0.07338781508116304,NA,NA,NA,NA,NA
WK062600,Wijk 00,2018,4.1730588551182155,0.07079400397453037,-0.0040794668073579655,0.039596552539703414,4.231592191650657e-4,0.02790564085254859,0.006948118170470979
WK062600,Wijk 00,2020,4.200824035680701,0.09855918453701538,0.0016658891512294064,0.04793457538611791,-6.0779225254111e-4,0.03960789522561036,0.009958617026598535
WK062600,Wijk 00,2022,4.201447630197306,0.09918277905362059,0.003857791693038655,0.05876669722769133,0.0012379857567749132,0.02965278167115522,0.005667522704960194
WK062701,Wijk 01,2002,3.9735154078665844,-0.12874944327710056,NA,NA,NA,NA,NA
WK062701,Wijk 01,2008,3.9894265277502505,-0.11283832339343494,NA,NA,NA,NA,NA
WK062701,Wijk 01,2012,4.024551882745172,-0.07771296839851355,NA,NA,NA,NA,NA
WK062701,Wijk 01,2014,4.026607204007533,-0.07565764713615279,-0.00409077915999343,4.7787132965313025e-4,-0.01581999145348093,-0.019697972178312425,-0.03652677567401941
WK062701,Wijk 01,2016,4.03471127950252,-0.06755357164116522,NA,NA,NA,NA,NA
WK062701,Wijk 01,2018,4.050143986348503,-0.05212086479518309,-0.008123497382914537,0.008665128952388145,-0.013546423809265842,-0.01605346376914639,-0.023062608786244762
WK062701,Wijk 01,2020,4.0788311463869755,-0.02343370475670957,-0.0028445625668891143,0.016341522461481857,-0.01166425980566431,-0.004477830929893176,-0.020788573915745106
WK062701,Wijk 01,2022,4.111659062957408,0.009394211813722669,0.00361755688418127,0.0325698787732449,-0.008391041063995606,-0.014349094652111684,-0.004053088127596487
WK062702,Wijk 02,2002,4.018543241160979,-0.08372160998270632,NA,NA,NA,NA,NA
WK062702,Wijk 02,2008,4.01931559753809,-0.08294925360559506,NA,NA,NA,NA,NA
WK062702,Wijk 02,2012,4.021892802128778,-0.0803720490149071,NA,NA,NA,NA,NA
WK062702,Wijk 02,2014,4.051865279625471,-0.05039957151821427,-0.023507149680374147,0.023590814405488592,0.0051822753588755795,-0.047259528481889294,-0.008405983120315225
WK062702,Wijk 02,2016,4.100702296859433,-0.0015625542842526384,NA,NA,NA,NA,NA
WK062702,Wijk 02,2018,4.117644498221241,0.015379647077555491,-0.029246254490481974,0.0558032495661201,0.02175122387215094,-0.0401944543261648,0.007265882455930938
WK062702,Wijk 02,2020,4.132296926943129,0.03003207579944391,-0.02657169631479206,0.05885848464587391,0.019396723161199197,-0.03207652024760887,0.010425084554771433
WK062702,Wijk 02,2022,4.1670729944339016,0.0648081432902162,-0.02782101635856727,0.07374583078671443,0.04198165177395503,-0.045265223792571585,0.022166900880685358
WK062703,Wijk 03,2002,3.989018251997563,-0.11324659914612259,NA,NA,NA,NA,NA
WK062703,Wijk 03,2008,4.0173676603522015,-0.08489719079148428,NA,NA,NA,NA,NA
WK062703,Wijk 03,2012,4.023967199707938,-0.07829765143574677,NA,NA,NA,NA,NA
WK062703,Wijk 03,2014,4.029911052937771,-0.07235379820591392,-0.004546169099866844,0.001175951055687776,-0.012537686669421948,-0.004769120328259094,-0.05167677316405411
WK062703,Wijk 03,2016,4.032342352366109,-0.06992249877757664,NA,NA,NA,NA,NA
WK062703,Wijk 03,2018,4.023781558601832,-0.07848329254185286,-0.01200345274893098,0.009530530255976095,-0.01580166444474922,0.0027069936774649795,-0.06291569928161403
WK062703,Wijk 03,2020,4.042890259555075,-0.05937459158861044,-0.005536666766481066,0.00913712682231909,-0.015637919149818616,0.009007558912721527,-0.05634469140735169
WK062703,Wijk 03,2022,4.064122327687836,-0.03814252345584912,-0.0014327821511350026,0.00239829870170407,-0.015070692035268231,0.006977706424783774,-0.031015054395934
WK062704,Wijk 04,2002,4.05774771670895,-0.04451713443473535,NA,NA,NA,NA,NA
WK062704,Wijk 04,2008,4.063208047752308,-0.03905680339137654,NA,NA,NA,NA,NA
WK062704,Wijk 04,2012,4.0792303005818225,-0.02303455056186218,NA,NA,NA,NA,NA
WK062704,Wijk 04,2014,4.1128448270983755,0.010579975954690093,-0.024466749218066425,0.02568248225327872,0.020509741196342256,-0.00189014990964658,-0.00925534836721816
WK062704,Wijk 04,2016,4.0929909996070695,-0.009273851536616085,NA,NA,NA,NA,NA
WK062704,Wijk 04,2018,4.114078011850367,0.011813160706681824,-0.02782739615812023,0.0279828726047962,0.00324352641366418,0.0038132546062574504,0.004600903240083907
WK062704,Wijk 04,2020,4.150243844831995,0.047978993688309886,-0.018362453977149813,0.03928233564632632,0.0024873998672309736,0.015070298829249235,0.00950141332265288
WK062704,Wijk 04,2022,4.157314021234492,0.05504917009080644,-0.018417447238219215,0.038380512108899555,0.0019229455830299517,0.00903621184627069,0.024126947790825214
WK062900,Wijk 00 Zuidwestelijk deel der gemeente,2002,4.439754272243942,0.3374894211002563,NA,NA,NA,NA,NA
WK062900,Wijk 00 Zuidwestelijk deel der gemeente,2008,4.3873330418283905,0.2850681906847052,NA,NA,NA,NA,NA
WK062900,Wijk 00 Zuidwestelijk deel der gemeente,2012,4.368386967763083,0.2661221166193979,NA,NA,NA,NA,NA
WK062900,Wijk 00 Zuidwestelijk deel der gemeente,2014,4.379562120086669,0.27729726894298345,0.1078371156851298,0.07010314931431989,0.07093074323096167,-0.0424921450134193,0.07091840572599115
WK062900,Wijk 00 Zuidwestelijk deel der gemeente,2016,4.385536854842728,0.28327200369904276,NA,NA,NA,NA,NA
WK062900,Wijk 00 Zuidwestelijk deel der gemeente,2018,4.403853503351107,0.3015886522074224,0.09907012658617458,0.07874482260491876,0.07313603120399303,-0.021238954835851736,0.07187662664818749
WK062900,Wijk 00 Zuidwestelijk deel der gemeente,2020,4.415020408678455,0.3127555575347697,0.10734592171972028,0.0843880229699987,0.062772797149869,-0.014818126761941917,0.07306694245712339
WK062900,Wijk 00 Zuidwestelijk deel der gemeente,2022,4.44077012672502,0.33850527558133553,0.10645306861744257,0.09537280094644496,0.06380525949858261,-0.009860414671417295,0.08273456119028243
WK062901,Wijk 01 Noordoostelijk deel der gemeente,2002,4.206701696072528,0.10443684492884342,NA,NA,NA,NA,NA
WK062901,Wijk 01 Noordoostelijk deel der gemeente,2008,4.192008867734592,0.08974401659090726,NA,NA,NA,NA,NA
WK062901,Wijk 01 Noordoostelijk deel der gemeente,2012,4.170068159113643,0.06780330796995719,NA,NA,NA,NA,NA
WK062901,Wijk 01 Noordoostelijk deel der gemeente,2014,4.216100343586486,0.11383549244280075,0.06865400878602722,0.047878642775031496,-0.009522124569211012,-0.004159136951283573,0.010984102402236323
WK062901,Wijk 01 Noordoostelijk deel der gemeente,2016,4.247330458348254,0.14506560720456887,NA,NA,NA,NA,NA
WK062901,Wijk 01 Noordoostelijk deel der gemeente,2018,4.235730365202717,0.13346551405903154,0.05362783125383963,0.04865154975118831,-0.0076137159415353445,0.021028762024159656,0.017771086971378983
WK062901,Wijk 01 Noordoostelijk deel der gemeente,2020,4.262634669207368,0.16036981806368325,0.06519095561055918,0.05101268607817787,-0.008700373894960011,0.038112442255294636,0.01475410801461128
WK062901,Wijk 01 Noordoostelijk deel der gemeente,2022,4.258576305705845,0.1563114545621601,0.06950287201117591,0.04300996948448689,-0.008332244887474171,0.025794672551192,0.026336185402779187
WK063201,Wijk 01 Woerden-Midden,2002,4.0358175555808256,-0.06644729556285993,NA,NA,NA,NA,NA
WK063201,Wijk 01 Woerden-Midden,2008,4.06849320575682,-0.03377164538686546,NA,NA,NA,NA,NA
WK063201,Wijk 01 Woerden-Midden,2012,4.089916131352216,-0.012348719791469339,NA,NA,NA,NA,NA
WK063201,Wijk 01 Woerden-Midden,2014,4.079263582960893,-0.02300126818279204,-0.0051930353321881,-0.02317813675605743,-0.006157530492646407,0.028445702592457652,-0.016918268194358026
WK063201,Wijk 01 Woerden-Midden,2016,4.119614668916279,0.017349817772593614,NA,NA,NA,NA,NA
WK063201,Wijk 01 Woerden-Midden,2018,4.136014002459458,0.03374915131577321,-0.007303108528497397,0.003005169448111238,-0.0015116721036610187,0.03789881412434628,0.0016599483754738235
WK063201,Wijk 01 Woerden-Midden,2020,4.15625048886995,0.053985637726264746,-0.0029458750646758573,0.00761862745360877,5.694735450235277e-4,0.04697171392742108,0.0017716978648869449
WK063201,Wijk 01 Woerden-Midden,2022,4.181300820352413,0.07903596920872766,1.2269992880758468e-4,0.029719336004775245,-0.003016721801946182,0.04989772450763444,0.0023129305694563063
WK063202,Wijk 02 Woerden-West,2002,4.000339999318205,-0.10192485182547945,NA,NA,NA,NA,NA
WK063202,Wijk 02 Woerden-West,2008,4.048827023065465,-0.05343782807821986,NA,NA,NA,NA,NA
WK063202,Wijk 02 Woerden-West,2012,4.050173070956574,-0.05209178018711103,NA,NA,NA,NA,NA
WK063202,Wijk 02 Woerden-West,2014,4.039639849789183,-0.0626250013545018,-0.00752293772813379,-0.003786098060964294,-0.003885649326238321,-0.038084617462163864,-0.009345698777001777
WK063202,Wijk 02 Woerden-West,2016,4.063680603312305,-0.038584247831380244,NA,NA,NA,NA,NA
WK063202,Wijk 02 Woerden-West,2018,4.039434696046147,-0.06283015509753873,-0.012495623387183165,0.008279409143602241,-0.006476238095456389,-0.05300435954161813,8.66656783116426e-4
WK063202,Wijk 02 Woerden-West,2020,4.090214320893387,-0.012050530250297944,-0.003699601105699481,0.04107348759279109,-0.004827482680703237,-0.04600202660620307,0.0014050925495164488
WK063202,Wijk 02 Woerden-West,2022,4.069280637489989,-0.03298421365369642,-0.0015587157339097097,0.021845291067909337,-0.006374187079023455,-0.049158248266600514,0.002261646357927653
WK063203,Wijk 03 Woerden-Oost,2002,4.079505063146323,-0.022759787997362124,NA,NA,NA,NA,NA
WK063203,Wijk 03 Woerden-Oost,2008,4.167378599648219,0.06511374850453368,NA,NA,NA,NA,NA
WK063203,Wijk 03 Woerden-Oost,2012,4.216254219426191,0.11398936828250565,NA,NA,NA,NA,NA
WK063203,Wijk 03 Woerden-Oost,2014,4.180293826199851,0.07802897505616548,-0.01149063378588258,0.04216995167468968,0.03175405726695114,0.010572123091403578,0.0050234768090033285
WK063203,Wijk 03 Woerden-Oost,2016,4.216611213275137,0.11434636213145236,NA,NA,NA,NA,NA
WK063203,Wijk 03 Woerden-Oost,2018,4.213088505428774,0.11082365428508914,-0.003854207146007564,0.06327704595725372,0.02759321612289952,0.002484065987689377,0.021323533363253794
WK063203,Wijk 03 Woerden-Oost,2020,4.234538480228339,0.1322736290846534,0.0016876886621306185,0.07806804449212038,0.02388687261209582,0.010759562353280372,0.01787146096502596
WK063203,Wijk 03 Woerden-Oost,2022,4.241845465107871,0.1395806139641856,0.02136633991980586,0.054862478121202665,0.022486916677053173,0.004934722774400964,0.03593015647172264
WK063204,Wijk 04 Buitengebied Woerden-West,2002,4.2054110527431225,0.10314620159943702,NA,NA,NA,NA,NA
WK063204,Wijk 04 Buitengebied Woerden-West,2008,4.2137069393599615,0.11144208821627626,NA,NA,NA,NA,NA
WK063204,Wijk 04 Buitengebied Woerden-West,2012,4.203618893356403,0.10135404221271771,NA,NA,NA,NA,NA
WK063204,Wijk 04 Buitengebied Woerden-West,2014,4.156279889388391,0.054015038244705736,-0.09761298076934957,0.06669307855681016,0.10042204246482783,-0.07747289405980384,0.061985792052221024
WK063204,Wijk 04 Buitengebied Woerden-West,2016,4.229354086607624,0.12708923546393866,NA,NA,NA,NA,NA
WK063204,Wijk 04 Buitengebied Woerden-West,2018,4.211419213322025,0.10915436217833938,-0.08590129644439767,0.09763205976324342,0.10317926605846835,-0.07616758101856835,0.0704119138195932
WK063204,Wijk 04 Buitengebied Woerden-West,2020,4.25809200351918,0.15582715237549472,-0.08967733943500462,0.10367737100878065,0.11509286815177087,-0.07010639775253348,0.09684065040248113
WK063204,Wijk 04 Buitengebied Woerden-West,2022,4.235401724292692,0.1331368731490071,-0.08630824719286374,0.09663422656649985,0.10134940357404379,-0.07525827105062864,0.09671976125195576
WK063205,Wijk 05 Buitengebied Woerden-Oost,2002,4.1662004787258375,0.06393562758215197,NA,NA,NA,NA,NA
WK063205,Wijk 05 Buitengebied Woerden-Oost,2008,4.2424675220588774,0.1402026709151918,NA,NA,NA,NA,NA
WK063205,Wijk 05 Buitengebied Woerden-Oost,2012,4.265506836072897,0.16324198492921171,NA,NA,NA,NA,NA
WK063205,Wijk 05 Buitengebied Woerden-Oost,2014,4.275460169386049,0.17319531824236434,-0.04228067567647259,0.07025650466065073,0.11961838387525736,-0.057469508700017456,0.08307061408294614
WK063205,Wijk 05 Buitengebied Woerden-Oost,2016,4.251506841494233,0.14924199035054814,NA,NA,NA,NA,NA
WK063205,Wijk 05 Buitengebied Woerden-Oost,2018,4.2983945101525665,0.1961296590088805,-0.021487417705827985,0.08149534921094019,0.11884273461945512,-0.06878001203403117,0.0860590049183439
WK063205,Wijk 05 Buitengebied Woerden-Oost,2020,4.301686574706829,0.1994217235631439,-0.021803646488665233,0.09227014857455118,0.10297707284263266,-0.06200020222460426,0.08797835085922925
WK063205,Wijk 05 Buitengebied Woerden-Oost,2022,4.316534919176751,0.214270068033066,-0.01674635807088471,0.10331064745391129,0.10100738181335268,-0.06413262188130356,0.09083101871798989
WK063206,Wijk 06 Harmelen,2002,4.043540993691417,-0.05872385745226827,NA,NA,NA,NA,NA
WK063206,Wijk 06 Harmelen,2008,4.069232164142531,-0.03303268700115411,NA,NA,NA,NA,NA
WK063206,Wijk 06 Harmelen,2012,4.063376952069695,-0.038887899073990796,NA,NA,NA,NA,NA
WK063206,Wijk 06 Harmelen,2014,4.12984009205273,0.027575240909044976,-0.022359959765629673,0.03160943349134863,0.04295641306928862,-0.04652593075470536,0.021895284868742485
WK063206,Wijk 06 Harmelen,2016,4.140787243932355,0.03852239278866973,NA,NA,NA,NA,NA
WK063206,Wijk 06 Harmelen,2018,4.153949358316249,0.05168450717256311,-0.01423537805803802,0.043736400213037534,0.03797472519174112,-0.0441114811645706,0.028320240990392744
WK063206,Wijk 06 Harmelen,2020,4.158964980391848,0.05670012924816273,-0.016709313683902074,0.051544152929815894,0.030904616883082537,-0.0360253488244276,0.026986021943593713
WK063206,Wijk 06 Harmelen,2022,4.165877235040514,0.0636123838968287,-0.011668717563412158,0.05453383916150201,0.02515946811827603,-0.037518491201261876,0.033106285381724436
WK063207,Wijk 07 Kamerik,2002,4.100280715061094,-0.0019841360825916215,NA,NA,NA,NA,NA
WK063207,Wijk 07 Kamerik,2008,4.09247120526307,-0.009793645880614946,NA,NA,NA,NA,NA
WK063207,Wijk 07 Kamerik,2012,4.1004235256050965,-0.001841325538588786,NA,NA,NA,NA,NA
WK063207,Wijk 07 Kamerik,2014,4.161830336547543,0.059565485403857886,5.788261338207881e-4,0.0684064357785024,0.04797662012496119,-0.09307890713569965,0.03568251050227289
WK063207,Wijk 07 Kamerik,2016,4.162511118583229,0.06024626743954388,NA,NA,NA,NA,NA
WK063207,Wijk 07 Kamerik,2018,4.166002910332186,0.06373805918850087,0.0016730037609925283,0.07224684035858944,0.04501329404791166,-0.09274717289108295,0.03755209391208989
WK063207,Wijk 07 Kamerik,2020,4.171837959467922,0.06957310832423691,0.0019592980079605332,0.06974846247162092,0.046008366889624744,-0.08760523136184246,0.0394622123168729
WK063207,Wijk 07 Kamerik,2022,4.171084495585052,0.06881964444136635,0.0014079145494382392,0.07696769915013904,0.0406848539825501,-0.09073593299996212,0.040495109759200766
WK063208,Wijk 08 Zegveld,2002,3.9940431930004947,-0.10822165814319011,NA,NA,NA,NA,NA
WK063208,Wijk 08 Zegveld,2008,3.9928258595716155,-0.10943899157206964,NA,NA,NA,NA,NA
WK063208,Wijk 08 Zegveld,2012,4.001422278934082,-0.10084257220960298,NA,NA,NA,NA,NA
WK063208,Wijk 08 Zegveld,2014,4.077939494196748,-0.024325356946937222,-0.0014553592421750006,0.04841065019726929,0.05126315441685889,-0.15736066295108236,0.03481686063219173
WK063208,Wijk 08 Zegveld,2016,4.087651538639937,-0.014613312503748088,NA,NA,NA,NA,NA
WK063208,Wijk 08 Zegveld,2018,4.122094542233311,0.019829691089625998,0.006706238506163565,0.07885235890167469,0.04887481987766113,-0.15059360183684767,0.035989875640974
WK063208,Wijk 08 Zegveld,2020,4.119101329518763,0.016836478375077953,-0.0012246657808622258,0.06960838241261871,0.04454401477299938,-0.12868717591484258,0.03259592288516435
WK063208,Wijk 08 Zegveld,2022,4.10729960538251,0.005034754238824623,0.002823188048042035,0.07626495575413339,0.040182643721910306,-0.14394076160294464,0.029704728317683164
WK063700,Centrum,2002,3.924296400103508,-0.1779684510401771,NA,NA,NA,NA,NA
WK063700,Centrum,2008,3.912361830229333,-0.1899030209143526,NA,NA,NA,NA,NA
WK063700,Centrum,2012,3.934174749166789,-0.16809010197689633,NA,NA,NA,NA,NA
WK063700,Centrum,2014,4.0011154177479,-0.10114943339578569,-0.012994686541815945,-0.07146705915278433,-0.043779935951044464,0.07562228980276865,-0.048530041552909915
WK063700,Centrum,2016,4.009910838320335,-0.09235401282335023,NA,NA,NA,NA,NA
WK063700,Centrum,2018,3.9854500500182146,-0.11681480112547045,-0.025656504968783023,-0.058050175296127104,-0.04398307926847624,0.06807828123144341,-0.05720332282352778
WK063700,Centrum,2020,4.033080639707505,-0.06918421143618018,-0.013836570945313981,-0.06658576978038033,-0.039446771743426916,0.0951273294407565,-0.04444242840781571
WK063700,Centrum,2022,4.02751338690599,-0.07475146423769562,-0.014275521165192089,-0.061581456079367346,-0.04438587471136377,0.08496420241833713,-0.039472814700109805
WK063701,Meerzicht,2002,3.844947463765739,-0.2573173873779459,NA,NA,NA,NA,NA
WK063701,Meerzicht,2008,3.867674918562804,-0.23458993258088087,NA,NA,NA,NA,NA
WK063701,Meerzicht,2012,3.8754708941880893,-0.2267939569555956,NA,NA,NA,NA,NA
WK063701,Meerzicht,2014,3.9209133038136583,-0.18135154733002695,-0.009807954605057512,-0.10234140042027579,-0.05309858399573053,0.02583615354164692,-0.041939761850610324
WK063701,Meerzicht,2016,3.9195551569143237,-0.18270969422936137,NA,NA,NA,NA,NA
WK063701,Meerzicht,2018,3.9076036088492367,-0.19466124229444862,-0.022923940268230508,-0.08773545755947218,-0.05227752312396371,0.006803252966277992,-0.03852757430906051
WK063701,Meerzicht,2020,3.9289439102442647,-0.1733209408994207,-0.01492094513231727,-0.08394576052415158,-0.05184056414671815,0.016133088403740958,-0.03874675949997496
WK063701,Meerzicht,2022,3.9379168762210237,-0.16434797492266132,-0.01689617272778889,-0.0741222436002138,-0.0571154797610827,0.014569203784812771,-0.030783282618388978
WK063702,Buytenwegh de Leyens,2002,3.997435178513619,-0.10482967263006698,NA,NA,NA,NA,NA
WK063702,Buytenwegh de Leyens,2008,3.9962869948693296,-0.10597785627435588,NA,NA,NA,NA,NA
WK063702,Buytenwegh de Leyens,2012,4.003632909293565,-0.09863194185012027,NA,NA,NA,NA,NA
WK063702,Buytenwegh de Leyens,2014,4.0525658474383786,-0.049699003705307,3.472684230472579e-4,-0.047914427057362416,-0.026761138765988665,0.02995299401028517,-0.0053237003152886275
WK063702,Buytenwegh de Leyens,2016,4.083181635928877,-0.019083215214808203,NA,NA,NA,NA,NA
WK063702,Buytenwegh de Leyens,2018,4.055491124561272,-0.0467737265824128,-0.015353543739101798,-0.025188172283762533,-0.029225428521738955,0.019602437908576832,0.0033909800536133725
WK063702,Buytenwegh de Leyens,2020,4.0773745427385,-0.0248903084051844,-0.0030894105407526977,-0.01739173170300018,-0.0289070396544502,0.02764595139082928,-0.003148077897810859
WK063702,Buytenwegh de Leyens,2022,4.095703189926372,-0.006561661217313463,-0.0023012919930393795,-0.012407065179859586,-0.023044810039017663,0.02512352128674602,0.006067984707856872
WK063703,Seghwaert,2002,3.9870451254718864,-0.11521972567179896,NA,NA,NA,NA,NA
WK063703,Seghwaert,2008,3.9513156175877837,-0.1509492335559015,NA,NA,NA,NA,NA
WK063703,Seghwaert,2012,3.948187946115631,-0.15407690502805405,NA,NA,NA,NA,NA
WK063703,Seghwaert,2014,3.9942305201674038,-0.10803433097628129,-0.004329450411554565,-0.06769795180459331,-0.032119736902035345,0.013343451682521603,-0.01723064354061994
WK063703,Seghwaert,2016,4.002709950945892,-0.0995549001977929,NA,NA,NA,NA,NA
WK063703,Seghwaert,2018,4.011008494676973,-0.09125635646671253,-0.01585333611223446,-0.039219698686010954,-0.03253067804276472,0.008827288600120567,-0.01247993222582325
WK063703,Seghwaert,2020,4.055588728435739,-0.046676122707946514,-0.007383233778677043,-0.015193102050424916,-0.03269986304564586,0.022193838201477835,-0.013593762034676814
WK063703,Seghwaert,2022,4.049348732872457,-0.052916118271227726,-0.00685093506963544,-0.021245916967913538,-0.033931835318732395,0.012332049526755677,-0.0032194804417023325
WK063704,Noordhove,2002,3.9767912793784683,-0.12547357176521717,NA,NA,NA,NA,NA
WK063704,Noordhove,2008,3.978635307111287,-0.12362954403239783,NA,NA,NA,NA,NA
WK063704,Noordhove,2012,3.995207009487531,-0.10705784165615449,NA,NA,NA,NA,NA
WK063704,Noordhove,2014,4.0330826539062885,-0.06918219723739626,0.017197201970217593,-0.03146910520130924,-0.010049646498290581,-0.05180143235485122,0.006940784846836891
WK063704,Noordhove,2016,4.045444471003119,-0.056820380140566694,NA,NA,NA,NA,NA
WK063704,Noordhove,2018,4.0488519530487235,-0.05341289809496195,0.004252445080685108,0.0036911152766641235,-0.012719973321769442,-0.060382765813286145,0.011746280682744113
WK063704,Noordhove,2020,4.063649641189217,-0.038615209954467836,0.01130642733543238,0.005959803419956898,-0.01317366019917266,-0.05348002834883918,0.010772247838154465
WK063704,Noordhove,2022,4.0632702863194625,-0.038994564824222686,0.013876808802368574,0.006221104350479419,-0.016233360116200593,-0.06036721414091774,0.017508096280047354
WK063705,Rokkeveen,2002,4.066779724254471,-0.03548512688921357,NA,NA,NA,NA,NA
WK063705,Rokkeveen,2008,4.040705811820755,-0.061559039322930054,NA,NA,NA,NA,NA
WK063705,Rokkeveen,2012,4.040344712924672,-0.06192013821901296,NA,NA,NA,NA,NA
WK063705,Rokkeveen,2014,4.0879068155308005,-0.014358035612884483,-0.012074330515586717,0.002775472556122767,-0.006743269772151751,0.0036272378800250313,-0.0019431457612941155
WK063705,Rokkeveen,2016,4.10633368369908,0.00406883255539435,NA,NA,NA,NA,NA
WK063705,Rokkeveen,2018,4.126562767547241,0.024297916403555445,-0.018916513957555402,0.037165805970044645,-0.006568874732180077,0.004636751818546512,0.0079807473046995
WK063705,Rokkeveen,2020,4.1574204327615,0.05515558161781501,-0.010525879681390867,0.0439573993563041,-0.005069818267662234,0.021937989953289792,0.004855890257273946
WK063705,Rokkeveen,2022,4.169004990175619,0.06674013903193353,-0.013292537645748559,0.048854641842316394,-0.0021482306487162987,0.021523997090775723,0.011802268393305995
WK063706,Oosterheem,2002,4.046545927831732,-0.0557189233119531,NA,NA,NA,NA,NA
WK063706,Oosterheem,2008,3.9908987241033813,-0.11136612704030384,NA,NA,NA,NA,NA
WK063706,Oosterheem,2012,3.9647971121305834,-0.13746773901310158,NA,NA,NA,NA,NA
WK063706,Oosterheem,2014,3.961664953091922,-0.140599898051763,-0.021057575995526014,-0.04337037322016724,-0.004962208449216636,-0.06750881079389892,-0.0037009295929544693
WK063706,Oosterheem,2016,3.9912560201415865,-0.11100883100209814,NA,NA,NA,NA,NA
WK063706,Oosterheem,2018,4.021110293489133,-0.0811545576545525,-0.011691968109229697,-0.011461313579414352,-0.0061571212594185645,-0.05777080222170308,0.005926647515212903
WK063706,Oosterheem,2020,4.0359514489222645,-0.06631340222142079,-0.00531119248131069,-0.00471224748326314,-0.003284031991136007,-0.05958057174105531,0.006574641475344091
WK063706,Oosterheem,2022,4.031798923954886,-0.07046592718879872,0.007705224954411422,-0.019797524065499263,-0.0060238347823731615,-0.06832354155995633,0.015973748264618316
WK063708,Industriegebied,2002,4.030870562842903,-0.07139428830078251,NA,NA,NA,NA,NA
WK063708,Industriegebied,2008,4.034719756809705,-0.0675450943339808,NA,NA,NA,NA,NA
WK063708,Industriegebied,2012,4.046055193688873,-0.05620965745481255,NA,NA,NA,NA,NA
WK063708,Industriegebied,2014,4.097315836234575,-0.00494901490911024,-0.056592278227289725,-0.006317624232614729,0.03163951910340786,0.025583296213155172,7.380722342309501e-4
WK063708,Industriegebied,2016,4.115582894067098,0.013318042923412881,NA,NA,NA,NA,NA
WK063708,Industriegebied,2018,4.1203343333527815,0.01806948220909652,-0.07075512126107825,0.027113041250127857,0.029954981392430524,0.01964521419219726,0.012111366635418879
WK063708,Industriegebied,2020,4.11681812035355,0.014553269209864408,-0.05738151162320424,-2.220590793566184e-5,0.026897043004392693,0.03606517975202363,0.008994763984587635
WK063708,Industriegebied,2022,4.1836416057300525,0.08137675458636734,0.018854574452124438,0.02060829867148299,0.011866994207700906,0.019349312868824436,0.010697574386234294
WK063709,Buitengebied,2002,4.248303359394324,0.14603850825063838,NA,NA,NA,NA,NA
WK063709,Buitengebied,2008,4.218549380105356,0.11628452896167077,NA,NA,NA,NA,NA
WK063709,Buitengebied,2012,4.262832623764772,0.16056777262108668,NA,NA,NA,NA,NA
WK063709,Buitengebied,2014,4.283361961451712,0.18109711030802705,-0.042291756550913655,0.06307714193062122,0.09791207587216136,-0.04763879773251773,0.11003844678867573
WK063709,Buitengebied,2016,4.330809414667609,0.228544563523924,NA,NA,NA,NA,NA
WK063709,Buitengebied,2018,4.297910919759089,0.19564606861540457,-0.027455522126378893,0.08437380175767678,0.08025911944526652,-0.05383562841465567,0.11230429795349554
WK063709,Buitengebied,2020,4.306264950251438,0.2040000991077533,-0.031541199726625856,0.0836523736469809,0.09306623809793828,-0.04423079836819421,0.10305348545765383
WK063709,Buitengebied,2022,4.30480887318598,0.20254402204229469,-0.019990629346500054,0.07749555029100438,0.07961496902368667,-0.03877518110395932,0.10419931317806282
WK063800,Zoeterwoude-Dorp,2002,4.051960154765302,-0.05030469637838325,NA,NA,NA,NA,NA
WK063800,Zoeterwoude-Dorp,2008,4.067715272216331,-0.0345495789273543,NA,NA,NA,NA,NA
WK063800,Zoeterwoude-Dorp,2012,4.083905809935846,-0.018359041207839367,NA,NA,NA,NA,NA
WK063800,Zoeterwoude-Dorp,2014,4.143379769744732,0.041114918601047254,-0.0415758302258088,0.0585104461403974,0.02644337404187762,-0.017344310110278243,0.015081238754859009
WK063800,Zoeterwoude-Dorp,2016,4.135942247937203,0.03367739679351806,NA,NA,NA,NA,NA
WK063800,Zoeterwoude-Dorp,2018,4.150202123270273,0.0479372721265877,-0.04863663753603505,0.08168171139727383,0.02330287813656062,-0.017751668707494228,0.009340988836282236
WK063800,Zoeterwoude-Dorp,2020,4.1704881298559435,0.06822327871225826,-0.03906682115891796,0.08299092609807648,0.022026783883481896,-0.005872720319196645,0.008145110208814194
WK063800,Zoeterwoude-Dorp,2022,4.137894206160326,0.03562935501664115,-0.04647604706679131,0.07160256658376898,0.019906249203694472,-0.019991872884424035,0.010588459180392817
WK063801,Westeinde,2002,4.212831355216288,0.11056650407260245,NA,NA,NA,NA,NA
WK063801,Westeinde,2008,4.260881423148967,0.15861657200528131,NA,NA,NA,NA,NA
WK063801,Westeinde,2012,4.304588900587262,0.20232404944357787,NA,NA,NA,NA,NA
WK063801,Westeinde,2014,4.340534790136891,0.2382699389932061,-0.023370589294530668,0.11686398522527594,0.1132244444418124,-0.06091620839315759,0.09246830701380548
WK063801,Westeinde,2016,4.304800038942444,0.20253518779875904,NA,NA,NA,NA,NA
WK063801,Westeinde,2018,4.350779481278188,0.24851463013450298,-0.025636066726458535,0.11390696804818162,0.12312422527842191,-0.05815584511777837,0.09527534865213627
WK063801,Westeinde,2020,4.355153099119635,0.2528882479759497,-0.03393377539603504,0.11847854929502533,0.1250064350887893,-0.05306023410128333,0.09639727308945333
WK063801,Westeinde,2022,4.352178470366344,0.24991361922265912,-0.029420742578863478,0.11667076304966817,0.1265898036226444,-0.060594853530343794,0.09666864865955355
WK063802,Zuidbuurt,2002,4.131567360482696,0.029302509339010813,NA,NA,NA,NA,NA
WK063802,Zuidbuurt,2008,4.102661439099027,3.9658795534115927e-4,NA,NA,NA,NA,NA
WK063802,Zuidbuurt,2012,4.095284487698306,-0.0069803634453798405,NA,NA,NA,NA,NA
WK063802,Zuidbuurt,2014,4.218910701401991,0.11664585025830548,-0.004958217634591566,0.08747244225871806,0.0689164537742352,-0.0764912871062131,0.04170645896615662
WK063802,Zuidbuurt,2016,4.166221280401851,0.06395642925816603,NA,NA,NA,NA,NA
WK063802,Zuidbuurt,2018,4.2342645846635785,0.13199973351989283,-0.008405874642067273,0.10408347566902602,0.0688797878323379,-0.07524031478219206,0.042682659442787936
WK063802,Zuidbuurt,2020,4.221612644274844,0.11934779313115859,-0.010709184294520308,0.09462700246010004,0.06079313284390217,-0.06762053631264958,0.04225737843432588
WK063802,Zuidbuurt,2022,4.250730544302116,0.14846569315843128,-0.007378926741499412,0.11925162371378359,0.0648534968876721,-0.07443455856070849,0.04617405785918321
WK063803,Weipoort,2002,4.271741841018348,0.16947698987466225,NA,NA,NA,NA,NA
WK063803,Weipoort,2008,4.261892913132086,0.15962806198840018,NA,NA,NA,NA,NA
WK063803,Weipoort,2012,4.289127784302115,0.18686293315843025,NA,NA,NA,NA,NA
WK063803,Weipoort,2014,4.292053262396453,0.18978841125276785,-0.05324099580968771,0.1126596935440256,0.10632210000562535,-0.10374241129731632,0.1277900248101208
WK063803,Weipoort,2016,4.314144360285429,0.2118795091417443,NA,NA,NA,NA,NA
WK063803,Weipoort,2018,4.322509593842522,0.22024474269883598,-0.04190015703907197,0.12720090403279594,0.1210620159983122,-0.11083463902408479,0.12471661873088427
WK063803,Weipoort,2020,4.313704154119223,0.2114393029755373,-0.05227857896032343,0.13545327622869813,0.11660498196628462,-0.11249376022752175,0.12415338396839962
WK063803,Weipoort,2022,4.302424219746538,0.20015936860285227,-0.057268255474500054,0.13587276711049037,0.11441666581580442,-0.11776266200228712,0.12490085315334437
WK063804,Gelderswoude,2002,4.139843428445731,0.0375785773020459,NA,NA,NA,NA,NA
WK063804,Gelderswoude,2008,4.141032919815468,0.03876806867178316,NA,NA,NA,NA,NA
WK063804,Gelderswoude,2012,4.1513360835014215,0.04907123235773609,NA,NA,NA,NA,NA
WK063804,Gelderswoude,2014,4.167537592923371,0.06527274177968516,-0.11152042356806656,0.13913395304405388,0.13149501812300035,-0.17202768744884672,0.07819188162954387
WK063804,Gelderswoude,2016,4.132855838969562,0.030590987825877308,NA,NA,NA,NA,NA
WK063804,Gelderswoude,2018,4.183142625418245,0.08087777427456032,-0.07771918183994338,0.13364749419555874,0.12583799901783713,-0.17244238322004604,0.07155384612115363
WK063804,Gelderswoude,2020,4.258442177082994,0.1561773259393089,-0.10261841593769523,0.13148386955966865,0.22464125784713024,-0.16987023620177913,0.07254085067198443
WK063804,Gelderswoude,2022,4.259942660392199,0.1576778092485137,-0.0973561384073742,0.12879825918068025,0.21784593655221465,-0.17259564328853405,0.08098539521152703
WK063809,Verspreide huizen,2002,4.334082569293871,0.23181771815018629,NA,NA,NA,NA,NA
WK063809,Verspreide huizen,2008,4.179146329894993,0.07688147875130798,NA,NA,NA,NA,NA
WK063809,Verspreide huizen,2012,4.136410273308654,0.034145422164968735,NA,NA,NA,NA,NA
WK063809,Verspreide huizen,2014,4.177773341063695,0.07550848992000919,-0.11241648216672415,0.0765227660804019,0.06797319736918278,-0.0558219783709208,0.09925098700806921
WK063809,Verspreide huizen,2016,4.16503185451849,0.06276700337480448,NA,NA,NA,NA,NA
WK063809,Verspreide huizen,2018,4.255719999256126,0.1534551481124412,-0.09735776390287888,0.12688438686766523,0.08637966799914912,-0.06456808822890407,0.1021169453774098
WK063809,Verspreide huizen,2020,4.24258793501348,0.1403230838697944,-0.09499750649763813,0.10342319433195495,0.0831692229855681,-0.0529108132531732,0.10163898630308231
WK063809,Verspreide huizen,2022,4.294666699527577,0.1924018483838913,0.003840065253354095,0.12225138705923132,0.05518545759415469,-0.05337014949345388,0.0644950879706046
WK063810,Zoeterwoude-Rijndijk,2002,4.051435780692087,-0.05082907045159889,NA,NA,NA,NA,NA
WK063810,Zoeterwoude-Rijndijk,2008,4.087608138089768,-0.01465671305391721,NA,NA,NA,NA,NA
WK063810,Zoeterwoude-Rijndijk,2012,4.125507242606503,0.02324239146281744,NA,NA,NA,NA,NA
WK063810,Zoeterwoude-Rijndijk,2014,4.142816614661009,0.04055176351732381,-0.05383421907736703,0.05015824368062778,0.022541029334056224,0.013031395157928163,0.008655314422078404
WK063810,Zoeterwoude-Rijndijk,2016,4.183538073243302,0.0812732220996158,NA,NA,NA,NA,NA
WK063810,Zoeterwoude-Rijndijk,2018,4.171232297344081,0.06896744620039567,-0.05357500202834838,0.08284600161795738,0.024532318307857782,0.005688965965828372,0.009475162337100267
WK063810,Zoeterwoude-Rijndijk,2020,4.192110171335948,0.08984532019226266,-0.04861366168252419,0.0812076385226794,0.02808008124929,0.015249309349382227,0.013921952753434967
WK063810,Zoeterwoude-Rijndijk,2022,4.19488266515214,0.09261781400845494,-0.03649118734257167,0.0726355115856564,0.03326879074783097,0.00697182876287498,0.016232870254664095
WK064201,Wijk 01 Walburg,2002,3.9787287171468346,-0.12353613399685041,NA,NA,NA,NA,NA
WK064201,Wijk 01 Walburg,2008,4.000532458158208,-0.10173239298547679,NA,NA,NA,NA,NA
WK064201,Wijk 01 Walburg,2012,4.019446136640049,-0.08281871450363643,NA,NA,NA,NA,NA
WK064201,Wijk 01 Walburg,2014,4.078183317061342,-0.02408153408234307,-0.005864444447473249,-9.624513097806314e-4,-0.017361181825265023,0.020396013207078813,-0.02028946970690326
WK064201,Wijk 01 Walburg,2016,4.097156865459993,-0.005107985683692918,NA,NA,NA,NA,NA
WK064201,Wijk 01 Walburg,2018,4.092681424009823,-0.009583427133863094,-0.005394315629695359,0.0033629978525891555,-0.017899452050196153,0.01984352726683591,-0.009496184573396937
WK064201,Wijk 01 Walburg,2020,4.10744472699366,0.0051798758499752824,-3.01819537528044e-4,-0.0010426505067278793,-0.016704557488487173,0.03952789585283991,-0.01629899247012181
WK064201,Wijk 01 Walburg,2022,4.115764168482098,0.013499317338412664,0.0010490916180962773,0.003303990948314657,-0.013224753364773512,0.022083650963035075,2.873371737399107e-4
WK064202,Wijk 02 Centrum,2002,3.9820050985948816,-0.12025975254880383,NA,NA,NA,NA,NA
WK064202,Wijk 02 Centrum,2008,4.038829062463714,-0.06343578867997167,NA,NA,NA,NA,NA
WK064202,Wijk 02 Centrum,2012,4.051411222073444,-0.05085362907024186,NA,NA,NA,NA,NA
WK064202,Wijk 02 Centrum,2014,4.061727700169969,-0.040537150973715276,-0.031214880486365237,-0.007048935686634409,-0.022962858249515817,0.04404493494024573,-0.023355411491445863
WK064202,Wijk 02 Centrum,2016,4.054778802617374,-0.047486048526311296,NA,NA,NA,NA,NA
WK064202,Wijk 02 Centrum,2018,4.081367068289977,-0.02089778285370781,-0.02864597199591221,0.0023785960008242363,-0.02310828248002667,0.045561426252076466,-0.017083550630669866
WK064202,Wijk 02 Centrum,2020,4.098650955218306,-0.003613895925379008,-0.023097691872029646,-0.00867931465226393,-0.021171919872050568,0.06188317343572951,-0.01254814296476467
WK064202,Wijk 02 Centrum,2022,4.12549393197595,0.023229080832264576,-0.018878035749835237,0.013504651956681546,-0.019858861418824373,0.04753949824826428,9.218277959780572e-4
WK064203,Wijk 03 Noord,2002,3.9493531133138062,-0.1529117378298792,NA,NA,NA,NA,NA
WK064203,Wijk 03 Noord,2008,3.951775841190822,-0.15048900995286324,NA,NA,NA,NA,NA
WK064203,Wijk 03 Noord,2012,3.983816770034925,-0.11844808110875998,NA,NA,NA,NA,NA
WK064203,Wijk 03 Noord,2014,3.955857480306291,-0.1464073708373937,-0.0351278993965352,-0.04787957880162273,-0.029609201004356316,0.03597106753824551,-0.06976175917312522
WK064203,Wijk 03 Noord,2016,3.960214895365747,-0.1420499557779385,NA,NA,NA,NA,NA
WK064203,Wijk 03 Noord,2018,3.974168500554104,-0.12809635058958116,-0.027201497893889363,-0.04870201538721498,-0.030798842837092673,0.040832384860053604,-0.06222637933143805
WK064203,Wijk 03 Noord,2020,3.9920322944032662,-0.11023255674041904,-0.023759568218882525,-0.05105335358493379,-0.031783250036838885,0.0617041715966089,-0.06534055649637305
WK064203,Wijk 03 Noord,2022,4.02912145271709,-0.07314339842659466,-0.029022765951569114,-0.027235822940188732,-0.030925299768181987,0.049208322974667144,-0.03516783274132225
WK064204,Wijk 04 Heer Oudelands Ambacht,2002,3.9636849229602977,-0.1385799281833874,NA,NA,NA,NA,NA
WK064204,Wijk 04 Heer Oudelands Ambacht,2008,3.9732809364080706,-0.12898391473561457,NA,NA,NA,NA,NA
WK064204,Wijk 04 Heer Oudelands Ambacht,2012,4.020516896060503,-0.08174795508318235,NA,NA,NA,NA,NA
WK064204,Wijk 04 Heer Oudelands Ambacht,2014,4.042096517111157,-0.06016833403252794,-0.01868497446894753,-0.012729587427520533,0.0014172673145982633,-0.02873195856657441,-0.001439080884084005
WK064204,Wijk 04 Heer Oudelands Ambacht,2016,4.087513494797025,-0.014751356346660308,NA,NA,NA,NA,NA
WK064204,Wijk 04 Heer Oudelands Ambacht,2018,4.084293601461861,-0.017971249681823866,-0.012765630316850957,0.01697950086923831,-0.0027261062425309422,-0.023830824519588983,0.004371810527908351
WK064204,Wijk 04 Heer Oudelands Ambacht,2020,4.122613244029202,0.020348392885516584,-0.007848779718018973,0.03830807000393676,-0.0013481817385541074,-0.012421954129613666,0.0036592384677662767
WK064204,Wijk 04 Heer Oudelands Ambacht,2022,4.12089943333558,0.01863458219189522,-0.0096288933699469,0.039284661058324295,-0.004081257944023386,-0.02459955738934234,0.01765962983688324
WK064205,Wijk 05 Kort Ambacht,2002,3.9475292401151334,-0.15473561102855157,NA,NA,NA,NA,NA
WK064205,Wijk 05 Kort Ambacht,2008,3.9437117412958385,-0.15855310984784687,NA,NA,NA,NA,NA
WK064205,Wijk 05 Kort Ambacht,2012,3.946892904103354,-0.15537194704033114,NA,NA,NA,NA,NA
WK064205,Wijk 05 Kort Ambacht,2014,3.912122472481641,-0.19014237866204414,-0.020469591296813777,-0.06723497142845127,-0.03893114661879616,0.016472289065722633,-0.07997895838370583
WK064205,Wijk 05 Kort Ambacht,2016,3.9146175909901495,-0.18764726015353575,NA,NA,NA,NA,NA
WK064205,Wijk 05 Kort Ambacht,2018,3.9302154164838403,-0.1720494346598448,-0.01683736850452682,-0.07853616587436928,-0.037768650453704256,0.02223844902626036,-0.06114569885350506
WK064205,Wijk 05 Kort Ambacht,2020,3.952918579839458,-0.14934627130422704,-0.013225823371605867,-0.07488723736034984,-0.0378348206688845,0.04314753551705478,-0.06654592542044187
WK064205,Wijk 05 Kort Ambacht,2022,3.9186558683406214,-0.18360898280306398,-0.024074011270221587,-0.104690034551233,-0.04412079034223417,0.02898442285745922,-0.03970856949683475
WK064206,Wijk 06 Nederhoven,2002,3.96779283278645,-0.13447201835723546,NA,NA,NA,NA,NA
WK064206,Wijk 06 Nederhoven,2008,3.9863005616073823,-0.11596428953630257,NA,NA,NA,NA,NA
WK064206,Wijk 06 Nederhoven,2012,4.038327362069868,-0.06393748907381694,NA,NA,NA,NA,NA
WK064206,Wijk 06 Nederhoven,2014,4.01155759992499,-0.09070725121869477,-0.006776875380282978,0.004558127848111964,-0.03192746832474618,-0.03192458172274995,-0.024636453639027896
WK064206,Wijk 06 Nederhoven,2016,4.055264066287301,-0.047000784856384266,NA,NA,NA,NA,NA
WK064206,Wijk 06 Nederhoven,2018,4.049688314714718,-0.05257653642896709,-0.0068602167846257365,0.018416168404028807,-0.027843647425306522,-0.03021854888896332,-0.006070291734100628
WK064206,Wijk 06 Nederhoven,2020,4.074137784441969,-0.028127066701716545,-0.002113210896380982,0.03310946233303476,-0.025671612666008686,-0.01882317808057007,-0.014628527391791902
WK064206,Wijk 06 Nederhoven,2022,4.063486076894424,-0.03877877424926105,0.0015856185371562685,0.017469246213504108,-0.03114433088285512,-0.025082091408960474,-0.0016072167081061144
WK064207,Wijk 07 Verspreide bebouwing,2002,4.173264346438174,0.07099949529448858,NA,NA,NA,NA,NA
WK064207,Wijk 07 Verspreide bebouwing,2008,4.156158489757438,0.053893638613752536,NA,NA,NA,NA,NA
WK064207,Wijk 07 Verspreide bebouwing,2012,4.198136863244679,0.09587201210099443,NA,NA,NA,NA,NA
WK064207,Wijk 07 Verspreide bebouwing,2014,4.170952011936943,0.06868716079325746,-0.0870853784354513,0.0658526809764587,0.10820399775661411,-0.07844430156582956,0.060160162061465176
WK064207,Wijk 07 Verspreide bebouwing,2016,4.211218290061079,0.10895343891739348,NA,NA,NA,NA,NA
WK064207,Wijk 07 Verspreide bebouwing,2018,4.191221319353906,0.08895646821022044,-0.07614569449579577,0.07848611103212778,0.09728751700345106,-0.07654713756628644,0.06587567223672346
WK064207,Wijk 07 Verspreide bebouwing,2020,4.191931632162002,0.08966678101831728,-0.07577849181651342,0.07778620921911629,0.09301660339098704,-0.06893976956175998,0.06358222978648699
WK064207,Wijk 07 Verspreide bebouwing,2022,4.202500772445934,0.10023592130224858,-0.07905225382881464,0.09573790405331281,0.08909622916221932,-0.07408025524288894,0.06853429715841963
WK064208,Wijk 08 Bebouwde kom Heerjansdam,2002,4.007709922870704,-0.09455492827298138,NA,NA,NA,NA,NA
WK064208,Wijk 08 Bebouwde kom Heerjansdam,2008,4.004726772749301,-0.09753807839438436,NA,NA,NA,NA,NA
WK064208,Wijk 08 Bebouwde kom Heerjansdam,2012,4.016510952817563,-0.08575389832612196,NA,NA,NA,NA,NA
WK064208,Wijk 08 Bebouwde kom Heerjansdam,2014,4.089226648464347,-0.013038202679337597,-0.008210738706954117,0.07182528270865905,0.01803615947926594,-0.08884858823577056,-0.005840317924538143
WK064208,Wijk 08 Bebouwde kom Heerjansdam,2016,4.075710010205524,-0.02655484093816061,NA,NA,NA,NA,NA
WK064208,Wijk 08 Bebouwde kom Heerjansdam,2018,4.08872909184117,-0.013535759302514508,-0.008209923737879479,0.06383411114489346,0.015276531003437514,-0.08749470938623097,0.003058231673264688
WK064208,Wijk 08 Bebouwde kom Heerjansdam,2020,4.104488785599467,0.0022239344557816233,-0.0020038918396150024,0.05996110884839505,0.011689972749167856,-0.07450762794214283,0.007084372639976283
WK064208,Wijk 08 Bebouwde kom Heerjansdam,2022,4.1010593007994585,-0.0012055503442264142,-0.0033388230041891225,0.057566985309443076,0.014298223914467043,-0.08154703995366397,0.011815103389716291
WK064209,Wijk 09 Landelijk gebied Heerjansdam,2002,4.109588162019847,0.007323310876161927,NA,NA,NA,NA,NA
WK064209,Wijk 09 Landelijk gebied Heerjansdam,2008,4.196433662881927,0.09416881173824218,NA,NA,NA,NA,NA
WK064209,Wijk 09 Landelijk gebied Heerjansdam,2012,4.206584109822619,0.10431925867893381,NA,NA,NA,NA,NA
WK064209,Wijk 09 Landelijk gebied Heerjansdam,2014,4.233327336554295,0.13106248541060989,-0.048868886339459364,0.13361982688960944,0.11662699568087678,-0.12223977834686207,0.05192432752644493
WK064209,Wijk 09 Landelijk gebied Heerjansdam,2016,4.224602787774779,0.1223379366310938,NA,NA,NA,NA,NA
WK064209,Wijk 09 Landelijk gebied Heerjansdam,2018,4.24962161855843,0.14735676741474446,-0.027035739482177322,0.11432740786988901,0.1272051604015378,-0.1207148262644133,0.05357476488990807
WK064209,Wijk 09 Landelijk gebied Heerjansdam,2020,4.266035639532347,0.16377078838866102,-0.0276888539627967,0.12133055190365062,0.10556012636683136,-0.10998826523830185,0.07455722931927744
WK064209,Wijk 09 Landelijk gebied Heerjansdam,2022,4.266889050021321,0.16462419887763627,-0.02741076643207418,0.11013808352953905,0.11022049720957423,-0.11541763722622116,0.08709402179681808
WK065401,Baarland,2002,4.124654987380131,0.02239013623644601,NA,NA,NA,NA,NA
WK065401,Baarland,2008,4.166533945345187,0.06426909420150212,NA,NA,NA,NA,NA
WK065401,Baarland,2012,4.159193066137542,0.05692821499385631,NA,NA,NA,NA,NA
WK065401,Baarland,2014,4.125781210219317,0.023516359075631932,0.003393934999924013,0.12433696456767826,0.08500581740309196,-0.26097726365787116,0.0717569057628086
WK065401,Baarland,2016,4.136296318747423,0.03403146760373772,NA,NA,NA,NA,NA
WK065401,Baarland,2018,4.124730733648097,0.022465882504412525,0.007776758968704619,0.12422709697474099,0.08290059771434871,-0.2625129687917785,0.07007439763839637
WK065401,Baarland,2020,4.139660044649366,0.03739519350568106,0.0029382099826095027,0.131883200218131,0.08382485774971686,-0.25349757923874766,0.07224650479397098
WK065401,Baarland,2022,4.095574402473504,-0.006690448670181075,0.004744930316669834,0.0920562966677973,0.07890962675229328,-0.2666252327981935,0.08422393039125173
WK065402,Borssele,2002,3.8795308319734083,-0.22273401917027666,NA,NA,NA,NA,NA
WK065402,Borssele,2008,3.8948732769931897,-0.2073915741504955,NA,NA,NA,NA,NA
WK065402,Borssele,2012,3.866025358480777,-0.23623949266290856,NA,NA,NA,NA,NA
WK065402,Borssele,2014,3.9471736880360035,-0.1550911631076815,-0.06121701704900667,0.09272027076659564,0.059531848836134806,-0.2646235244403933,0.018497258778987745
WK065402,Borssele,2016,3.966237073765719,-0.13602777737796634,NA,NA,NA,NA,NA
WK065402,Borssele,2018,3.951225898782642,-0.1510389523610435,-0.04932078668298455,0.08144058211023121,0.05562397542821692,-0.26101520288533514,0.022232479668827815
WK065402,Borssele,2020,4.008826789004973,-0.09343806213871134,-0.04682138076194157,0.09592587236219297,0.06679727563106279,-0.25186825114394656,0.04252842177392075
WK065402,Borssele,2022,4.014529946386294,-0.08773490475739064,-0.044902357929033174,0.08400272751560015,0.06574465626965248,-0.25363285787659146,0.06105292726298111
WK065403,Driewegen,2002,4.106512393797355,0.004247542653670145,NA,NA,NA,NA,NA
WK065403,Driewegen,2008,4.107298332653288,0.00503348150960363,NA,NA,NA,NA,NA
WK065403,Driewegen,2012,4.119695748272043,0.017430897128357988,NA,NA,NA,NA,NA
WK065403,Driewegen,2014,4.131703762730851,0.029438911587165034,-0.009628919071199123,0.11711469778658497,0.0992797515614124,-0.2616402466766193,0.08431362798698586
WK065403,Driewegen,2016,4.122916067809104,0.02065121666541906,NA,NA,NA,NA,NA
WK065403,Driewegen,2018,4.134501414110774,0.03223656296708872,-0.0020966522344704292,0.11669149351439964,0.09473868132966883,-0.26308139787416146,0.08598443823165192
WK065403,Driewegen,2020,4.142371776594368,0.040106925450682944,-7.732556450487915e-4,0.1151445232435029,0.08556659487191358,-0.25875480482861507,0.09892386780892998
WK065403,Driewegen,2022,4.128861162450158,0.02659631130647224,-0.00959468311873209,0.10890780660551375,0.08653588966034982,-0.260642090965638,0.10138938912497848
WK065404,Ellewoutsdijk,2002,4.059946608875253,-0.042318242268432074,NA,NA,NA,NA,NA
WK065404,Ellewoutsdijk,2008,4.127145925232293,0.02488107408860841,NA,NA,NA,NA,NA
WK065404,Ellewoutsdijk,2012,4.129859700172843,0.02759484902915751,NA,NA,NA,NA,NA
WK065404,Ellewoutsdijk,2014,4.108710785514265,0.006445934370579285,0.06727149839151383,0.09450676832857498,0.06276641894012416,-0.30403531877457274,0.0859365674849386
WK065404,Ellewoutsdijk,2016,4.085167486095083,-0.017097365048602098,NA,NA,NA,NA,NA
WK065404,Ellewoutsdijk,2018,4.085531657301459,-0.016733193842226282,0.0631774872682132,0.05838989040638614,0.07465967792882136,-0.3058075400233657,0.0928472905777184
WK065404,Ellewoutsdijk,2020,4.057088431813218,-0.04517641933046662,0.06470125343135129,0.039180503652476176,0.0646431247193432,-0.30175233302933724,0.08805103189569974
WK065404,Ellewoutsdijk,2022,4.103976494101537,0.0017116429578516,0.06870389886880372,0.056069136703714294,0.06639194535213166,-0.2828882548232319,0.09343491685643336
WK065405,Heinkenszand,2002,4.021264747330777,-0.08100010381290831,NA,NA,NA,NA,NA
WK065405,Heinkenszand,2008,4.060112343048007,-0.0421525080956782,NA,NA,NA,NA,NA
WK065405,Heinkenszand,2012,4.060474919001687,-0.04178993214199801,NA,NA,NA,NA,NA
WK065405,Heinkenszand,2014,4.102920874354911,6.560232112258371e-4,0.019240936919980543,0.06265318005670732,0.03606716628592643,-0.15542785347175322,0.03812259342036452
WK065405,Heinkenszand,2016,4.122970505458388,0.020705654314702348,NA,NA,NA,NA,NA
WK065405,Heinkenszand,2018,4.112144987286605,0.009880136142920245,0.019386153287488283,0.072195493824037,0.03269219222162943,-0.15647923688234827,0.04208553369211352
WK065405,Heinkenszand,2020,4.129047268414002,0.026782417270316876,0.02171686563327416,0.07320323759405724,0.02980553899405664,-0.13954388098651954,0.04160065603544806
WK065405,Heinkenszand,2022,4.138777342333425,0.036512491189739135,0.02709070878541272,0.08006988008500993,0.03407004832088322,-0.15236257385710147,0.0476444278555345
WK065406,Hoedekenskerke,2002,4.041809310021168,-0.060455541122517026,NA,NA,NA,NA,NA
WK065406,Hoedekenskerke,2008,4.021296303004387,-0.08096854813929764,NA,NA,NA,NA,NA
WK065406,Hoedekenskerke,2012,4.026956317528935,-0.07530853361474993,NA,NA,NA,NA,NA
WK065406,Hoedekenskerke,2014,4.07484978005368,-0.027415071090005863,0.020449327206056866,0.10292608243067301,0.06415622444517446,-0.2266445046802296,0.011697799508319064
WK065406,Hoedekenskerke,2016,4.124675110112858,0.022410258969172994,NA,NA,NA,NA,NA
WK065406,Hoedekenskerke,2018,4.1430356167221465,0.0407707655784616,0.0361789199699512,0.11883849091461239,0.05924122429827611,-0.22697942706571528,0.05349155746133677
WK065406,Hoedekenskerke,2020,4.081070802707788,-0.021194048435897134,0.03468302151571862,0.12165151269956194,0.06504706130118476,-0.21855492488619968,-0.024020719066163
WK065406,Hoedekenskerke,2022,4.10943726666557,0.007172415521884743,0.03929702291768242,0.09893411110555482,0.051494509533226616,-0.2258417625909376,0.04328853455635822
WK065407,Kwadendamme,2002,4.068943339014243,-0.033321512129442024,NA,NA,NA,NA,NA
WK065407,Kwadendamme,2008,4.06817364981155,-0.03409120133213522,NA,NA,NA,NA,NA
WK065407,Kwadendamme,2012,4.069052421148383,-0.03321242999530251,NA,NA,NA,NA,NA
WK065407,Kwadendamme,2014,4.100985727696407,-0.0012791234472789973,-0.007784922656114322,0.1000478550264891,0.04789505343588122,-0.1950442782597515,0.053607169006216183
WK065407,Kwadendamme,2016,4.121559866794269,0.019295015650583582,NA,NA,NA,NA,NA
WK065407,Kwadendamme,2018,4.121434927172401,0.01917007602871508,0.003641899080847225,0.10423976644876042,0.04937287027266724,-0.1963606331734893,0.05827617339992938
WK065407,Kwadendamme,2020,4.089936034257848,-0.012328816885837033,0.0068296799842744406,0.07575350166238827,0.052607165702024186,-0.20362834749685074,0.05610918326232662
WK065407,Kwadendamme,2022,4.091871021235961,-0.01039382990772422,0.009554121196169737,0.09187242663545662,0.05055229075821741,-0.21123018359419235,0.04885751509662406
WK065408,Lewedorp,2002,3.982261838149536,-0.12000301299414967,NA,NA,NA,NA,NA
WK065408,Lewedorp,2008,4.003311257478102,-0.09895359366558351,NA,NA,NA,NA,NA
WK065408,Lewedorp,2012,4.0172279296813755,-0.08503692146230965,NA,NA,NA,NA,NA
WK065408,Lewedorp,2014,4.052740787287712,-0.049524063855972786,-0.022986067527559106,0.08968688281858195,0.05299896109831037,-0.2002717285417415,0.03104788829643521
WK065408,Lewedorp,2016,4.109753870186186,0.007489019042500229,NA,NA,NA,NA,NA
WK065408,Lewedorp,2018,4.075259395651569,-0.027005455492116377,-0.0046848703751195975,0.08770084364830195,0.04780813983323894,-0.1916503254059752,0.03382075680743734
WK065408,Lewedorp,2020,4.100532803692537,-0.0017320474511481588,-0.005200589129349219,0.08761902582743496,0.04229508189987562,-0.16923615200181327,0.042790585952703485
WK065408,Lewedorp,2022,4.090908511353261,-0.011356339790424465,-0.004647727076634893,0.09032648840921242,0.048401462720564684,-0.188263572083077,0.042827008239509974
WK065409,Nieuwdorp,2002,4.023996167746191,-0.07826868339749479,NA,NA,NA,NA,NA
WK065409,Nieuwdorp,2008,4.014503111110304,-0.08776174003338157,NA,NA,NA,NA,NA
WK065409,Nieuwdorp,2012,4.003353305956052,-0.0989115451876323,NA,NA,NA,NA,NA
WK065409,Nieuwdorp,2014,4.06652758612147,-0.03573726502221483,-0.025478243058498672,0.08995953492771142,0.055423114420054376,-0.20754823103909117,0.05190655972760894
WK065409,Nieuwdorp,2016,4.0770120766372635,-0.025252774506421473,NA,NA,NA,NA,NA
WK065409,Nieuwdorp,2018,4.051868298803439,-0.05039655234024709,-0.022608491589973995,0.08564617931570606,0.05685263328502627,-0.22431324939744812,0.05402637604644242
WK065409,Nieuwdorp,2020,4.0858739195055715,-0.016390931638113185,-0.02208834031137363,0.09773421617856565,0.05314520880368789,-0.20264644530540069,0.05746442899640729
WK065409,Nieuwdorp,2022,4.108178508949008,0.005913657805323217,-0.022525580101941087,0.11535300916544622,0.05188971842248535,-0.20190185182493148,0.06309836214426391
WK065410,Nisse,2002,4.205474146292784,0.10320929514909874,NA,NA,NA,NA,NA
WK065410,Nisse,2008,4.189904557756862,0.08763970661317673,NA,NA,NA,NA,NA
WK065410,Nisse,2012,4.202977420437633,0.10071256929394794,NA,NA,NA,NA,NA
WK065410,Nisse,2014,4.228953520575525,0.12668866943184015,0.0032114797622589592,0.1297591437943089,0.09743120081754045,-0.2021351477244956,0.09842199278222712
WK065410,Nisse,2016,4.241752574280854,0.139487723137169,NA,NA,NA,NA,NA
WK065410,Nisse,2018,4.231880651400578,0.12961580025689304,0.013771281245702947,0.13769367274490987,0.08909717929370907,-0.20891419139907227,0.09796785837164326
WK065410,Nisse,2020,4.194317766762609,0.09205291561892351,0.009523158998641925,0.11798909497512444,0.07705116270026452,-0.20990790316102426,0.0973974021059166
WK065410,Nisse,2022,4.177306843672007,0.07504199252832129,0.015636795859164714,0.09542940115338375,0.06840983823506962,-0.20652325619978684,0.10208921348048984
WK065411,Oudelande,2002,4.139784208036463,0.03751935689277863,NA,NA,NA,NA,NA
WK065411,Oudelande,2008,4.132151819012558,0.029886967868872304,NA,NA,NA,NA,NA
WK065411,Oudelande,2012,4.131631912598751,0.02936706145506538,NA,NA,NA,NA,NA
WK065411,Oudelande,2014,4.107214864338561,0.004950013194875682,-0.030623116886954554,0.12238722751724276,0.08517393830994495,-0.25992797364097125,0.08793993789561354
WK065411,Oudelande,2016,4.120440456945404,0.01817560580171816,NA,NA,NA,NA,NA
WK065411,Oudelande,2018,4.1228008189035,0.02053596775981487,-0.005393110532403933,0.11167871394177702,0.08536968001859645,-0.2630887893463078,0.09196947367815299
WK065411,Oudelande,2020,4.109895261001883,0.007630409858197867,-0.002349137224052242,0.09372687947167262,0.08138428274256918,-0.25632470771721816,0.09119309258522625
WK065411,Oudelande,2022,4.086300346496512,-0.015964504647173087,-7.474713554603253e-4,0.08813839918578528,0.07916482783889434,-0.2636409501291292,0.0811206898127365
WK065412,Ovezande,2002,4.069083478668378,-0.03318137247530747,NA,NA,NA,NA,NA
WK065412,Ovezande,2008,4.082007705148705,-0.020257145994980852,NA,NA,NA,NA,NA
WK065412,Ovezande,2012,4.100038724263177,-0.0022261268805083417,NA,NA,NA,NA,NA
WK065412,Ovezande,2014,4.0883306725696515,-0.013934178574033871,-0.0038962189708489766,0.0965195014937936,0.062272098802851866,-0.22850052721798925,0.05967096731815853
WK065412,Ovezande,2016,4.109492654174499,0.007227803030813735,NA,NA,NA,NA,NA
WK065412,Ovezande,2018,4.102707101723636,4.422505799512748e-4,0.012076182110188266,0.09478488986695122,0.06372359193257247,-0.23117059543814333,0.06102818210838231
WK065412,Ovezande,2020,4.113970732310896,0.011705881167210724,0.013195215666228131,0.10048331877351761,0.062104752053252284,-0.22449947400305764,0.06042206867727009
WK065412,Ovezande,2022,4.091683562764611,-0.010581288379074705,0.012936222906184573,0.08934926341555438,0.056341007559340024,-0.23131764023889828,0.062109857978744326
WK065413,'s-Gravenpolder,2002,4.019548401213969,-0.08271644992971632,NA,NA,NA,NA,NA
WK065413,'s-Gravenpolder,2008,4.045027445016881,-0.05723740612680348,NA,NA,NA,NA,NA
WK065413,'s-Gravenpolder,2012,4.048959285223059,-0.0533055659206259,NA,NA,NA,NA,NA
WK065413,'s-Gravenpolder,2014,4.079345166721375,-0.02291968442230958,-0.010868740527070344,0.09666824579164582,0.031691871519719805,-0.13108286792208587,-0.009328193284519224
WK065413,'s-Gravenpolder,2016,4.084125993001104,-0.01813885814258138,NA,NA,NA,NA,NA
WK065413,'s-Gravenpolder,2018,4.081750724199616,-0.020514126944068647,-0.0029248248143679398,0.08948891702041398,0.03258931650150383,-0.13622649584270455,-0.003441039808914224
WK065413,'s-Gravenpolder,2020,4.092038288936133,-0.01022656220755207,0.0014689845797363947,0.09661045053817137,0.035196332481126386,-0.13469613138521522,-0.008806198421371264
WK065413,'s-Gravenpolder,2022,4.0974007444781435,-0.004864106665541784,0.0014547725522613098,0.06998856491704614,0.03267614493509662,-0.13116611035115086,0.02218252128120472
WK065414,'s-Heer Abtskerke,2002,4.200267026545555,0.0980021754018707,NA,NA,NA,NA,NA
WK065414,'s-Heer Abtskerke,2008,4.2404122815595855,0.13814743041590014,NA,NA,NA,NA,NA
WK065414,'s-Heer Abtskerke,2012,4.182706116778112,0.08044126563442636,NA,NA,NA,NA,NA
WK065414,'s-Heer Abtskerke,2014,4.200112511911673,0.09784766076798795,-0.01381248419640412,0.1268465209303163,0.0825848642907114,-0.17700071014450713,0.0792294698878714
WK065414,'s-Heer Abtskerke,2016,4.16733202148244,0.06506717033875448,NA,NA,NA,NA,NA
WK065414,'s-Heer Abtskerke,2018,4.200528741168828,0.09826389002514319,-9.141564116585114e-4,0.12411248243785455,0.08117537460749047,-0.18314803548374417,0.07703822487520051
WK065414,'s-Heer Abtskerke,2020,4.1939993409233685,0.09173448977968342,-0.001541981184166552,0.12265824888444907,0.07859763599348249,-0.18802514198303488,0.08004572806895306
WK065414,'s-Heer Abtskerke,2022,4.200159207875895,0.09789435673221054,6.327885519592058e-4,0.11753289626668631,0.07731934829732087,-0.18215437481046354,0.0845636984267074
WK065415,'s-Heerenhoek,2002,3.933335800253981,-0.16892905088970414,NA,NA,NA,NA,NA
WK065415,'s-Heerenhoek,2008,3.9966386948994015,-0.10562615624428401,NA,NA,NA,NA,NA
WK065415,'s-Heerenhoek,2012,3.9737340612641283,-0.12853078987955677,NA,NA,NA,NA,NA
WK065415,'s-Heerenhoek,2014,4.091341411998604,-0.01092343914508106,-0.005280659215655505,0.0923672155146737,0.04555329150020424,-0.19239316353854471,0.048829876594240935
WK065415,'s-Heerenhoek,2016,4.0907405847793346,-0.011524266364350357,NA,NA,NA,NA,NA
WK065415,'s-Heerenhoek,2018,4.068524766958966,-0.03374008418471913,-0.002165864244083227,0.07465707028160047,0.03753528643241623,-0.19495651775462924,0.05118994109997633
WK065415,'s-Heerenhoek,2020,4.0849176884144685,-0.017347162729216995,-8.489284902808145e-4,0.07694933964502611,0.03496192683279049,-0.17584827349073054,0.047438772773977525
WK065415,'s-Heerenhoek,2022,4.070057426050491,-0.03220742509319372,0.009694597578436121,0.06855975377567233,0.03990067220834801,-0.2040088138515809,0.053646365195930426
WK066401,Wijk 01 Goes,2002,4.072635778149356,-0.02962907299432928,NA,NA,NA,NA,NA
WK066401,Wijk 01 Goes,2008,4.114114528877476,0.011849677733790517,NA,NA,NA,NA,NA
WK066401,Wijk 01 Goes,2012,4.1004043605721865,-0.0018604905714986121,NA,NA,NA,NA,NA
WK066401,Wijk 01 Goes,2014,4.119969328081071,0.01770447693738604,0.012155747171716446,0.014133522350969738,-6.180667269066506e-4,-0.011308752996473829,0.0033420271380800717
WK066401,Wijk 01 Goes,2016,4.131696145094644,0.02943129395095842,NA,NA,NA,NA,NA
WK066401,Wijk 01 Goes,2018,4.1313504427768155,0.029085591633130358,0.010195492533905228,0.02394188281619176,9.610801577390986e-4,-0.014526719927921114,0.008513856053215108
WK066401,Wijk 01 Goes,2020,4.137310980489934,0.035046129346248296,0.020030465877848257,0.017760874527798166,0.0010532993728804452,-0.01026460925983114,0.0064660988275522914
WK066401,Wijk 01 Goes,2022,4.149531263524889,0.047266412381203556,0.020832761689161063,0.019624956238812295,-0.0015816941099398686,-0.00487960200693094,0.013269990570100714
WK066402,Wijk 02 Wilhelminadorp,2002,4.197224013878285,0.09495916273459909,NA,NA,NA,NA,NA
WK066402,Wijk 02 Wilhelminadorp,2008,4.228316983938392,0.12605213279470626,NA,NA,NA,NA,NA
WK066402,Wijk 02 Wilhelminadorp,2012,4.2173413460619935,0.11507649491830763,NA,NA,NA,NA,NA
WK066402,Wijk 02 Wilhelminadorp,2014,4.212380745937323,0.11011589479363777,0.023103610728918048,0.11924427009352981,0.06064683234349222,-0.13805340469711078,0.045174586324808245
WK066402,Wijk 02 Wilhelminadorp,2016,4.224423190057288,0.12215833891360296,NA,NA,NA,NA,NA
WK066402,Wijk 02 Wilhelminadorp,2018,4.206192604370393,0.10392775322670786,0.02881990859869724,0.11203193658039438,0.056910616835746025,-0.1384014835810515,0.04456677479292141
WK066402,Wijk 02 Wilhelminadorp,2020,4.209269957484304,0.10700510634061908,0.029485527881655513,0.12378090257388394,0.04929025888454818,-0.12906068050703082,0.03350909750756199
WK066402,Wijk 02 Wilhelminadorp,2022,4.175032690376036,0.07276783923235104,0.031793128093620796,0.07584734495707458,0.04589593038870486,-0.12920897965629966,0.0484404154492502
WK066403,Wijk 03 Kloetinge,2002,4.181718173754232,0.07945332261054723,NA,NA,NA,NA,NA
WK066403,Wijk 03 Kloetinge,2008,4.231890727907369,0.12962587676368392,NA,NA,NA,NA,NA
WK066403,Wijk 03 Kloetinge,2012,4.219331215957269,0.11706636481358366,NA,NA,NA,NA,NA
WK066403,Wijk 03 Kloetinge,2014,4.2146906280874745,0.1124257769437895,0.002689077549565964,0.07869356226597654,0.05040506309189959,-0.04560198314012937,0.026240057176476518
WK066403,Wijk 03 Kloetinge,2016,4.230347871461592,0.12808302031790708,NA,NA,NA,NA,NA
WK066403,Wijk 03 Kloetinge,2018,4.223917562140581,0.12165271099689648,0.005675715096998635,0.08390342336694764,0.050281382866849016,-0.04497250904669612,0.02676469871279702
WK066403,Wijk 03 Kloetinge,2020,4.204178938837426,0.10191408769374148,0.012959691022825286,0.0633313511759895,0.04015079424352194,-0.04315136755360123,0.028623618805005753
WK066403,Wijk 03 Kloetinge,2022,4.2010310749592294,0.09876622381554385,0.014217195851759444,0.05651393743523301,0.03643011645854145,-0.0434548535960451,0.03505982766605471
WK066404,Wijk 04 Kattendijke,2002,4.146853431152414,0.04458858000872911,NA,NA,NA,NA,NA
WK066404,Wijk 04 Kattendijke,2008,4.172873396725751,0.07060854558206554,NA,NA,NA,NA,NA
WK066404,Wijk 04 Kattendijke,2012,4.14816606614157,0.045901214997884264,NA,NA,NA,NA,NA
WK066404,Wijk 04 Kattendijke,2014,4.176939102316226,0.07467425117254053,0.02499542309574855,0.09828398211608383,0.08361786358111985,-0.1767531771000197,0.04453015947960776
WK066404,Wijk 04 Kattendijke,2016,4.156808877868761,0.05454402672507541,NA,NA,NA,NA,NA
WK066404,Wijk 04 Kattendijke,2018,4.180803186234767,0.07853833509108206,0.03491816428349237,0.10582994664460944,0.0810955595730095,-0.18890195424042888,0.0455966188303994
WK066404,Wijk 04 Kattendijke,2020,4.194231885548418,0.09196703440473233,0.04862315244229103,0.11418453342699499,0.06847172068324901,-0.1850759940712339,0.04576362192343094
WK066404,Wijk 04 Kattendijke,2022,4.221137735645481,0.1188728845017959,0.053044025860049214,0.11845406413109175,0.06787887340338924,-0.19100849894059296,0.07050442004785842
WK066405,Wijk 05 's-Heer-Arendskerke,2002,4.0780069884671075,-0.024257862676577455,NA,NA,NA,NA,NA
WK066405,Wijk 05 's-Heer-Arendskerke,2008,4.127064127572117,0.024799276428431407,NA,NA,NA,NA,NA
WK066405,Wijk 05 's-Heer-Arendskerke,2012,4.124337785029173,0.022072933885487915,NA,NA,NA,NA,NA
WK066405,Wijk 05 's-Heer-Arendskerke,2014,4.155518350815923,0.05325349967223702,-0.006237059743275151,0.10103440991506273,0.05523142064979142,-0.13754513721156003,0.040769866062217795
WK066405,Wijk 05 's-Heer-Arendskerke,2016,4.166376406460497,0.06411155531681165,NA,NA,NA,NA,NA
WK066405,Wijk 05 's-Heer-Arendskerke,2018,4.142665654565389,0.04040080342170365,1.3304189284823139e-4,0.08193965152615504,0.056708559658460604,-0.14329174423191274,0.04491129457615219
WK066405,Wijk 05 's-Heer-Arendskerke,2020,4.152590353031839,0.05032550188815459,-0.0025304358275246466,0.10169281119873556,0.04140342709350585,-0.13587647494619412,0.045636174369631674
WK066405,Wijk 05 's-Heer-Arendskerke,2022,4.134535108735879,0.03227025759219345,0.005204496460052444,0.07805882362229292,0.038396090762210844,-0.14635896779804308,0.05696981454568003
WK066406,Wijk 06 Eindewege,2002,4.106567538903049,0.004302687759363999,NA,NA,NA,NA,NA
WK066406,Wijk 06 Eindewege,2008,4.181287447616482,0.07902259647279643,NA,NA,NA,NA,NA
WK066406,Wijk 06 Eindewege,2012,4.191103946623032,0.08883909547934687,NA,NA,NA,NA,NA
WK066406,Wijk 06 Eindewege,2014,4.183254380554096,0.08098952941041056,-0.06382640645774215,0.09767799598756491,0.0987874111448823,-0.14768096023397254,0.09603148896967784
WK066406,Wijk 06 Eindewege,2016,4.208963447326542,0.1066985961828561,NA,NA,NA,NA,NA
WK066406,Wijk 06 Eindewege,2018,4.213852462807202,0.1115876116635162,-0.06001443996281258,0.09094429809524739,0.1324571373124385,-0.15341577382405397,0.10161639004269667
WK066406,Wijk 06 Eindewege,2020,4.205286479972165,0.10302162882848,-0.060177745917750006,0.11789893584490965,0.08932854680021847,-0.14666143457082176,0.10263332667192326
WK066406,Wijk 06 Eindewege,2022,4.184174482520453,0.08190963137676767,-0.07018036016344038,0.10946257912481128,0.08489605845831372,-0.15226791681003046,0.10999927076711327
WK066407,Wijk 07 's-Heer-Hendrikskinderen,2002,4.236811710814497,0.13454685967081206,NA,NA,NA,NA,NA
WK066407,Wijk 07 's-Heer-Hendrikskinderen,2008,4.232036528498256,0.1297716773545709,NA,NA,NA,NA,NA
WK066407,Wijk 07 's-Heer-Hendrikskinderen,2012,4.226679436556216,0.12441458541252988,NA,NA,NA,NA,NA
WK066407,Wijk 07 's-Heer-Hendrikskinderen,2014,4.215844128700119,0.11357927755643334,-0.0035640289052733874,0.09389028980502628,0.05705642352578739,-0.06700758343186329,0.03320417656275604
WK066407,Wijk 07 's-Heer-Hendrikskinderen,2016,4.23394611832061,0.13168126717692477,NA,NA,NA,NA,NA
WK066407,Wijk 07 's-Heer-Hendrikskinderen,2018,4.2370942342774205,0.1348293831337358,-7.607707160989331e-4,0.11294379684867492,0.05622909847136859,-0.07202004659370762,0.03843730512349844
WK066407,Wijk 07 's-Heer-Hendrikskinderen,2020,4.213562695841764,0.1112978446980786,-0.024696313430078793,0.11255505248697527,0.04880287033681276,-0.06058882895337546,0.03522506425774453
WK066407,Wijk 07 's-Heer-Hendrikskinderen,2022,4.197002097927506,0.09473724678382009,-0.025161673117462407,0.10242867674508163,0.04831264138055796,-0.07011095112950619,0.03926855290514887
WK066408,Wijk 08 Wolphaartsdijk,2002,4.180412698062206,0.07814784691852093,NA,NA,NA,NA,NA
WK066408,Wijk 08 Wolphaartsdijk,2008,4.191824117279606,0.0895592661359208,NA,NA,NA,NA,NA
WK066408,Wijk 08 Wolphaartsdijk,2012,4.157752175806942,0.055487324663257016,NA,NA,NA,NA,NA
WK066408,Wijk 08 Wolphaartsdijk,2014,4.1734557852727,0.07119093412901448,0.023949615876137784,0.1188322868123709,0.067664589893871,-0.1809435878832859,0.04168802942992038
WK066408,Wijk 08 Wolphaartsdijk,2016,4.135718373451491,0.0334535223078052,NA,NA,NA,NA,NA
WK066408,Wijk 08 Wolphaartsdijk,2018,4.1374155497762235,0.03515069863253838,0.028885100846961206,0.10575566120881519,0.05825070551168148,-0.1864270808555578,0.028686311920638034
WK066408,Wijk 08 Wolphaartsdijk,2020,4.156146602236272,0.05388175109258706,0.03513187612897258,0.1003563794642598,0.052564523764724626,-0.17652261701330307,0.042351588747932864
WK066408,Wijk 08 Wolphaartsdijk,2022,4.13639378047309,0.03412892932940481,0.026371823644569532,0.09373587920378565,0.044193093272706076,-0.18135801855161807,0.05118615175996141
WK066409,Wijk 09 Oud-Sabbinge,2002,4.337059205113919,0.2347943539702333,NA,NA,NA,NA,NA
WK066409,Wijk 09 Oud-Sabbinge,2008,4.259926819787572,0.15766196864388632,NA,NA,NA,NA,NA
WK066409,Wijk 09 Oud-Sabbinge,2012,4.2262903410792285,0.12402548993554367,NA,NA,NA,NA,NA
WK066409,Wijk 09 Oud-Sabbinge,2014,4.184049312328517,0.08178446118483172,-0.00196671657473893,0.1063813973510411,0.10316491672194734,-0.19983705716061795,0.07404192084719992
WK066409,Wijk 09 Oud-Sabbinge,2016,4.21654314030558,0.11427828916189492,NA,NA,NA,NA,NA
WK066409,Wijk 09 Oud-Sabbinge,2018,4.202038753321291,0.09977390217760497,0.0020200488888007916,0.12724377109918186,0.09991568918790794,-0.2054535160506175,0.07604790905233168
WK066409,Wijk 09 Oud-Sabbinge,2020,4.1914179691211775,0.08915311797749277,0.0036985691999571178,0.13028316210479393,0.0755573383508642,-0.19679930685206917,0.07641335517394637
WK066409,Wijk 09 Oud-Sabbinge,2022,4.188338710654161,0.08607385951047515,0.007815015489308815,0.1261640049597604,0.07062419364103839,-0.20511354672337004,0.08658419214373723
WK066801,Wijk 01 Alphen,2002,4.046957311679209,-0.055307539464476536,NA,NA,NA,NA,NA
WK066801,Wijk 01 Alphen,2008,4.022787417868379,-0.07947743327530651,NA,NA,NA,NA,NA
WK066801,Wijk 01 Alphen,2012,4.0451762799738615,-0.057088571169824236,NA,NA,NA,NA,NA
WK066801,Wijk 01 Alphen,2014,4.117585498065729,0.01532064692204394,-0.00962354932902822,0.08423235642319393,0.08216287393526948,-0.20507617004751738,0.06362513594012582
WK066801,Wijk 01 Alphen,2016,4.119340309859313,0.01707545871562765,NA,NA,NA,NA,NA
WK066801,Wijk 01 Alphen,2018,4.1286181847167365,0.02635333357305106,-0.014096150497983741,0.09651535668811762,0.08471258805783613,-0.2041325379472039,0.06335407727228477
WK066801,Wijk 01 Alphen,2020,4.123799553260422,0.02153470211673714,-0.01215451696138537,0.10094481522836918,0.07331033437729687,-0.20041561820682288,0.059849687679279104
WK066801,Wijk 01 Alphen,2022,4.094939246564517,-0.007325604579167972,-0.00771487507648116,0.09278454972204683,0.06793615899414648,-0.21983217655744694,0.059500738338566485
WK066802,Wijk 02 Altforst,2002,4.116454750898033,0.014189899754347417,NA,NA,NA,NA,NA
WK066802,Wijk 02 Altforst,2008,4.129342920269828,0.02707806912614299,NA,NA,NA,NA,NA
WK066802,Wijk 02 Altforst,2012,4.130844497979963,0.02857964683627782,NA,NA,NA,NA,NA
WK066802,Wijk 02 Altforst,2014,4.181791864773307,0.07952701362962146,-0.04072662500066472,0.11511221012823945,0.10870139580691385,-0.17635383242422462,0.07279386511935725
WK066802,Wijk 02 Altforst,2016,4.1977805446260446,0.09551569348235933,NA,NA,NA,NA,NA
WK066802,Wijk 02 Altforst,2018,4.2053772408213925,0.10311238967770704,-0.009966190333428543,0.11385405163282233,0.10019377894200295,-0.1739088859121309,0.07293963534844103
WK066802,Wijk 02 Altforst,2020,4.21311382354575,0.11084897240206484,-0.01094677486743272,0.11575093665825818,0.09881004744175297,-0.16365982828102985,0.07089459145051595
WK066802,Wijk 02 Altforst,2022,4.18706459691949,0.08479974577580497,-0.009386782002278962,0.10133313755844031,0.09181000086774282,-0.17223251829305572,0.0732759076449563
WK066803,Wijk 03 Appeltern,2002,4.144259026268531,0.04199417512484642,NA,NA,NA,NA,NA
WK066803,Wijk 03 Appeltern,2008,4.091537861047479,-0.010726990096206084,NA,NA,NA,NA,NA
WK066803,Wijk 03 Appeltern,2012,4.121462316195098,0.019197465051412885,NA,NA,NA,NA,NA
WK066803,Wijk 03 Appeltern,2014,4.159263145050281,0.056998293906596074,-0.0024523797188526777,0.0750038253896821,0.0917713398061422,-0.17870578273735346,0.07138129116697764
WK066803,Wijk 03 Appeltern,2016,4.218909490821741,0.11664463967805605,NA,NA,NA,NA,NA
WK066803,Wijk 03 Appeltern,2018,4.172415382543692,0.07015053140000697,0.0039492013567538715,0.08356367898893546,0.09158233034179657,-0.18405334757715,0.07510866828967082
WK066803,Wijk 03 Appeltern,2020,4.155624048054777,0.05335919691109147,0.012146732561608808,0.08473501354776355,0.06872662305163207,-0.18022745853821173,0.06797828628829843
WK066803,Wijk 03 Appeltern,2022,4.1874460717276305,0.08518122058394545,0.01777160896656859,0.09766453856192862,0.06742716754517297,-0.17194639806811884,0.0742643035783939
WK066804,Wijk 04 Beneden-Leeuwen,2002,4.120054444885017,0.017789593741332228,NA,NA,NA,NA,NA
WK066804,Wijk 04 Beneden-Leeuwen,2008,4.125915362469297,0.02365051132561195,NA,NA,NA,NA,NA
WK066804,Wijk 04 Beneden-Leeuwen,2012,4.134646215088309,0.03238136394462373,NA,NA,NA,NA,NA
WK066804,Wijk 04 Beneden-Leeuwen,2014,4.147191254329627,0.04492640318594132,-0.015763029888289606,0.06350493426851167,0.03663524458813206,-0.07107592732299772,0.031625181540584656
WK066804,Wijk 04 Beneden-Leeuwen,2016,4.156744222721133,0.054479371577447665,NA,NA,NA,NA,NA
WK066804,Wijk 04 Beneden-Leeuwen,2018,4.135976166915797,0.033711315772112005,-0.020005777998284013,0.05912824869461813,0.029118403081974872,-0.06983171714586274,0.03530215913966547
WK066804,Wijk 04 Beneden-Leeuwen,2020,4.136209573508471,0.0339447223647856,-0.014972433456441284,0.05368797540889658,0.02272100037380173,-0.060700216988692504,0.03320839702722077
WK066804,Wijk 04 Beneden-Leeuwen,2022,4.148338835742613,0.04607398459892716,-0.017110723194078428,0.08109179156786772,0.031146064372047515,-0.08270790152043764,0.03365475337352771
WK066805,Wijk 05 Boven-Leeuwen,2002,4.0937083113817545,-0.008556539761930784,NA,NA,NA,NA,NA
WK066805,Wijk 05 Boven-Leeuwen,2008,4.102804174091609,5.393229479235885e-4,NA,NA,NA,NA,NA
WK066805,Wijk 05 Boven-Leeuwen,2012,4.1341667102034005,0.0319018590597155,NA,NA,NA,NA,NA
WK066805,Wijk 05 Boven-Leeuwen,2014,4.145951249915336,0.04368639877164991,-0.02407060582386852,0.08099608549189927,0.06571831091084712,-0.1358872317806315,0.05692983997340332
WK066805,Wijk 05 Boven-Leeuwen,2016,4.142204712558109,0.039939861414423655,NA,NA,NA,NA,NA
WK066805,Wijk 05 Boven-Leeuwen,2018,4.140856115194718,0.03859126405103343,-0.021506172171310647,0.08211731527956109,0.06743296920389595,-0.1459285444832437,0.05647569622213041
WK066805,Wijk 05 Boven-Leeuwen,2020,4.131890207676152,0.02962535653246682,-0.01973064421336367,0.0760325826863355,0.054710258584082176,-0.13743022863147397,0.056043388106886506
WK066805,Wijk 05 Boven-Leeuwen,2022,4.118107656108607,0.015842804964921152,-0.020358844277294164,0.07807072808335895,0.0506201270654228,-0.14719073380549091,0.0547015278989242
WK066806,Wijk 06 Dreumel,2002,4.023848283082212,-0.07841656806147308,NA,NA,NA,NA,NA
WK066806,Wijk 06 Dreumel,2008,4.0346552598488445,-0.06760959129484083,NA,NA,NA,NA,NA
WK066806,Wijk 06 Dreumel,2012,4.056337304558146,-0.04592754658553912,NA,NA,NA,NA,NA
WK066806,Wijk 06 Dreumel,2014,4.089651251042437,-0.01261360010124801,-0.02852777915922085,0.08099600087429726,0.07831709791624597,-0.19092824633247374,0.04752932659990308
WK066806,Wijk 06 Dreumel,2016,4.094484815154977,-0.007780035988708136,NA,NA,NA,NA,NA
WK066806,Wijk 06 Dreumel,2018,4.116294143158203,0.014029292014518063,-0.03321266967740902,0.09475268391306671,0.07563625917350841,-0.17662050275387095,0.05347352135922255
WK066806,Wijk 06 Dreumel,2020,4.109691145783919,0.007426294640233863,-0.028110426492686007,0.077872736317681407,0.06640983672290593,-0.1595399779529741,0.05079412604530633
WK066806,Wijk 06 Dreumel,2022,4.096496875860623,-0.005767975283061921,-0.02592216925378972,0.08559276646275318,0.06154966863288774,-0.17897138294664253,0.05198314182172922
WK066807,Wijk 07 Maasbommel,2002,4.127556327824547,0.025291476680861916,NA,NA,NA,NA,NA
WK066807,Wijk 07 Maasbommel,2008,4.101220060646517,-0.0010447904971682682,NA,NA,NA,NA,NA
WK066807,Wijk 07 Maasbommel,2012,4.131457184731031,0.02919233358734502,NA,NA,NA,NA,NA
WK066807,Wijk 07 Maasbommel,2014,4.165903722649845,0.0636388715061597,0.0015499669883213211,0.09883817214332824,0.08166197950790714,-0.162823903765827,0.04441265663242972
WK066807,Wijk 07 Maasbommel,2016,4.138181449766241,0.035916598622555786,NA,NA,NA,NA,NA
WK066807,Wijk 07 Maasbommel,2018,4.157581600441366,0.05531674929768114,-0.009233219718442487,0.1092333229141638,0.07066130471482238,-0.1739216397542337,0.05857698114137092
WK066807,Wijk 07 Maasbommel,2020,4.140038622995947,0.037773771852262085,-0.005055014388243434,0.09619650513247445,0.07171019945159186,-0.17787864442632428,0.05280072608276327
WK066807,Wijk 07 Maasbommel,2022,4.145247165901059,0.04298231475737314,0.0016132479062983085,0.10790628571205156,0.06297728148442867,-0.18609262151071268,0.056578121165307
WK066808,Wijk 08 Wamel,2002,4.069988012049577,-0.03227683909410822,NA,NA,NA,NA,NA
WK066808,Wijk 08 Wamel,2008,4.088811757633277,-0.01345309351040847,NA,NA,NA,NA,NA
WK066808,Wijk 08 Wamel,2012,4.1021285543842945,-1.3629675939132643e-4,NA,NA,NA,NA,NA
WK066808,Wijk 08 Wamel,2014,4.146193733293212,0.04392888214952747,-0.028030193478937926,0.0882902298419795,0.06336094569583109,-0.12896304778166762,0.04927094787232211
WK066808,Wijk 08 Wamel,2016,4.127284666745067,0.025019815601381508,NA,NA,NA,NA,NA
WK066808,Wijk 08 Wamel,2018,4.139881492382696,0.03761664123901167,-0.02387439039282314,0.08648461786719439,0.050143765055784384,-0.12575321842239828,0.0506158671312541
WK066808,Wijk 08 Wamel,2020,4.112937081678217,0.01067223053453201,-0.0319942100053621,0.07463901764249621,0.041996800035302206,-0.12104013467325994,0.0470707575353554
WK066808,Wijk 08 Wamel,2022,4.145624846379131,0.043359995235445224,-0.024255926409226636,0.09252957864831642,0.05387522473305696,-0.13055602731212343,0.05176714557542165
WK067701,Hulst,2002,4.063879187337792,-0.03838566380589219,NA,NA,NA,NA,NA
WK067701,Hulst,2008,4.0950506754857825,-0.0072141756579025985,NA,NA,NA,NA,NA
WK067701,Hulst,2012,4.077960163255092,-0.024304687888593017,NA,NA,NA,NA,NA
WK067701,Hulst,2014,4.095692989508124,-0.006571861635561115,0.029787402042786078,0.033559428863315914,0.031219542270075118,-0.13123931174440875,0.03010107693267024
WK067701,Hulst,2016,4.093608682623606,-0.008656168520078536,NA,NA,NA,NA,NA
WK067701,Hulst,2018,4.108011567564369,0.005746716420684016,0.03820961269232795,0.03030376017854917,0.03733636569751427,-0.1320349078651534,0.03193188571744576
WK067701,Hulst,2020,4.117376985249029,0.015112134105344042,0.04005921366728066,0.03251466247582125,0.035085965549229235,-0.12676699757584622,0.034219289988858884
WK067701,Hulst,2022,4.127883520132175,0.025618668988489798,0.045836165199046965,0.029427273573999588,0.03688012246888592,-0.1160536586361134,0.029528766382670435
WK067702,Sint Jansteen,2002,4.077948411083886,-0.02431644005979907,NA,NA,NA,NA,NA
WK067702,Sint Jansteen,2008,4.085921299497458,-0.016343551646227465,NA,NA,NA,NA,NA
WK067702,Sint Jansteen,2012,4.0463593982243315,-0.05590545291935377,NA,NA,NA,NA,NA
WK067702,Sint Jansteen,2014,4.076116603962587,-0.026148247181097574,0.016018951561529236,0.04759599547543821,0.04480469101494511,-0.17073960631286322,0.0361717210798528
WK067702,Sint Jansteen,2016,4.074966301225559,-0.02729854991812654,NA,NA,NA,NA,NA
WK067702,Sint Jansteen,2018,4.093689080358763,-0.008575770784922752,0.028170150663567813,0.056428649787237814,0.04365735253357773,-0.17441459403919635,0.03758267026988993
WK067702,Sint Jansteen,2020,4.09446895081759,-0.007795900326095678,0.029961266956865587,0.060229347509802675,0.040425203316962775,-0.16570477606657538,0.027293057956848388
WK067702,Sint Jansteen,2022,4.089463190303387,-0.012801660840298539,0.04133975456862637,0.043136415397632785,0.03806016683609136,-0.16897341112178987,0.033635413479140494
WK067703,Clinge,2002,4.088322162033071,-0.01394268911061457,NA,NA,NA,NA,NA
WK067703,Clinge,2008,4.092172022001051,-0.010092829142633935,NA,NA,NA,NA,NA
WK067703,Clinge,2012,4.073850562915857,-0.028414288227828207,NA,NA,NA,NA,NA
WK067703,Clinge,2014,4.085741515957492,-0.016523335186192728,0.02299101047841028,0.06957090570355222,0.05441717606234758,-0.2141680192960511,0.05066559186554803
WK067703,Clinge,2016,4.107806130590094,0.0055412794464090665,NA,NA,NA,NA,NA
WK067703,Clinge,2018,4.090256894197331,-0.012007956946353827,0.031034826359883125,0.07311046065319626,0.05823756879159965,-0.21913133546219365,0.04474052271116048
WK067703,Clinge,2020,4.105946583024462,0.0036817318807766787,0.0335059705273806,0.07534011817175866,0.05124475312279616,-0.20772842665122052,0.0513193167100615
WK067703,Clinge,2022,4.073429474533055,-0.0288353766106308,0.044592488688636744,0.06205047231369446,0.04979645816092395,-0.20740384605372544,0.022129050279839222
WK067704,Graauw,2002,4.088456641454218,-0.013808209689467974,NA,NA,NA,NA,NA
WK067704,Graauw,2008,4.073765457088005,-0.02849939405568058,NA,NA,NA,NA,NA
WK067704,Graauw,2012,4.064834292217412,-0.037430558926272846,NA,NA,NA,NA,NA
WK067704,Graauw,2014,4.139620124012515,0.037355272868828865,0.032627967679867136,0.09103067736322079,0.08976592764223275,-0.2633738980245647,0.0873045982080726
WK067704,Graauw,2016,4.185556785858396,0.0832919347147111,NA,NA,NA,NA,NA
WK067704,Graauw,2018,4.1884064380480766,0.08614158690439186,0.05481973936866228,0.11478592602587494,0.093419046115783,-0.26436741761723853,0.08748429301130992
WK067704,Graauw,2020,4.151946785921808,0.04968193477812299,0.05451723880693903,0.10565603180116008,0.06448214388823105,-0.2609943503308303,0.08602087061262284
WK067704,Graauw,2022,4.138953306516194,0.03668845537250877,0.05467021972396594,0.09356498485036029,0.06490570966573826,-0.2558951516395306,0.07944269277197466
WK067705,Heikant,2002,4.039568398721066,-0.06269645242261906,NA,NA,NA,NA,NA
WK067705,Heikant,2008,4.048497393793449,-0.053767457350236775,NA,NA,NA,NA,NA
WK067705,Heikant,2012,4.047634743826636,-0.05463010731704873,NA,NA,NA,NA,NA
WK067705,Heikant,2014,4.097755838419784,-0.0045090127239013145,-0.005073199535552373,0.08483152077571082,0.09491496795916135,-0.23852436506271527,0.059342063139493924
WK067705,Heikant,2016,4.059484494629821,-0.04278035651386427,NA,NA,NA,NA,NA
WK067705,Heikant,2018,4.1275958068573155,0.025330955713630733,0.016025332396162467,0.09659278746499102,0.09083941402725944,-0.23909145334439894,0.060964875169616545
WK067705,Heikant,2020,4.098807342136119,-0.0034575090075659033,0.010758624621352322,0.09155514060134473,0.06655037654995095,-0.23508467508237604,0.06276302430216185
WK067705,Heikant,2022,4.094501155475161,-0.007763695668524656,0.022691152408713437,0.07932816508232914,0.0629598701034736,-0.2286194454305285,0.055876562167487355
WK067706,Nieuw Namen,2002,4.0109019558791035,-0.09136289526458169,NA,NA,NA,NA,NA
WK067706,Nieuw Namen,2008,4.004814848899582,-0.09745000224410298,NA,NA,NA,NA,NA
WK067706,Nieuw Namen,2012,4.00057555694291,-0.10168929420077495,NA,NA,NA,NA,NA
WK067706,Nieuw Namen,2014,4.017940379693042,-0.08432447145064297,-4.259507776135752e-6,0.10696642564903527,0.07035445251510335,-0.29708623113860416,0.03544514103159846
WK067706,Nieuw Namen,2016,4.019017638376281,-0.08324721276740461,NA,NA,NA,NA,NA
WK067706,Nieuw Namen,2018,4.0711373837940315,-0.031127467349653264,0.020538677212402635,0.09936184426876231,0.07600878507984479,-0.29706641975080655,0.07002964584014329
WK067706,Nieuw Namen,2020,4.096966234831662,-0.005298616312022985,0.031948331881290426,0.11443254401200004,0.06883915464541181,-0.29054779646665185,0.07002914961592627
WK067706,Nieuw Namen,2022,4.035539694562229,-0.06672515658145596,0.028816122233358197,0.10501170342548624,0.06922134787943733,-0.28933353848044674,0.019559208360708704
WK067707,Kapellebrug,2002,4.130574338554166,0.028309487410481348,NA,NA,NA,NA,NA
WK067707,Kapellebrug,2008,4.121032975812202,0.01876812466851703,NA,NA,NA,NA,NA
WK067707,Kapellebrug,2012,4.145560225354226,0.0432953742105408,NA,NA,NA,NA,NA
WK067707,Kapellebrug,2014,4.140374511703727,0.03810966056004132,0.009214872957308084,0.08221565473796923,0.09317311440549421,-0.20830061525888927,0.061806633718158775
WK067707,Kapellebrug,2016,4.121394819192971,0.019129968049285098,NA,NA,NA,NA,NA
WK067707,Kapellebrug,2018,4.174408543809849,0.07214369266616343,0.029093325143105673,0.08152855799096492,0.0906203144320622,-0.21016392350989677,0.08106541860992707
WK067707,Kapellebrug,2020,4.132578206172388,0.030313355028703404,0.023013430073560905,0.04465617014888944,0.08512142222528225,-0.205449799488027,0.08297213206899758
WK067707,Kapellebrug,2022,4.148379505789471,0.04611465464578596,0.005968988124798335,0.09699734156982108,0.09615176348318266,-0.20022554170473617,0.04722210317271964
WK067708,Kloosterzande,2002,3.987613800338246,-0.11465105080543923,NA,NA,NA,NA,NA
WK067708,Kloosterzande,2008,4.039100578469075,-0.06316427267460997,NA,NA,NA,NA,NA
WK067708,Kloosterzande,2012,4.034417849009199,-0.06784700213448612,NA,NA,NA,NA,NA
WK067708,Kloosterzande,2014,4.087745388765936,-0.014519462377749917,0.008115533155475571,0.0831719732389855,0.053032474785825755,-0.20366785230421733,0.044828408746180326
WK067708,Kloosterzande,2016,4.095653389764329,-0.006611461379356586,NA,NA,NA,NA,NA
WK067708,Kloosterzande,2018,4.078769831384711,-0.02349501975897443,0.023263117802549645,0.07843207639395965,0.050642325154460224,-0.21502431571247074,0.03919177660252651
WK067708,Kloosterzande,2020,4.070014730753822,-0.03225012038986278,0.025099065965323793,0.06814030755202397,0.050232156436366575,-0.21009432532671943,0.03437267498314207
WK067708,Kloosterzande,2022,4.086297425265344,-0.015967425878341775,0.03527671455005646,0.06375587449227747,0.05077206537625158,-0.20673047228912925,0.04095839199220173
WK067709,Lamswaarde,2002,3.944194149062148,-0.1580707020815374,NA,NA,NA,NA,NA
WK067709,Lamswaarde,2008,3.990996735383366,-0.11126811576031902,NA,NA,NA,NA,NA
WK067709,Lamswaarde,2012,4.009417912743148,-0.09284693840053784,NA,NA,NA,NA,NA
WK067709,Lamswaarde,2014,4.097922231977986,-0.004342619165699883,-0.0015353647841803175,0.10649550153086393,0.07343960786446084,-0.25457479031221164,0.07183242653536702
WK067709,Lamswaarde,2016,4.045151949639872,-0.05711290150381296,NA,NA,NA,NA,NA
WK067709,Lamswaarde,2018,4.100553098708552,-0.0017117524351337472,0.03617257115385617,0.0735612371494709,0.07965787208444604,-0.2566730726734353,0.06556963985052817
WK067709,Lamswaarde,2020,4.070494786505796,-0.03177006463788926,0.03564962182150119,0.05524834775250483,0.05875756660490771,-0.2532843194159103,0.071858718599107
WK067709,Lamswaarde,2022,4.09911781593435,-0.003147035209335386,0.021773724420939052,0.08879388518922265,0.05360729175752601,-0.24919367480679747,0.08187173822977403
WK067710,Terhole,2002,3.983450331475667,-0.11881451966801841,NA,NA,NA,NA,NA
WK067710,Terhole,2008,4.002805890276921,-0.09945896086676397,NA,NA,NA,NA,NA
WK067710,Terhole,2012,3.9753046864396624,-0.1269601647040227,NA,NA,NA,NA,NA
WK067710,Terhole,2014,4.102085836509042,-1.790146346430315e-4,0.03387971822341727,0.08855483820918113,0.07682082188122727,-0.23791983817162984,0.03848544522316092
WK067710,Terhole,2016,4.095912820919046,-0.006352030224639825,NA,NA,NA,NA,NA
WK067710,Terhole,2018,4.115802506298289,0.013537655154604054,0.04747160707413353,0.06264362685525916,0.08231271987588154,-0.24064379845736752,0.06175349980669702
WK067710,Terhole,2020,4.049451728161329,-0.05281312298235579,0.046226681024509296,0.060298010058428234,0.058744743797848734,-0.2396883418233344,0.021605783960192033
WK067710,Terhole,2022,4.093138272195869,-0.00912657894781627,0.04525871589590461,0.06423160098980397,0.0603704922317777,-0.23168631710410612,0.05269892903880326
WK067711,Vogelwaarde,2002,3.9802362168468886,-0.12202863429679692,NA,NA,NA,NA,NA
WK067711,Vogelwaarde,2008,4.050523138977678,-0.05174171216600639,NA,NA,NA,NA,NA
WK067711,Vogelwaarde,2012,4.022918197834712,-0.07934665330897286,NA,NA,NA,NA,NA
WK067711,Vogelwaarde,2014,4.04228288604638,-0.059981965097304725,0.01028503605618141,0.04677418947974665,0.06759463414819102,-0.2362394817605197,0.05160365697909567
WK067711,Vogelwaarde,2016,4.029177753313325,-0.07308709783036046,NA,NA,NA,NA,NA
WK067711,Vogelwaarde,2018,4.066536609336295,-0.035728241807389795,0.03049332005074469,0.05744182037213991,0.06746244393309139,-0.2417054138124566,0.05057958764909059
WK067711,Vogelwaarde,2020,4.0482542080483945,-0.05401064309529024,0.031526166178402315,0.03873023508753355,0.0583810939504488,-0.2332691749731966,0.05062103666152142
WK067711,Vogelwaarde,2022,4.048171995766316,-0.054092855377369575,0.023332349844105312,0.05108632280467816,0.0593484026874701,-0.23696247699722311,0.049102546283599606
WK067712,Hengstdijk,2002,4.0405741970358156,-0.061690654107869385,NA,NA,NA,NA,NA
WK067712,Hengstdijk,2008,4.075552732701239,-0.02671211844244549,NA,NA,NA,NA,NA
WK067712,Hengstdijk,2012,4.098410351204777,-0.003854499938908125,NA,NA,NA,NA,NA
WK067712,Hengstdijk,2014,4.1456994889897345,0.04343463784604865,0.014211576856470015,0.11553290047858057,0.10742190457794147,-0.24700378724976135,0.0532720431828176
WK067712,Hengstdijk,2016,4.102185750497824,-7.910064586053545e-5,NA,NA,NA,NA,NA
WK067712,Hengstdijk,2018,4.159243388038662,0.056978536894976034,0.048480837090821856,0.09677686168332406,0.11288202935054761,-0.25338280624466836,0.05222161501495056
WK067712,Hengstdijk,2020,4.149401969758265,0.047137118614579664,0.05174956239951449,0.08230150798335759,0.09870764821827029,-0.24981127725119157,0.06418967726462867
WK067712,Hengstdijk,2022,4.166084401846292,0.06381955070260661,0.054411100429893625,0.08717603370152928,0.10172700044323024,-0.2480322869403604,0.06853770306831344
WK067713,Ossenisse,2002,4.157626767925497,0.05536191678181182,NA,NA,NA,NA,NA
WK067713,Ossenisse,2008,4.1676345808077775,0.06536972966409252,NA,NA,NA,NA,NA
WK067713,Ossenisse,2012,4.121913259336193,0.019648408192507662,NA,NA,NA,NA,NA
WK067713,Ossenisse,2014,4.156763868945904,0.054499017802219246,0.017117167897507887,0.08906959367825311,0.15288982698796044,-0.2808944021768427,0.07631683141534033
WK067713,Ossenisse,2016,4.17958317736646,0.07731832622277499,NA,NA,NA,NA,NA
WK067713,Ossenisse,2018,4.190645353962626,0.08838050281894103,0.05702205767724136,0.10149046515659192,0.13549214621046088,-0.2848083094023514,0.07918414317699804
WK067713,Ossenisse,2020,4.1908649165966825,0.08860006545299698,0.059352528297898804,0.08878204381451478,0.12835062678768608,-0.28140057617485353,0.0935154427277506
WK067713,Ossenisse,2022,4.205010906043998,0.10274605490031252,0.06431258501599627,0.1091326714568126,0.122793554562419,-0.28224188666197747,0.08874913052706188
WK067714,Kuitaart,2002,4.167611828980309,0.06534697783662385,NA,NA,NA,NA,NA
WK067714,Kuitaart,2008,4.133479836892877,0.031214985749191994,NA,NA,NA,NA,NA
WK067714,Kuitaart,2012,4.095723529865449,-0.006541321278236189,NA,NA,NA,NA,NA
WK067714,Kuitaart,2014,4.184307366972872,0.08204251582918655,0.011584174646001382,0.10126951370583591,0.12623820861454815,-0.2528112949163307,0.09576191377913149
WK067714,Kuitaart,2016,4.187664559610489,0.085399708466804225,NA,NA,NA,NA,NA
WK067714,Kuitaart,2018,4.219903491734633,0.11763864059094821,0.035512493803155555,0.09541556680826849,0.14406023249828695,-0.2537772155492811,0.096427563030518
WK067714,Kuitaart,2020,4.148259243092119,0.04599439194843448,0.04175834521122711,0.08690031033645511,0.09860116257103521,-0.2508618852531421,0.06959645908285891
WK067714,Kuitaart,2022,4.188520304532364,0.08625545338867834,0.04022912819343858,0.09862485292183962,0.09879845142975693,-0.24507814219783805,0.09368116304148108
WK067715,Walsoorden,2002,4.149216396355273,0.046951545211587696,NA,NA,NA,NA,NA
WK067715,Walsoorden,2008,4.219702056251924,0.11743720510823824,NA,NA,NA,NA,NA
WK067715,Walsoorden,2012,4.172319569528674,0.07005471838498849,NA,NA,NA,NA,NA
WK067715,Walsoorden,2014,4.239263240400791,0.13699838925710597,-0.0028735639777696933,0.1410782438780193,0.16891889761114845,-0.2636241817343491,0.09349899348005666
WK067715,Walsoorden,2016,4.23582401025377,0.13355915911008492,NA,NA,NA,NA,NA
WK067715,Walsoorden,2018,4.209891245383362,0.10762639423967714,0.022014963917683154,0.11898707081661737,0.14031440412368568,-0.267054138890123,0.09336409427181354
WK067715,Walsoorden,2020,4.149839415232355,0.04757456408866994,0.021491914576404147,0.11015569720457269,0.08546229958534314,-0.26296551835193366,0.09343017107428325
WK067715,Walsoorden,2022,4.170127080800181,0.0678622296564954,0.026410798580734352,0.11881747470678944,0.08480345201039097,-0.2591899313697261,0.0970204357283063
WK067800,Wijk 00 Kapelle,2002,4.068944517401588,-0.03332033374209714,NA,NA,NA,NA,NA
WK067800,Wijk 00 Kapelle,2008,4.098446600545317,-0.0038182505983684173,NA,NA,NA,NA,NA
WK067800,Wijk 00 Kapelle,2012,4.098991063878431,-0.003273787265254268,NA,NA,NA,NA,NA
WK067800,Wijk 00 Kapelle,2014,4.182891075359706,0.08062622421602071,1.0878852435821309e-4,0.09217943151635692,0.04931237371373251,-0.0892359263180965,0.02826155677966927
WK067800,Wijk 00 Kapelle,2016,4.188416196090447,0.0861513449467619,NA,NA,NA,NA,NA
WK067800,Wijk 00 Kapelle,2018,4.178329676412852,0.07606482526916611,0.002679161402285332,0.09409743486542636,0.04240268480922391,-0.08771191184749025,0.024597456039720453
WK067800,Wijk 00 Kapelle,2020,4.173665293106378,0.07140044196269321,0.0039057306969607717,0.08042765582856272,0.039716974965071726,-0.08499753162803213,0.03234761210012987
WK067800,Wijk 00 Kapelle,2022,4.185449897143336,0.0831850459996509,0.00876859445116584,0.08816964161749871,0.038559454748793215,-0.08690363063045617,0.034590985812649064
WK067801,Wijk 01 Wemeldinge,2002,4.134907102608028,0.03264225146434245,NA,NA,NA,NA,NA
WK067801,Wijk 01 Wemeldinge,2008,4.162010220670341,0.05974536952665579,NA,NA,NA,NA,NA
WK067801,Wijk 01 Wemeldinge,2012,4.155757415756403,0.053492564612717494,NA,NA,NA,NA,NA
WK067801,Wijk 01 Wemeldinge,2014,4.22446969255699,0.12220484141330441,0.06446898116506866,0.0975835854248772,0.04909464554782604,-0.13638940330203267,0.04744703257756485
WK067801,Wijk 01 Wemeldinge,2016,4.238958326844356,0.13669347570067125,NA,NA,NA,NA,NA
WK067801,Wijk 01 Wemeldinge,2018,4.211011911021219,0.10874705987753404,0.05453484342678936,0.09732853246223754,0.04373072014907108,-0.13436986404606366,0.0475228278854995
WK067801,Wijk 01 Wemeldinge,2020,4.195957900363836,0.09369304922015019,0.06011245913206184,0.0706320972558942,0.042773184884799184,-0.13070801357187709,0.05088332151927186
WK067801,Wijk 01 Wemeldinge,2022,4.2374037703856,0.13513891924191496,0.06455316298921947,0.1041850716884255,0.04096351187660668,-0.13148980003080554,0.05692697271846863
WK067802,Wijk 02 Schore,2002,3.973937294740822,-0.12832755640286342,NA,NA,NA,NA,NA
WK067802,Wijk 02 Schore,2008,4.012809842303175,-0.08945500884051032,NA,NA,NA,NA,NA
WK067802,Wijk 02 Schore,2012,4.0038034903355,-0.09846136080818603,NA,NA,NA,NA,NA
WK067802,Wijk 02 Schore,2014,4.06485336133503,-0.03741148980865572,-0.040808139863807005,0.0840284364918392,0.06484942202314749,-0.20037367703233197,0.05489246857249616
WK067802,Wijk 02 Schore,2016,4.105914992686808,0.0036501415431221536,NA,NA,NA,NA,NA
WK067802,Wijk 02 Schore,2018,4.092683956449595,-0.009580894694089815,-0.051546264062075874,0.11441359563557527,0.0698654490664965,-0.1992932587617099,0.056979583427623916
WK067802,Wijk 02 Schore,2020,4.043388715766465,-0.058876135377219876,-0.0452643997614873,0.07873789982641752,0.05228761394259073,-0.20250970503804222,0.05787245565330104
WK067802,Wijk 02 Schore,2022,4.068157017751977,-0.03410783339170816,-0.0456950937003494,0.10356587377984856,0.0583632988186538,-0.2102133338094035,0.05987142151954207
WK068700,Binnenstad,2002,4.146079290592592,0.04381443944890663,NA,NA,NA,NA,NA
WK068700,Binnenstad,2008,4.190160796905334,0.08789594576164855,NA,NA,NA,NA,NA
WK068700,Binnenstad,2012,4.170502606493753,0.06823775535006733,NA,NA,NA,NA,NA
WK068700,Binnenstad,2014,4.151162645144382,0.048897794000696354,0.023536834236176026,-0.017594012168140383,-0.0036813132488019225,0.0417773315221583,0.004858953659304089
WK068700,Binnenstad,2016,4.192976456219234,0.09071160507554903,NA,NA,NA,NA,NA
WK068700,Binnenstad,2018,4.240288708186145,0.13802385704246006,0.01849202104762067,3.9440640519074633e-4,-0.0037931823581189464,0.07639497737660618,0.0465356345711611
WK068700,Binnenstad,2020,4.282893340039354,0.1806284888956679,0.03534651495946431,0.02345376715912008,0.0021139067282667096,0.08046552192308737,0.03924877812572919
WK068700,Binnenstad,2022,4.249819371309273,0.14755452016558726,0.039079911649790834,-0.006650770999079155,-0.003657614600245034,0.08072981575750385,0.03805317835761647
WK068710,Griffioen,2002,4.241647749256979,0.1393828981132931,NA,NA,NA,NA,NA
WK068710,Griffioen,2008,4.234718316876976,0.13245346573329062,NA,NA,NA,NA,NA
WK068710,Griffioen,2012,4.22610331859828,0.1238384674545951,NA,NA,NA,NA,NA
WK068710,Griffioen,2014,4.195609976758302,0.09334512561461711,0.023759335939016274,0.0858231259306585,0.021002066353581032,-0.047517691707821025,0.010278289099182079
WK068710,Griffioen,2016,4.20857889865726,0.10631404751357479,NA,NA,NA,NA,NA
WK068710,Griffioen,2018,4.2305198484973605,0.12825499735367552,0.026550520543459567,0.08219387675939874,0.022630287500163205,-0.011870596452253494,0.008750909002907203
WK068710,Griffioen,2020,4.253109315354763,0.1508444642110779,0.03231511127169822,0.0844309363409379,0.018078928169131994,-0.0050212239754073035,0.02104071240471684
WK068710,Griffioen,2022,4.221781651259035,0.11951680011534987,0.03926260684523372,0.05322427265318817,0.011897864233600083,-0.0111234582010922,0.026255514584419763
WK068711,Klarenbeek,2002,4.229488401518935,0.12722355037525018,NA,NA,NA,NA,NA
WK068711,Klarenbeek,2008,4.243327953203264,0.14106310205957817,NA,NA,NA,NA,NA
WK068711,Klarenbeek,2012,4.228943837675247,0.1266789865315613,NA,NA,NA,NA,NA
WK068711,Klarenbeek,2014,4.205519803042813,0.10325495189912838,0.028206950025493418,0.07963399436356601,0.026450304846052996,-0.03260411575639729,0.0015678184204129739
WK068711,Klarenbeek,2016,4.213955416566786,0.1116905654231005,NA,NA,NA,NA,NA
WK068711,Klarenbeek,2018,4.249659882348476,0.14739503120479147,0.02884926252045467,0.09200601165301595,0.02394744254322486,-0.010689653726754816,0.01328196821485054
WK068711,Klarenbeek,2020,4.272543266343674,0.1702784151999888,0.033549717432245434,0.09597074607064385,0.028475683206037296,-0.00417713947286578,0.016459407963927704
WK068711,Klarenbeek,2022,4.281892737547668,0.17962788640398286,0.03542805840044992,0.08839204873759404,0.025195046657829737,7.67972973948129e-4,0.029844759634160698
WK068712,Nieuw Middelburg,2002,3.984647293493076,-0.11761755765060915,NA,NA,NA,NA,NA
WK068712,Nieuw Middelburg,2008,4.033319394537642,-0.06894545660604318,NA,NA,NA,NA,NA
WK068712,Nieuw Middelburg,2012,4.050395402094212,-0.05186944904947312,NA,NA,NA,NA,NA
WK068712,Nieuw Middelburg,2014,4.060302102189375,-0.04196274895431012,0.0169748866494426,-0.02607700639794191,-0.02375110730703492,-0.012098749167924448,0.0029892272691483287
WK068712,Nieuw Middelburg,2016,4.117869447208149,0.015604596064463802,NA,NA,NA,NA,NA
WK068712,Nieuw Middelburg,2018,4.1404353234971465,0.038170472353460765,0.015786451281839097,0.03165622246690863,-0.02011879360647293,0.009681850068630512,0.001164742142555227
WK068712,Nieuw Middelburg,2020,4.205274621019307,0.10300976987562224,0.018856825951118192,0.06254044317387217,-0.011892716502636711,0.012575540522195058,0.02092967673107325
WK068712,Nieuw Middelburg,2022,4.1482511127863715,0.04598626164268647,0.023818744425316597,0.019686554326988164,-0.011549283964650181,0.006728704544078501,0.007301542310953104
WK068713,Brigdamme,2002,4.260837543616054,0.15857269247236883,NA,NA,NA,NA,NA
WK068713,Brigdamme,2008,4.3198338862164904,0.21756903507280484,NA,NA,NA,NA,NA
WK068713,Brigdamme,2012,4.301364691974797,0.1990998408311116,NA,NA,NA,NA,NA
WK068713,Brigdamme,2014,4.303615645046909,0.2013507939032242,0.018398966458133294,0.12103049201152517,0.08374572208242849,-0.07641640557919571,0.05459201893033279
WK068713,Brigdamme,2016,4.3170176155560105,0.21475276441232574,NA,NA,NA,NA,NA
WK068713,Brigdamme,2018,4.335244614882617,0.2329797637389326,0.016886220104653724,0.12658992514435213,0.0866708683456035,-0.05295585111041011,0.055788601254733006
WK068713,Brigdamme,2020,4.335522890881573,0.2332580397378877,0.013728579404534123,0.12074726535372354,0.08368761437329193,-0.042121356199758,0.05721593680609582
WK068713,Brigdamme,2022,4.354016731557491,0.2517518804138054,0.014599402844376613,0.13095839144218752,0.08511045823074286,-0.04014049817424191,0.061224126070740174
WK068714,Sint Laurens,2002,4.140641623428569,0.03837677228488359,NA,NA,NA,NA,NA
WK068714,Sint Laurens,2008,4.162768760097993,0.06050390895430841,NA,NA,NA,NA,NA
WK068714,Sint Laurens,2012,4.1418548349160504,0.03958998377236501,NA,NA,NA,NA,NA
WK068714,Sint Laurens,2014,4.169250271049031,0.06698541990534582,0.01680900251014683,0.1260622406574281,0.06779539194491044,-0.14698374487169844,0.0033025296645586063
WK068714,Sint Laurens,2016,4.162927630697924,0.06066277955423844,NA,NA,NA,NA,NA
WK068714,Sint Laurens,2018,4.197475842940839,0.09521099179715348,0.012258485680473118,0.12582172826086258,0.07309349637224057,-0.1260960042271692,0.010133285710746174
WK068714,Sint Laurens,2020,4.212297186119994,0.11003233497630868,0.016892196543093648,0.13743885690929497,0.06922091290465536,-0.1224533042716495,0.008933672890913886
WK068714,Sint Laurens,2022,4.225433237999803,0.12316838685611778,0.012915372226718421,0.12621558224924118,0.07176140800378605,-0.12298148987109365,0.035257514247465455
WK068715,Ramsburg,2002,4.200778894407037,0.09851404326335153,NA,NA,NA,NA,NA
WK068715,Ramsburg,2008,4.262521401726917,0.16025655058323204,NA,NA,NA,NA,NA
WK068715,Ramsburg,2012,4.2231843910108156,0.12091953986713071,NA,NA,NA,NA,NA
WK068715,Ramsburg,2014,4.225929867001878,0.12366501585819296,0.007727542268641384,0.04505019017373588,0.028513115977717995,2.906421448016255e-4,0.04208352529329597
WK068715,Ramsburg,2016,4.299179669510598,0.19691481836691266,NA,NA,NA,NA,NA
WK068715,Ramsburg,2018,4.314872622024596,0.21260777088091076,0.01302338529372836,0.08252745482972719,0.030102768817854644,0.028758265784910524,0.05819589615469003
WK068715,Ramsburg,2020,4.329845597395016,0.22758074625133046,0.01563019446318322,0.103540072508673,0.03264173205580965,0.03441934287367804,0.04134940434998639
WK068715,Ramsburg,2022,4.303592082142136,0.20132723099844996,0.016003042564536805,0.09178673184407002,0.03137299417601218,0.03340236368299028,0.028762098730840117
WK068716,Veersepoort,2002,4.12596544299405,0.02370059185036545,NA,NA,NA,NA,NA
WK068716,Veersepoort,2008,4.213583078211461,0.11131822706777635,NA,NA,NA,NA,NA
WK068716,Veersepoort,2012,4.234972415608557,0.13270756446487209,NA,NA,NA,NA,NA
WK068716,Veersepoort,2014,4.24424444826438,0.14197959712069472,0.021686157155498844,0.09996200451038456,0.042778408488552404,-0.05923143268981868,0.03678445965607729
WK068716,Veersepoort,2016,4.250165237412055,0.14790038626837057,NA,NA,NA,NA,NA
WK068716,Veersepoort,2018,4.268158379038483,0.16589352789479767,0.020962426694957296,0.10494812551807989,0.04652447169558255,-0.043118043906955755,0.03657654789313342
WK068716,Veersepoort,2020,4.291389349778268,0.1891244986345831,0.02503766977971466,0.10760667046792821,0.04914496223509135,-0.03583487288148293,0.04317006903333158
WK068716,Veersepoort,2022,4.291024245736517,0.18875939459283161,0.036052062064841905,0.10237008008532407,0.04720004189608416,-0.041450789332699745,0.044587999879281
WK068717,Verspreide huizen in het noorden,2002,4.325914395787682,0.22364954464399656,NA,NA,NA,NA,NA
WK068717,Verspreide huizen in het noorden,2008,4.286153310701429,0.18388845955774347,NA,NA,NA,NA,NA
WK068717,Verspreide huizen in het noorden,2012,4.300010617520952,0.19774576637726682,NA,NA,NA,NA,NA
WK068717,Verspreide huizen in het noorden,2014,4.1869202250589295,0.08465537391524425,-0.0828606281663844,0.15633844554529147,0.05519487017122049,-0.1446297859466369,0.10061247231175346
WK068717,Verspreide huizen in het noorden,2016,4.047655833748797,-0.054609017394888326,NA,NA,NA,NA,NA
WK068717,Verspreide huizen in het noorden,2018,4.219094991665241,0.11683014052155549,-0.042934097375952884,-0.02916061497179631,0.23511174798786227,-0.16056093649038328,0.11437404137182583
WK068717,Verspreide huizen in het noorden,2020,3.880859301601414,-0.2214055495422711,-0.05337370320921109,-0.10020827394047283,-0.023815762613248137,-0.15671806923025788,0.11271025945091878
WK068717,Verspreide huizen in het noorden,2022,3.743096895727622,-0.3591679554160634,-0.03915096394816481,-0.1978631843154588,-0.05568132258779729,-0.1576174231256673,0.09114493856102457
WK068718,Verspreide huizen in het noordwesten,2002,4.328170749186463,0.22590589804277753,NA,NA,NA,NA,NA
WK068718,Verspreide huizen in het noordwesten,2008,4.303543319397146,0.20127846825346124,NA,NA,NA,NA,NA
WK068718,Verspreide huizen in het noordwesten,2012,4.329367807075687,0.22710295593200128,NA,NA,NA,NA,NA
WK068718,Verspreide huizen in het noordwesten,2014,4.314821681072048,0.21255682992836267,-0.022954577742435277,0.14196553053290886,0.12182416532225765,-0.0976298185792164,0.0693515303948476
WK068718,Verspreide huizen in het noordwesten,2016,4.2672324898384115,0.1649676386947257,NA,NA,NA,NA,NA
WK068718,Verspreide huizen in het noordwesten,2018,4.309916377543885,0.2076515264002,-0.021622508613985545,0.11975852070070103,0.11890651615455888,-0.07658408119930932,0.06719307935823456
WK068718,Verspreide huizen in het noordwesten,2020,4.287105668234935,0.18484081709125022,-0.023523684103597033,0.10797261048194717,0.10054299446427915,-0.07281005896510338,0.07265895521372372
WK068718,Verspreide huizen in het noordwesten,2022,4.266693888626245,0.16442903748255897,-0.016244936311278983,0.08954377126771378,0.09902029784505433,-0.07601115872560756,0.0681210634066769
WK068719,Verspreide huizen in het noordoosten,2002,4.318774553994956,0.2165097028512705,NA,NA,NA,NA,NA
WK068719,Verspreide huizen in het noordoosten,2008,4.296977439273123,0.1947125881294376,NA,NA,NA,NA,NA
WK068719,Verspreide huizen in het noordoosten,2012,4.27059872245242,0.16833387130873526,NA,NA,NA,NA,NA
WK068719,Verspreide huizen in het noordoosten,2014,4.257390354349911,0.15512550320622562,-0.04123718230337477,0.14226292611124255,0.10331939523034865,-0.11565723615673157,0.06643760032474039
WK068719,Verspreide huizen in het noordoosten,2016,4.241629218977608,0.13936436783392256,NA,NA,NA,NA,NA
WK068719,Verspreide huizen in het noordoosten,2018,4.248931313451188,0.14666646230750302,-0.050798122689261545,0.152194875042816,0.09951810201148009,-0.12647376200326896,0.07222536994573735
WK068719,Verspreide huizen in het noordoosten,2020,4.180720578020621,0.07845572687693579,-0.07070734241595535,0.11630216975892078,0.0871710461765601,-0.11777562482420653,0.06346547818161682
WK068719,Verspreide huizen in het noordoosten,2022,4.186115491502285,0.08385064035860017,-0.04854113738508921,0.1080631474854352,0.08734266608811374,-0.12105760460096124,0.05804356877110128
WK068720,Stromenwijk/'t Zand,2002,3.9965635974153733,-0.10570125372831163,NA,NA,NA,NA,NA
WK068720,Stromenwijk/'t Zand,2008,3.995924823869377,-0.10634002727430812,NA,NA,NA,NA,NA
WK068720,Stromenwijk/'t Zand,2012,4.014135059613369,-0.08812979153031653,NA,NA,NA,NA,NA
WK068720,Stromenwijk/'t Zand,2014,4.036438515181026,-0.06582633596265897,0.025891483749960476,-0.00974147398222528,-0.026198110860999962,-0.03905060617078931,-0.01672762869860519
WK068720,Stromenwijk/'t Zand,2016,4.039383307125037,-0.06288154401864791,NA,NA,NA,NA,NA
WK068720,Stromenwijk/'t Zand,2018,4.082795575850996,-0.019469275292688836,0.02245307337136384,-0.00955090740582831,-0.01984203565111839,-0.004549468966163088,-0.007979936640943137
WK068720,Stromenwijk/'t Zand,2020,4.0973874499887035,-0.004877401154981951,0.0333656009459145,-0.01992394784855078,-0.020463185365938497,0.001886634409124473,2.574967044680888e-4
WK068720,Stromenwijk/'t Zand,2022,4.0909322617828625,-0.011332589360822369,0.03408115281765218,-0.01058944394979605,-0.027720658368116435,-0.0028875708231856563,-0.004216069037376681
WK068729,Verspreide huizen in het zuidwesten,2002,4.218832027911473,0.11656717676778827,NA,NA,NA,NA,NA
WK068729,Verspreide huizen in het zuidwesten,2008,4.204282604281643,0.10201775313795773,NA,NA,NA,NA,NA
WK068729,Verspreide huizen in het zuidwesten,2012,4.220701372618054,0.11843652147436796,NA,NA,NA,NA,NA
WK068729,Verspreide huizen in het zuidwesten,2014,4.259653555687565,0.15738870454388035,-0.011616764560469187,0.09704721614987813,0.10248664674059856,-0.09606089873989995,0.06553250495377248
WK068729,Verspreide huizen in het zuidwesten,2016,4.263416431432468,0.16115158028878276,NA,NA,NA,NA,NA
WK068729,Verspreide huizen in het zuidwesten,2018,4.290301984881633,0.18803713373794748,-0.004027229490998657,0.10476049781447291,0.08757704805662542,-0.06331585065963158,0.06304266801747906
WK068729,Verspreide huizen in het zuidwesten,2020,4.312311019201672,0.2100461680579866,0.007825522644947552,0.10953697588649541,0.08191239899101671,-0.052260887661003404,0.06303215819653007
WK068729,Verspreide huizen in het zuidwesten,2022,4.285251147515301,0.18298629637161604,0.005724198906444781,0.09873786340011594,0.07741446660260773,-0.05671135509132768,0.057821122553774945
WK068730,Middelburg Zuid,2002,3.9845964447149513,-0.11766840642873355,NA,NA,NA,NA,NA
WK068730,Middelburg Zuid,2008,4.01142512166522,-0.09083972947846511,NA,NA,NA,NA,NA
WK068730,Middelburg Zuid,2012,4.002932883179281,-0.09933196796440427,NA,NA,NA,NA,NA
WK068730,Middelburg Zuid,2014,4.0512226169212635,-0.05104223422242158,0.019132003943112923,0.0037525541287167304,-0.0020150247837592877,-0.053572848730034914,-0.018338918780457306
WK068730,Middelburg Zuid,2016,4.065299513518624,-0.0369653376250613,NA,NA,NA,NA,NA
WK068730,Middelburg Zuid,2018,4.090595924452496,-0.011668926691188516,0.020121536984239404,0.009930498846908309,-0.00727450304485568,-0.021044490349168443,-0.013401969128312369
WK068730,Middelburg Zuid,2020,4.09188094517288,-0.010383905970804828,0.026933064139923073,-0.004736037581416173,-0.009159943888871739,-0.013213730766202183,-0.010207257874238073
WK068730,Middelburg Zuid,2022,4.090223645780591,-0.01204120536309392,0.02789633364266585,-0.007936185163986875,-0.011949878115820907,-0.01624930750925723,-0.003802168216695019
WK068731,Dauwendaele,2002,3.8396705213013984,-0.26259432984228637,NA,NA,NA,NA,NA
WK068731,Dauwendaele,2008,3.8774524178511784,-0.22481243329250689,NA,NA,NA,NA,NA
WK068731,Dauwendaele,2012,3.897181850033455,-0.20508300111023026,NA,NA,NA,NA,NA
WK068731,Dauwendaele,2014,3.910113403150426,-0.19215144799325937,0.011702962860853112,-0.10791288262753673,-0.03920937086737891,-0.03242457510322073,-0.024307582255976425
WK068731,Dauwendaele,2016,3.9205070775936885,-0.18175777354999667,NA,NA,NA,NA,NA
WK068731,Dauwendaele,2018,3.9782879335500634,-0.12397691759362196,0.006379049069727937,-0.07346990406752062,-0.03757089081767681,-0.0022918415355387546,-0.017023330242614022
WK068731,Dauwendaele,2020,4.060289809194846,-0.0419750419488384,0.0124052450476249,-0.02454595737214259,-0.02853464660355166,0.005545354673846633,-0.006845037694615949
WK068731,Dauwendaele,2022,3.9999150385892324,-0.10234981255445244,0.015300194718724604,-0.07082411435435232,-0.03037199485229079,5.737155016019894e-4,-0.017027613568136184
WK068732,Arnestein,2002,4.2189581969816565,0.11669334583797086,NA,NA,NA,NA,NA
WK068732,Arnestein,2008,4.321429600733534,0.21916474958984933,NA,NA,NA,NA,NA
WK068732,Arnestein,2012,4.269292328303762,0.1670274771600765,NA,NA,NA,NA,NA
WK068732,Arnestein,2014,4.084098979361196,-0.018165871782490156,-0.15294156423128644,0.05238046447840819,0.13692529289706898,-0.1169520782406436,0.062422013313962674
WK068732,Arnestein,2016,4.14380471013502,0.041539858991335644,NA,NA,NA,NA,NA
WK068732,Arnestein,2018,4.250201118617017,0.14793626747333177,-0.12964611331710318,0.1179604745164053,0.20622125202887276,-0.10216365134824738,0.05556430559340392
WK068732,Arnestein,2020,4.160168909795636,0.05790405865195087,-0.13125002496508695,0.058538729050946745,0.1609574945191639,-0.09358268706389734,0.06324054711082408
WK068732,Arnestein,2022,4.101532540935716,-7.32310207968716e-4,-0.14556882704865007,0.05706293174054017,0.13845974471230801,-0.10653036833188903,0.055844208719721795
WK068739,Mortiere,2002,3.7987073732470877,-0.30355747789659754,NA,NA,NA,NA,NA
WK068739,Mortiere,2008,4.038651558146442,-0.06361329299724376,NA,NA,NA,NA,NA
WK068739,Mortiere,2012,4.251876650155174,0.14961179901148924,NA,NA,NA,NA,NA
WK068739,Mortiere,2014,4.1886793486019664,0.08641449745828127,-0.015001208590466752,0.04253554445222574,0.09138537171469831,-0.06453740352241168,0.03203219340423532
WK068739,Mortiere,2016,4.196414013361961,0.09414916221827595,NA,NA,NA,NA,NA
WK068739,Mortiere,2018,4.236699424931321,0.13443457378763615,-0.008785115918724112,0.0977740320927882,0.07528821092195494,-0.06365847137703497,0.03381591806865191
WK068739,Mortiere,2020,4.2498891111955,0.1476242600518157,-0.012725710297575061,0.10606630764110464,0.0824264412677869,-0.06164866203818044,0.03350588347867927
WK068739,Mortiere,2022,4.209900628075256,0.10763577693157109,0.0032011700860365834,0.068881888658992,0.07143225924634215,-0.06693874414933282,0.031059203089533017
WK068740,Nieuw- en Sint Joosland,2002,3.929974935036458,-0.17228991610722708,NA,NA,NA,NA,NA
WK068740,Nieuw- en Sint Joosland,2008,4.019657954616745,-0.08260689652693991,NA,NA,NA,NA,NA
WK068740,Nieuw- en Sint Joosland,2012,4.015622812492037,-0.08664203865164861,NA,NA,NA,NA,NA
WK068740,Nieuw- en Sint Joosland,2014,4.066476371681847,-0.035788479461838864,-0.02104892399883219,0.0761876432028762,0.036865922483779144,-0.13015492358094838,0.002361802431286103
WK068740,Nieuw- en Sint Joosland,2016,4.105909524678352,0.003644673534667193,NA,NA,NA,NA,NA
WK068740,Nieuw- en Sint Joosland,2018,4.117618065457219,0.015353214313533935,-0.017890417906476035,0.08282026319550642,0.04248307623057372,-0.1310188635018726,0.03895915629580221
WK068740,Nieuw- en Sint Joosland,2020,4.139281979853553,0.037017128709869035,-0.013699259686304763,0.0950007238484715,0.04332397253416727,-0.11903628703424389,0.03142797904777867
WK068740,Nieuw- en Sint Joosland,2022,4.122938195586929,0.02067334444324448,-0.012155500666711233,0.10312101056789875,0.040197921335448236,-0.14990657994432577,0.03941649315093415
WK068749,Verspr.h. Nieuw- en Sint Joosland,2002,4.0796652934055615,-0.022599557738124044,NA,NA,NA,NA,NA
WK068749,Verspr.h. Nieuw- en Sint Joosland,2008,4.049298034279711,-0.05296681686397384,NA,NA,NA,NA,NA
WK068749,Verspr.h. Nieuw- en Sint Joosland,2012,4.069538365619724,-0.0327264855239615,NA,NA,NA,NA,NA
WK068749,Verspr.h. Nieuw- en Sint Joosland,2014,4.125793149527381,0.023528298383696144,-0.10962877798162136,0.12297508766968238,0.10196887855768487,-0.16625866245108595,0.07447177258903588
WK068749,Verspr.h. Nieuw- en Sint Joosland,2016,4.084284245577517,-0.017980605566168418,NA,NA,NA,NA,NA
WK068749,Verspr.h. Nieuw- en Sint Joosland,2018,4.117401702296111,0.015136851152426134,-0.08883847731411174,0.11032281185959969,0.08795848931162738,-0.16672574204588958,0.0724197693412002
WK068749,Verspr.h. Nieuw- en Sint Joosland,2020,4.129932765104874,0.02766791396118849,-0.09215567895052999,0.10051019645920667,0.10254724105762808,-0.15830389443046633,0.07507004982534979
WK068749,Verspr.h. Nieuw- en Sint Joosland,2022,4.118882244355733,0.016617393212047436,-0.10324963899799054,0.1257134686260991,0.09285523944707669,-0.17060035962776604,0.07189868376462805
WK068750,Arnemuiden,2002,4.007308569417821,-0.09495628172586364,NA,NA,NA,NA,NA
WK068750,Arnemuiden,2008,4.053073658586302,-0.04919119255738316,NA,NA,NA,NA,NA
WK068750,Arnemuiden,2012,4.025593242101554,-0.07667160904213165,NA,NA,NA,NA,NA
WK068750,Arnemuiden,2014,4.053898130872036,-0.04836672027164954,0.004650613285711946,0.0667009446986402,0.023633801203267364,-0.14071249459779783,-0.0026395848614714514
WK068750,Arnemuiden,2016,4.083607452231111,-0.018657398912573762,NA,NA,NA,NA,NA
WK068750,Arnemuiden,2018,4.069922192554026,-0.032342658589658985,-6.672648099735244e-4,0.07422652935373487,0.029793140111393675,-0.13941226067620024,0.0037171974313859844
WK068750,Arnemuiden,2020,4.1027855112284115,5.206600847259094e-4,0.010399533642019638,0.07417822985707125,0.03224937559197461,-0.12402492659898214,0.007718447592642232
WK068750,Arnemuiden,2022,4.098455440406142,-0.0038094107375430675,0.009928154257774819,0.06809048385516692,0.0309838716667293,-0.13511188932891288,0.022299968811698448
WK068751,Kleverskerke,2002,4.154778978182639,0.052514127038953834,NA,NA,NA,NA,NA
WK068751,Kleverskerke,2008,4.189373114808497,0.08710826366481134,NA,NA,NA,NA,NA
WK068751,Kleverskerke,2012,4.198636650170205,0.09637179902652049,NA,NA,NA,NA,NA
WK068751,Kleverskerke,2014,4.2243903189246375,0.1221254677809527,0.03640373694582788,0.10250516611128375,0.09517386240573782,-0.19528281978885936,0.08332552210696215
WK068751,Kleverskerke,2016,4.208123508510891,0.10585865736720565,NA,NA,NA,NA,NA
WK068751,Kleverskerke,2018,4.191680915703333,0.08941606455964765,0.02873044707162664,0.08068713491531287,0.08413728787598837,-0.19248952785730963,0.0883507225540292
WK068751,Kleverskerke,2020,4.160788917143359,0.058524065999673636,0.03119610717565985,0.05125522718004284,0.07112315133839242,-0.18688226946218592,0.09183184976776404
WK068751,Kleverskerke,2022,4.224284613924216,0.12201976278053156,0.033895431121575774,0.11486118918545508,0.07244480739466336,-0.18945670996983618,0.09027504504867334
WK068752,Oranjeplaat,2002,4.169799124403422,0.06753427325973682,NA,NA,NA,NA,NA
WK068752,Oranjeplaat,2008,4.269570658027404,0.16730580688371838,NA,NA,NA,NA,NA
WK068752,Oranjeplaat,2012,4.4386318373985185,0.33636698625483336,NA,NA,NA,NA,NA
WK068752,Oranjeplaat,2014,4.224162256105619,0.12189740496193413,0.06721141394749348,0.06648590885900595,0.13851437596630153,-0.19189263790390249,0.04157834409303545
WK068752,Oranjeplaat,2016,4.24809811215541,0.1458332610117245,NA,NA,NA,NA,NA
WK068752,Oranjeplaat,2018,4.282819040950959,0.18055418980727395,0.08748870071357068,0.11674851404212562,0.11713679760870863,-0.19561967131591992,0.05479984875878835
WK068752,Oranjeplaat,2020,4.314809067130548,0.21254421598686243,0.09596234376016978,0.13782237659913446,0.11214449316555015,-0.17407734223598698,0.04069234469799461
WK068752,Oranjeplaat,2022,4.261066286949075,0.15880143580538958,0.0890746626328829,0.1302934152348785,0.09265057468023047,-0.19215073774062227,0.03893352099801954
WK068759,Verspreide huizen Arnemuiden,2002,4.0383407136448515,-0.06392413749883376,NA,NA,NA,NA,NA
WK068759,Verspreide huizen Arnemuiden,2008,4.191495862454905,0.08923101131121917,NA,NA,NA,NA,NA
WK068759,Verspreide huizen Arnemuiden,2012,4.139893415431919,0.03762856428823381,NA,NA,NA,NA,NA
WK068759,Verspreide huizen Arnemuiden,2014,4.176109411692619,0.0738445605489336,-0.087548900448425,0.12042312628819053,0.12330486354688167,-0.16163299430354272,0.07929846546582865
WK068759,Verspreide huizen Arnemuiden,2016,4.144773009350364,0.042508158206678796,NA,NA,NA,NA,NA
WK068759,Verspreide huizen Arnemuiden,2018,4.178137890033568,0.07587303888988277,-0.05476478993295546,0.10554055293107628,0.10612606454710331,-0.1601568791272602,0.07912809047191868
WK068759,Verspreide huizen Arnemuiden,2020,4.1984710198771085,0.09620616873342329,-0.05124479392572663,0.12392689121562059,0.09401865246118542,-0.1447935842413921,0.07429900322373563
WK068759,Verspreide huizen Arnemuiden,2022,4.176319699459614,0.07405484831592933,-0.030970116229639258,0.09413678775134282,0.09370378330365275,-0.15279658153329845,0.06998097502387113
WK070300,Wijk 00 Yerseke,2002,4.0271679102473374,-0.07509694089634772,NA,NA,NA,NA,NA
WK070300,Wijk 00 Yerseke,2008,4.034894188571727,-0.0673706625719586,NA,NA,NA,NA,NA
WK070300,Wijk 00 Yerseke,2012,4.037353238456646,-0.06491161268703913,NA,NA,NA,NA,NA
WK070300,Wijk 00 Yerseke,2014,4.0379147017538815,-0.06435014938980362,0.018980319140371307,0.08513434798581768,0.028868280122387513,-0.18946798675119444,-0.007865109887185912
WK070300,Wijk 00 Yerseke,2016,4.040791529965333,-0.061473321178352025,NA,NA,NA,NA,NA
WK070300,Wijk 00 Yerseke,2018,4.043830439861403,-0.058434411282282064,0.025625382524833897,0.07669123175554705,0.026938603566953868,-0.18711528855148402,-5.743405781331521e-4
WK070300,Wijk 00 Yerseke,2020,4.0783174736638506,-0.023947377479834314,0.029463897670883827,0.08426322409319477,0.03000073258118735,-0.17783555606493043,0.010160324239829861
WK070300,Wijk 00 Yerseke,2022,4.036735478153615,-0.06552937299007014,0.029606509740675312,0.054252633354940204,0.020732522895779922,-0.18225553507855558,0.012134496097089715
WK070301,Wijk 01 Kruiningen,2002,3.89438816939783,-0.20787668174585522,NA,NA,NA,NA,NA
WK070301,Wijk 01 Kruiningen,2008,3.907577126633997,-0.19468772450968846,NA,NA,NA,NA,NA
WK070301,Wijk 01 Kruiningen,2012,3.916178153237765,-0.1860866979059201,NA,NA,NA,NA,NA
WK070301,Wijk 01 Kruiningen,2014,3.9349772094686752,-0.16728764167501,-0.0031554221069874737,0.053742418301630554,0.02410470850326998,-0.18146768334032737,-0.06051166303259598
WK070301,Wijk 01 Kruiningen,2016,3.993673107239872,-0.10859174390381314,NA,NA,NA,NA,NA
WK070301,Wijk 01 Kruiningen,2018,3.979315223634273,-0.12294962750941242,-0.005680318707128196,0.06712432302530741,0.023433264922341174,-0.18260436644149375,-0.025222530308439333
WK070301,Wijk 01 Kruiningen,2020,4.001819328166676,-0.1004455229770095,-0.0016769752675817528,0.07444009668891674,0.02878971426479259,-0.17580843994815665,-0.02618991871498069
WK070301,Wijk 01 Kruiningen,2022,4.0104215343154275,-0.09184331682825754,0.004851820303909998,0.04866185685864602,0.01781127180074063,-0.15766879030212208,-0.005499475489432395
WK070302,Wijk 02 Krabbendijke,2002,3.9431743391034955,-0.1590905120401898,NA,NA,NA,NA,NA
WK070302,Wijk 02 Krabbendijke,2008,3.9410846229439795,-0.16118022819970532,NA,NA,NA,NA,NA
WK070302,Wijk 02 Krabbendijke,2012,3.9507222834728477,-0.1515425676708375,NA,NA,NA,NA,NA
WK070302,Wijk 02 Krabbendijke,2014,3.9684854002386794,-0.1337794509050062,-0.00797296204158872,0.0710224278422039,0.033998364091152006,-0.195761998981351,-0.035065281815422684
WK070302,Wijk 02 Krabbendijke,2016,3.983569238491802,-0.11869561265188304,NA,NA,NA,NA,NA
WK070302,Wijk 02 Krabbendijke,2018,3.988343902214564,-0.11392094892912102,-0.010782181419231292,0.08371686330868064,0.03307819392429547,-0.20363424844562006,-0.016299576297246036
WK070302,Wijk 02 Krabbendijke,2020,3.977631410462166,-0.12463344068151898,-0.006750246523706217,0.07873748629927317,0.030101584160580626,-0.19425720180023726,-0.03246506281742958
WK070302,Wijk 02 Krabbendijke,2022,3.9975210611681407,-0.10474378997554451,-0.010308169964690557,0.06342537164910476,0.034890043203977025,-0.19633559377692628,0.0035845589129902223
WK070303,Wijk 03 Waarde,2002,4.025096271108454,-0.07716858003523042,NA,NA,NA,NA,NA
WK070303,Wijk 03 Waarde,2008,3.9856199185218975,-0.11664493262178782,NA,NA,NA,NA,NA
WK070303,Wijk 03 Waarde,2012,3.9993738570727237,-0.10289099407096147,NA,NA,NA,NA,NA
WK070303,Wijk 03 Waarde,2014,4.008701257854507,-0.09356359328917814,-1.8737791768909846e-5,0.1064344424944235,0.06655555300394218,-0.2536135983075881,-0.01292125268818709
WK070303,Wijk 03 Waarde,2016,3.998903341139169,-0.10336151000451618,NA,NA,NA,NA,NA
WK070303,Wijk 03 Waarde,2018,4.040869221894671,-0.06139562924901361,-0.0032842512015765625,0.1196791089422215,0.06501331642880961,-0.25810487097887663,0.015301067560408133
WK070303,Wijk 03 Waarde,2020,4.004217936647711,-0.09804691449597382,-0.0022117391649122725,0.10713169780793078,0.06054830718098602,-0.25203571426300825,-0.0114794660569704
WK070303,Wijk 03 Waarde,2022,3.9995187703945088,-0.10274608074917667,-0.019701424357107044,0.07920328254401698,0.06334967088641472,-0.26005849026631844,0.03446088044381692
WK070304,Wijk 04 Rilland-Bath,2002,4.015625544096832,-0.08663930704685392,NA,NA,NA,NA,NA
WK070304,Wijk 04 Rilland-Bath,2008,4.012217853169303,-0.09004699797438191,NA,NA,NA,NA,NA
WK070304,Wijk 04 Rilland-Bath,2012,3.9871812606200088,-0.11508359052367592,NA,NA,NA,NA,NA
WK070304,Wijk 04 Rilland-Bath,2014,3.990443429971141,-0.111821421172544,-0.008537363049756145,0.02973972462331587,0.03723746310521449,-0.18034709695366105,0.010085851102342528
WK070304,Wijk 04 Rilland-Bath,2016,3.976056430702479,-0.12620842044120603,NA,NA,NA,NA,NA
WK070304,Wijk 04 Rilland-Bath,2018,3.949218220552925,-0.15304663059076035,-0.012800456905650381,0.05072577062610952,0.031804428903039875,-0.21552276706675735,-0.007253606147502351
WK070304,Wijk 04 Rilland-Bath,2020,3.989037747667984,-0.11322710347570125,-0.010264792611260506,0.05074597831417756,0.027391970741355683,-0.2040224983540938,0.022922238434119557
WK070304,Wijk 04 Rilland-Bath,2022,3.997595168615126,-0.10466968252855968,-0.006234115288986359,0.04362268925435678,0.032684532078751306,-0.20012837794705238,0.025385589374370673
WK070305,Wijk 05 Hansweert,2002,3.9661171290810815,-0.1361477220626039,NA,NA,NA,NA,NA
WK070305,Wijk 05 Hansweert,2008,3.9665024164901608,-0.13576243465352406,NA,NA,NA,NA,NA
WK070305,Wijk 05 Hansweert,2012,3.9618589529856068,-0.1404058981580786,NA,NA,NA,NA,NA
WK070305,Wijk 05 Hansweert,2014,4.0160802425863515,-0.08618460855733326,0.0551984346979597,0.045410759585167354,0.025426089518274884,-0.20758605283257925,-0.004633839526156255
WK070305,Wijk 05 Hansweert,2016,4.024614429861141,-0.07765042128254418,NA,NA,NA,NA,NA
WK070305,Wijk 05 Hansweert,2018,4.0493927705522355,-0.052872080591449905,0.0552004167544669,0.052004347750902846,0.026129206906102296,-0.20635253272065157,0.020146480717729367
WK070305,Wijk 05 Hansweert,2020,4.0527679406697175,-0.049496910473967246,0.05924504023303622,0.0696310126983714,0.028209245192779172,-0.20787193957253058,0.0012897309743763357
WK070305,Wijk 05 Hansweert,2022,4.023127179507721,-0.07913767163596418,0.05723661849057284,0.0368472326529656,0.0173478559886211,-0.21232957424432047,0.02176019547619642
WK070306,Wijk 06 Oostdijk,2002,3.9450790172266736,-0.1571858339170117,NA,NA,NA,NA,NA
WK070306,Wijk 06 Oostdijk,2008,3.929146313866628,-0.173118537277057,NA,NA,NA,NA,NA
WK070306,Wijk 06 Oostdijk,2012,3.921221019890246,-0.18104383125343965,NA,NA,NA,NA,NA
WK070306,Wijk 06 Oostdijk,2014,4.015189241425212,-0.08707560971847297,-0.047557868888336505,0.10806996251301818,0.07805649256571667,-0.24772187480506677,0.022077678896195094
WK070306,Wijk 06 Oostdijk,2016,4.004447123160907,-0.09781772798277774,NA,NA,NA,NA,NA
WK070306,Wijk 06 Oostdijk,2018,3.9625217273929003,-0.13974312375078476,-0.056809824380004294,0.10019804805112685,0.09861385562674405,-0.24508522527326124,-0.0366599777753904
WK070306,Wijk 06 Oostdijk,2020,3.985722195153351,-0.1165426559903345,-0.05564460128602118,0.09455233132091219,0.07305178513926296,-0.23904104419534508,0.0105388730308563
WK070306,Wijk 06 Oostdijk,2022,4.012549673484638,-0.08971517765904737,-0.0516288980524595,0.09014733333773695,0.0790278103878434,-0.23185383754990557,0.02459241421773708
WK071501,Kern Axel,2002,3.896692430448823,-0.20557242069486223,NA,NA,NA,NA,NA
WK071501,Kern Axel,2008,3.903787571662813,-0.19847727948087232,NA,NA,NA,NA,NA
WK071501,Kern Axel,2012,3.9138438802933044,-0.18842097085038068,NA,NA,NA,NA,NA
WK071501,Kern Axel,2014,3.9391844528346693,-0.1630803983090156,0.012295916670109874,0.0031665477817462077,0.0030674904261416827,-0.18446974640100264,0.002859393213989026
WK071501,Kern Axel,2016,3.980843346645365,-0.12142150449832013,NA,NA,NA,NA,NA
WK071501,Kern Axel,2018,3.976596689322408,-0.12566816182127707,0.014016944358064724,0.02535387144927825,0.008222771221353072,-0.1847356198236425,0.011473870973669106
WK071501,Kern Axel,2020,3.9985152535051443,-0.10374959763854098,0.017264196571437185,0.024411325569782025,0.010603597800728845,-0.16531753220155546,0.009288814621066194
WK071501,Kern Axel,2022,3.999554465626073,-0.10271038551761187,0.025324604116521016,0.03889511100587345,0.00813709164300162,-0.18322672724978506,0.008159534966776823
WK071502,Buitengebied Axel,2002,4.055987981043994,-0.046276870099692266,NA,NA,NA,NA,NA
WK071502,Buitengebied Axel,2008,4.047045869849626,-0.055218981294059416,NA,NA,NA,NA,NA
WK071502,Buitengebied Axel,2012,4.097008856636379,-0.005255994507305528,NA,NA,NA,NA,NA
WK071502,Buitengebied Axel,2014,4.13592183399698,0.03365698285329455,-0.06596948719180237,0.10583895653245819,0.12119578971378094,-0.22253302675290554,0.09512475055176303
WK071502,Buitengebied Axel,2016,4.134648989755681,0.03238413861199644,NA,NA,NA,NA,NA
WK071502,Buitengebied Axel,2018,4.141282874861873,0.039018023718188036,-0.04809697773360537,0.1044790529859787,0.11148653663019366,-0.2238496560520659,0.0949990678876868
WK071502,Buitengebied Axel,2020,4.140020174088966,0.03775532294528102,-0.05060651117349443,0.09473327737940734,0.11113747222164096,-0.21676743149862449,0.0992585160163512
WK071502,Buitengebied Axel,2022,4.158959723002093,0.05669487185840843,-0.05408411979547426,0.11422854526043813,0.1110036356722452,-0.21847909473730132,0.10402590545850038
WK071503,Kern Biervliet,2002,4.125067086730667,0.02280223558698116,NA,NA,NA,NA,NA
WK071503,Kern Biervliet,2008,4.083454535013063,-0.018810316130623058,NA,NA,NA,NA,NA
WK071503,Kern Biervliet,2012,4.13086949056087,0.028604639417184923,NA,NA,NA,NA,NA
WK071503,Kern Biervliet,2014,4.083142825588513,-0.019122025555172673,0.008200852060352667,0.0704172492784019,0.06012758761591413,-0.1941727860877965,0.03630507157795487
WK071503,Kern Biervliet,2016,4.093531886916789,-0.008732964226896173,NA,NA,NA,NA,NA
WK071503,Kern Biervliet,2018,4.0641897324994956,-0.03807511864418953,0.012684477768620629,0.052276971446853275,0.0648234329251336,-0.20231800289761628,0.03445800211281896
WK071503,Kern Biervliet,2020,4.065718642813495,-0.036546208330190254,0.015694378624693424,0.06555782952803077,0.05359105483036857,-0.19626568751881204,0.024876216205528733
WK071503,Kern Biervliet,2022,4.109319366171505,0.007054515027820016,0.025595299218515645,0.08546962604307658,0.04826316397406665,-0.18906750093785704,0.036793926730017884
WK071504,Buitengebied Biervliet,2002,4.071002938942775,-0.03126191220090939,NA,NA,NA,NA,NA
WK071504,Buitengebied Biervliet,2008,4.107713662241519,0.005448811097833595,NA,NA,NA,NA,NA
WK071504,Buitengebied Biervliet,2012,4.140451565378136,0.03818671423445124,NA,NA,NA,NA,NA
WK071504,Buitengebied Biervliet,2014,4.099342497561797,-0.0029223535818884267,-0.03309120534209078,0.1003212605334626,0.11358350194225109,-0.24268429107950984,0.05894838036399817
WK071504,Buitengebied Biervliet,2016,4.125563760494685,0.023298909350999552,NA,NA,NA,NA,NA
WK071504,Buitengebied Biervliet,2018,4.094794165466146,-0.0074706856775386575,-0.012536803688095417,0.09559998012485012,0.10147523025667612,-0.2514048397583192,0.0593957473873494
WK071504,Buitengebied Biervliet,2020,4.121856555317746,0.019591704174060285,-0.017491896085250088,0.10562699894088036,0.10019413800159507,-0.24447088005078374,0.07573334336761846
WK071504,Buitengebied Biervliet,2022,4.141453594092823,0.03918874294913812,-0.0018368354435483263,0.10308140033120106,0.091828014374511,-0.24022112815242916,0.0863372918394034
WK071505,Kern Hoek,2002,4.084980049220495,-0.017284801923190478,NA,NA,NA,NA,NA
WK071505,Kern Hoek,2008,4.104225501794208,0.00196065065052304,NA,NA,NA,NA,NA
WK071505,Kern Hoek,2012,4.10773352609493,0.005468674951245022,NA,NA,NA,NA,NA
WK071505,Kern Hoek,2014,4.100954280664395,-0.0013105704792904884,0.01974888141208639,0.06090553331621008,0.03553478029489571,-0.14244799799625335,0.024948232493770442
WK071505,Kern Hoek,2016,4.093895225231385,-0.0083696259122999,NA,NA,NA,NA,NA
WK071505,Kern Hoek,2018,4.109496376527932,0.0072315253842472815,0.020824683625201693,0.06559965040481107,0.039778798056066975,-0.14394256398490227,0.024970957283069563
WK071505,Kern Hoek,2020,4.085181690293287,-0.01708316085039859,0.015775204616583657,0.06286635732507614,0.03258465391226258,-0.1427287299401033,0.01441935323578199
WK071505,Kern Hoek,2022,4.125517004825265,0.023252153681579724,0.0244332703178736,0.08711084763519557,0.02318504357499681,-0.14222474803004073,0.03074774018355416
WK071506,Buitengebied Hoek,2002,4.2196894726617495,0.11742462151806479,NA,NA,NA,NA,NA
WK071506,Buitengebied Hoek,2008,4.167941027128006,0.0656761759843217,NA,NA,NA,NA,NA
WK071506,Buitengebied Hoek,2012,4.174058308998791,0.07179345785510526,NA,NA,NA,NA,NA
WK071506,Buitengebied Hoek,2014,4.1721425805912,0.0698777294475149,-0.06002168824607721,0.0972531810706524,0.1351050526664622,-0.1790082986589432,0.07654948261542031
WK071506,Buitengebied Hoek,2016,4.189698513720019,0.087433662576334,NA,NA,NA,NA,NA
WK071506,Buitengebied Hoek,2018,4.221029748687875,0.11876489754418963,-0.04425666641041631,0.10525314409375848,0.15933311893667462,-0.18058290159491322,0.07901820251908592
WK071506,Buitengebied Hoek,2020,4.195516721425345,0.09325187028165922,-0.053796442707976816,0.11748224937818624,0.1153190062134498,-0.1797743308012106,0.09402138819921038
WK071506,Buitengebied Hoek,2022,4.207776086099022,0.10551123495533674,-0.0503391431557332,0.12786289087647593,0.10691410414172205,-0.1801827580022007,0.10125614109507239
WK071507,Kern Koewacht,2002,4.008382479970996,-0.09388237117268922,NA,NA,NA,NA,NA
WK071507,Kern Koewacht,2008,4.021501027976252,-0.08076382316743289,NA,NA,NA,NA,NA
WK071507,Kern Koewacht,2012,4.049844149915755,-0.05242070122793101,NA,NA,NA,NA,NA
WK071507,Kern Koewacht,2014,4.053941811941378,-0.04832303920230697,0.031538497390321316,0.04858472820306935,0.06025979682610458,-0.24384932895869102,0.055143267336888596
WK071507,Kern Koewacht,2016,4.0346025429817525,-0.06766230816193312,NA,NA,NA,NA,NA
WK071507,Kern Koewacht,2018,4.0418607914753,-0.06040405966838522,0.03056262886382433,0.07062846081356638,0.05720520557828397,-0.2502494490389581,0.031449094114897984
WK071507,Kern Koewacht,2020,4.085646928235698,-0.01661792290798809,0.028504484987681808,0.09362498933902424,0.04819528515989309,-0.23895477542944632,0.05201209303485883
WK071507,Kern Koewacht,2022,4.050908180826123,-0.05135667031756283,0.0399959892376943,0.07405596498155506,0.05811936378906159,-0.24483908154383668,0.021311093217962616
WK071508,Buitengebied Koewacht,2002,4.159844371048241,0.05757951990455554,NA,NA,NA,NA,NA
WK071508,Buitengebied Koewacht,2008,4.155047751089031,0.052782899945345386,NA,NA,NA,NA,NA
WK071508,Buitengebied Koewacht,2012,4.165148431162625,0.0628835800189398,NA,NA,NA,NA,NA
WK071508,Buitengebied Koewacht,2014,4.1603667140042475,0.05810186286056237,-0.005355112299247777,0.08284926983314819,0.16798102235286333,-0.26106204050476844,0.07368872347856682
WK071508,Buitengebied Koewacht,2016,4.14288906213091,0.040624210987225046,NA,NA,NA,NA,NA
WK071508,Buitengebied Koewacht,2018,4.167144620171581,0.06487976902789569,0.004380969211890066,0.1013665448366582,0.15168112127083933,-0.26713385588513733,0.07458498959364523
WK071508,Buitengebied Koewacht,2020,4.138463079078569,0.03619822793488394,0.0013241392717700377,0.10446941510156324,0.11383698643303505,-0.25639040235261473,0.07295808948113007
WK071508,Buitengebied Koewacht,2022,4.140077977624129,0.037813126480444235,0.014494040750775393,0.088697348915917,0.11311548371178783,-0.257935007211446,0.07944126031340988
WK071509,Kern Overslag,2002,3.8715603701715184,-0.23070448097216725,NA,NA,NA,NA,NA
WK071509,Kern Overslag,2008,3.948008912235328,-0.15425593890835734,NA,NA,NA,NA,NA
WK071509,Kern Overslag,2012,3.9290762174112337,-0.17318863373245166,NA,NA,NA,NA,NA
WK071509,Kern Overslag,2014,4.046830271197455,-0.05543457994622997,0.029149545247573704,0.028095223248342422,0.1147712974689097,-0.3041667384960638,0.07671609258500753
WK071509,Kern Overslag,2016,4.0614732293661815,-0.040791621777504235,NA,NA,NA,NA,NA
WK071509,Kern Overslag,2018,4.055477843454532,-0.04678700768915313,0.03763193289197618,0.043446924449861174,0.10432587921112495,-0.3066107339801733,0.07441898973805766
WK071509,Kern Overslag,2020,4.0536663133239745,-0.04859853781971035,0.03691577878408421,0.08274260885815966,0.05619981156250535,-0.3025121675523525,0.07805543052789263
WK071509,Kern Overslag,2022,4.104135117764468,0.0018702666207829693,0.054762272811781885,0.09648305390755607,0.07094973118562074,-0.30420096801211727,0.08387617672794145
WK071510,Buitengebied Overslag,2002,3.886016144707256,-0.2162487064364288,NA,NA,NA,NA,NA
WK071510,Buitengebied Overslag,2008,3.9588000381725883,-0.14346481297109684,NA,NA,NA,NA,NA
WK071510,Buitengebied Overslag,2012,4.033260122185843,-0.06900472895784243,NA,NA,NA,NA,NA
WK071510,Buitengebied Overslag,2014,4.104643266498147,0.0023784153544616706,-0.009218106897489394,0.08767929258092325,0.12842897926552485,-0.29180649448770474,0.08729474489320757
WK071510,Buitengebied Overslag,2016,4.153944037704728,0.05167918656104296,NA,NA,NA,NA,NA
WK071510,Buitengebied Overslag,2018,4.153907247044782,0.05164239590109716,0.01962288169760187,0.11815488734942003,0.1260830054070051,-0.2961396398956539,0.0839212613427238
WK071510,Buitengebied Overslag,2020,4.108833840302147,0.006568989158461274,0.008250696896065269,0.12408994465433873,0.0768659720319339,-0.2902081399130447,0.08757051548916779
WK071510,Buitengebied Overslag,2022,4.110114851448076,0.007850000304391248,0.022983519524754043,0.09351140241027892,0.08420828080607744,-0.29139882224998587,0.0985456198132665
WK071511,Kern Philippine,2002,4.156364971615949,0.05410012047226421,NA,NA,NA,NA,NA
WK071511,Kern Philippine,2008,4.1321234647367655,0.029858613593080292,NA,NA,NA,NA,NA
WK071511,Kern Philippine,2012,4.129985975657909,0.027721124514223316,NA,NA,NA,NA,NA
WK071511,Kern Philippine,2014,4.158764766595479,0.05649991545179348,0.013260266140688586,0.09249464923357499,0.05517697318285679,-0.14787402377230194,0.04344205066697474
WK071511,Kern Philippine,2016,4.124810873780943,0.022546022637257926,NA,NA,NA,NA,NA
WK071511,Kern Philippine,2018,4.152351528350185,0.05008667720650029,0.018615883102516786,0.08343886384941533,0.054036705091869544,-0.15005278824739834,0.04404801341009666
WK071511,Kern Philippine,2020,4.140729637299835,0.0384647861561499,0.015991088297158958,0.09705640181854552,0.05452000559203996,-0.16956011169980115,0.04045740214820633
WK071511,Kern Philippine,2022,4.085547419662125,-0.01671743148156092,0.021410372216138004,0.08870539639908981,0.04487867964428697,-0.18871024023456,0.016998360493484084
WK071512,Buitengebied Philippine,2002,4.031987093172392,-0.07027775797129354,NA,NA,NA,NA,NA
WK071512,Buitengebied Philippine,2008,4.064676400994443,-0.03758845014924175,NA,NA,NA,NA,NA
WK071512,Buitengebied Philippine,2012,4.081736192723083,-0.020528658420601947,NA,NA,NA,NA,NA
WK071512,Buitengebied Philippine,2014,4.100530828880708,-0.0017340222629770373,-0.08441561613788384,0.11739992355088544,0.12495481430500399,-0.21421180713004928,0.054538663149066344
WK071512,Buitengebied Philippine,2016,4.131429124462632,0.029164273318946755,NA,NA,NA,NA,NA
WK071512,Buitengebied Philippine,2018,4.1331603517432365,0.030895500599551335,-0.041958581588588,0.1027376447736856,0.12246281345467926,-0.20406797488213338,0.05172159884190742
WK071512,Buitengebied Philippine,2020,4.124276748008537,0.022011896864851194,-0.060020509580451575,0.1006913462717968,0.12250247794691356,-0.22262906592993545,0.0814676481565275
WK071512,Buitengebied Philippine,2022,4.12954842514184,0.027283573998154696,-0.03753782780437219,0.11686998174089824,0.11790196192835521,-0.23290189233793904,0.06295135047121209
WK071513,Kern Sas van Gent,2002,3.8278933720340795,-0.27437147910960563,NA,NA,NA,NA,NA
WK071513,Kern Sas van Gent,2008,3.883079049646483,-0.2191858014972022,NA,NA,NA,NA,NA
WK071513,Kern Sas van Gent,2012,3.8956687536244945,-0.20659609751919042,NA,NA,NA,NA,NA
WK071513,Kern Sas van Gent,2014,3.8800685289227177,-0.22219632222096747,-0.013286690374610239,-0.027051774192031464,0.01463367938426393,-0.18504667814852127,-0.011444858890068682
WK071513,Kern Sas van Gent,2016,3.9152988430997464,-0.1869660080439392,NA,NA,NA,NA,NA
WK071513,Kern Sas van Gent,2018,3.9130681283817195,-0.18919672276196584,-0.0033358313754161223,0.006333196839333468,0.01172107123984308,-0.18347939525444326,-0.02043576421128327
WK071513,Kern Sas van Gent,2020,3.9665069393059493,-0.1357579118377358,-0.002879404188108911,0.020752082557590246,0.009293080358005133,-0.17311399877006972,0.010190328204847115
WK071513,Kern Sas van Gent,2022,3.9215709937140644,-0.18069385742962107,0.004107910659844297,0.014982192501501162,0.017832237580060327,-0.17433846204031345,-0.043277736130713736
WK071514,Buitengebied Sas van Gent,2002,4.069880154341704,-0.032384696801980875,NA,NA,NA,NA,NA
WK071514,Buitengebied Sas van Gent,2008,4.071533817182413,-0.0307310339612721,NA,NA,NA,NA,NA
WK071514,Buitengebied Sas van Gent,2012,4.08397150325232,-0.018293347891365268,NA,NA,NA,NA,NA
WK071514,Buitengebied Sas van Gent,2014,4.068241334708181,-0.03402351643550458,-0.05503951438621899,0.072646474558467,0.1047650477944456,-0.23644547869761512,0.08004995429541675
WK071514,Buitengebied Sas van Gent,2016,4.069601190637129,-0.0326636605065568,NA,NA,NA,NA,NA
WK071514,Buitengebied Sas van Gent,2018,4.081298430134691,-0.020966421008994148,-0.04161633148462,0.07984723874240232,0.09362196470123646,-0.23390621184349364,0.08108691887548045
WK071514,Buitengebied Sas van Gent,2020,4.075571669091527,-0.026693182052158197,-0.0485995569377141,0.08470346290121082,0.08654262064960408,-0.2320907141729641,0.08275100550770476
WK071514,Buitengebied Sas van Gent,2022,4.092294242703589,-0.009970608440096052,-0.03832146113664259,0.08714664771311188,0.09058911491322266,-0.232180896546676,0.08279598661688772
WK071515,Kern Sluiskil,2002,3.8704516000839746,-0.2318132510597105,NA,NA,NA,NA,NA
WK071515,Kern Sluiskil,2008,3.931580892806233,-0.1706839583374527,NA,NA,NA,NA,NA
WK071515,Kern Sluiskil,2012,3.92164820738341,-0.18061664376027523,NA,NA,NA,NA,NA
WK071515,Kern Sluiskil,2014,3.8989292611507285,-0.20333558999295664,-0.04141075120872653,-0.023719658099277317,0.02986668956961289,-0.15193472123510474,-0.01613714901946121
WK071515,Kern Sluiskil,2016,3.918593054036793,-0.18367179710689246,NA,NA,NA,NA,NA
WK071515,Kern Sluiskil,2018,3.9346864259215995,-0.16757842522208558,-0.03339566230579394,-0.0012630864838674232,0.02006984425388566,-0.15195436109275898,-0.0010351595935512317
WK071515,Kern Sluiskil,2020,3.9487069756966857,-0.15355787544699936,-0.036335283382243795,0.01803075992155803,0.017530786353129015,-0.1496875349762014,-0.0030966033632414684
WK071515,Kern Sluiskil,2022,3.9418207211279617,-0.16044413001572383,-0.05959245938116187,0.025240667056488347,0.02683021492275886,-0.14890776688292404,-0.0040147857308854016
WK071516,Buitengebied Sluiskil,2002,4.033741373183379,-0.06852347796030653,NA,NA,NA,NA,NA
WK071516,Buitengebied Sluiskil,2008,4.0144098824148555,-0.08785496872882967,NA,NA,NA,NA,NA
WK071516,Buitengebied Sluiskil,2012,4.064433642456428,-0.03783120868725754,NA,NA,NA,NA,NA
WK071516,Buitengebied Sluiskil,2014,4.042338891074352,-0.0599259600693332,-0.13863285658399643,0.07250692221910432,0.10793011409406472,-0.19396833999384386,0.0922382001953379
WK071516,Buitengebied Sluiskil,2016,3.9877387750491193,-0.11452607609456562,NA,NA,NA,NA,NA
WK071516,Buitengebied Sluiskil,2018,4.057142587587057,-0.04512226355662883,-0.10608468294741427,0.049053483586392575,0.10009337204342969,-0.18012432547728585,0.0919398892382487
WK071516,Buitengebied Sluiskil,2020,4.059189870794304,-0.04307498034938072,-0.12220997887185267,0.07896900830695378,0.09408362482000023,-0.18570643464806585,0.09178880004358367
WK071516,Buitengebied Sluiskil,2022,4.083527953640795,-0.01873689750289046,-0.14244625127958707,0.10871755419450939,0.11358280437988996,-0.186372010931176,0.08778100613347292
WK071517,Kern Spui,2002,4.064730628801872,-0.037534222341813084,NA,NA,NA,NA,NA
WK071517,Kern Spui,2008,4.203303153336756,0.1010383021930708,NA,NA,NA,NA,NA
WK071517,Kern Spui,2012,4.1002345842526,-0.002030266891085589,NA,NA,NA,NA,NA
WK071517,Kern Spui,2014,4.215488538715077,0.11322368757139195,-0.04333773764848281,0.11537024736938839,0.113788880651308,-0.17296327833953556,0.10036557553871378
WK071517,Kern Spui,2016,4.1927076797058005,0.090442828562115,NA,NA,NA,NA,NA
WK071517,Kern Spui,2018,4.2057633953417755,0.10349854419808996,-0.036092426364839156,0.10481633631749482,0.11129444543068426,-0.17547787059751016,0.09895805941225984
WK071517,Kern Spui,2020,4.184931659098123,0.08266680795443782,-0.03244578768094002,0.11710432208071686,0.06947088816592795,-0.17079232916901174,0.09932971455774457
WK071517,Kern Spui,2022,4.190513777074393,0.08824892593070824,-0.045250813123888775,0.12426143558865511,0.07424354195475191,-0.17113446277720773,0.10612922428839752
WK071518,Buitengebied Spui,2002,4.137039788391652,0.034774937247966875,NA,NA,NA,NA,NA
WK071518,Buitengebied Spui,2008,4.263178805662366,0.1609139545186813,NA,NA,NA,NA,NA
WK071518,Buitengebied Spui,2012,4.157544214191426,0.05527936304774039,NA,NA,NA,NA,NA
WK071518,Buitengebied Spui,2014,4.059791624599822,-0.04247322654386269,-0.21980696187012905,0.13060903807715216,0.13873350969937104,-0.18540317797542824,0.09339436552517079
WK071518,Buitengebied Spui,2016,4.103187950140316,9.230989966300859e-4,NA,NA,NA,NA,NA
WK071518,Buitengebied Spui,2018,4.118333997925632,0.016069146781946337,-0.14605670814895036,0.11413774086740736,0.13062652299630628,-0.17680790787076006,0.09416949893794328
WK071518,Buitengebied Spui,2020,4.040157306414984,-0.06210754472870095,-0.15447180089544837,0.10182214404784917,0.06695302867731183,-0.17531923510616854,0.09890831854775455
WK071518,Buitengebied Spui,2022,4.046810658132753,-0.055454193010932094,-0.19140553966788162,0.10822519693945327,0.09391581986370741,-0.16864571734246636,0.10245604719625502
WK071519,Buitengebied Terneuzen,2002,3.9850763454827973,-0.11718850566088787,NA,NA,NA,NA,NA
WK071519,Buitengebied Terneuzen,2008,4.195193124973767,0.09292827383008267,NA,NA,NA,NA,NA
WK071519,Buitengebied Terneuzen,2012,4.178281705330277,0.07601685418659201,NA,NA,NA,NA,NA
WK071519,Buitengebied Terneuzen,2014,4.196444512933264,0.09417966178957861,-0.061568358067391166,0.14293724816078582,0.0628357174801302,-0.1327545781273326,0.082729632343386
WK071519,Buitengebied Terneuzen,2016,4.284185936443773,0.1819210853000872,NA,NA,NA,NA,NA
WK071519,Buitengebied Terneuzen,2018,4.240036270127541,0.13777141898385548,7.557230489797506e-4,0.11888229562852978,0.07924544151736174,-0.13778038895796085,0.07666834774694453
WK071519,Buitengebied Terneuzen,2020,4.237319355029628,0.13505450388594292,-0.016970373283428746,0.1290765300528617,0.07041182275113037,-0.12925045146352218,0.08178697582890154
WK071519,Buitengebied Terneuzen,2022,4.255294374460436,0.1530295233167508,0.004778206478982687,0.12829966565291126,0.0796439058480893,-0.13469303758383303,0.07500078292060026
WK071520,Terneuzen Centrum,2002,3.926456342952446,-0.175808508191239,NA,NA,NA,NA,NA
WK071520,Terneuzen Centrum,2008,3.996564328426083,-0.1057005227176026,NA,NA,NA,NA,NA
WK071520,Terneuzen Centrum,2012,4.0291557005746945,-0.0731091505689904,NA,NA,NA,NA,NA
WK071520,Terneuzen Centrum,2014,4.070030853038901,-0.032233998104784244,0.06750710105760764,-0.10842189899998983,-0.011535168570556085,0.005165515925039844,0.015050452483113878
WK071520,Terneuzen Centrum,2016,4.069737741746289,-0.032527109397396434,NA,NA,NA,NA,NA
WK071520,Terneuzen Centrum,2018,4.011723328596213,-0.09054152254747162,0.0663555118453575,-0.14734635508811372,-0.021363573371822896,0.0029571668104429404,0.008855727256664305
WK071520,Terneuzen Centrum,2020,4.018301399834058,-0.08396345130962711,0.06575458646650863,-0.15280121136177402,-0.015768984789036614,0.009670838368599078,0.009181320006075534
WK071520,Terneuzen Centrum,2022,4.053006216583682,-0.04925863456000303,0.07378151283549553,-0.12123142244385808,-0.016292012854901308,3.713513905780139e-4,0.014111936512682513
WK071521,Terneuzen Noord,2002,4.025798805269041,-0.07646604587464476,NA,NA,NA,NA,NA
WK071521,Terneuzen Noord,2008,4.056309554531201,-0.045955296612484375,NA,NA,NA,NA,NA
WK071521,Terneuzen Noord,2012,4.040933591481596,-0.06133125966208958,NA,NA,NA,NA,NA
WK071521,Terneuzen Noord,2014,4.060159964355324,-0.04210488678836153,0.03861428183587162,-0.01944045262712397,0.0025598713646800444,-0.04197733148888751,-0.021861255872902014
WK071521,Terneuzen Noord,2016,4.0786128373494686,-0.023652013794216754,NA,NA,NA,NA,NA
WK071521,Terneuzen Noord,2018,4.0671139146806015,-0.03515093646308396,0.04036446064569026,-0.006922867681544719,0.004247829357475205,-0.04577779918192143,-0.027062559602783573
WK071521,Terneuzen Noord,2020,4.079936254809151,-0.022328596334534746,0.04823458041977891,-0.00955323790866725,0.0038527454224845793,-0.03917431646971416,-0.0256883677984171
WK071521,Terneuzen Noord,2022,4.086710958319229,-0.015553892824455353,0.04929827941147926,-0.013052080848229746,0.0030304507359366823,-0.03826984916164599,-0.0165606929619958
WK071522,Terneuzen West,2002,3.698981130025062,-0.4032837211186229,NA,NA,NA,NA,NA
WK071522,Terneuzen West,2008,3.80949378650683,-0.29277106463685515,NA,NA,NA,NA,NA
WK071522,Terneuzen West,2012,3.7342105940361123,-0.36805425710757295,NA,NA,NA,NA,NA
WK071522,Terneuzen West,2014,3.747136742157666,-0.35512810898601915,-0.10956242830077659,-0.068855421756783,0.041547214331713926,-0.07656788910980053,-0.14168958415037322
WK071522,Terneuzen West,2016,3.631715545751519,-0.47054930539216605,NA,NA,NA,NA,NA
WK071522,Terneuzen West,2018,3.764145689224993,-0.33811916191869235,-0.02743812196064319,-0.1616573594666236,0.027399957354146832,-0.059114572434842964,-0.11730906541072973
WK071522,Terneuzen West,2020,3.939437070663437,-0.16282778048024787,-0.01342774279063088,-0.07963257399563041,0.01679239057924383,-0.04174552115436094,-0.04481433311886974
WK071522,Terneuzen West,2022,4.129332192793728,0.02706734165004338,-0.0018462893548820212,0.0015960940833967254,0.039279463335748256,-0.04757172274822688,0.03560979633400721
WK071523,Terneuzen Zuid,2002,3.9614596936671775,-0.14080515747650746,NA,NA,NA,NA,NA
WK071523,Terneuzen Zuid,2008,4.000199213177849,-0.10206563796583584,NA,NA,NA,NA,NA
WK071523,Terneuzen Zuid,2012,4.00990967915018,-0.09235517199350546,NA,NA,NA,NA,NA
WK071523,Terneuzen Zuid,2014,4.065564542881085,-0.036700308262600075,0.012048416367578682,0.011058355585714915,0.007317638743345324,-0.0669161082073657,-2.08610751873593e-4
WK071523,Terneuzen Zuid,2016,4.082600659600398,-0.019664191543287416,NA,NA,NA,NA,NA
WK071523,Terneuzen Zuid,2018,4.075150044915995,-0.027114806227689952,0.006868597864255368,0.023512175201002312,0.0056899116616706815,-0.07130035603699239,0.008114865082373794
WK071523,Terneuzen Zuid,2020,4.094757490228619,-0.007507360915065586,0.010974962180195755,0.04078718206290089,0.005085970305608926,-0.06545026481664613,0.001094789352874668
WK071523,Terneuzen Zuid,2022,4.102646197756873,3.8134661318764814e-4,0.01583012946470983,0.03384782173627935,0.0035552843927745916,-0.06376108619742767,0.010909197216851239
WK071524,Terneuzen Oost,2002,4.098864429821407,-0.00340042132227799,NA,NA,NA,NA,NA
WK071524,Terneuzen Oost,2008,4.195261222526221,0.09299637138253584,NA,NA,NA,NA,NA
WK071524,Terneuzen Oost,2012,4.189854776085872,0.08758992494218736,NA,NA,NA,NA,NA
WK071524,Terneuzen Oost,2014,4.228452146722938,0.12618729557925193,0.04926434288313804,0.07939233070653444,0.07380549390832883,-0.12104570476443213,0.04477083284568257
WK071524,Terneuzen Oost,2016,4.215807568309138,0.11354271716545344,NA,NA,NA,NA,NA
WK071524,Terneuzen Oost,2018,4.225482627466613,0.12321777632292831,0.050610135218709,0.08217231803138722,0.07186949154766803,-0.1260688833182938,0.044634714843457546
WK071524,Terneuzen Oost,2020,4.234007085182524,0.13174223403883895,0.053335656769022126,0.08551882465202404,0.06843590536917923,-0.11871829799898588,0.04317014524759914
WK071524,Terneuzen Oost,2022,4.258471725274179,0.15620687413049347,0.05645052377196161,0.1094178541086213,0.06383133447266612,-0.12025894625294313,0.046766108030187284
WK071525,Kern Westdorpe,2002,3.9718688500867754,-0.13039600105690963,NA,NA,NA,NA,NA
WK071525,Kern Westdorpe,2008,3.9958402636136103,-0.1064245875300753,NA,NA,NA,NA,NA
WK071525,Kern Westdorpe,2012,3.9880530461099895,-0.11421180503369566,NA,NA,NA,NA,NA
WK071525,Kern Westdorpe,2014,4.021746879564689,-0.08051797157899658,-0.001296110663445794,0.042266178085506964,0.051023171072105605,-0.21706361158270596,0.04455240150954235
WK071525,Kern Westdorpe,2016,4.026102699319549,-0.07616215182413606,NA,NA,NA,NA,NA
WK071525,Kern Westdorpe,2018,4.026682888362075,-0.07558196278161075,-0.002186419211747136,0.05046844007246557,0.04892237729659829,-0.20921289823657294,0.036426537297645153
WK071525,Kern Westdorpe,2020,4.079495788142871,-0.02276906300081438,-0.002470818382426473,0.07342278190194121,0.04814215886250766,-0.20210842751062663,0.060245242127789554
WK071525,Kern Westdorpe,2022,4.051944754489306,-0.05032009665437866,0.0041637074928444415,0.05830164103790823,0.050036662014012356,-0.20565261857740397,0.04283051137825993
WK071526,Buitengebied Westdorpe,2002,4.05796536998432,-0.04429948115936537,NA,NA,NA,NA,NA
WK071526,Buitengebied Westdorpe,2008,4.131282588771544,0.029017737627858822,NA,NA,NA,NA,NA
WK071526,Buitengebied Westdorpe,2012,4.037344184312093,-0.06492066683159227,NA,NA,NA,NA,NA
WK071526,Buitengebied Westdorpe,2014,4.113366173942535,0.011101322798850283,-0.09701819346928042,0.09973080950805188,0.12538877202235932,-0.2268237821332906,0.10982371687100985
WK071526,Buitengebied Westdorpe,2016,4.090180559078133,-0.012084292065551802,NA,NA,NA,NA,NA
WK071526,Buitengebied Westdorpe,2018,4.101791031453191,-4.7381969049394473e-4,-0.038371880958626044,0.04397180660671649,0.11016974854288557,-0.22035636486618124,0.10411287098471089
WK071526,Buitengebied Westdorpe,2020,4.134838411933333,0.032573560789647044,-0.051582663225739,0.09135398174016049,0.11946823122623766,-0.22910857137301258,0.10244258242200036
WK071526,Buitengebied Westdorpe,2022,4.1533572436624855,0.05109239251879999,-0.06880749355395464,0.09527045961410771,0.12592697515713425,-0.22726005665849264,0.125962507960005
WK071527,Kern Zaamslag,2002,4.035823677692035,-0.06644117345165032,NA,NA,NA,NA,NA
WK071527,Kern Zaamslag,2008,4.051269072790459,-0.05099577835322637,NA,NA,NA,NA,NA
WK071527,Kern Zaamslag,2012,4.079176116287207,-0.023088734856478187,NA,NA,NA,NA,NA
WK071527,Kern Zaamslag,2014,4.076648560378865,-0.025616290764820696,0.012322404456530276,0.05092551760868505,0.03263351797870962,-0.17006839715000044,0.04857066634125447
WK071527,Kern Zaamslag,2016,4.069823374904305,-0.03244147623937984,NA,NA,NA,NA,NA
WK071527,Kern Zaamslag,2018,4.09718046154221,-0.005084389601475343,0.01298613499787179,0.07611903653733765,0.033338180498735076,-0.17786530227774627,0.05033756064232601
WK071527,Kern Zaamslag,2020,4.088402052163045,-0.013862798980640694,0.014009034233565068,0.06871224198411333,0.030205825200109886,-0.17786293136481862,0.05107303096638942
WK071527,Kern Zaamslag,2022,4.1199587522098575,0.01769390106617198,0.013866365532180291,0.0862374587605733,0.03054835180779296,-0.16917260597000477,0.056214330935629914
WK071528,Buitengebied Zaamslag,2002,4.2054928859279155,0.10322803478422993,NA,NA,NA,NA,NA
WK071528,Buitengebied Zaamslag,2008,4.182285535129,0.0800206839853148,NA,NA,NA,NA,NA
WK071528,Buitengebied Zaamslag,2012,4.182563510837856,0.08029865969417005,NA,NA,NA,NA,NA
WK071528,Buitengebied Zaamslag,2014,4.188815052332389,0.0865502011887038,-0.015601135215116226,0.10825442851821052,0.10609081262324818,-0.21327352087655024,0.10107961613891124
WK071528,Buitengebied Zaamslag,2016,4.194267192157134,0.09200234101344834,NA,NA,NA,NA,NA
WK071528,Buitengebied Zaamslag,2018,4.224359258290941,0.12209440714725663,0.008255898078201956,0.11961715101721261,0.11706287557686317,-0.22281913645468307,0.09997761892966166
WK071528,Buitengebied Zaamslag,2020,4.210680710332222,0.10841585918853702,-4.242557460982293e-5,0.1182613215561961,0.11941681639779664,-0.21948890182042965,0.09026904862958346
WK071528,Buitengebied Zaamslag,2022,4.219072648616822,0.116807797473137,-0.010388836351906593,0.12096771465476878,0.11544554457748658,-0.21973104216554076,0.11051441675832879
WK071529,Kern Zuiddorpe,2002,4.001105998187075,-0.1011588529566103,NA,NA,NA,NA,NA
WK071529,Kern Zuiddorpe,2008,4.053274556878077,-0.04899029426560765,NA,NA,NA,NA,NA
WK071529,Kern Zuiddorpe,2012,4.039900945319094,-0.06236390582459099,NA,NA,NA,NA,NA
WK071529,Kern Zuiddorpe,2014,3.9875526701001935,-0.1147121810434918,-0.0019515275224447123,0.03258860233425723,0.05334116898252787,-0.2539246983779677,0.055234273540135256
WK071529,Kern Zuiddorpe,2016,3.998359112625266,-0.10390573851841933,NA,NA,NA,NA,NA
WK071529,Kern Zuiddorpe,2018,4.026677471439019,-0.07558737970466708,0.010934790894148535,0.0724051924085136,0.053759604157423105,-0.2678648947614254,0.05517792759667281
WK071529,Kern Zuiddorpe,2020,4.037831339108771,-0.06443351203491428,0.010864056693488354,0.07574693676338072,0.04649835852276723,-0.2541010787509081,0.056558214736357304
WK071529,Kern Zuiddorpe,2022,4.002347399539141,-0.09991745160454421,0.019986992354108356,0.07752358967480305,0.05362683556143283,-0.25771138828040197,0.0066565190855132515
WK071530,Buitengebied Zuiddorpe,2002,4.1103836687419975,0.008118817598312034,NA,NA,NA,NA,NA
WK071530,Buitengebied Zuiddorpe,2008,4.075208883827118,-0.02705596731656646,NA,NA,NA,NA,NA
WK071530,Buitengebied Zuiddorpe,2012,4.097481112375236,-0.004783738768448915,NA,NA,NA,NA,NA
WK071530,Buitengebied Zuiddorpe,2014,4.063104348966606,-0.03916050217707918,-0.010435546511057204,0.07483889725316427,0.09402167008887187,-0.2695852539232303,0.071999730915172
WK071530,Buitengebied Zuiddorpe,2016,3.9572898608227534,-0.1449749903209318,NA,NA,NA,NA,NA
WK071530,Buitengebied Zuiddorpe,2018,4.084486602068861,-0.017778249074824556,0.023040759900624215,0.07622335749991284,0.08280975160703212,-0.27395777330338794,0.0741056552209939
WK071530,Buitengebied Zuiddorpe,2020,4.125562023423858,0.023297172280172782,0.01370870065787864,0.11271745540528669,0.09078778261031774,-0.26819657983594314,0.07427981344263258
WK071530,Buitengebied Zuiddorpe,2022,4.135813807727102,0.03354895658341662,0.024905540719790724,0.1062393803755759,0.09225850267136317,-0.2703988245831881,0.08054435739987469
WK071600,Tholen,2002,3.9736120081929047,-0.1286528429507806,NA,NA,NA,NA,NA
WK071600,Tholen,2008,4.014672958373942,-0.08759189276974334,NA,NA,NA,NA,NA
WK071600,Tholen,2012,4.003333221062312,-0.09893163008137273,NA,NA,NA,NA,NA
WK071600,Tholen,2014,4.045136450030211,-0.0571284011134741,0.011295395001250179,0.02641110581696896,0.024263702501466755,-0.1293640681966191,0.010265463763458823
WK071600,Tholen,2016,4.067009331269386,-0.035255519874299264,NA,NA,NA,NA,NA
WK071600,Tholen,2018,4.039002211478019,-0.06326263966566588,0.0043941571040847,0.04151349834118647,0.02279754849892381,-0.14637100892421134,0.014403165314350218
WK071600,Tholen,2020,4.048262403856575,-0.05400244728711025,0.005021484213504681,0.034955338871111595,0.017597206658260485,-0.12834545883552195,0.016768981805534672
WK071600,Tholen,2022,4.058448346357906,-0.043816504785778566,0.012534145232129715,0.040576837996746974,0.01604344574297358,-0.1330301602446641,0.020059226487035
WK071601,Poortvliet,2002,3.9752726784248824,-0.12699217271880262,NA,NA,NA,NA,NA
WK071601,Poortvliet,2008,3.974123962249484,-0.12814088889420105,NA,NA,NA,NA,NA
WK071601,Poortvliet,2012,3.980164192070905,-0.12210065907277988,NA,NA,NA,NA,NA
WK071601,Poortvliet,2014,3.985027124926917,-0.11723772621676845,-0.0019525142726448978,0.04423652873424157,0.04781877819591916,-0.21910866895481396,0.01176815008052938
WK071601,Poortvliet,2016,4.0557638744302755,-0.04650097671340937,NA,NA,NA,NA,NA
WK071601,Poortvliet,2018,4.0234170622589485,-0.07884778888473695,-0.0012011368845735802,0.05153172428436592,0.0547218021610615,-0.22340397469414883,0.03950379624855779
WK071601,Poortvliet,2020,4.002564372857889,-0.09970047828579634,0.005810479154068416,0.05927283482390046,0.04655165227267595,-0.22550673255871617,0.014171288022274705
WK071601,Poortvliet,2022,4.026046824666505,-0.07621802647718001,0.00974769415033745,0.054140837442579234,0.04397006393712633,-0.22994858411727467,0.04587196211005134
WK071602,Scherpenisse,2002,3.948291239928489,-0.15397361121519607,NA,NA,NA,NA,NA
WK071602,Scherpenisse,2008,3.9244376502085667,-0.1778272009351182,NA,NA,NA,NA,NA
WK071602,Scherpenisse,2012,3.909332645326644,-0.192932205817041,NA,NA,NA,NA,NA
WK071602,Scherpenisse,2014,3.9485876239915423,-0.15367722715214308,-6.791156651556613e-4,0.06278372737172803,0.048419793828984564,-0.22710370067985639,-0.03709793200784393
WK071602,Scherpenisse,2016,4.001911840817429,-0.10035301032625601,NA,NA,NA,NA,NA
WK071602,Scherpenisse,2018,3.966517907901057,-0.1357469432426285,0.006601285876178752,0.06467617948567649,0.047734534268916676,-0.2359884681185086,-0.01877047475489208
WK071602,Scherpenisse,2020,3.9711006375801245,-0.13116421356356073,-0.0038189802052825527,0.06818550628268348,0.04242906485494512,-0.22656275093689363,-0.011397053559013428
WK071602,Scherpenisse,2022,4.032135461917444,-0.070129389226241,0.01719326487280583,0.06664505219566716,0.04348784891651037,-0.2337051088965995,0.03624955368537485
WK071603,Sint-Maartensdijk,2002,3.868215200961558,-0.23404965018212748,NA,NA,NA,NA,NA
WK071603,Sint-Maartensdijk,2008,3.8901987861208163,-0.21206606502286887,NA,NA,NA,NA,NA
WK071603,Sint-Maartensdijk,2012,3.883914845763149,-0.21835000538053637,NA,NA,NA,NA,NA
WK071603,Sint-Maartensdijk,2014,3.923907762208328,-0.17835708893535768,0.01708942307449053,0.0010758881484052695,0.014053663534817072,-0.19416917425440225,-0.0164068894386686
WK071603,Sint-Maartensdijk,2016,3.954640426330088,-0.14762442481359714,NA,NA,NA,NA,NA
WK071603,Sint-Maartensdijk,2018,3.956728761330082,-0.14553608981360303,0.006966715301637052,0.022748696379529258,0.014428210536086577,-0.20031312755377745,0.010633415522921264
WK071603,Sint-Maartensdijk,2020,3.915311088146529,-0.18695376299715583,0.01170520541415389,0.0057056239719694025,0.0070378419144740524,-0.20049665989433313,-0.010905774403420306
WK071603,Sint-Maartensdijk,2022,3.9647154214351064,-0.13754942970857875,0.013881460440034084,0.012847573020669334,0.011378995331543455,-0.19608221357149305,0.02042475507066715
WK071604,Stavenisse,2002,3.93011183569795,-0.17215301544573516,NA,NA,NA,NA,NA
WK071604,Stavenisse,2008,3.9189098002450056,-0.1833550508986799,NA,NA,NA,NA,NA
WK071604,Stavenisse,2012,3.9127299870522196,-0.18953486409146586,NA,NA,NA,NA,NA
WK071604,Stavenisse,2014,3.9455111355307806,-0.15675371561290435,0.008339060805050702,0.09481881553758989,0.05533625939222129,-0.28948022042671145,-0.02576763092105508
WK071604,Stavenisse,2016,3.977444262240923,-0.12482058890276226,NA,NA,NA,NA,NA
WK071604,Stavenisse,2018,3.920986250864836,-0.18127860027884926,0.00791776479294058,0.06497482507013506,0.04977248192905086,-0.2828617773287223,-0.021081894742253762
WK071604,Stavenisse,2020,3.9788916936366014,-0.12337315750708364,0.016300029877069577,0.07244270016673357,0.043085158493469715,-0.26165915270054835,0.006458106656191638
WK071604,Stavenisse,2022,4.024027555327042,-0.0782372958166432,0.02022226546847502,0.09444147105132074,0.044889382511112595,-0.2793063591290754,0.04151594428152358
WK071605,Sint-Annaland,2002,3.8891808260621974,-0.2130840250814877,NA,NA,NA,NA,NA
WK071605,Sint-Annaland,2008,3.9134463244579862,-0.1888185266856987,NA,NA,NA,NA,NA
WK071605,Sint-Annaland,2012,3.9253832959515083,-0.17688155519217733,NA,NA,NA,NA,NA
WK071605,Sint-Annaland,2014,3.975430153627647,-0.12683469751603815,0.03214103374442368,0.0625036212789603,0.034282895379848743,-0.2374400195674496,-0.01832222835182152
WK071605,Sint-Annaland,2016,3.97718155927543,-0.12508329186825545,NA,NA,NA,NA,NA
WK071605,Sint-Annaland,2018,3.9806351207028547,-0.12162973044083043,0.02701366439730063,0.05795851347985423,0.02912854223365041,-0.24122031645694625,0.005489865905310281
WK071605,Sint-Annaland,2020,3.9924690848722633,-0.10979576627142158,0.03891507946569312,0.05192456915443329,0.025959206459896685,-0.22360005168497712,-0.0029945696664678643
WK071605,Sint-Annaland,2022,4.008855309417295,-0.09340954172639014,0.03442413703901839,0.06197395585380824,0.02990955793748814,-0.23812037204813455,0.01840317949142935
WK071606,Oud-Vossemeer,2002,3.8822334181203266,-0.2200314330233581,NA,NA,NA,NA,NA
WK071606,Oud-Vossemeer,2008,3.9499899624923125,-0.15227488865137273,NA,NA,NA,NA,NA
WK071606,Oud-Vossemeer,2012,3.9204332885539532,-0.18183156258973218,NA,NA,NA,NA,NA
WK071606,Oud-Vossemeer,2014,4.007191681279347,-0.09507316986433786,0.012223753924041531,0.048302571749914654,0.04106069451248808,-0.21239719277295127,0.01573700272216888
WK071606,Oud-Vossemeer,2016,4.022577337901786,-0.07968751324189932,NA,NA,NA,NA,NA
WK071606,Oud-Vossemeer,2018,4.012831581057885,-0.0894332700858004,0.019673082983681905,0.04719290097281172,0.03906147608801696,-0.21899160378794152,0.023630873657630322
WK071606,Oud-Vossemeer,2020,4.027810249910058,-0.0744546012336282,0.02207503073420463,0.027537527285619257,0.02667710875474748,-0.1790092295101998,0.02826496150199995
WK071606,Oud-Vossemeer,2022,4.052285866882376,-0.04997898426130885,0.02637994969676351,0.03572418204376231,0.02895174975515805,-0.19635368336340497,0.05531881760641197
WK071607,Sint Philipsland,2002,3.9608425316809384,-0.14142231946274667,NA,NA,NA,NA,NA
WK071607,Sint Philipsland,2008,3.9424949560703575,-0.15976989507332826,NA,NA,NA,NA,NA
WK071607,Sint Philipsland,2012,3.937938390434113,-0.16432646070957244,NA,NA,NA,NA,NA
WK071607,Sint Philipsland,2014,3.992846526410081,-0.10941832473360427,0.08907339753443329,0.05361390845016515,0.03356151642770499,-0.25421407347034436,-0.03145307367556365
WK071607,Sint Philipsland,2016,4.010062139668129,-0.09220271147555646,NA,NA,NA,NA,NA
WK071607,Sint Philipsland,2018,4.01137286113696,-0.09089199000672553,0.09172317060905151,0.06670001025398584,0.042975783554828256,-0.25651069866889464,-0.035780255755696745
WK071607,Sint Philipsland,2020,4.006710582754759,-0.09555426838892637,0.08663407807918476,0.05756785161663773,0.03582461616265693,-0.2541901716529807,-0.02139064259442534
WK071607,Sint Philipsland,2022,4.066228881630939,-0.03603596951274673,0.0873943978951401,0.06263318923836149,0.037707574037148306,-0.24224963559238133,0.018478504908984478
WK071700,Wijk 00 Veere,2002,4.198596335059073,0.096331483915388455,NA,NA,NA,NA,NA
WK071700,Wijk 00 Veere,2008,4.224459479999529,0.12219462885584381,NA,NA,NA,NA,NA
WK071700,Wijk 00 Veere,2012,4.235425470740514,0.13316061959682887,NA,NA,NA,NA,NA
WK071700,Wijk 00 Veere,2014,4.248805733923273,0.14654088277958843,0.04136249351761227,0.10666893204372396,0.08186519568556254,-0.15718882020260644,0.07383308173529579
WK071700,Wijk 00 Veere,2016,4.275354830073417,0.1730899789297316,NA,NA,NA,NA,NA
WK071700,Wijk 00 Veere,2018,4.2762853961155,0.17402054497181532,0.04970676734455523,0.11428034867414265,0.09050645083230853,-0.1525752054257352,0.0721021835465438
WK071700,Wijk 00 Veere,2020,4.279999200375734,0.17773434923204862,0.0511112950771166,0.12436877408236842,0.07614735883435965,-0.14500618204725702,0.07111310328546071
WK071700,Wijk 00 Veere,2022,4.2444831810297865,0.14221832988610128,0.05139126078579476,0.10990865304484664,0.06913670049781606,-0.15997122936489766,0.07175294492254125
WK071701,Wijk 01 Gapinge,2002,4.141654265035297,0.03938941389161134,NA,NA,NA,NA,NA
WK071701,Wijk 01 Gapinge,2008,4.107041767802605,0.004776916658919808,NA,NA,NA,NA,NA
WK071701,Wijk 01 Gapinge,2012,4.110439448298367,0.008174597154681695,NA,NA,NA,NA,NA
WK071701,Wijk 01 Gapinge,2014,4.169484359418249,0.06721950827456319,0.0025565703646096816,0.11872747132684391,0.08689305204615491,-0.19227920306124177,0.051321617598196125
WK071701,Wijk 01 Gapinge,2016,4.2172194798082545,0.1149546286645693,NA,NA,NA,NA,NA
WK071701,Wijk 01 Gapinge,2018,4.183932483349402,0.08166763220571606,0.013840898690320116,0.10767035049641348,0.09049308239651176,-0.18571585152410602,0.05537915214657643
WK071701,Wijk 01 Gapinge,2020,4.180895423812944,0.07863057266925902,0.013096764681397475,0.11509422663212505,0.07535375803660443,-0.1806608658500221,0.0557466891691538
WK071701,Wijk 01 Gapinge,2022,4.173676982970468,0.07141213182678258,0.017857112204415028,0.10736055257046817,0.06676469543474436,-0.1842570192620972,0.06368679087925187
WK071702,Wijk 02 Vrouwenpolder,2002,4.182007438704335,0.07974258756064992,NA,NA,NA,NA,NA
WK071702,Wijk 02 Vrouwenpolder,2008,4.1965131160556535,0.09424826491196849,NA,NA,NA,NA,NA
WK071702,Wijk 02 Vrouwenpolder,2012,4.202182187536229,0.09991733639254319,NA,NA,NA,NA,NA
WK071702,Wijk 02 Vrouwenpolder,2014,4.220958324761456,0.11869347361777162,0.07998721447793426,0.08732983951596399,0.06633174815021926,-0.1543062488674954,0.03935092034114918
WK071702,Wijk 02 Vrouwenpolder,2016,4.303928614382589,0.20166376323890373,NA,NA,NA,NA,NA
WK071702,Wijk 02 Vrouwenpolder,2018,4.268813904941979,0.16654905379829346,0.08936257326918652,0.11072602500851667,0.07340176079863116,-0.151650296461557,0.04470899118351584
WK071702,Wijk 02 Vrouwenpolder,2020,4.23941523840455,0.1371503872608646,0.0933853922290455,0.10315703045991612,0.06312620366341659,-0.14938773742232794,0.02686949833081401
WK071702,Wijk 02 Vrouwenpolder,2022,4.26720699531846,0.1649421441747748,0.10025842246949833,0.11579315676946822,0.055752414596393775,-0.15039167890513647,0.043529829244550795
WK071703,Wijk 03 Serooskerke,2002,4.096436277352516,-0.005828573791169451,NA,NA,NA,NA,NA
WK071703,Wijk 03 Serooskerke,2008,4.118006855243905,0.01574200410022036,NA,NA,NA,NA,NA
WK071703,Wijk 03 Serooskerke,2012,4.110436539196343,0.008171688052656976,NA,NA,NA,NA,NA
WK071703,Wijk 03 Serooskerke,2014,4.149002714858208,0.046737863714522127,0.01979390596049287,0.07567454772097812,0.05531001068978043,-0.15807610950154224,0.054035508844812716
WK071703,Wijk 03 Serooskerke,2016,4.143312654710077,0.041047803566392434,NA,NA,NA,NA,NA
WK071703,Wijk 03 Serooskerke,2018,4.169082297043412,0.06681744589972695,0.02163615443469129,0.10038439752061663,0.05561675368139867,-0.14622532077139686,0.03540546103441691
WK071703,Wijk 03 Serooskerke,2020,4.1912403183396885,0.08897546719600327,0.02549143021470716,0.10040250678538713,0.04991303031976045,-0.13672324942674022,0.04989174930288849
WK071703,Wijk 03 Serooskerke,2022,4.191619677679223,0.08935482653553782,0.027817862039775175,0.10480723028600981,0.048633420946093985,-0.1380161822914235,0.04611249555508212
WK071704,Wijk 04 Domburg,2002,4.222840230758538,0.12057537961485301,NA,NA,NA,NA,NA
WK071704,Wijk 04 Domburg,2008,4.221799995463525,0.11953514431983948,NA,NA,NA,NA,NA
WK071704,Wijk 04 Domburg,2012,4.242897651535648,0.14063280039196285,NA,NA,NA,NA,NA
WK071704,Wijk 04 Domburg,2014,4.323017092050324,0.22075224090663925,0.1590785990834297,0.09349174976578203,0.06445080023959975,-0.14716615824093338,0.050897250058760835
WK071704,Wijk 04 Domburg,2016,4.3371499052835985,0.234885054139913,NA,NA,NA,NA,NA
WK071704,Wijk 04 Domburg,2018,4.353169981583763,0.2509051304400783,0.15664529829284174,0.10714641525870856,0.0690826073458964,-0.1377529219673052,0.05578373150993652
WK071704,Wijk 04 Domburg,2020,4.366557757775601,0.2642929066319162,0.16624970995207283,0.10415552681077903,0.07497885996535228,-0.1345807586861089,0.05348956858982072
WK071704,Wijk 04 Domburg,2022,4.371846214492136,0.2695813633484507,0.17496133092410016,0.11077447503275925,0.06562771387824796,-0.13694459847377155,0.055162441987114647
WK071705,Wijk 05 Oostkapelle,2002,4.255869740552733,0.153604889409047,NA,NA,NA,NA,NA
WK071705,Wijk 05 Oostkapelle,2008,4.281388156145726,0.17912330500204132,NA,NA,NA,NA,NA
WK071705,Wijk 05 Oostkapelle,2012,4.2790804977286685,0.17681564658498358,NA,NA,NA,NA,NA
WK071705,Wijk 05 Oostkapelle,2014,4.33463886714944,0.2323740160057552,0.12067395879051712,0.12272270969146906,0.08709050394769718,-0.14933212645700145,0.05121897003307304
WK071705,Wijk 05 Oostkapelle,2016,4.353599178820637,0.25133432767695185,NA,NA,NA,NA,NA
WK071705,Wijk 05 Oostkapelle,2018,4.352997563482627,0.250732712338942,0.12407935888412695,0.13082083376932235,0.09087044790934781,-0.14133769192302054,0.046299763699165074
WK071705,Wijk 05 Oostkapelle,2020,4.361873198524932,0.2596083473812468,0.12729033794976102,0.12908071962582263,0.08887658590949161,-0.1406050292816245,0.05496573317779572
WK071705,Wijk 05 Oostkapelle,2022,4.341561178312488,0.23929632716880259,0.129451678358723,0.11768282905638745,0.08212113036164048,-0.14404424199779567,0.054084931389847074
WK071706,Wijk 06 Aagtekerke,2002,4.159188345379582,0.0569234942358968,NA,NA,NA,NA,NA
WK071706,Wijk 06 Aagtekerke,2008,4.175507731473122,0.07324288032943646,NA,NA,NA,NA,NA
WK071706,Wijk 06 Aagtekerke,2012,4.1760067443154245,0.07374189317173928,NA,NA,NA,NA,NA
WK071706,Wijk 06 Aagtekerke,2014,4.166649308088555,0.06438445694487031,0.04539314334842953,0.11259995783147882,0.07305742184512926,-0.1892428837797907,0.022576817699623185
WK071706,Wijk 06 Aagtekerke,2016,4.229967138044631,0.12770228690094604,NA,NA,NA,NA,NA
WK071706,Wijk 06 Aagtekerke,2018,4.194199670033719,0.09193481889003365,0.0354518934637235,0.10924254203095372,0.07858205854380362,-0.17764621405268696,0.04630453890423952
WK071706,Wijk 06 Aagtekerke,2020,4.190724525342572,0.08845967419888635,0.03747680570487202,0.11999814278047588,0.07749210634980067,-0.18046402774246956,0.03395664710620703
WK071706,Wijk 06 Aagtekerke,2022,4.223760574217578,0.12149572307389288,0.04115089955858054,0.12708468282018803,0.08303768754474677,-0.18011393400568854,0.050336387156065816
WK071707,Wijk 07 Grijpskerke,2002,4.060346849539622,-0.04191800160406346,NA,NA,NA,NA,NA
WK071707,Wijk 07 Grijpskerke,2008,4.0586829093628936,-0.043581941780791555,NA,NA,NA,NA,NA
WK071707,Wijk 07 Grijpskerke,2012,4.077559087837702,-0.024705763305982474,NA,NA,NA,NA,NA
WK071707,Wijk 07 Grijpskerke,2014,4.136889511632993,0.034624660489308005,0.006845988492117808,0.10576464416586381,0.06089291239129104,-0.17995658911026932,0.041077704550304316
WK071707,Wijk 07 Grijpskerke,2016,4.1611473169279485,0.0588824657842632,NA,NA,NA,NA,NA
WK071707,Wijk 07 Grijpskerke,2018,4.1526899613230945,0.05042511017940928,0.010921665624180432,0.10208305204331602,0.06101767992756705,-0.1643286636244241,0.04073137620876947
WK071707,Wijk 07 Grijpskerke,2020,4.1751860313064775,0.07292118016279268,0.014394831627813038,0.11264253896093782,0.06157647385444255,-0.1539022015007391,0.038209537220338013
WK071707,Wijk 07 Grijpskerke,2022,4.1604986741928816,0.05823382304919647,0.01629480409945114,0.10287228060948342,0.06330146830019673,-0.1640034969375938,0.0397687669776587
WK071708,Wijk 08 Meliskerke,2002,4.024294072760693,-0.0779707783829922,NA,NA,NA,NA,NA
WK071708,Wijk 08 Meliskerke,2008,4.032670439556704,-0.06959441158698129,NA,NA,NA,NA,NA
WK071708,Wijk 08 Meliskerke,2012,4.042897248811202,-0.059367602332483393,NA,NA,NA,NA,NA
WK071708,Wijk 08 Meliskerke,2014,4.119950563072572,0.01768571192888696,0.02593051432396399,0.11505768287641954,0.06402920714236307,-0.19403371165916714,0.006702019245307189
WK071708,Wijk 08 Meliskerke,2016,4.09156793044306,-0.010696920700625516,NA,NA,NA,NA,NA
WK071708,Wijk 08 Meliskerke,2018,4.10393559645533,0.0016707453116446046,0.01762209299017759,0.10785006788816383,0.0621449699565409,-0.17876594862788164,-0.007180436895356431
WK071708,Wijk 08 Meliskerke,2020,4.147595297691257,0.04533044654757283,0.028224251855731478,0.10183968424376715,0.06027186684098107,-0.1543672671066283,0.009361910713721201
WK071708,Wijk 08 Meliskerke,2022,4.148723816142274,0.04645896499858919,0.0335442574014467,0.11729817832328075,0.06390015184210049,-0.1592709976812506,-0.009012624886988395
WK071709,Wijk 09 Koudekerke,2002,4.0971976198108395,-0.005067231332845544,NA,NA,NA,NA,NA
WK071709,Wijk 09 Koudekerke,2008,4.128537323888499,0.026272472744813088,NA,NA,NA,NA,NA
WK071709,Wijk 09 Koudekerke,2012,4.140413304972296,0.03814845382861104,NA,NA,NA,NA,NA
WK071709,Wijk 09 Koudekerke,2014,4.217957527974986,0.1156926768313004,0.043521872988245655,0.09657915024689749,0.055200950508574105,-0.11806263974517686,0.038453342832759675
WK071709,Wijk 09 Koudekerke,2016,4.244360719270781,0.1420958681270957,NA,NA,NA,NA,NA
WK071709,Wijk 09 Koudekerke,2018,4.249750459672044,0.14748560852835868,0.04445334772269628,0.10669433184021979,0.053603811598827884,-0.09048575084929447,0.03321986821590892
WK071709,Wijk 09 Koudekerke,2020,4.2515315825091085,0.14926673136542307,0.053201987011060055,0.09989950954213704,0.049243188536876974,-0.09116966350757992,0.03809170978292861
WK071709,Wijk 09 Koudekerke,2022,4.257105925698438,0.15484107455475274,0.05166344169369286,0.09788491935994242,0.053255897815381134,-0.09373623904568341,0.04577305473141945
WK071710,Wijk 10 Biggekerke,2002,4.151661150386767,0.04939629924308225,NA,NA,NA,NA,NA
WK071710,Wijk 10 Biggekerke,2008,4.125469990018216,0.023205138874530334,NA,NA,NA,NA,NA
WK071710,Wijk 10 Biggekerke,2012,4.136510840123687,0.034245988980002265,NA,NA,NA,NA,NA
WK071710,Wijk 10 Biggekerke,2014,4.199297654766537,0.09703280362285187,0.0694969211539856,0.0890277293551821,0.0648343176363434,-0.18590016303449625,0.05957399851183676
WK071710,Wijk 10 Biggekerke,2016,4.222896910371277,0.12063205922759122,NA,NA,NA,NA,NA
WK071710,Wijk 10 Biggekerke,2018,4.218063946361398,0.11579909521771252,0.06922626058335019,0.08217413242183508,0.06493596124798268,-0.16168624071293555,0.06114898167747982
WK071710,Wijk 10 Biggekerke,2020,4.275558954560882,0.17329410341719634,0.07742803111317631,0.11395722558596737,0.06970812854309877,-0.15427843590224977,0.0664791540772034
WK071710,Wijk 10 Biggekerke,2022,4.25743789689899,0.1551730457553047,0.07297369282893978,0.11229200201320859,0.0738382270945987,-0.16322825327531015,0.05929737709386747
WK071711,Wijk 11 Zoutelande,2002,4.255842448649543,0.15357759750585748,NA,NA,NA,NA,NA
WK071711,Wijk 11 Zoutelande,2008,4.236396854052287,0.13413200290860158,NA,NA,NA,NA,NA
WK071711,Wijk 11 Zoutelande,2012,4.242580967510895,0.14031611636720914,NA,NA,NA,NA,NA
WK071711,Wijk 11 Zoutelande,2014,4.318265017977578,0.2160001668338927,0.164441604608495,0.09006513620528259,0.06686163799355267,-0.13692180197655415,0.031553590003116416
WK071711,Wijk 11 Zoutelande,2016,4.329396709284222,0.22713185814053688,NA,NA,NA,NA,NA
WK071711,Wijk 11 Zoutelande,2018,4.363103545084598,0.26083869394091297,0.15231279170343495,0.12362743871097846,0.07251767079430801,-0.11999545481582434,0.03237624754801553
WK071711,Wijk 11 Zoutelande,2020,4.348555735833257,0.2462908846895711,0.16254482443584478,0.10751390752817154,0.06449271919379934,-0.12225680684743981,0.03399624037919497
WK071711,Wijk 11 Zoutelande,2022,4.3845244838403135,0.2822596326966282,0.17450017186340308,0.12914693159644391,0.06973631494270718,-0.12589134181718972,0.03476755611126347
WK071712,Wijk 12 Westkapelle,2002,4.127566821019455,0.025301969875769537,NA,NA,NA,NA,NA
WK071712,Wijk 12 Westkapelle,2008,4.116291938100652,0.014027086956966953,NA,NA,NA,NA,NA
WK071712,Wijk 12 Westkapelle,2012,4.1248100613778895,0.02254521023420462,NA,NA,NA,NA,NA
WK071712,Wijk 12 Westkapelle,2014,4.181302370098329,0.07903751895464411,0.1349872126729276,0.07961945855440632,0.04576863856780599,-0.1828964900540233,0.0015586992135273015
WK071712,Wijk 12 Westkapelle,2016,4.182767171335927,0.0805023201922422,NA,NA,NA,NA,NA
WK071712,Wijk 12 Westkapelle,2018,4.1936741675112925,0.091409316367608,0.1176177524723267,0.10099004004685633,0.04965671936105101,-0.16960277141937827,-0.007252424093248068
WK071712,Wijk 12 Westkapelle,2020,4.227355034900051,0.12509018375636616,0.12521549049294584,0.10018420846900275,0.04894270217679868,-0.1695818017832019,0.02032958440082055
WK071712,Wijk 12 Westkapelle,2022,4.25467070372866,0.15240585258497466,0.1377647115789952,0.10558211580859024,0.053251069378156136,-0.1681209014873789,0.023928857306611633
WK071801,Binnenstad,2002,3.9991183290949652,-0.10314652204871998,NA,NA,NA,NA,NA
WK071801,Binnenstad,2008,4.049696976751392,-0.052567874392293414,NA,NA,NA,NA,NA
WK071801,Binnenstad,2012,4.014703733610026,-0.08756111753365925,NA,NA,NA,NA,NA
WK071801,Binnenstad,2014,3.9871200277862946,-0.11514482335739047,0.09824655564543879,-0.1254863170118382,-0.038662641750361805,-0.0062890144766650745,-0.042953405763964475
WK071801,Binnenstad,2016,4.064926641033129,-0.037338210110557185,NA,NA,NA,NA,NA
WK071801,Binnenstad,2018,4.109176181135163,0.00691132999147706,0.08959683665652289,-0.09164077065096059,-0.04218579516708383,0.07672488448297592,-0.025583825329977616
WK071801,Binnenstad,2020,4.129205613961683,0.026940762817997864,0.09525640577423197,-0.08412730879139797,-0.047628694396794645,0.08268434688810965,-0.01924398665615142
WK071801,Binnenstad,2022,4.115942180915132,0.01367732977144717,0.09591495322917129,-0.10254488680217953,-0.04522583487756239,0.08476457646946668,-0.019231478247449148
WK071802,Middengebied,2002,3.979546614940087,-0.12271823620359805,NA,NA,NA,NA,NA
WK071802,Middengebied,2008,3.992516841899205,-0.10974800924447997,NA,NA,NA,NA,NA
WK071802,Middengebied,2012,4.019003412134739,-0.08326143900894648,NA,NA,NA,NA,NA
WK071802,Middengebied,2014,3.983300353969735,-0.11896449717395048,0.08428840876451876,-0.0855195159518377,-0.028624167804842265,-0.04684803997959829,-0.04226118220219128
WK071802,Middengebied,2016,4.033000111827108,-0.06926473931657715,NA,NA,NA,NA,NA
WK071802,Middengebied,2018,4.065155108094323,-0.03710974304936293,0.08619709601243615,-0.07033372169457962,-0.02250000556294021,0.009883001823265024,-0.04035611362754457
WK071802,Middengebied,2020,4.088555816284337,-0.013709034859347765,0.09035164819649982,-0.04694706668691239,-0.021417164334095802,0.016824402852454626,-0.05252085488729429
WK071802,Middengebied,2022,4.072428688813725,-0.029836162329960513,0.09528346058463835,-0.07484536538342575,-0.028314254473489592,0.014415964065325304,-0.036375967123009084
WK071803,Paauwenburg - Westduin,2002,4.067279600707398,-0.03498525043628779,NA,NA,NA,NA,NA
WK071803,Paauwenburg - Westduin,2008,4.083417553213996,-0.018847297929689,NA,NA,NA,NA,NA
WK071803,Paauwenburg - Westduin,2012,4.093435919800711,-0.008828931342974406,NA,NA,NA,NA,NA
WK071803,Paauwenburg - Westduin,2014,4.097704549428756,-0.004560301714929476,0.09930679774721893,0.0021128478462083644,0.007721267717529512,-0.0913864812094581,-0.022314733816428442
WK071803,Paauwenburg - Westduin,2016,4.143217291102338,0.04095243995865191,NA,NA,NA,NA,NA
WK071803,Paauwenburg - Westduin,2018,4.173362502594787,0.07109765145110158,0.09748083468671176,0.029798913014986342,0.004343410760042002,-0.04930630361544933,-0.011219203395189437
WK071803,Paauwenburg - Westduin,2020,4.213862928726766,0.1115980775830808,0.10375601511676127,0.05663492573067082,0.0051453236466618415,-0.051004036286356,-0.0029341506246574095
WK071803,Paauwenburg - Westduin,2022,4.167558802048119,0.06529395090443323,0.10659599023092815,0.02722865284235219,-0.0096565363197063,-0.054183179142274655,-0.004690976706866452
WK071804,Lammerenburg,2002,4.02739773557792,-0.07486711556576504,NA,NA,NA,NA,NA
WK071804,Lammerenburg,2008,4.0538923395453965,-0.04837251159828868,NA,NA,NA,NA,NA
WK071804,Lammerenburg,2012,4.048289176492129,-0.05397567465155628,NA,NA,NA,NA,NA
WK071804,Lammerenburg,2014,4.0581062766530955,-0.04415857449058996,0.04504259075761113,0.008759878472940658,0.022354942116754744,-0.09995777470554941,-0.020358211132347374
WK071804,Lammerenburg,2016,4.126845779669546,0.024580928525861294,NA,NA,NA,NA,NA
WK071804,Lammerenburg,2018,4.163079222733235,0.060814371589549325,0.04590087212785813,0.055045855320774384,0.01921078038052108,-0.06178615129564848,0.0024430150560439436
WK071804,Lammerenburg,2020,4.180920714918858,0.07865586377517295,0.05459701251432709,0.06050301947929525,0.01992763356893197,-0.059415025849351155,0.0030432240619694966
WK071804,Lammerenburg,2022,4.1700227014018365,0.06775785025815076,0.05548971247113707,0.05630257887421547,0.009799659612235667,-0.06414205621949866,0.010307955520060915
WK071805,Oost-Souburg,2002,3.9659579604332507,-0.13630689071043495,NA,NA,NA,NA,NA
WK071805,Oost-Souburg,2008,3.9852007939107112,-0.11706405723297389,NA,NA,NA,NA,NA
WK071805,Oost-Souburg,2012,3.9789261563717253,-0.12333869477196018,NA,NA,NA,NA,NA
WK071805,Oost-Souburg,2014,3.950457222561486,-0.1518076285821998,0.0030335171559524874,-0.02814151106080772,-0.005827160028928712,-0.0932599359412093,-0.02761253870720684
WK071805,Oost-Souburg,2016,3.9882635699210747,-0.11400128122261,NA,NA,NA,NA,NA
WK071805,Oost-Souburg,2018,4.017263897873742,-0.08500095326994296,0.006814772683009775,-0.014879491297111015,-0.008742303347412416,-0.06268566763436365,-0.005508263674065938
WK071805,Oost-Souburg,2020,4.061819093896513,-0.040445757247172906,0.008473642834721901,0.018380878189852318,-0.010607583052835937,-0.05077956152902865,-0.005913133689882799
WK071805,Oost-Souburg,2022,4.097228594932935,-0.005036256210750282,0.010050939832895036,0.03859614301992811,0.005563187548683073,-0.05831494036873517,-9.315862435216213e-4
WK071806,Ritthem e.o.,2002,4.1148977026863776,0.012632851542692588,NA,NA,NA,NA,NA
WK071806,Ritthem e.o.,2008,4.065649905674668,-0.03661494546901726,NA,NA,NA,NA,NA
WK071806,Ritthem e.o.,2012,4.055421939585,-0.04684291155868479,NA,NA,NA,NA,NA
WK071806,Ritthem e.o.,2014,4.041221746607731,-0.06104310453595357,-0.032810292864865045,0.06681496768726994,0.0606992955069964,-0.18236402750069813,0.02661695263534298
WK071806,Ritthem e.o.,2016,4.044240788133176,-0.05802406301050928,NA,NA,NA,NA,NA
WK071806,Ritthem e.o.,2018,4.074095415335321,-0.028169435808364892,-0.026066284496436772,0.07184908554689515,0.058619413878415655,-0.16011172736021004,0.027540076622971022
WK071806,Ritthem e.o.,2020,4.110931241960939,0.008666390817253572,-0.026127132448609196,0.09400590148246277,0.050236527547858005,-0.15121159870137516,0.04176269293691687
WK071806,Ritthem e.o.,2022,4.140833473364644,0.03856862222095934,-0.03329362486643764,0.11424435534973373,0.06344806658086577,-0.1540438218778317,0.04821364703462894
WK071807,Binnen- en Buitenhavens,2002,4.071708718818025,-0.030556132325660477,NA,NA,NA,NA,NA
WK071807,Binnen- en Buitenhavens,2008,3.968542095369871,-0.13372275577381443,NA,NA,NA,NA,NA
WK071807,Binnen- en Buitenhavens,2012,4.1230071912301,0.020742340086414478,NA,NA,NA,NA,NA
WK071807,Binnen- en Buitenhavens,2014,4.126379210086821,0.02411435894313598,-0.0638261844080887,0.0293332733239423,0.07302435064472095,-0.09260963755172832,0.0781925569342896
WK071807,Binnen- en Buitenhavens,2016,4.274209291239386,0.1719444400957018,NA,NA,NA,NA,NA
WK071807,Binnen- en Buitenhavens,2018,4.2978439506021155,0.1955790994584305,-0.02212575829592888,0.08963052150537511,0.0926590170616132,-0.05044799121959061,0.08586331040696137
WK071807,Binnen- en Buitenhavens,2020,4.30618023074073,0.20391537959704487,-0.015340559743004713,0.06762665202519413,0.10239805124950487,-0.03141785250501698,0.0806490885703671
WK071807,Binnen- en Buitenhavens,2022,4.282604996277298,0.1803401451336127,-0.008679339643145625,0.061176220498161245,0.08187405969807712,-0.037813079895329144,0.08378228447584857
WK071808,Sloegebied,2002,3.9464731343371646,-0.1557917168065206,NA,NA,NA,NA,NA
WK071808,Sloegebied,2008,3.8621709095311254,-0.2400939416125598,NA,NA,NA,NA,NA
WK071808,Sloegebied,2012,3.887473883931854,-0.21479096721183133,NA,NA,NA,NA,NA
WK071808,Sloegebied,2014,4.009539539911561,-0.09272531123212424,-0.16484623840023727,0.14157837266418105,0.08603305330718625,-0.19369674721823638,0.038206248414982324
WK073601,Mijdrecht,2002,4.058052420612179,-0.04421243053150682,NA,NA,NA,NA,NA
WK073601,Mijdrecht,2008,4.071589115565319,-0.030675735578365414,NA,NA,NA,NA,NA
WK073601,Mijdrecht,2012,4.098795319246883,-0.0034695318968023733,NA,NA,NA,NA,NA
WK073601,Mijdrecht,2014,4.10945078091207,0.00718592976838438,0.05088549697143318,0.01705730381983668,0.007040530087275974,-0.06531020354599726,-0.0024871975641644808
WK073601,Mijdrecht,2016,4.101637629799873,-6.272213438121549e-4,NA,NA,NA,NA,NA
WK073601,Mijdrecht,2018,4.117138945761587,0.014874094617901961,0.049475904709719076,0.029135993247126624,0.005615787904322648,-0.07265001731712584,0.0032964260738591617
WK073601,Mijdrecht,2020,4.080238738618748,-0.02202611252493739,7.692595137341458e-4,0.0349936111280153,0.0025406971698347654,-0.06588284637260859,0.005553166036086709
WK073601,Mijdrecht,2022,4.0935120565862935,-0.008752794557391719,-0.002058786236528411,0.05190282804294759,0.007919249207715277,-0.07665436526515298,0.010138279693626493
WK073602,de Hoef,2002,4.136701198495208,0.03443634735152268,NA,NA,NA,NA,NA
WK073602,de Hoef,2008,4.149194130457804,0.04692927931411848,NA,NA,NA,NA,NA
WK073602,de Hoef,2012,4.186949607951884,0.0846847568081985,NA,NA,NA,NA,NA
WK073602,de Hoef,2014,4.191474654394826,0.08920980325114124,0.015339960175711771,0.09833714012516115,0.1009193923227371,-0.1777635067740631,0.052376817401593945
WK073602,de Hoef,2016,4.1923921459385,0.09012729479481524,NA,NA,NA,NA,NA
WK073602,de Hoef,2018,4.196162457891142,0.09389760674745724,0.021896313810033447,0.10698531209719532,0.09504450756204953,-0.1826392784865214,0.05261075176469999
WK073602,de Hoef,2020,4.219562850579236,0.11729799943555122,0.020026264318339437,0.10120158792146905,0.1021586262077737,-0.1756303807348056,0.06954190172277439
WK073602,de Hoef,2022,4.237196095182739,0.13493124403905382,0.018479454814489732,0.1175104642651265,0.1072254230187525,-0.1798603587491038,0.07157626068978858
WK073603,Amstelhoek,2002,4.2106667883659625,0.1084019372222772,NA,NA,NA,NA,NA
WK073603,Amstelhoek,2008,4.168329057439779,0.06606420629609348,NA,NA,NA,NA,NA
WK073603,Amstelhoek,2012,4.16575347943139,0.0634886282877054,NA,NA,NA,NA,NA
WK073603,Amstelhoek,2014,4.152917104711711,0.05065225356802616,0.01171410954603977,0.027577202424546074,0.036470950140675404,-0.06488651705143518,0.03977650850819972
WK073603,Amstelhoek,2016,4.1705683253666725,0.06830347422298715,NA,NA,NA,NA,NA
WK073603,Amstelhoek,2018,4.142722256567522,0.040457405423836974,-3.930221018268952e-5,0.04126549504959756,0.03428470509309726,-0.06818099664411931,0.033127504135443846
WK073603,Amstelhoek,2020,4.181968061380348,0.07970321023666276,0.008692147253131723,0.05631403959857887,0.0350090211398374,-0.05874474537982205,0.03843274762493657
WK073603,Amstelhoek,2022,4.184082211627175,0.08181736048349017,0.014828395535248153,0.06262377360455369,0.03396930115016354,-0.07273510870280556,0.0431309988963301
WK073604,Vinkeveen,2002,4.105483206556443,0.0032183554127569697,NA,NA,NA,NA,NA
WK073604,Vinkeveen,2008,4.118233660953238,0.01596880980955348,NA,NA,NA,NA,NA
WK073604,Vinkeveen,2012,4.152100213719434,0.049835362575748235,NA,NA,NA,NA,NA
WK073604,Vinkeveen,2014,4.125679684160071,0.023414833016385368,0.020553011367968967,0.03792691698718076,0.031711907137908515,-0.08058002352178331,0.01380302104511014
WK073604,Vinkeveen,2016,4.131106011952753,0.0288411608090684,NA,NA,NA,NA,NA
WK073604,Vinkeveen,2018,4.153102788710067,0.050837937566381795,0.014951642121895243,0.05080059508643845,0.030801439790093674,-0.06903356638722324,0.023317826955177423
WK073604,Vinkeveen,2020,4.1299115018553145,0.027646650711629424,0.013344498014741944,0.05592222737379816,0.022523808760041415,-0.08477362197344379,0.020629738536491395
WK073604,Vinkeveen,2022,4.150096461584517,0.04783161044083167,0.014724190212036326,0.06485182686708339,0.02303357126225939,-0.08655741778761364,0.03177943988706594
WK073605,Waverveen,2002,4.128548078892099,0.026283227748414212,NA,NA,NA,NA,NA
WK073605,Waverveen,2008,4.1214275590089935,0.019162707865308118,NA,NA,NA,NA,NA
WK073605,Waverveen,2012,4.118580608354912,0.016315757211227133,NA,NA,NA,NA,NA
WK073605,Waverveen,2014,4.128224167893158,0.025959316749473035,-0.03147125673895638,0.07558004408002224,0.07775995194612836,-0.15830836068609877,0.06239893814837734
WK073605,Waverveen,2016,4.072336372760828,-0.029928478382856664,NA,NA,NA,NA,NA
WK073605,Waverveen,2018,4.151701509134785,0.049436657991099975,-0.02151976379575588,0.10111534617358658,0.08256787322968798,-0.16265646171980738,0.04992966410338833
WK073605,Waverveen,2020,4.1142615889040695,0.011996737760383923,-0.039190293615384134,0.0927747746195196,0.07097718365760028,-0.16433186174649073,0.05176693484513866
WK073605,Waverveen,2022,4.129996084845115,0.02773123370142994,-0.0394699986901489,0.10233252718056017,0.07399679594756664,-0.16637810678216364,0.057250016045615346
WK073606,Wilnis,2002,4.060092999254752,-0.042171851888933694,NA,NA,NA,NA,NA
WK073606,Wilnis,2008,4.060968201364892,-0.0412966497787929,NA,NA,NA,NA,NA
WK073606,Wilnis,2012,4.080592899704698,-0.021671951438987765,NA,NA,NA,NA,NA
WK073606,Wilnis,2014,4.0821362247130155,-0.020128626430669577,0.0023862566791171876,0.045659310664717616,0.025803847083832685,-0.10879204201134009,0.014814001153002769
WK073606,Wilnis,2016,4.082124545614923,-0.020140305528762305,NA,NA,NA,NA,NA
WK073606,Wilnis,2018,4.08854458745551,-0.013720263688175402,-0.005895582463535696,0.058999397425956314,0.02731759683369983,-0.11301555270647672,0.01887387722218058
WK073606,Wilnis,2020,4.076367655508664,-0.025897195635021002,-0.0033785084138661897,0.053234889162594806,0.02119012507541656,-0.1131537160473401,0.016210014588173633
WK073606,Wilnis,2022,4.098679538609894,-0.0035853125337908663,-0.002603138135349584,0.06583797559590406,0.024240941744862427,-0.11853197387289557,0.027470882133687553
WK073607,Abcoude,2002,4.183959901078217,0.08169504993453243,NA,NA,NA,NA,NA
WK073607,Abcoude,2008,4.196454989622684,0.09419013847899857,NA,NA,NA,NA,NA
WK073607,Abcoude,2012,4.208220693277616,0.10595584213392967,NA,NA,NA,NA,NA
WK073607,Abcoude,2014,4.2099459559052805,0.10768110476159508,-2.3133411732897702e-4,0.05249233884554602,0.03235408810986182,-0.01111518442974119,0.0341811963532571
WK073607,Abcoude,2016,4.19233650895588,0.09007165781219553,NA,NA,NA,NA,NA
WK073607,Abcoude,2018,4.23636422500847,0.1340993738647849,-0.002284931562189801,0.06975075599409648,0.03471564530094226,-0.003237834492951522,0.0351557386248872
WK073607,Abcoude,2020,4.234735879840621,0.13247102869693614,-0.0017387299426740864,0.07080983074846628,0.033795583819215866,-0.005862745659308203,0.03546708973123604
WK073607,Abcoude,2022,4.230482055287337,0.12821720414365165,-0.004916316515059585,0.06559629888304062,0.03251859809920182,-0.0063423603470535,0.041360984023522
WK073608,Baambrugge,2002,4.134171246914216,0.03190639577052996,NA,NA,NA,NA,NA
WK073608,Baambrugge,2008,4.125888389238089,0.023623538094403138,NA,NA,NA,NA,NA
WK073608,Baambrugge,2012,4.127058331119759,0.02479347997607373,NA,NA,NA,NA,NA
WK073608,Baambrugge,2014,4.162070594310441,0.059805743166755715,-0.010265267464454938,0.0778652306374277,0.057784193138487025,-0.12034656611293525,0.05476815296823087
WK073608,Baambrugge,2016,4.124410793126099,0.02214594198241416,NA,NA,NA,NA,NA
WK073608,Baambrugge,2018,4.201467920385211,0.09920306924152594,-0.007403152720313386,0.10861778112509038,0.05933669921263031,-0.11369662089159857,0.05234836251571694
WK073608,Baambrugge,2020,4.162908838820361,0.060643987676675164,-0.01271653903412723,0.08945638571519052,0.0435492959750031,-0.11760509126251761,0.05795993628312603
WK073608,Baambrugge,2022,4.171302412493631,0.06903756134994597,-0.010084214239021906,0.09570550704530394,0.0423702962327809,-0.12020605464301201,0.06125202695389472
WK073700,Wijk 00 Burgum,2002,4.046467704422711,-0.05579714672097486,NA,NA,NA,NA,NA
WK073700,Wijk 00 Burgum,2008,4.087376825692996,-0.014888025450689743,NA,NA,NA,NA,NA
WK073700,Wijk 00 Burgum,2012,4.10015580801938,-0.0021090431243048174,NA,NA,NA,NA,NA
WK073700,Wijk 00 Burgum,2014,4.176339490862407,0.07407463971872202,0.04282708501648375,0.07283572166396249,0.034330371521293375,-0.08849766750921015,0.012579129026192288
WK073700,Wijk 00 Burgum,2016,4.183004183740667,0.08073933259698197,NA,NA,NA,NA,NA
WK073700,Wijk 00 Burgum,2018,4.15757721766721,0.05531236652352458,0.04071461987289901,0.05903524175446639,0.024445888545942717,-0.08019130316648354,0.011307919516699731
WK073700,Wijk 00 Burgum,2020,4.133801428772284,0.031536577628598836,0.03741481706225907,0.04815676156091345,0.014119928690379924,-0.07808449398700605,0.009929564302052135
WK073700,Wijk 00 Burgum,2022,4.216075312242837,0.11381046109915167,0.03990831838474292,0.08168626685010519,0.044689633576740696,-0.08364724544433633,0.03117348773189889
WK073701,Wijk 01 Aldtsjerk,2002,4.135511432936851,0.03324658179316619,NA,NA,NA,NA,NA
WK073701,Wijk 01 Aldtsjerk,2008,4.175671158872066,0.07340630772838037,NA,NA,NA,NA,NA
WK073701,Wijk 01 Aldtsjerk,2012,4.182314142602602,0.08004929145891616,NA,NA,NA,NA,NA
WK073701,Wijk 01 Aldtsjerk,2014,4.205989459575793,0.10372460843210796,0.050140209385404505,0.11013974305785243,0.07353564929431124,-0.17964530445984533,0.049554311154384925
WK073701,Wijk 01 Aldtsjerk,2016,4.202087165458343,0.09982231431465702,NA,NA,NA,NA,NA
WK073701,Wijk 01 Aldtsjerk,2018,4.201160094156652,0.09889524301296657,0.053397483426134956,0.10174370031521353,0.07173472728694902,-0.17569620157107846,0.04771553355574723
WK073701,Wijk 01 Aldtsjerk,2020,4.168222036063057,0.06595718491937148,0.04211765404542773,0.10245142658010459,0.059651112565078025,-0.18283822707835273,0.044575218807113605
WK073701,Wijk 01 Aldtsjerk,2022,4.21644565516493,0.11418080402124382,0.046989202236143945,0.12309040712748699,0.06656022745732955,-0.1774991375835062,0.05504010478378925
WK073702,Wijk 02 Mûnein,2002,4.10333372288548,0.0010688717417936943,NA,NA,NA,NA,NA
WK073702,Wijk 02 Mûnein,2008,4.120828143445657,0.01856329230197144,NA,NA,NA,NA,NA
WK073702,Wijk 02 Mûnein,2012,4.151602546556144,0.049337695412458984,NA,NA,NA,NA,NA
WK073702,Wijk 02 Mûnein,2014,4.15973746357876,0.05747261243507475,0.053267188689708415,0.08397933811159057,0.059286261430629233,-0.17203737136227643,0.03297719556542266
WK073702,Wijk 02 Mûnein,2016,4.153701878086245,0.05143702694256034,NA,NA,NA,NA,NA
WK073702,Wijk 02 Mûnein,2018,4.177731014920604,0.07546616377691881,0.05201759564987492,0.09307742476003342,0.058786491522568436,-0.16692084982272265,0.0385055016671644
WK073702,Wijk 02 Mûnein,2020,4.150956801531253,0.04869195038756715,0.04469857889892371,0.08964155589892915,0.05157761957608048,-0.17591388339540387,0.038688079409037325
WK073702,Wijk 02 Mûnein,2022,4.208241811374222,0.10597696023053729,0.047835942879831214,0.11655844479082816,0.06128283976057339,-0.1692672547532193,0.04956698755252351
WK073703,Wijk 03 Ryptsjerk,2002,4.190856066620578,0.08859121547689251,NA,NA,NA,NA,NA
WK073703,Wijk 03 Ryptsjerk,2008,4.156117313249437,0.05385246210575169,NA,NA,NA,NA,NA
WK073703,Wijk 03 Ryptsjerk,2012,4.190288994528041,0.08802414338435531,NA,NA,NA,NA,NA
WK073703,Wijk 03 Ryptsjerk,2014,4.230157325434172,0.12789247429048728,0.043648538606987045,0.10393659860799441,0.0897201045323815,-0.16632527095479885,0.056912503497922914
WK073703,Wijk 03 Ryptsjerk,2016,4.208838733262881,0.10657388211919518,NA,NA,NA,NA,NA
WK073703,Wijk 03 Ryptsjerk,2018,4.205840813119921,0.10357596197623592,0.03829875243567943,0.08773383128743627,0.07608812906843188,-0.15861893108526282,0.06007418026995088
WK073703,Wijk 03 Ryptsjerk,2020,4.215075560134866,0.1128107089911809,0.02662393776618965,0.10093579103508452,0.09928261040649798,-0.17291076924010357,0.05887913902351212
WK073703,Wijk 03 Ryptsjerk,2022,4.2835335525985885,0.1812687014549029,0.0315503185870478,0.13831474450148903,0.10520344587899973,-0.16347363821263994,0.06967383070000595
WK073704,Wijk 04 Tytsjerk,2002,4.137259783762506,0.034994932618820807,NA,NA,NA,NA,NA
WK073704,Wijk 04 Tytsjerk,2008,4.145195540819899,0.04293068967621382,NA,NA,NA,NA,NA
WK073704,Wijk 04 Tytsjerk,2012,4.164892286054155,0.06262743491046958,NA,NA,NA,NA,NA
WK073704,Wijk 04 Tytsjerk,2014,4.167311098948452,0.06504624780476617,0.011095376302013779,0.11728792858991427,0.08789923320159239,-0.18536657617325958,0.034130285884505
WK073704,Wijk 04 Tytsjerk,2016,4.178379355138923,0.07611450399523818,NA,NA,NA,NA,NA
WK073704,Wijk 04 Tytsjerk,2018,4.205402319073028,0.10313746792934278,0.028422414756229666,0.11244476136395937,0.08248146825265394,-0.17651128242513067,0.05630010598163019
WK073704,Wijk 04 Tytsjerk,2020,4.179294225815696,0.07702937467201143,0.015679626105985577,0.11753946777061408,0.07584288709048373,-0.1896811283260421,0.05764852203096979
WK073704,Wijk 04 Tytsjerk,2022,4.207479702187177,0.10521485104349185,0.020842212911998677,0.12771988412083374,0.07917891631710475,-0.18159772434097607,0.05907156203453051
WK073705,Wijk 05 Earnewâld,2002,4.171577243759216,0.06931239261553021,NA,NA,NA,NA,NA
WK073705,Wijk 05 Earnewâld,2008,4.170805223800442,0.06854037265675653,NA,NA,NA,NA,NA
WK073705,Wijk 05 Earnewâld,2012,4.219542360404555,0.11727750926086981,NA,NA,NA,NA,NA
WK073705,Wijk 05 Earnewâld,2014,4.182740905780562,0.08047605463687675,0.045075830381799804,0.08804526133954114,0.08384140450931561,-0.17208262871635926,0.03559618712257917
WK073705,Wijk 05 Earnewâld,2016,4.21703572136689,0.11477087022320463,NA,NA,NA,NA,NA
WK073705,Wijk 05 Earnewâld,2018,4.21633673442028,0.11407188327659491,0.04898814111726117,0.09760547063160523,0.08315868916852352,-0.16281119960388651,0.04713078196309123
WK073705,Wijk 05 Earnewâld,2020,4.1741608977131985,0.071896046569513,0.03803217930338238,0.08807724069966294,0.06618875689010241,-0.16092398046717657,0.04052185014354163
WK073705,Wijk 05 Earnewâld,2022,4.197023749795776,0.09475889865209086,0.04500175376972721,0.08745501649346311,0.061954500621371617,-0.1644045879558169,0.06475221572334552
WK073706,Wijk 06 Sumar,2002,4.12622333649235,0.023958485348664706,NA,NA,NA,NA,NA
WK073706,Wijk 06 Sumar,2008,4.140812662220083,0.038547811076397695,NA,NA,NA,NA,NA
WK073706,Wijk 06 Sumar,2012,4.134591313241119,0.032326462097434,NA,NA,NA,NA,NA
WK073706,Wijk 06 Sumar,2014,4.13520851951881,0.03294366837512439,0.022376887627301535,0.0618916600066591,0.0772644996939012,-0.1730948004261025,0.044505421473364816
WK073706,Wijk 06 Sumar,2016,4.134232438023865,0.031967586880179574,NA,NA,NA,NA,NA
WK073706,Wijk 06 Sumar,2018,4.154299712709762,0.052034861566077374,0.021252419818578294,0.06473224034886386,0.08894579669999843,-0.16528086636300401,0.0423852710616405
WK073706,Wijk 06 Sumar,2020,4.124970862327124,0.02270601118343839,0.013040626751867887,0.07060508029599538,0.06398160094955743,-0.1703611239958025,0.04543982718181997
WK073706,Wijk 06 Sumar,2022,4.150791941776179,0.04852709063249389,0.015553406341959876,0.08645536889312148,0.06652020854564991,-0.17518221095585648,0.055180317807618826
WK073707,Wijk 07 Eastermar,2002,4.171234542608057,0.0689696914643723,NA,NA,NA,NA,NA
WK073707,Wijk 07 Eastermar,2008,4.192760463978625,0.0904956128349401,NA,NA,NA,NA,NA
WK073707,Wijk 07 Eastermar,2012,4.19015505111626,0.08789019997257506,NA,NA,NA,NA,NA
WK073707,Wijk 07 Eastermar,2014,4.196548892412264,0.09428404126857891,0.040974081873341,0.08835038382389239,0.09164380248371612,-0.1738580697012104,0.04717384278883957
WK073707,Wijk 07 Eastermar,2016,4.202902535586275,0.1006376844425892,NA,NA,NA,NA,NA
WK073707,Wijk 07 Eastermar,2018,4.2008912025653435,0.0986263514216581,0.04442832568270192,0.08453544024862067,0.09066856463655379,-0.17135158011594534,0.050345600969726734
WK073707,Wijk 07 Eastermar,2020,4.178495664414327,0.07623081327064192,0.030440706275111033,0.09034008541326796,0.07206323990792489,-0.1672641232217997,0.050650904896137425
WK073707,Wijk 07 Eastermar,2022,4.199250780833997,0.09698592969031108,0.037663535051965485,0.09020613863338331,0.0732798426255739,-0.1690249603462784,0.06486137372566651
WK073708,Wijk 08 Noordburgum,2002,4.108156299725505,0.005891448581819518,NA,NA,NA,NA,NA
WK073708,Wijk 08 Noordburgum,2008,4.101044552352462,-0.0012202987912230787,NA,NA,NA,NA,NA
WK073708,Wijk 08 Noordburgum,2012,4.1284569032315845,0.02619205208789923,NA,NA,NA,NA,NA
WK073708,Wijk 08 Noordburgum,2014,4.1381323247630455,0.03586747361936005,0.03270219512938033,0.06299566314768534,0.07824605574079128,-0.1642787943365302,0.026202353938033003
WK073708,Wijk 08 Noordburgum,2016,4.14539621588382,0.0431313647401347,NA,NA,NA,NA,NA
WK073708,Wijk 08 Noordburgum,2018,4.115634079901419,0.013369228757733252,0.031232702003729247,0.037202123440499786,0.07520450524041283,-0.16865283227801237,0.0383827303511035
WK073708,Wijk 08 Noordburgum,2020,4.109770731722509,0.00750588057882419,0.025573026938796015,0.05087868226014036,0.059571882629190644,-0.16661365647714724,0.038095945227844145
WK073708,Wijk 08 Noordburgum,2022,4.108410303036226,0.006145451892540682,0.029328780227035858,0.06458177724278809,0.06012834573302954,-0.17444095451840022,0.026547503208087166
WK073709,Wijk 09 Hurdegaryp,2002,4.076287400896349,-0.025977450247336088,NA,NA,NA,NA,NA
WK073709,Wijk 09 Hurdegaryp,2008,4.108116163639304,0.005851312495618628,NA,NA,NA,NA,NA
WK073709,Wijk 09 Hurdegaryp,2012,4.13738013094259,0.035115279798904796,NA,NA,NA,NA,NA
WK073709,Wijk 09 Hurdegaryp,2014,4.136049578588719,0.03378472744503421,0.03802518497593463,0.06834752774483412,0.04772867210807845,-0.11800774336615073,-0.002308914017662587
WK073709,Wijk 09 Hurdegaryp,2016,4.146614399922348,0.04434954877866285,NA,NA,NA,NA,NA
WK073709,Wijk 09 Hurdegaryp,2018,4.183384307980928,0.08111945683724248,0.043672911671565215,0.0654114930794104,0.05570869264106067,-0.09599727049210638,0.01232362993731228
WK073709,Wijk 09 Hurdegaryp,2020,4.154465173864169,0.05220032272048394,0.03813097629329405,0.07597854690296309,0.04868327182745029,-0.11680603925278399,0.00621356694956021
WK073709,Wijk 09 Hurdegaryp,2022,4.209190633751273,0.10692578260758825,0.03884313224164987,0.08959335047799509,0.05383505080639471,-0.10741247248180409,0.0320667215633524
WK074301,Asten industrie noord,2002,4.131780406946679,0.029515555802993594,NA,NA,NA,NA,NA
WK074301,Asten industrie noord,2008,4.167724583668358,0.06545973252467234,NA,NA,NA,NA,NA
WK074301,Asten industrie noord,2012,4.1687299333403764,0.06646508219669094,NA,NA,NA,NA,NA
WK074301,Asten industrie noord,2014,4.0965784003678145,-0.005686450775871092,-0.18144535637680426,0.07961890567749523,0.10967656770944348,-0.09126880163173103,0.0777322338457254
WK074301,Asten industrie noord,2016,3.996776570653919,-0.10548828048976598,NA,NA,NA,NA,NA
WK074301,Asten industrie noord,2018,4.10372450045705,0.001459649313364762,-0.17975143676252298,0.09582012540591758,0.10382776011273655,-0.0945071150122245,0.07607031556945769
WK074301,Asten industrie noord,2020,4.116184670094782,0.01391981895109673,-0.17167507526626527,0.10424320172686115,0.07275109552168028,-0.06749376766508113,0.07609436463390146
WK074301,Asten industrie noord,2022,4.083840644766409,-0.01842420637727649,-0.18087208836053414,0.09529470322481534,0.08315860681286427,-0.07098810260599282,0.05498267455157068
WK074302,Asten buitengebied oost,2002,4.150568582991262,0.04830373184757733,NA,NA,NA,NA,NA
WK074302,Asten buitengebied oost,2008,4.208800982044144,0.10653613090045866,NA,NA,NA,NA,NA
WK074302,Asten buitengebied oost,2012,4.237557334617078,0.13529248347339282,NA,NA,NA,NA,NA
WK074302,Asten buitengebied oost,2014,4.163341971887796,0.061077120744110903,-0.07314095915193437,0.08549995687906746,0.13425482294039695,-0.17407448071878392,0.08853778079536478
WK074302,Asten buitengebied oost,2016,4.191277590327254,0.08901273918356833,NA,NA,NA,NA,NA
WK074302,Asten buitengebied oost,2018,4.205728970810249,0.1034641196665634,-0.058962019574803286,0.10979427207253187,0.13834939721998638,-0.1713833042230145,0.08566577417186266
WK074302,Asten buitengebied oost,2020,4.201029475744111,0.09876462460042551,-0.07166582517455412,0.13178307138638898,0.10564461293229309,-0.15550190707761327,0.0885046725339106
WK074302,Asten buitengebied oost,2022,4.192706065491267,0.09044121434758161,-0.08029703786472792,0.12000556049016825,0.10106152657748896,-0.15426712384878677,0.10393828899343888
WK074303,Asten noord,2002,3.9617622950800233,-0.1405025560636619,NA,NA,NA,NA,NA
WK074303,Asten noord,2008,4.022878524489003,-0.07938632665468244,NA,NA,NA,NA,NA
WK074303,Asten noord,2012,4.061019944005872,-0.04124490713781361,NA,NA,NA,NA,NA
WK074303,Asten noord,2014,4.0503969941061175,-0.05186785703756723,-0.01779281583267713,0.020352273169204915,0.00472224395981867,-0.08467134169746425,0.025521783363550297
WK074303,Asten noord,2016,4.038147165793273,-0.06411768535041269,NA,NA,NA,NA,NA
WK074303,Asten noord,2018,4.063185076324252,-0.03907977481943353,-0.009687494419927774,0.023591492084045478,0.01342729264238975,-0.0859067730105206,0.019495707884579324
WK074303,Asten noord,2020,4.142057582750891,0.03979273160720638,-0.006682766508289096,0.05477874176135223,0.012945508988943671,-0.049558579873395896,0.028309827238595164
WK074303,Asten noord,2022,4.096080309516612,-0.006184541627073115,-0.004821644063377703,0.024631440369594332,0.006939670332895319,-0.05484748810958526,0.021913479843399905
WK074304,Asten oost,2002,3.9373263702448726,-0.1649384808988126,NA,NA,NA,NA,NA
WK074304,Asten oost,2008,4.009579818764914,-0.09268503237877124,NA,NA,NA,NA,NA
WK074304,Asten oost,2012,4.0472954217198724,-0.05496942942381227,NA,NA,NA,NA,NA
WK074304,Asten oost,2014,4.032709663968957,-0.06955518717472864,-0.008428986249656222,0.009169279098803652,0.016063679961207545,-0.11063010445362655,0.024270944468542638
WK074304,Asten oost,2016,4.049366350680337,-0.05289850046334756,NA,NA,NA,NA,NA
WK074304,Asten oost,2018,4.079688057773391,-0.022576793370293828,-0.0034217468040937445,0.03794495302768004,0.03246198480814189,-0.11305327382169668,0.023491289419674367
WK074304,Asten oost,2020,4.1282873353884675,0.026022484244782006,-0.002456251361302866,0.05108200660381517,0.030800903953176025,-0.08038902640583845,0.026984851454931767
WK074304,Asten oost,2022,4.111939720189321,0.009674869045636018,0.0028742403019285712,0.039796637238784745,0.02644265635371395,-0.08470956628228804,0.02527090143349653
WK074305,Asten zuid,2002,4.068960428742688,-0.0333044224009971,NA,NA,NA,NA,NA
WK074305,Asten zuid,2008,4.1240276806497675,0.021762829506082205,NA,NA,NA,NA,NA
WK074305,Asten zuid,2012,4.133348026043467,0.031083174899781137,NA,NA,NA,NA,NA
WK074305,Asten zuid,2014,4.125084782507007,0.022819931363322013,-0.006231175514889829,0.05154159998419296,0.03774637227861149,-0.10049048858536089,0.04025362320076797
WK074305,Asten zuid,2016,4.14254188426199,0.04027703311830529,NA,NA,NA,NA,NA
WK074305,Asten zuid,2018,4.152839119094619,0.05057426795093384,0.001474561899824248,0.06443758048786792,0.04386760215128283,-0.10153005321479909,0.04232457662675767
WK074305,Asten zuid,2020,4.191901194965524,0.08963634382183953,0.003301589487113239,0.06634236149499648,0.04288429885356909,-0.06671281300245128,0.04382090698861175
WK074305,Asten zuid,2022,4.193087827621339,0.09082297647765307,0.007515630299406203,0.07337313988211779,0.03992557719940078,-0.06975480366693716,0.03976343276366521
WK074306,Asten centrum / west,2002,4.049140775562477,-0.05312407558120836,NA,NA,NA,NA,NA
WK074306,Asten centrum / west,2008,4.124645831109138,0.022380979965452494,NA,NA,NA,NA,NA
WK074306,Asten centrum / west,2012,4.1387671193644024,0.03650226822071716,NA,NA,NA,NA,NA
WK074306,Asten centrum / west,2014,4.133148003424751,0.030883152281066546,-0.01242179440352775,0.03689371919865603,0.03602531812673171,-0.07642424610489265,0.04681015546409897
WK074306,Asten centrum / west,2016,4.145412078357059,0.04314722721337358,NA,NA,NA,NA,NA
WK074306,Asten centrum / west,2018,4.166719153307047,0.06445430216336133,-0.0019932782259490314,0.05717115817845674,0.043021691219533725,-0.08008050668391836,0.046335237675238033
WK074306,Asten centrum / west,2020,4.228195874392643,0.12593102324895755,7.308036733216477e-4,0.07113320872485807,0.043209159454390904,-0.03817326674912668,0.049031118145513315
WK074306,Asten centrum / west,2022,4.198129728874553,0.09586487773086838,0.0011483969819206066,0.062149970494886166,0.03676789432316714,-0.04621834902468423,0.042016964955578454
WK074307,Asten buitengebied west,2002,4.181547305032732,0.07928245388904645,NA,NA,NA,NA,NA
WK074307,Asten buitengebied west,2008,4.231446123451452,0.12918127230776685,NA,NA,NA,NA,NA
WK074307,Asten buitengebied west,2012,4.237544591180737,0.13527974003705168,NA,NA,NA,NA,NA
WK074307,Asten buitengebied west,2014,4.182747772281914,0.080482921138228955,-0.0818609737403304,0.07149761298763775,0.11653112627836443,-0.12442624395256907,0.09874139956512597
WK074307,Asten buitengebied west,2016,4.172366544708175,0.07010169356448968,NA,NA,NA,NA,NA
WK074307,Asten buitengebied west,2018,4.2377943367946935,0.13552948565100825,-0.058818022243206945,0.10699048145187977,0.1134495091785534,-0.12589430201045942,0.0998018192742412
WK074307,Asten buitengebied west,2020,4.263373055698201,0.1611082045545159,-0.07018644505858398,0.11292532719431016,0.12517891530266875,-0.10153214997487686,0.09472255709099738
WK074307,Asten buitengebied west,2022,4.284247850364206,0.18198299922052083,-0.07113256096324619,0.11977987707948955,0.13473083563290641,-0.10221479456772155,0.1008196420390922
WK074308,Heusden wonen,2002,4.155107967355893,0.05284311621220839,NA,NA,NA,NA,NA
WK074308,Heusden wonen,2008,4.198654610484483,0.09638975934079713,NA,NA,NA,NA,NA
WK074308,Heusden wonen,2012,4.185860405417064,0.0835955542733795,NA,NA,NA,NA,NA
WK074308,Heusden wonen,2014,4.154868684178054,0.05260383303436954,-0.046428950317452804,0.10043797393833052,0.08235251122261529,-0.14181631680536227,0.05805861499623852
WK074308,Heusden wonen,2016,4.104023324022433,0.0017584728787477177,NA,NA,NA,NA,NA
WK074308,Heusden wonen,2018,4.176920516856261,0.07465566571257579,-0.03582984411016376,0.10470966983158816,0.08999918752886156,-0.14082137049829305,0.056598022960582584
WK074308,Heusden wonen,2020,4.2017180930153755,0.09945324187169047,-0.04147792195821747,0.10351191013918642,0.10398583839335977,-0.12398869054796868,0.057422105845330154
WK074308,Heusden wonen,2022,4.203223663522286,0.10095881237860115,-0.03949364097097995,0.10515449134651132,0.09234872701687065,-0.11933169987596808,0.062280934862166876
WK074310,Ommel wonen,2002,4.160250855322362,0.057986004178676394,NA,NA,NA,NA,NA
WK074310,Ommel wonen,2008,4.184951371857693,0.08268652071400746,NA,NA,NA,NA,NA
WK074310,Ommel wonen,2012,4.190573477569132,0.08830862642544685,NA,NA,NA,NA,NA
WK074310,Ommel wonen,2014,4.1188417859228545,0.016576934779169952,-0.04143472567405584,0.1097213369448158,0.03424906573206834,-0.15002560878478738,0.06406686656112866
WK074310,Ommel wonen,2016,4.096939322879333,-0.005325528264352842,NA,NA,NA,NA,NA
WK074310,Ommel wonen,2018,4.158698007030079,0.056433155886393874,-0.029977495362069784,0.11605225324147388,0.08888379696392287,-0.15316251704472567,0.03463711808779227
WK074310,Ommel wonen,2020,4.185561627208748,0.08329677606506238,-0.03472521686199118,0.12735721545671108,0.08110801818459697,-0.13762778536475834,0.047184544650503486
WK074310,Ommel wonen,2022,4.181867899682559,0.07960304853887344,-0.04928623836056425,0.12047862843026315,0.0813077761931765,-0.13907739163252567,0.0661802739085234
WK074311,Ommel recreatie,2002,4.277387557923545,0.17512270677985908,NA,NA,NA,NA,NA
WK074311,Ommel recreatie,2008,4.343430300351439,0.24116544920775462,NA,NA,NA,NA,NA
WK074311,Ommel recreatie,2012,4.2551279382345175,0.15286308709083274,NA,NA,NA,NA,NA
WK074311,Ommel recreatie,2014,4.148168999820411,0.045904148676726916,0.06693710260413054,-0.015176437590240099,-0.010234426201227654,-0.15558882582773187,0.15996673569179543
WK074311,Ommel recreatie,2016,4.069210777486469,-0.033054073657216465,NA,NA,NA,NA,NA
WK074311,Ommel recreatie,2018,4.154407873311256,0.052143022167570496,0.06976478549348189,-0.04001594161900505,0.04800586491259992,-0.1586384128726297,0.13302672625312295
WK074311,Ommel recreatie,2020,4.159973914606462,0.05770906346277682,0.12338661407054345,-0.02592283173002241,-0.028257640786505334,-0.14268816823847014,0.1311910901472307
WK074311,Ommel recreatie,2022,4.236089445914857,0.1338245947711716,0.11129772178593877,0.01270937682954445,0.015315326931879958,-0.14483259252518704,0.13933476174899526
WK074401,Baarle-Nassau,2002,4.140851400711732,0.03858654956804668,NA,NA,NA,NA,NA
WK074401,Baarle-Nassau,2008,4.085440894686022,-0.016823956457663037,NA,NA,NA,NA,NA
WK074401,Baarle-Nassau,2012,4.120010869091294,0.017746017947608918,NA,NA,NA,NA,NA
WK074401,Baarle-Nassau,2014,4.126601845892228,0.024336994748542326,0.012387369048853767,0.036369294549504876,0.05389463806309953,-0.10629787202137098,0.027983565108454875
WK074401,Baarle-Nassau,2016,4.2079120242392865,0.10564717309560141,NA,NA,NA,NA,NA
WK074401,Baarle-Nassau,2018,4.169402782693198,0.06713793154951268,0.016051320622945245,0.07106198137801202,0.056737624788186586,-0.11341851320414127,0.03670551796450982
WK074401,Baarle-Nassau,2020,4.155863727658326,0.053598876514640036,0.017272650770885495,0.09819804493420806,0.053199718521349186,-0.15054105264999856,0.03546951493819552
WK074401,Baarle-Nassau,2022,4.144211133188245,0.04194628204455951,0.02028032362846677,0.08912081879536655,0.04781424185626651,-0.15441065181487995,0.039141549579339394
WK074402,Ulicoten,2002,4.114276928959634,0.012012077815948858,NA,NA,NA,NA,NA
WK074402,Ulicoten,2008,4.1122056968993865,0.009940845755700832,NA,NA,NA,NA,NA
WK074402,Ulicoten,2012,4.113872998736239,0.011608147592553606,NA,NA,NA,NA,NA
WK074402,Ulicoten,2014,4.0960317491745375,-0.006233101969147474,-0.018972129109624532,0.08222272776579326,0.09308961316674144,-0.21510361865157113,0.052530304859513155
WK074402,Ulicoten,2016,4.151401674968184,0.049136823824499375,NA,NA,NA,NA,NA
WK074402,Ulicoten,2018,4.1588897194757815,0.056624868332096755,-0.0013455087815915099,0.12024938145114668,0.09096929322058836,-0.20771822221667033,0.05446992465862324
WK074402,Ulicoten,2020,4.129579876082604,0.027315024938919068,-0.021146866598164026,0.12963907383213005,0.0824477143495469,-0.22216166846975327,0.058536771825159144
WK074402,Ulicoten,2022,4.103713892285412,0.0014490411417269478,-0.008496337813672906,0.10641870664122666,0.07345288090649023,-0.22600613242449055,0.05607992383217321
WK074403,Castelré,2002,4.100074283028118,-0.0021905681155674982,NA,NA,NA,NA,NA
WK074403,Castelré,2008,4.001876564979562,-0.10038828616412317,NA,NA,NA,NA,NA
WK074403,Castelré,2012,4.006422775739756,-0.09584207540392979,NA,NA,NA,NA,NA
WK074403,Castelré,2014,4.095288093406568,-0.0069767577371174375,0.009081724876437422,0.09041319994953283,0.10260599332116616,-0.2955141364415616,0.0864364605573075
WK074403,Castelré,2016,4.207510717942738,0.10524586679905291,NA,NA,NA,NA,NA
WK074403,Castelré,2018,4.182186961887972,0.07992211074428704,0.040760243252431744,0.10240013402287841,0.14121878092136622,-0.2925817631591241,0.08812471570673468
WK074403,Castelré,2020,4.181767679729987,0.07950282858630094,0.03666137319408143,0.13699430659900286,0.10968681144993532,-0.29829424913502073,0.09445458647830182
WK074403,Castelré,2022,4.11951271602109,0.01724786487740501,0.038309968286617826,0.11827330420531208,0.10710687916194385,-0.3011250689347614,0.0546827821582922
WK074800,Wijk 00 Bergen op Zoom-Oude stad e.o.,2002,3.994568556651698,-0.10769629449198673,NA,NA,NA,NA,NA
WK074800,Wijk 00 Bergen op Zoom-Oude stad e.o.,2008,4.030880266246164,-0.0713845848975219,NA,NA,NA,NA,NA
WK074800,Wijk 00 Bergen op Zoom-Oude stad e.o.,2012,4.032211866991052,-0.07005298415263378,NA,NA,NA,NA,NA
WK074800,Wijk 00 Bergen op Zoom-Oude stad e.o.,2014,4.044144296720237,-0.0581205544234477,-0.0010776616869621856,-0.11815942998150787,-0.02511626437509215,0.07408260730306358,0.012150194317050646
WK074800,Wijk 00 Bergen op Zoom-Oude stad e.o.,2016,4.035733907878115,-0.06653094326557012,NA,NA,NA,NA,NA
WK074800,Wijk 00 Bergen op Zoom-Oude stad e.o.,2018,3.998828114900165,-0.1034367362435206,-0.0010123861546047761,-0.09825097929814158,-0.032421661432510566,0.004886127647952668,0.0233621629937834
WK074800,Wijk 00 Bergen op Zoom-Oude stad e.o.,2020,4.063508025275685,-0.03875682586799998,0.00574915809865397,-0.08797251135287994,-0.03513003184757038,0.05708731813054346,0.021509241103252613
WK074800,Wijk 00 Bergen op Zoom-Oude stad e.o.,2022,4.060853013024723,-0.04141183811896181,0.00500353286531365,-0.1011297753936619,-0.0273723996053253,0.05564894407243821,0.026437859942273257
WK074801,Wijk 01 Bergen op Zoom-Noord,2002,4.067894702523376,-0.03437014862030936,NA,NA,NA,NA,NA
WK074801,Wijk 01 Bergen op Zoom-Noord,2008,4.0923582394708005,-0.009906611672884808,NA,NA,NA,NA,NA
WK074801,Wijk 01 Bergen op Zoom-Noord,2012,4.105133980143716,0.0028691290000305734,NA,NA,NA,NA,NA
WK074801,Wijk 01 Bergen op Zoom-Noord,2014,4.075581893128658,-0.02668295801502718,-3.571595049398296e-4,-0.03412100596111113,0.007915342086192434,0.003916798164701922,-0.004036932799870872
WK074801,Wijk 01 Bergen op Zoom-Noord,2016,4.067570309711764,-0.03469454143192185,NA,NA,NA,NA,NA
WK074801,Wijk 01 Bergen op Zoom-Noord,2018,4.0633362506379775,-0.03892860050570711,0.0023136350057322984,-0.012500957410219964,0.007306370347255666,-0.04468641531590654,0.008638766867431107
WK074801,Wijk 01 Bergen op Zoom-Noord,2020,4.120495815617523,0.018230964473837076,0.00828526795462378,-0.002041653914168926,0.005581776328043646,-0.0025407542260996925,0.008946328331437972
WK074801,Wijk 01 Bergen op Zoom-Noord,2022,4.131616713164418,0.02935186202073349,0.011295615118438964,0.015842473212065254,1.676718076178749e-4,-0.00583091431538928,0.007877016198000433
WK074802,Wijk 02 Bergen op Zoom-Oost,2002,3.890276459124991,-0.21198839201869452,NA,NA,NA,NA,NA
WK074802,Wijk 02 Bergen op Zoom-Oost,2008,3.8753040572373365,-0.22696079390634893,NA,NA,NA,NA,NA
WK074802,Wijk 02 Bergen op Zoom-Oost,2012,3.8970031170868396,-0.20526173405684583,NA,NA,NA,NA,NA
WK074802,Wijk 02 Bergen op Zoom-Oost,2014,3.8875994359836414,-0.2146654151600437,-0.0071192623549226255,-0.11584788406374923,-0.027089657917242722,-0.008115659454411847,-0.056492951369717534
WK074802,Wijk 02 Bergen op Zoom-Oost,2016,3.856848853007543,-0.245415998136142,NA,NA,NA,NA,NA
WK074802,Wijk 02 Bergen op Zoom-Oost,2018,3.8683058288070997,-0.23395902233658583,-0.0037295857621648613,-0.1080858423864311,-0.027829935280767628,-0.049645305327145915,-0.0446683535800766
WK074802,Wijk 02 Bergen op Zoom-Oost,2020,3.9267783842750226,-0.17548646686866262,0.0037706055864445164,-0.10501483019939481,-0.025501543234101778,-0.007203444498887081,-0.04153725452272376
WK074802,Wijk 02 Bergen op Zoom-Oost,2022,3.909710654483889,-0.19255419665979667,0.005245220146069318,-0.12826208953977541,-0.029774798837780284,-0.009305215150442364,-0.030457313277868173
WK074803,Wijk 03 Bergen op Zoom-West,2002,4.079322634337859,-0.022942216805826067,NA,NA,NA,NA,NA
WK074803,Wijk 03 Bergen op Zoom-West,2008,4.089777328264411,-0.012487522879274467,NA,NA,NA,NA,NA
WK074803,Wijk 03 Bergen op Zoom-West,2012,4.146855787474374,0.04459093633068911,NA,NA,NA,NA,NA
WK074803,Wijk 03 Bergen op Zoom-West,2014,4.124808360913355,0.022543509769669737,0.0356884495138678,0.024852623457449194,0.025095328163205515,-0.08242634563555086,0.019333454270697843
WK074803,Wijk 03 Bergen op Zoom-West,2016,4.155064642076747,0.05279979093306179,NA,NA,NA,NA,NA
WK074803,Wijk 03 Bergen op Zoom-West,2018,4.0944848359216515,-0.007780015222033549,0.03785020438320001,0.0292472638760114,0.02148341534959979,-0.11585725518314423,0.01949635635229916
WK074803,Wijk 03 Bergen op Zoom-West,2020,4.110807120581746,0.008542269438060284,0.03712426811001773,0.009179526244188463,0.018127131049900276,-0.07485931758100707,0.01897066161496059
WK074803,Wijk 03 Bergen op Zoom-West,2022,4.1256412887997485,0.0233764376560636,0.04404468147368015,0.010935159902475431,0.01866218598927737,-0.07163458994337339,0.021369000234003756
WK074804,Wijk 04 Halsteren,2002,4.038460976888148,-0.06380387425553691,NA,NA,NA,NA,NA
WK074804,Wijk 04 Halsteren,2008,4.063337019180936,-0.03892783196274915,NA,NA,NA,NA,NA
WK074804,Wijk 04 Halsteren,2012,4.083396562801912,-0.01886828834177293,NA,NA,NA,NA,NA
WK074804,Wijk 04 Halsteren,2014,4.120016838259395,0.0177519871157097,0.00388707026648341,0.02511770221149014,0.035956828983337456,-0.07316357051652517,0.025953956170923602
WK074804,Wijk 04 Halsteren,2016,4.116400455367862,0.014135604224176845,NA,NA,NA,NA,NA
WK074804,Wijk 04 Halsteren,2018,4.143641389203551,0.04137653805986538,0.01459107479302672,0.056514998549533,0.03641617265697885,-0.09365933399912665,0.027513626059453174
WK074804,Wijk 04 Halsteren,2020,4.18217535001713,0.07991049887344465,0.016976940743457455,0.07358118834100467,0.035095486696854125,-0.06837972497367596,0.022636608065804087
WK074804,Wijk 04 Halsteren,2022,4.170531440498078,0.06826658935439187,0.015396706015383907,0.0687632018494862,0.03587618289847185,-0.07365422887753609,0.021884727468585736
WK074805,Wijk 05 Lepelstraat,2002,4.099091860229242,-0.003172990914442794,NA,NA,NA,NA,NA
WK074805,Wijk 05 Lepelstraat,2008,4.117448344646687,0.015183493503001338,NA,NA,NA,NA,NA
WK074805,Wijk 05 Lepelstraat,2012,4.109034636725203,0.006769785581517372,NA,NA,NA,NA,NA
WK074805,Wijk 05 Lepelstraat,2014,4.099885952581404,-0.0023788985622810984,0.009744094506201785,0.038438775307476226,0.054878954366491886,-0.1503316714292851,0.04489094868683387
WK074805,Wijk 05 Lepelstraat,2016,4.052011478034241,-0.05025337310944451,NA,NA,NA,NA,NA
WK074805,Wijk 05 Lepelstraat,2018,4.136876979018267,0.034612127874582205,0.00736843163431735,0.07317199138396037,0.06742737959685641,-0.15975365427832947,0.04639797953777727
WK074805,Wijk 05 Lepelstraat,2020,4.17850978723634,0.07624493609265527,0.012775214623874787,0.09766643276518612,0.06264084791660442,-0.14336376928069916,0.04652621006768878
WK074805,Wijk 05 Lepelstraat,2022,4.147510167286221,0.04524531614253525,0.018451646063488484,0.06404193613137374,0.06017378869139868,-0.14664830577234333,0.04922625102861738
WK075300,Wijk 00 Best,2002,4.069127153160938,-0.033137697982747585,NA,NA,NA,NA,NA
WK075300,Wijk 00 Best,2008,4.072000658997318,-0.03026419214636657,NA,NA,NA,NA,NA
WK075300,Wijk 00 Best,2012,4.078086537299091,-0.024178313844593555,NA,NA,NA,NA,NA
WK075300,Wijk 00 Best,2014,4.105862213667681,0.003597362523996007,-0.02272902012626481,0.024809487497382852,0.02309878490919853,-0.03051308790037188,0.008931198144051036
WK075300,Wijk 00 Best,2016,4.133301554143594,0.031036702999908284,NA,NA,NA,NA,NA
WK075300,Wijk 00 Best,2018,4.13232531944643,0.030060468302744708,-0.020010928003197325,0.039166933039644226,0.02001260796182065,-0.022546944029095215,0.013438799333572072
WK075300,Wijk 00 Best,2020,4.150661762250709,0.04839691110702394,-0.01824287333060723,0.04645861736642265,0.018905406500253113,-0.012242361355665515,0.013518121926620654
WK075300,Wijk 00 Best,2022,4.1528615723926166,0.05059672124893151,-0.015372022478458503,0.05221568613071957,0.020077033564703927,-0.020323862378691108,0.013999886410657341
WK075500,Wijk 00 Boekel,2002,4.1327909404131775,0.030526089269492587,NA,NA,NA,NA,NA
WK075500,Wijk 00 Boekel,2008,4.136415851634027,0.03415100049034182,NA,NA,NA,NA,NA
WK075500,Wijk 00 Boekel,2012,4.167182023055405,0.0649171719117202,NA,NA,NA,NA,NA
WK075500,Wijk 00 Boekel,2014,4.13885456346762,0.03658971232393521,-0.013302971292803601,0.06413486597425076,0.07424591476168908,-0.1246459681814966,0.036157871062295295
WK075500,Wijk 00 Boekel,2016,4.147670975156669,0.04540612401298342,NA,NA,NA,NA,NA
WK075500,Wijk 00 Boekel,2018,4.1921453685897205,0.08988051744603491,-0.010249353163537036,0.10644439086190556,0.06706924779867904,-0.11199190589092184,0.03860813783990889
WK075500,Wijk 00 Boekel,2020,4.192230928402081,0.08996607725839534,-0.007488744882116293,0.10359035177329125,0.057026033353554426,-0.10001715205354474,0.03685558906721036
WK075500,Wijk 00 Boekel,2022,4.168776475614579,0.06651162447089416,-0.002511637259165695,0.08179098074918925,0.06335018064306223,-0.12244747756465328,0.04632957790246133
WK075501,Wijk 01 Venhorst,2002,4.12122982999236,0.018964978848674773,NA,NA,NA,NA,NA
WK075501,Wijk 01 Venhorst,2008,4.1251645131790635,0.022899662035378108,NA,NA,NA,NA,NA
WK075501,Wijk 01 Venhorst,2012,4.138875129465979,0.03661027832229335,NA,NA,NA,NA,NA
WK075501,Wijk 01 Venhorst,2014,4.097876666746888,-0.004388184396797357,-0.0364288189693144,0.09685425668864277,0.10160493711191851,-0.20437928507106476,0.03796072584302028
WK075501,Wijk 01 Venhorst,2016,4.122126196452378,0.01986134530869221,NA,NA,NA,NA,NA
WK075501,Wijk 01 Venhorst,2018,4.142741584901948,0.04047673375826348,-0.02266914909200801,0.1266776452085758,0.09465640632954393,-0.1963047060286751,0.038116537340826526
WK075501,Wijk 01 Venhorst,2020,4.156900861100863,0.05463600995717766,-0.021867534876844244,0.13630898934731198,0.09017406505161435,-0.19023347608177354,0.0402539665168689
WK075501,Wijk 01 Venhorst,2022,4.179299742643601,0.07703489149991607,-0.011353657155030037,0.1208276612867811,0.09298413425162157,-0.18321997681776991,0.0577967299343131
WK075700,Wijk 00 Boxtel,2002,4.067910618897388,-0.034354232246296856,NA,NA,NA,NA,NA
WK075700,Wijk 00 Boxtel,2008,4.0722766747211,-0.029988176422585347,NA,NA,NA,NA,NA
WK075700,Wijk 00 Boxtel,2012,4.0988020161121845,-0.0034628350315011242,NA,NA,NA,NA,NA
WK075700,Wijk 00 Boxtel,2014,4.055113024134473,-0.047151827009212464,-0.009822568094613815,-0.006891111960264938,0.005780185729731284,-0.03839119480562229,0.0021728621215570216
WK075700,Wijk 00 Boxtel,2016,4.092769234408995,-0.00949561673469058,NA,NA,NA,NA,NA
WK075700,Wijk 00 Boxtel,2018,4.0810640142601535,-0.02120083688353165,-0.00813285069567883,0.004452291317185724,0.0050886073986107,-0.033550241682561294,0.01094135677891178
WK075700,Wijk 00 Boxtel,2020,4.076035172460592,-0.026229678683093418,-0.009792609857902127,-0.003349350307401488,0.001823633111177179,-0.026255812499191518,0.011344460870224242
WK075700,Wijk 00 Boxtel,2022,4.081520125964735,-0.02074472517894998,-0.002644946105209127,-0.005649053863994874,-0.0027911796308798384,-0.030366442072698598,0.020706896493832172
WK075701,Wijk 01 Lennisheuvel,2002,4.258819450903368,0.15655459975968217,NA,NA,NA,NA,NA
WK075701,Wijk 01 Lennisheuvel,2008,4.21038246055256,0.10811760940887441,NA,NA,NA,NA,NA
WK075701,Wijk 01 Lennisheuvel,2012,4.206515460007031,0.10425060886334636,NA,NA,NA,NA,NA
WK075701,Wijk 01 Lennisheuvel,2014,4.19107584948673,0.08881099834304519,-0.0125024491611449,0.08261324386018361,0.09838132157108206,-0.14418280843174544,0.06450169050466958
WK075701,Wijk 01 Lennisheuvel,2016,4.1748723925900375,0.07260754144635248,NA,NA,NA,NA,NA
WK075701,Wijk 01 Lennisheuvel,2018,4.2082546567314365,0.105989805587751,-0.013563132228610449,0.10226485754320362,0.09887994127216901,-0.1427013911675759,0.06110953016856442
WK075701,Wijk 01 Lennisheuvel,2020,4.197378050870277,0.09511319972659169,-0.014562096970116184,0.09439927108145575,0.08967448190904728,-0.13806043414765673,0.06366197785386127
WK075701,Wijk 01 Lennisheuvel,2022,4.2107088030259145,0.10844395188222938,0.003678899749910947,0.09149865626306275,0.0770480402463037,-0.12873086325624422,0.06494921887919593
WK075702,Wijk 02 Liempde,2002,4.219211621125935,0.11694676998225055,NA,NA,NA,NA,NA
WK075702,Wijk 02 Liempde,2008,4.210103908707661,0.10783905756397638,NA,NA,NA,NA,NA
WK075702,Wijk 02 Liempde,2012,4.2210604330962695,0.11879558195258386,NA,NA,NA,NA,NA
WK075702,Wijk 02 Liempde,2014,4.232304089295437,0.13003923815175206,-0.009668313069154525,0.08439500977027287,0.0760648160984829,-0.07505170484654672,0.05429943019869727
WK075702,Wijk 02 Liempde,2016,4.235853971748031,0.1335891206043461,NA,NA,NA,NA,NA
WK075702,Wijk 02 Liempde,2018,4.237001967172571,0.13473711602888575,-0.004965810580006613,0.07850377823360194,0.07642879142719795,-0.07191009826002413,0.05668045520811637
WK075702,Wijk 02 Liempde,2020,4.237230107288159,0.13496525614447422,-0.0022633070948576963,0.07858370572242043,0.07040836207714796,-0.06755420675769377,0.05579070219745699
WK075702,Wijk 02 Liempde,2022,4.236598350292973,0.1343334991492883,0.002476148486569582,0.0808778939437182,0.06324254991699224,-0.06987195682687768,0.05760886362888565
WK075730,Esch,2002,4.178230243574836,0.07596539243115077,NA,NA,NA,NA,NA
WK075730,Esch,2008,4.207738647904477,0.10547379676079155,NA,NA,NA,NA,NA
WK075730,Esch,2012,4.191141976319369,0.08887712517568377,NA,NA,NA,NA,NA
WK075730,Esch,2014,4.1944750115048475,0.09221016036116246,-0.007070863450078441,0.07752452375327247,0.05317903106050209,-0.09246008366626193,0.06103755266372795
WK075730,Esch,2016,4.1633738448706055,0.061108993726920205,NA,NA,NA,NA,NA
WK075730,Esch,2018,4.205555413390876,0.10329056224719013,-0.0030641749185799506,0.08646528108129871,0.05369939870013707,-0.09703075527515108,0.06322081265948516
WK075730,Esch,2020,4.213144913905409,0.11088006276172356,4.041182929870031e-6,0.09134988293229448,0.04867271501859635,-0.08686700926841112,0.05772043289631367
WK075730,Esch,2022,4.203195435478536,0.10093058433485068,0.003603594742515411,0.10674000415126585,0.04932783707966033,-0.099188123971416145,0.04044727233282497
WK075731,Verspr huizen Esch,2002,4.340078398501549,0.23781354735786403,NA,NA,NA,NA,NA
WK075731,Verspr huizen Esch,2008,4.351181507274279,0.2489166561305936,NA,NA,NA,NA,NA
WK075731,Verspr huizen Esch,2012,4.309686811436685,0.20742196029299956,NA,NA,NA,NA,NA
WK075731,Verspr huizen Esch,2014,4.344741327682174,0.2424764765384883,-0.011767508956285876,0.11549053759280872,0.15130785366217966,-0.09853290808521221,0.0859785023249976
WK075731,Verspr huizen Esch,2016,4.352449795693924,0.25018494455023915,NA,NA,NA,NA,NA
WK075731,Verspr huizen Esch,2018,4.346679128308988,0.2444142771653027,0.005401524040102665,0.11354444307186348,0.14343051451933375,-0.1037553783771731,0.08579317391117555
WK075731,Verspr huizen Esch,2020,4.313596802490403,0.2113319513467168,-7.784757981367299e-4,0.1207758798360427,0.10511520161700603,-0.09775663698475687,0.0839759826765614
WK075731,Verspr huizen Esch,2022,4.324861109731364,0.22259625858767834,0.0037416477801436874,0.12470187511007005,0.10150517578577986,-0.09971731109233029,0.09236487100401457
WK075800,Breda centrum,2002,3.921186280292342,-0.18107857085134366,NA,NA,NA,NA,NA
WK075800,Breda centrum,2008,3.9806366807937628,-0.1216281703499222,NA,NA,NA,NA,NA
WK075800,Breda centrum,2012,4.01294417279136,-0.08932067835232531,NA,NA,NA,NA,NA
WK075800,Breda centrum,2014,3.9955672603097327,-0.10669759083395255,-0.016655555252362505,-0.16498630566105058,-0.04239042832806678,0.13054983873928808,-0.013215140331761093
WK075800,Breda centrum,2016,4.015730490513227,-0.08653436063045909,NA,NA,NA,NA,NA
WK075800,Breda centrum,2018,4.0321419008794015,-0.0701229502642839,-0.013683570001258727,-0.14393891115318524,-0.046771744183817306,0.13447220853302916,-2.0093345905209233e-4
WK075800,Breda centrum,2020,4.077787398472374,-0.024477452671311576,-0.007876314634588405,-0.13887616911771006,-0.0481943120894451,0.15689808792542997,0.013571255245001796
WK075800,Breda centrum,2022,4.112674515167254,0.010409664023568726,-0.0020079896612131554,-0.11905874554249223,-0.041229152130615725,0.16643977784143008,0.006265773516459466
WK075801,Breda noord,2002,3.8746422705703374,-0.2276225805733479,NA,NA,NA,NA,NA
WK075801,Breda noord,2008,3.847513492718846,-0.2547513584248396,NA,NA,NA,NA,NA
WK075801,Breda noord,2012,3.8851082363908804,-0.21715661475280443,NA,NA,NA,NA,NA
WK075801,Breda noord,2014,3.8816776205667494,-0.22058723057693586,-0.022705082958019915,-0.1273788417792082,-0.051016025759414656,0.0506356615923158,-0.07012294167260917
WK075801,Breda noord,2016,3.8900521647122908,-0.2122126864313946,NA,NA,NA,NA,NA
WK075801,Breda noord,2018,3.888982143511445,-0.2132827076322401,-0.01460924182209009,-0.1387719238579362,-0.05136963739129442,0.05105902302127185,-0.05959092758219154
WK075801,Breda noord,2020,3.9126314741789536,-0.18963337696473154,-0.010143506520332727,-0.15056701483239401,-0.050218520208275934,0.0656225659264429,-0.04432690133017201
WK075801,Breda noord,2022,3.9322496138182617,-0.17001523732542353,-0.008988846455111745,-0.13612404195179587,-0.0500671071860092,0.056758771897654936,-0.03159401363016195
WK075802,Breda oost,2002,4.13436129163431,0.03209644049062424,NA,NA,NA,NA,NA
WK075802,Breda oost,2008,4.1101216527841755,0.00785680164049048,NA,NA,NA,NA,NA
WK075802,Breda oost,2012,4.146355469051673,0.04409061790798758,NA,NA,NA,NA,NA
WK075802,Breda oost,2014,4.138609518895602,0.03634466775191633,-0.014095479287264819,-0.02184858975676728,-0.009899332747436334,0.08774981296583506,-0.005561743422450562
WK075802,Breda oost,2016,4.1437050203860055,0.04144016924232062,NA,NA,NA,NA,NA
WK075802,Breda oost,2018,4.173894348133364,0.07162949698967841,-0.01472538030162309,-0.004174752821192446,-0.007865636998081564,0.09013442494496979,0.008260842165605463
WK075802,Breda oost,2020,4.203221452184189,0.10095660104050341,-0.010749231242088474,0.0035777042059418687,-0.005775280351433623,0.10189730664494458,0.012006101783138764
WK075802,Breda oost,2022,4.186976438234602,0.08471158709091615,-0.007537685931102453,-4.7574575822467474e-4,-0.010728774833233111,0.09804974454286187,0.005404049070614225
WK075803,Breda zuid-oost,2002,4.181933688192199,0.07966883704851388,NA,NA,NA,NA,NA
WK075803,Breda zuid-oost,2008,4.170799678497278,0.06853482735359209,NA,NA,NA,NA,NA
WK075803,Breda zuid-oost,2012,4.200572921310303,0.09830807016661738,NA,NA,NA,NA,NA
WK075803,Breda zuid-oost,2014,4.189147255169553,0.08688240402586868,-0.0018929722075478848,0.020313859965676032,0.006313581913194958,0.05827595999151852,0.0038719743630267916
WK075803,Breda zuid-oost,2016,4.208196147469167,0.10593129632548197,NA,NA,NA,NA,NA
WK075803,Breda zuid-oost,2018,4.2168828955631374,0.1146180444194526,0.0035307793706931792,0.03174404842051327,0.01034982934601179,0.05927714473388783,0.009716242548346292
WK075803,Breda zuid-oost,2020,4.2406404414611725,0.1383755903174869,0.006386228117771417,0.033208007936590546,0.013820508296401711,0.07002040213688683,0.014940443829836083
WK075803,Breda zuid-oost,2022,4.246662338295473,0.14439748715178738,0.011287452410563087,0.044163893044786656,0.003915243677249122,0.058653514583310265,0.026377383435877942
WK075804,Breda zuid,2002,4.193891572635875,0.09162672149219056,NA,NA,NA,NA,NA
WK075804,Breda zuid,2008,4.190315184257622,0.08805033311393608,NA,NA,NA,NA,NA
WK075804,Breda zuid,2012,4.214826189476936,0.11256133833325051,NA,NA,NA,NA,NA
WK075804,Breda zuid,2014,4.229791889378269,0.12752703823458392,0.0010687751856999009,0.006297170382012795,0.015674001862196443,0.087907512387932707,0.0165795784167418
WK075804,Breda zuid,2016,4.238763299555904,0.13649844841221903,NA,NA,NA,NA,NA
WK075804,Breda zuid,2018,4.2542986930882964,0.15203384194461103,0.005224448241734284,0.011032814313098566,0.014800783959543007,0.09252281066328967,0.02845298476694525
WK075804,Breda zuid,2020,4.256169168963073,0.15390431781938801,0.008232610535237063,0.005073328723713323,0.013344239947361667,0.09972026014533483,0.027533878467740847
WK075804,Breda zuid,2022,4.296502518108875,0.19423766696518935,0.016648756737275953,0.03803906087423113,0.014645112993625939,0.0955200679515987,0.029384668408457326
WK075805,Breda west,2002,3.944199289705607,-0.15806556143807843,NA,NA,NA,NA,NA
WK075805,Breda west,2008,3.951759081382016,-0.1505057697616698,NA,NA,NA,NA,NA
WK075805,Breda west,2012,4.002432864806129,-0.09983198633755616,NA,NA,NA,NA,NA
WK075805,Breda west,2014,3.996666642943021,-0.10559820820066454,-0.02303539625646653,-0.07706792022229364,-0.018934526452249665,0.04630995201832019,-0.03287031728797515
WK075805,Breda west,2016,4.008180061359401,-0.09408478978428321,NA,NA,NA,NA,NA
WK075805,Breda west,2018,4.026392762981386,-0.07587208816229983,-0.017491686065755643,-0.06533073233754688,-0.015621626426684685,0.04726994020794617,-0.02469798354025905
WK075805,Breda west,2020,4.053022026181448,-0.04924282496223768,-0.013041506157329205,-0.0625568506618698,-0.022107069940498353,0.06299011460148853,-0.014527512804029124
WK075805,Breda west,2022,4.061678085113465,-0.04058676603021968,-0.005220361517066644,-0.061288381704874856,-0.020731485625080547,0.057095114400001805,-0.010441651583199735
WK075806,Breda noord-west,2002,3.8923224020791682,-0.20994244906451695,NA,NA,NA,NA,NA
WK075806,Breda noord-west,2008,3.888106629362958,-0.21415822178072774,NA,NA,NA,NA,NA
WK075806,Breda noord-west,2012,3.9184751776206124,-0.18378967352307243,NA,NA,NA,NA,NA
WK075806,Breda noord-west,2014,3.97275478175083,-0.12951006939285514,-0.0025742916942223604,-0.07277446509902744,-0.006110567131741001,-0.03488254559519303,-0.013168199872671605
WK075806,Breda noord-west,2016,4.036422214064871,-0.06584263707881438,NA,NA,NA,NA,NA
WK075806,Breda noord-west,2018,4.019596714140023,-0.08266813700366274,-0.006024009534695606,-0.0258737763079427,-0.00524912312248307,-0.0400830903310861,-0.005438137707455544
WK075806,Breda noord-west,2020,4.048556410280778,-0.05370844086290799,-0.0013723462180673417,-0.01683004907871068,-0.007815856992793276,-0.03048196477708971,0.0027917762037527314
WK075806,Breda noord-west,2022,4.068002021815792,-0.03426282932789342,4.267023997293373e-4,0.0027528846933816287,-0.00738497903392574,-0.040503193487386686,0.01044575610030776
WK075807,Bavel,2002,4.067237678819267,-0.03502717232441811,NA,NA,NA,NA,NA
WK075807,Bavel,2008,4.14582752905433,0.043562677910645005,NA,NA,NA,NA,NA
WK075807,Bavel,2012,4.159393291490861,0.05712844034717627,NA,NA,NA,NA,NA
WK075807,Bavel,2014,4.182692948837116,0.08042809769343007,-0.010622804879849972,0.043039423329980744,0.04410763616797395,-0.03088586564375677,0.034789708719081866
WK075807,Bavel,2016,4.194124373114202,0.0918595219705167,NA,NA,NA,NA,NA
WK075807,Bavel,2018,4.21349560044399,0.11123074930030434,-0.006851553801724564,0.06469736735791708,0.045030532193075644,-0.02842182668367496,0.036776230234710924
WK075807,Bavel,2020,4.243256042478039,0.1409911913343535,-0.004547504498491712,0.08034606783412253,0.04275504962034802,-0.01572160370233406,0.03815918208070843
WK075807,Bavel,2022,4.224570626735543,0.12230577559185808,-8.444326743818037e-4,0.06845590351149171,0.041410576684333796,-0.031228482870011648,0.04451221094042575
WK075808,Ulvenhout,2002,4.197667863609263,0.09540301246557854,NA,NA,NA,NA,NA
WK075808,Ulvenhout,2008,4.191810205723259,0.0895453545795747,NA,NA,NA,NA,NA
WK075808,Ulvenhout,2012,4.230232168062702,0.1279673169190171,NA,NA,NA,NA,NA
WK075808,Ulvenhout,2014,4.225850537280025,0.12358568613634062,0.020930575778139036,0.06042751534269786,0.052239485132509714,-0.046044444789805634,0.036032554672799394
WK075808,Ulvenhout,2016,4.2239925285517055,0.12172767740802003,NA,NA,NA,NA,NA
WK075808,Ulvenhout,2018,4.249425542721435,0.14716069157775014,0.025855795620663143,0.06804459420685702,0.056605610734543864,-0.04264015933807064,0.03929485035375648
WK075808,Ulvenhout,2020,4.25959810684397,0.15733325570028428,0.02079795178376917,0.06630731442711492,0.053806453226530396,-0.024315468718037782,0.04073700498090733
WK075808,Ulvenhout,2022,4.252079258161346,0.1498144070176604,0.026258671984520157,0.07293524626091585,0.04381297614020901,-0.03859641862335942,0.0454039312553746
WK075809,Prinsenbeek,2002,4.067894538749305,-0.034370312394381146,NA,NA,NA,NA,NA
WK075809,Prinsenbeek,2008,4.090075322150524,-0.012189528993161546,NA,NA,NA,NA,NA
WK075809,Prinsenbeek,2012,4.1261120722442834,0.023847221100598653,NA,NA,NA,NA,NA
WK075809,Prinsenbeek,2014,4.1201288205997875,0.017863969456102646,-0.017781704213966805,0.02286632656898731,0.03559257695005333,-0.04363881267531449,0.020825582826343045
WK075809,Prinsenbeek,2016,4.120731120962022,0.018466269818336094,NA,NA,NA,NA,NA
WK075809,Prinsenbeek,2018,4.178576269153538,0.07631141800985321,-0.010140802609615966,0.05498238218640152,0.04149901649356289,-0.03598499351897519,0.025955815458479657
WK075809,Prinsenbeek,2020,4.202700332354536,0.10043548121085064,-0.008055268413266817,0.05254633714379072,0.037294880805522984,-0.010932154625499667,0.029581686300303143
WK075809,Prinsenbeek,2022,4.199957216619739,0.09769236547605367,-0.007501478867223521,0.05848507972406103,0.03577368618517906,-0.023621608609573644,0.03455668704361044
WK075810,Teteringen,2002,4.158313476047469,0.05604862490378376,NA,NA,NA,NA,NA
WK075810,Teteringen,2008,4.1933766222470314,0.09111177110334655,NA,NA,NA,NA,NA
WK075810,Teteringen,2012,4.199862454318304,0.09759760317461902,NA,NA,NA,NA,NA
WK075810,Teteringen,2014,4.213478392527508,0.11121354138382235,-0.00901588714551145,0.05099762612349713,0.0524201548080641,-0.015124711500607301,0.03193635909837953
WK075810,Teteringen,2016,4.241230752682161,0.1389659015384758,NA,NA,NA,NA,NA
WK075810,Teteringen,2018,4.23836814310432,0.13610329196063423,-0.0016395536871139673,0.06307402103735593,0.055627440306144464,-0.018801449282252414,0.037842833586499904
WK075810,Teteringen,2020,4.2765940892642815,0.174329238120596,-3.483672592427713e-4,0.08432331274520652,0.05181937393074977,0.00131292073559973,0.03722199796828245
WK075810,Teteringen,2022,4.26404183661906,0.16177698547537483,0.002856055685690941,0.07836980250578181,0.04828718230638817,-0.01053024296046388,0.04279418793797753
WK076200,Wijk 00 Deurne,2002,4.03230216429161,-0.06996268685207493,NA,NA,NA,NA,NA
WK076200,Wijk 00 Deurne,2008,4.041763053301808,-0.06050179784187743,NA,NA,NA,NA,NA
WK076200,Wijk 00 Deurne,2012,4.08546208311147,-0.01680276803221516,NA,NA,NA,NA,NA
WK076200,Wijk 00 Deurne,2014,4.080187279549492,-0.022077571594193542,-0.02775579290137413,0.025652110734927826,0.038401802912560824,-0.08996732715826104,0.031591634817952685
WK076200,Wijk 00 Deurne,2016,4.070038932306338,-0.032225918837347024,NA,NA,NA,NA,NA
WK076200,Wijk 00 Deurne,2018,4.092347500031729,-0.009917351111956064,-0.01860942157360997,0.03190970400950373,0.03676308646706356,-0.09453711071902418,0.03455639070411051
WK076200,Wijk 00 Deurne,2020,4.1109526545711335,0.008687803427448364,-0.013697092806070153,0.04125656625067489,0.03145589185190858,-0.08471454852913972,0.034386986660074496
WK076200,Wijk 00 Deurne,2022,4.111668787612192,0.009403936468506693,-0.011062732534283611,0.04042889053087687,0.030523308447465893,-0.08670936317006574,0.03622383319451298
WK076201,Wijk 01 Vlierden,2002,4.158824625124686,0.05655977398100146,NA,NA,NA,NA,NA
WK076201,Wijk 01 Vlierden,2008,4.17839350934881,0.07612865820512546,NA,NA,NA,NA,NA
WK076201,Wijk 01 Vlierden,2012,4.197976725067797,0.09571187392411135,NA,NA,NA,NA,NA
WK076201,Wijk 01 Vlierden,2014,4.163783869512606,0.061519018368921055,-0.02122204510929392,0.08490111286834635,0.07549806064683441,-0.13053826562057178,0.05288015558360569
WK076201,Wijk 01 Vlierden,2016,4.167359260340039,0.06509440919635368,NA,NA,NA,NA,NA
WK076201,Wijk 01 Vlierden,2018,4.16643364981911,0.06416879867542438,-0.017527807380046508,0.07399332456353075,0.08078393873171327,-0.1277258910758781,0.05464523383610466
WK076201,Wijk 01 Vlierden,2020,4.182509790034414,0.08024493889072899,-0.020181459658847503,0.09264698943716684,0.07183575594751383,-0.11750116440093163,0.053444817565827175
WK076201,Wijk 01 Vlierden,2022,4.187454228815762,0.08518937767207597,-0.018594449693321104,0.09911339675107005,0.06867809879399053,-0.12715109525092003,0.06314342707125623
WK076202,Wijk 02 Liessel,2002,4.097743615837443,-0.004521235306242479,NA,NA,NA,NA,NA
WK076202,Wijk 02 Liessel,2008,4.098889859925239,-0.003374991218446512,NA,NA,NA,NA,NA
WK076202,Wijk 02 Liessel,2012,4.113519290013423,0.011254438869738023,NA,NA,NA,NA,NA
WK076202,Wijk 02 Liessel,2014,4.085300200748409,-0.016964650395275605,-0.028685922559400473,0.0785598292113808,0.06848100709852853,-0.1870438973652051,0.05172433321942038
WK076202,Wijk 02 Liessel,2016,4.102164811097453,-1.0004004623150308e-4,NA,NA,NA,NA,NA
WK076202,Wijk 02 Liessel,2018,4.093722663857942,-0.00854218728574387,-0.008209005085675961,0.07130173599728237,0.06613152397077944,-0.1880553462819019,0.05028890411377192
WK076202,Wijk 02 Liessel,2020,4.117183325351421,0.014918474207736268,-0.008653644694675274,0.08377899936049847,0.05946419191877025,-0.1714159980232349,0.05174492564637743
WK076202,Wijk 02 Liessel,2022,4.1053412995130065,0.003076448369321176,-0.0061875251302632075,0.08224197128738811,0.05664311371624152,-0.18401066388876733,0.054389552384721776
WK076203,Wijk 03 Neerkant,2002,4.144111496748427,0.04184664560474159,NA,NA,NA,NA,NA
WK076203,Wijk 03 Neerkant,2008,4.1473518350811105,0.04508698393742517,NA,NA,NA,NA,NA
WK076203,Wijk 03 Neerkant,2012,4.142920394094762,0.04065554295107655,NA,NA,NA,NA,NA
WK076203,Wijk 03 Neerkant,2014,4.106718494092309,0.004453642948623707,-0.012869203785986655,0.06517522163017603,0.08390795955915192,-0.18983499763170575,0.05807466317698793
WK076203,Wijk 03 Neerkant,2016,4.125788498297326,0.023523647153640352,NA,NA,NA,NA,NA
WK076203,Wijk 03 Neerkant,2018,4.10859756301479,0.006332711871104279,0.0050073105593792366,0.07147811661464329,0.07227029831328072,-0.1999482804673807,0.057525266851181436
WK076203,Wijk 03 Neerkant,2020,4.1299440920516775,0.027679240907992616,0.005609318699246674,0.08130191386310134,0.07294353996252366,-0.19010128365663786,0.05792575203975856
WK076203,Wijk 03 Neerkant,2022,4.141404295421825,0.03913944427813961,0.006512811012636991,0.0852231501989512,0.06886051496967431,-0.18324200274803462,0.061784970844911406
WK076204,Wijk 04 Helenaveen,2002,4.0821155132694935,-0.02014933787419143,NA,NA,NA,NA,NA
WK076204,Wijk 04 Helenaveen,2008,4.1087028744175385,0.006438023273853399,NA,NA,NA,NA,NA
WK076204,Wijk 04 Helenaveen,2012,4.149562135084338,0.04729728394065238,NA,NA,NA,NA,NA
WK076204,Wijk 04 Helenaveen,2014,4.1163772696662235,0.014112418522537818,-0.017940215427751108,0.09429048234643432,0.08582048284209494,-0.2092591980100942,0.061200866771853525
WK076204,Wijk 04 Helenaveen,2016,4.126518023433931,0.024253172290245886,NA,NA,NA,NA,NA
WK076204,Wijk 04 Helenaveen,2018,4.08552628091373,-0.016738570229955306,-0.011433545831010637,0.09007928305981713,0.08637900155851025,-0.22865456590221112,0.04689125688493873
WK076204,Wijk 04 Helenaveen,2020,4.145050171827491,0.04278532068380584,-0.016034175931172245,0.11411779040216319,0.08995125170152578,-0.20356382593247302,0.0583142804437618
WK076204,Wijk 04 Helenaveen,2022,4.1554669387944925,0.053202087650807285,0.004173085423321053,0.1038145413198259,0.08584420094328259,-0.19996219517101882,0.05933245513539623
WK076500,Wijk 00,2002,3.978988882341673,-0.12327596880201265,NA,NA,NA,NA,NA
WK076500,Wijk 00,2008,3.976511732927209,-0.12575311821647658,NA,NA,NA,NA,NA
WK076500,Wijk 00,2012,3.9594683732746687,-0.14279647786901634,NA,NA,NA,NA,NA
WK076500,Wijk 00,2014,3.9931937583546295,-0.10907109278905576,0.03794302707000961,-0.019490976863410774,0.027226796751192456,-0.16778287403603365,0.013032934289186301
WK076500,Wijk 00,2016,4.014991832778997,-0.08727301836468772,NA,NA,NA,NA,NA
WK076500,Wijk 00,2018,4.043933883510659,-0.05833096763302601,0.036785868295139905,0.013526816214411224,0.019641563078673468,-0.15655998042363806,0.028274765202387184
WK076500,Wijk 00,2020,4.063660700175517,-0.03860415096816763,0.03530723427955428,0.02842493190649407,0.015373771612666301,-0.14499786847820423,0.027287779711321663
WK076500,Wijk 00,2022,4.0738429757785015,-0.028421875365183116,0.04177708465443907,0.035133618496124785,0.023896406007545522,-0.1603415408640056,0.031112556340712832
WK076501,Wijk 01,2002,4.091267136289649,-0.010997714854036425,NA,NA,NA,NA,NA
WK076501,Wijk 01,2008,4.069116928622726,-0.0331479225209591,NA,NA,NA,NA,NA
WK076501,Wijk 01,2012,4.057834922304245,-0.04442992883943999,NA,NA,NA,NA,NA
WK076501,Wijk 01,2014,4.060791410831329,-0.04147344031235656,0.04400740649568927,0.0036484241833036925,0.04955691312010043,-0.200097391437722,0.06141120732627175
WK076501,Wijk 01,2016,4.069157697645648,-0.03310715349803723,NA,NA,NA,NA,NA
WK076501,Wijk 01,2018,4.112859841129916,0.01059498998623145,0.04470088884443999,0.06191766305648612,0.05130670692295221,-0.20218366932070503,0.05485340048305787
WK076501,Wijk 01,2020,4.139189193487603,0.03692434234391765,0.04016987247340771,0.0819770685316253,0.04373808446019273,-0.1900510209795807,0.06109033785827234
WK076501,Wijk 01,2022,4.123836825152039,0.021571974008353444,0.04394280438761148,0.07617381350357774,0.05178281326996994,-0.20333285009681965,0.05300539294401366
WK076601,Dongen,2002,3.9937472448545046,-0.10851760628918054,NA,NA,NA,NA,NA
WK076601,Dongen,2008,4.0326046061535035,-0.06966024499018227,NA,NA,NA,NA,NA
WK076601,Dongen,2012,4.053654321909171,-0.048610529234514054,NA,NA,NA,NA,NA
WK076601,Dongen,2014,4.041448178311922,-0.06081667283176338,-0.010914252076601792,0.02064762932417465,0.021868426039359734,-0.10079983596968496,0.008381359850988722
WK076601,Dongen,2016,4.080140002313757,-0.022124848829928677,NA,NA,NA,NA,NA
WK076601,Dongen,2018,4.0963943360467,-0.005870515096984792,-0.009942409907620691,0.04730805310571392,0.02103698872181056,-0.08726307364608157,0.022989926629192727
WK076601,Dongen,2020,4.10238544415774,1.2059301405488643e-4,-0.006772405005218711,0.04782069344683588,0.019863353186913773,-0.07584372408224928,0.015052675467772933
WK076601,Dongen,2022,4.101266470578179,-9.983805655064007e-4,-0.004422311644543323,0.060179633513531915,0.012498051061421407,-0.09263485646146852,0.023381102965551827
WK076602,'s Gravenmoer,2002,4.127124323645429,0.024859472501743682,NA,NA,NA,NA,NA
WK076602,'s Gravenmoer,2008,4.114621834081381,0.012356982937696222,NA,NA,NA,NA,NA
WK076602,'s Gravenmoer,2012,4.102782699155568,5.178480118825854e-4,NA,NA,NA,NA,NA
WK076602,'s Gravenmoer,2014,4.11603182264128,0.013766971497594475,-0.004798883546308592,0.06208225895082448,0.04654124347363487,-0.12854010616127887,0.038482458780722276
WK076602,'s Gravenmoer,2016,4.161452909796811,0.05918805865312541,NA,NA,NA,NA,NA
WK076602,'s Gravenmoer,2018,4.156618591559665,0.0543537404159801,-0.0059215359865186475,0.07942117916355518,0.05117560108801656,-0.11033145312022927,0.04000994927115608
WK076602,'s Gravenmoer,2020,4.174084702110283,0.0718198509665988,0.0013577830702853361,0.09470191937781253,0.04757175265793548,-0.1146050865560224,0.04279348241658766
WK076602,'s Gravenmoer,2022,4.167078173477842,0.06481332233415643,0.006866294037229714,0.0992768739397453,0.0378299907514318,-0.12485613574412757,0.04569629934987694
WK077000,Eersel,2002,4.143020326985928,0.04075547584224277,NA,NA,NA,NA,NA
WK077000,Eersel,2008,4.1414087201535725,0.03914386900988749,NA,NA,NA,NA,NA
WK077000,Eersel,2012,4.166652468605432,0.06438761746174712,NA,NA,NA,NA,NA
WK077000,Eersel,2014,4.18088378211298,0.07861893096929473,6.461811930542137e-4,0.06416637088759114,0.04784364918276722,-0.07220341273925858,0.03816614244514042
WK077000,Eersel,2016,4.161876512654919,0.059611661511233566,NA,NA,NA,NA,NA
WK077000,Eersel,2018,4.187324441418176,0.08505959027449113,0.010628773649395245,0.0592355954714585,0.045771218776903835,-0.06784022626931509,0.037264228646048364
WK077000,Eersel,2020,4.203706634300609,0.1014417831569233,0.010033779198747662,0.07542028644006775,0.041961958589241156,-0.0636952201709765,0.037720979099842934
WK077000,Eersel,2022,4.199976862355724,0.09771201121203833,0.013368625010009563,0.06665816657736799,0.042134763827449524,-0.06545584403460743,0.041006299831818395
WK077001,Duizel,2002,4.21815097253467,0.11588612139098473,NA,NA,NA,NA,NA
WK077001,Duizel,2008,4.19507000985602,0.09280515871233466,NA,NA,NA,NA,NA
WK077001,Duizel,2012,4.2073807268342716,0.10511587569058616,NA,NA,NA,NA,NA
WK077001,Duizel,2014,4.205714328925947,0.10344947778226225,-0.004518859561818193,0.09486987703960284,0.07956974525010531,-0.11940014630691335,0.05292886136128541
WK077001,Duizel,2016,4.221612421506114,0.11934757036242859,NA,NA,NA,NA,NA
WK077001,Duizel,2018,4.183966006425884,0.08170115528219844,0.001235791884039872,0.07075010220941652,0.07995670979571909,-0.12152398325025188,0.051282534643274605
WK077001,Duizel,2020,4.198288125366305,0.09602327422261912,1.563292676471407e-4,0.09046589967692656,0.07514449629289477,-0.1165953929559111,0.04685194194106147
WK077001,Duizel,2022,4.200350461493947,0.09808561035026198,-0.002402879483044382,0.09214637553955383,0.08015845350638308,-0.12131738704157183,0.04950104782894101
WK077002,Steensel,2002,4.227503146128534,0.12523829498484823,NA,NA,NA,NA,NA
WK077002,Steensel,2008,4.19208887676928,0.08982402562559444,NA,NA,NA,NA,NA
WK077002,Steensel,2012,4.21326297774295,0.11099812659926431,NA,NA,NA,NA,NA
WK077002,Steensel,2014,4.209058123582396,0.10679327243871115,0.005784182688449206,0.09086364387287255,0.06451624639272993,-0.09875659359535102,0.044385793080010186
WK077002,Steensel,2016,4.162347213756552,0.06008236261286682,NA,NA,NA,NA,NA
WK077002,Steensel,2018,4.225328113394487,0.12306326225080197,0.012314448470057445,0.08752762727107061,0.060450047740296754,-0.0827545873118836,0.045525726081260404
WK077002,Steensel,2020,4.2398538949915725,0.1375890438478875,0.008880890711403255,0.10602561149895755,0.06074461987560191,-0.08284652204540217,0.04478444380732669
WK077002,Steensel,2022,4.243897064556605,0.14163221341291934,0.02177983999920189,0.09284312563048593,0.06125109775596785,-0.08359925093064827,0.04935740095791158
WK077003,Vessem,2002,4.143716584197748,0.04145173305406315,NA,NA,NA,NA,NA
WK077003,Vessem,2008,4.112383354324042,0.010118503180355974,NA,NA,NA,NA,NA
WK077003,Vessem,2012,4.13239228243338,0.03012743128969484,NA,NA,NA,NA,NA
WK077003,Vessem,2014,4.166197667898321,0.06393281675463605,0.00569644900950854,0.10050444590848616,0.08783056253644823,-0.1877437349811005,0.057645094281293295
WK077003,Vessem,2016,4.176415429940103,0.07415057879641725,NA,NA,NA,NA,NA
WK077003,Vessem,2018,4.175973894617353,0.07370904347366751,0.01843748785927654,0.09190851471852314,0.08896646754000373,-0.18351943692189981,0.05791601027776358
WK077003,Vessem,2020,4.198731360273659,0.09646650912997405,0.014870570534175783,0.1128099184144562,0.080003788218729735,-0.1697634714764247,0.05854570343903677
WK077003,Vessem,2022,4.193205965194782,0.09094111405109706,0.017159686114547688,0.11370001627601276,0.0791649203601223,-0.1777356985214453,0.05865218982185941
WK077004,Wintelre,2002,4.118944801706891,0.016679950563206113,NA,NA,NA,NA,NA
WK077004,Wintelre,2008,4.126619715902569,0.024354864758884074,NA,NA,NA,NA,NA
WK077004,Wintelre,2012,4.13294696608301,0.030682114939324087,NA,NA,NA,NA,NA
WK077004,Wintelre,2014,4.144244141066557,0.04197928992287173,-0.016921623427891875,0.10410557893129495,0.08826294088360374,-0.1826645798498403,0.04919697338570495
WK077004,Wintelre,2016,4.156950996294772,0.05468614515108676,NA,NA,NA,NA,NA
WK077004,Wintelre,2018,4.153621759003625,0.051356907859940015,-0.0032924421846544415,0.08541319690654839,0.08665298106301561,-0.16711880725341324,0.0497019793284435
WK077004,Wintelre,2020,4.162472916305266,0.06020806516158029,-0.010677484888055385,0.11183486698680227,0.07901946032816733,-0.16532730497124593,0.0453585277059118
WK077004,Wintelre,2022,4.212105526701602,0.10984067555791595,-0.008171860531379256,0.1226704420088693,0.08107339424379863,-0.1306938690971455,0.04496256893377253
WK077005,Knegsel,2002,4.308434143087913,0.20616929194422795,NA,NA,NA,NA,NA
WK077005,Knegsel,2008,4.25141693068843,0.14915207954474505,NA,NA,NA,NA,NA
WK077005,Knegsel,2012,4.235149072237865,0.13288422109417997,NA,NA,NA,NA,NA
WK077005,Knegsel,2014,4.25977205310618,0.1575072019624951,0.029727962918952168,0.11455261609132159,0.09904756194906678,-0.13763038314569503,0.0518094441488494
WK077005,Knegsel,2016,4.208385828801361,0.10612097765767557,NA,NA,NA,NA,NA
WK077005,Knegsel,2018,4.242772346708264,0.14050749556457895,0.0428564831383743,0.09877125862657,0.08912309718249219,-0.13776251794453123,0.04751917456167345
WK077005,Knegsel,2020,4.244776772964142,0.14251192182045722,0.03613886558994707,0.1197900680241137,0.07656957179070849,-0.1381552004884727,0.04816861690416045
WK077005,Knegsel,2022,4.234790523223514,0.13252567207982865,0.04570897776037098,0.10241394293902846,0.07645457154007745,-0.1462003429462533,0.05414852278660486
WK077211,Centrum,2002,4.014134179101385,-0.08813067204230014,NA,NA,NA,NA,NA
WK077211,Centrum,2008,4.073368798920631,-0.02889605222305428,NA,NA,NA,NA,NA
WK077211,Centrum,2012,4.093377198104649,-0.00888765303903553,NA,NA,NA,NA,NA
WK077211,Centrum,2014,4.072124008450933,-0.030140842692752336,-0.017456485594148443,-0.15098731304733806,-0.021552200308937508,0.20119231133446794,-0.0413371550767966
WK077211,Centrum,2016,4.016825082769821,-0.08543976837386368,NA,NA,NA,NA,NA
WK077211,Centrum,2018,4.038346625194976,-0.06391822594870991,-0.014287688589274686,-0.10388500250285412,-0.026026709172414477,0.17176494386771576,-0.09148376955188267
WK077211,Centrum,2020,4.052339633452271,-0.049925217691414774,-0.010675579130508739,-0.11635759357789399,-0.03319221315189203,0.19584521301876412,-0.08554504484988437
WK077211,Centrum,2022,4.109772415330798,0.007507564187112174,-0.005780709633116116,-0.09773674027515626,-0.04334452207350342,0.22044981732723432,-0.06608028115834662
WK077221,Oud-Stratum,2002,4.111810788297049,0.009545937153364199,NA,NA,NA,NA,NA
WK077221,Oud-Stratum,2008,4.10593637929511,0.003671528151424801,NA,NA,NA,NA,NA
WK077221,Oud-Stratum,2012,4.1075190630869,0.005254211943214452,NA,NA,NA,NA,NA
WK077221,Oud-Stratum,2014,4.087824139937732,-0.014440711205953423,-0.028386745568081354,-0.04792168895597777,-0.02562542355896099,0.12419228996403839,-0.03669914308697193
WK077221,Oud-Stratum,2016,4.140975887520872,0.03871103637718644,NA,NA,NA,NA,NA
WK077221,Oud-Stratum,2018,4.14329772182506,0.04103287068137435,-0.026576452748210955,-0.016926516602078855,-0.025534234744737285,0.13239234981211656,-0.022322275035715426
WK077221,Oud-Stratum,2020,4.1539479198986085,0.051683068754923164,-0.02337818503018384,-0.027450363707466535,-0.02656746894368243,0.14309198589417876,-0.014012899457923033
WK077221,Oud-Stratum,2022,4.176602630064022,0.07433777892033687,-0.019557457245462734,-0.00827413521372394,-0.033506739784413375,0.1475993756123392,-0.011923264448402585
WK077222,Kortonjo,2002,4.120196441840146,0.017931590696460505,NA,NA,NA,NA,NA
WK077222,Kortonjo,2008,4.127322263146029,0.025057412002343432,NA,NA,NA,NA,NA
WK077222,Kortonjo,2012,4.155704395021423,0.053439543877737264,NA,NA,NA,NA,NA
WK077222,Kortonjo,2014,4.135063891843872,0.03279904070018726,-0.0239236324452136,-0.026692559978408987,9.260110379342296e-5,0.08941875191882113,-0.006096119898804953
WK077222,Kortonjo,2016,4.172150778871799,0.0698859277281144,NA,NA,NA,NA,NA
WK077222,Kortonjo,2018,4.161495815572101,0.05923096442841607,-0.022831626446657517,-0.008161558839629617,0.001082106896966458,0.08829078407909982,8.512587386366173e-4
WK077222,Kortonjo,2020,4.185326451516474,0.08306160037278837,-0.0165593283294684,-0.003144810106238529,-0.004300273793968801,0.10362316438463413,0.0034428482178296875
WK077222,Kortonjo,2022,4.208703751800731,0.10643890065704535,-0.0065310426881024924,-0.007558693047886984,-0.005413510270969996,0.11367974690993236,0.012262399754072206
WK077223,Putten,2002,4.019907082134357,-0.0823577690093283,NA,NA,NA,NA,NA
WK077223,Putten,2008,4.0466291896892805,-0.05563566145440519,NA,NA,NA,NA,NA
WK077223,Putten,2012,4.061323111674084,-0.0409417394696014,NA,NA,NA,NA,NA
WK077223,Putten,2014,4.034866005066478,-0.06739884607720786,-0.02669163655593535,-0.05908921644947222,-0.029159747063708576,0.0617014910052455,-0.01415973701333749
WK077223,Putten,2016,4.057720886495137,-0.044543964648548894,NA,NA,NA,NA,NA
WK077223,Putten,2018,4.059167739004337,-0.04309711213934812,-0.015460455084625175,-0.06002020033346398,-0.024851764063193962,0.06298022746066832,-0.005744920118733593
WK077223,Putten,2020,4.093628311804598,-0.008636539339087848,-0.013336330840106703,-0.05016354413921291,-0.02330433867024779,0.07637794593620083,0.0017897283742784578
WK077223,Putten,2022,4.12469555895793,0.022430707814244288,-0.011153845203805308,-0.03482912851268688,-0.025516898185527662,0.08668573307524018,0.007244846641023658
WK077231,De Laak,2002,4.044601423845965,-0.05766342729771992,NA,NA,NA,NA,NA
WK077231,De Laak,2008,4.069484912201483,-0.03277993894220231,NA,NA,NA,NA,NA
WK077231,De Laak,2012,4.065334944319037,-0.036929906824647654,NA,NA,NA,NA,NA
WK077231,De Laak,2014,4.034060280144694,-0.06820457099899102,-0.022645458976850812,-0.09745907067352991,-0.03811113172058319,0.09950217717075337,-0.009491086798780711
WK077231,De Laak,2016,4.054798298678866,-0.047466552464819046,NA,NA,NA,NA,NA
WK077231,De Laak,2018,4.098367472905881,-0.0038973782378040594,-0.01350166496170793,-0.06660198418317899,-0.03345387605222717,0.11224692157335374,-0.0025867746140439646
WK077231,De Laak,2020,4.1300472970608215,0.027782445917136335,-0.012921475292075315,-0.05760521205616289,-0.02836339910581953,0.12196300688192886,0.0047095254892649185
WK077231,De Laak,2022,4.1489399951137544,0.046675143970068916,-0.011528892099476907,-0.030373967876399198,-0.03767074222385008,0.11806064856697708,0.008188097602817718
WK077232,Doornakkers,2002,3.891939593391032,-0.21032525775265312,NA,NA,NA,NA,NA
WK077232,Doornakkers,2008,3.897362875473427,-0.20490197567025845,NA,NA,NA,NA,NA
WK077232,Doornakkers,2012,3.998275470687824,-0.10398938045586115,NA,NA,NA,NA,NA
WK077232,Doornakkers,2014,3.9638897040323777,-0.13837514711130783,-0.04817899274702908,-0.059829767617444754,-0.034895219393822736,0.035832075629873894,-0.031303242982885456
WK077232,Doornakkers,2016,3.9839513367970594,-0.11831351434662543,NA,NA,NA,NA,NA
WK077232,Doornakkers,2018,3.985269506705976,-0.11699534443770909,-0.03991753404392216,-0.06535168047487819,-0.033362453326846994,0.04291636742632292,-0.021280044018384976
WK077232,Doornakkers,2020,4.0340454844931495,-0.06821936665053606,-0.036595953841452644,-0.059529264564791746,-0.027041694241224476,0.06701433285816867,-0.012066786861236125
WK077232,Doornakkers,2022,4.012797952179425,-0.08946689896426015,-0.038317326466878826,-0.05760708197586595,-0.029430317179192148,0.05089767281377364,-0.015009846156097158
WK077233,Oud-Tongelre,2002,4.0395446773684895,-0.06272017377519506,NA,NA,NA,NA,NA
WK077233,Oud-Tongelre,2008,4.063591441469173,-0.03867340967451259,NA,NA,NA,NA,NA
WK077233,Oud-Tongelre,2012,4.071035738395976,-0.031229112747709148,NA,NA,NA,NA,NA
WK077233,Oud-Tongelre,2014,4.023647622867589,-0.07861722827609645,-0.04244685435146718,-0.03802693675183644,-0.017971953720095437,0.008140485261294692,0.011688031286007625
WK077233,Oud-Tongelre,2016,4.0695814045193215,-0.03268344662436344,NA,NA,NA,NA,NA
WK077233,Oud-Tongelre,2018,4.058550453989197,-0.04371439715448849,-0.03888425163102807,-0.01967633840797906,-0.0182210004542761,0.01207993544612249,0.02098725789267196
WK077233,Oud-Tongelre,2020,4.067395728235456,-0.03486912290822908,-0.022997096358304357,-0.04880913279761382,-0.020855030813667148,0.034985574133646447,0.022806562927709533
WK077233,Oud-Tongelre,2022,4.0866602514567525,-0.015604599686932487,-0.023520240150129254,-0.009790373286462383,7.198313099924635e-4,0.030085222471200622,-0.013099040031534188
WK077241,Oud-Woensel,2002,3.9489649474755857,-0.15329990366809942,NA,NA,NA,NA,NA
WK077241,Oud-Woensel,2008,3.965603910513866,-0.13666094062981904,NA,NA,NA,NA,NA
WK077241,Oud-Woensel,2012,3.970374477788482,-0.1318903733552028,NA,NA,NA,NA,NA
WK077241,Oud-Woensel,2014,3.928384204914269,-0.17388064622941657,-0.04404961987109002,-0.16194092506325322,-0.05295873556333823,0.12803915143472042,-0.04297051716645587
WK077241,Oud-Woensel,2016,3.9113984287596715,-0.19086642238401366,NA,NA,NA,NA,NA
WK077241,Oud-Woensel,2018,3.943291273153642,-0.15897357799004305,-0.03751334546409015,-0.1408574892486258,-0.05347252481813543,0.13448514370638281,-0.061615362165574776
WK077241,Oud-Woensel,2020,3.98939024897439,-0.1128746021692952,-0.03046240470482749,-0.13457955247894346,-0.05403889218334836,0.15668148289021333,-0.05047523569238947
WK077241,Oud-Woensel,2022,4.01448458449085,-0.08778026665283552,-0.02912038940885449,-0.11245990867039349,-0.05968864453992129,0.16523787083929758,-0.051749194872964074
WK077242,Erp,2002,3.9530190021299556,-0.14924584901372975,NA,NA,NA,NA,NA
WK077242,Erp,2008,3.9817528651743164,-0.12051198596936875,NA,NA,NA,NA,NA
WK077242,Erp,2012,3.98538081302584,-0.11688403811784497,NA,NA,NA,NA,NA
WK077242,Erp,2014,3.9546484359002188,-0.1476164152434667,-0.03584951510673783,-0.09766645056214383,-0.04136434283159697,0.07511260247378179,-0.047848709216770174
WK077242,Erp,2016,3.986887563966981,-0.11537728717670387,NA,NA,NA,NA,NA
WK077242,Erp,2018,3.9927315647104344,-0.10953328643325072,-0.034212605335973575,-0.0800211731285499,-0.042925882562699635,0.07712648294839779,-0.02950010835442566
WK077242,Erp,2020,4.0311165162438565,-0.0711483348998283,-0.024457031750608777,-0.08675703904794049,-0.04729483091022393,0.10831586770996524,-0.0209553009010206
WK077242,Erp,2022,4.022125527015265,-0.08013932412842048,-0.02186031148967172,-0.09329749784419457,-0.04521982914099054,0.10082040372695558,-0.020582089380519485
WK077243,Begijnenbroek,2002,4.000718108435061,-0.10154674270862418,NA,NA,NA,NA,NA
WK077243,Begijnenbroek,2008,4.01231740051579,-0.08994745062789605,NA,NA,NA,NA,NA
WK077243,Begijnenbroek,2012,4.013916416496989,-0.08834843464669641,NA,NA,NA,NA,NA
WK077243,Begijnenbroek,2014,4.025693032008848,-0.07657181913483664,-0.03374237317008557,-0.047252747771174816,-0.030722756965191174,0.06952611593701982,-0.03438005716540518
WK077243,Begijnenbroek,2016,4.051466653645996,-0.05079819749768965,NA,NA,NA,NA,NA
WK077243,Begijnenbroek,2018,4.063640421280806,-0.03862442986287862,-0.03542507655823345,-0.008644099459601809,-0.03152376039994093,0.07049424689949313,-0.033525740344595836
WK077243,Begijnenbroek,2020,4.0940221677979105,-0.008242683345774347,-0.023754473303359638,-0.008699888780009303,-0.0345382054242645,0.08340325459853755,-0.024653370436678753
WK077243,Begijnenbroek,2022,4.057275834421835,-0.044989016721849795,-0.020458334590122713,-0.05124097675375917,-0.032396739249365425,0.08078741766016982,-0.02168038378877259
WK077251,Ontginning,2002,3.9454690166838797,-0.15679583445980555,NA,NA,NA,NA,NA
WK077251,Ontginning,2008,3.9664992812158726,-0.13576556992781255,NA,NA,NA,NA,NA
WK077251,Ontginning,2012,3.9516449738629134,-0.15061987728077217,NA,NA,NA,NA,NA
WK077251,Ontginning,2014,3.957237928468092,-0.1450269226755935,-0.02464019075909559,-0.08376904707094944,-0.03750404805096474,0.020433367178925105,-0.019547003973509103
WK077251,Ontginning,2016,3.9612439740442706,-0.1410208770994147,NA,NA,NA,NA,NA
WK077251,Ontginning,2018,3.974204401851132,-0.12806044929255286,-0.029907210999987575,-0.07047375507950543,-0.030485358287199688,0.01740863177076525,-0.014602756696625696
WK077251,Ontginning,2020,4.002937618158789,-0.09932723298489596,-0.022876257730024184,-0.06973303103925811,-0.02837408020624927,0.031034074436763974,-0.009377938446128605
WK077251,Ontginning,2022,4.010261100031679,-0.09200375111200618,-0.015435371535675521,-0.06501994000843149,-0.030007410348998325,0.024739203160255175,-0.006280232379156295
WK077252,Achtse Molen,2002,4.035498100018264,-0.06676675112542121,NA,NA,NA,NA,NA
WK077252,Achtse Molen,2008,4.02669418637256,-0.07557066477112542,NA,NA,NA,NA,NA
WK077252,Achtse Molen,2012,4.046282863503122,-0.055981987640562586,NA,NA,NA,NA,NA
WK077252,Achtse Molen,2014,4.07778486112892,-0.024479990014765696,-0.015488932351251653,2.605475239903147e-4,0.01595245935338239,-0.04304611833054491,0.01784205378965788
WK077252,Achtse Molen,2016,4.09674353076904,-0.005521320374644714,NA,NA,NA,NA,NA
WK077252,Achtse Molen,2018,4.0873827335831505,-0.014882117560534345,-0.016055304412693275,0.016490123310022125,0.019247393651871388,-0.05560217150242149,0.02103784139268664
WK077252,Achtse Molen,2020,4.105565206103153,0.0033003549594670463,-0.013430527115266069,0.01582590136290521,0.020389153485543793,-0.044117066962363206,0.024632894188647062
WK077252,Achtse Molen,2022,4.123559220323728,0.021294369180043352,-0.008167707737605633,0.03026493674763059,0.018775586109930572,-0.051396681780005046,0.03181823584009257
WK077253,Aanschot,2002,4.100922961079748,-0.0013418900639368884,NA,NA,NA,NA,NA
WK077253,Aanschot,2008,4.077020450013929,-0.025244401129755505,NA,NA,NA,NA,NA
WK077253,Aanschot,2012,4.074081764603403,-0.028183086540281864,NA,NA,NA,NA,NA
WK077253,Aanschot,2014,4.06558454013119,-0.036680311012495734,-0.01625941559116183,-0.022880453205762534,-0.0044389869186366475,-0.005979115737650017,0.012877660440715036
WK077253,Aanschot,2016,4.075401372519709,-0.026863478623976585,NA,NA,NA,NA,NA
WK077253,Aanschot,2018,4.08866361918785,-0.013601231955834892,-0.022451397248044264,0.004817775643307206,-0.00403583379109809,-0.007308048943144176,0.015376272383144197
WK077253,Aanschot,2020,4.10968204074288,0.007417189599193953,-0.017537872942258045,0.005364299268884537,-0.0040972761411471196,0.0037907104558199504,0.019897328957894336
WK077253,Aanschot,2022,4.12656336215657,0.024298511012884223,-0.009626341121891868,0.0193444792237264,2.622602133527336e-4,-0.0047211144250854055,0.01903922712278208
WK077254,Dommelbeemd,2002,3.968538310682206,-0.1337265404614792,NA,NA,NA,NA,NA
WK077254,Dommelbeemd,2008,3.9590074670433104,-0.1432573841003748,NA,NA,NA,NA,NA
WK077254,Dommelbeemd,2012,3.955065569343287,-0.14719928180039824,NA,NA,NA,NA,NA
WK077254,Dommelbeemd,2014,3.964412534557718,-0.13785231658596733,-0.02163772404397774,-0.07323352150471615,-0.027573797317791252,0.009394366695060632,-0.024801640414543108
WK077254,Dommelbeemd,2016,3.9933908032800596,-0.10887404786362549,NA,NA,NA,NA,NA
WK077254,Dommelbeemd,2018,3.993452275282182,-0.10881257586150309,-0.02598509651640053,-0.045185230322436876,-0.024064648757473706,0.0072784400047688535,-0.020856040269961074
WK077254,Dommelbeemd,2020,4.019803369021142,-0.0824614821225429,-0.019053609125822775,-0.0419416565860988,-0.025731476542916357,0.01877288486744234,-0.014507624735147566
WK077254,Dommelbeemd,2022,4.029894228472135,-0.07237062267155034,-0.01717842998791767,-0.03421333313476898,-0.022705235638336433,0.016057181847917486,-0.014330805758445022
WK077261,Oud-Strijp,2002,4.14156635078266,0.03930149963897495,NA,NA,NA,NA,NA
WK077261,Oud-Strijp,2008,4.128350816554461,0.026085965410775257,NA,NA,NA,NA,NA
WK077261,Oud-Strijp,2012,4.139520672842669,0.0372558216989833,NA,NA,NA,NA,NA
WK077261,Oud-Strijp,2014,4.065936861042819,-0.03632799010086621,-0.04087552962309617,-0.06995486771133466,-0.025718562840787048,0.10506480211432802,-0.004843832039976589
WK077261,Oud-Strijp,2016,4.094709089257371,-0.007555761886313441,NA,NA,NA,NA,NA
WK077261,Oud-Strijp,2018,4.13089717004675,0.02863231890306511,-0.03385184969177279,-0.03328893114302856,-0.017057373119228354,0.12241540618378381,-0.009584933326689297
WK077261,Oud-Strijp,2020,4.164487079571242,0.06222222842755662,-0.029437327590687363,-0.015211172074226089,-0.02307543206031007,0.13979453437418513,-0.009848374221405309
WK077261,Oud-Strijp,2022,4.142468640762237,0.040203789618551394,-0.026444349526754892,-0.04585139067103303,-0.03152671968035681,0.15478243134520087,-0.010756181848505006
WK077262,Halve Maan,2002,4.027188561923913,-0.07507628921977227,NA,NA,NA,NA,NA
WK077262,Halve Maan,2008,4.020416456035696,-0.0818483951079892,NA,NA,NA,NA,NA
WK077262,Halve Maan,2012,4.021545100151693,-0.08071975099199205,NA,NA,NA,NA,NA
WK077262,Halve Maan,2014,4.033968421722586,-0.06829642942109895,-0.03279624962625704,-0.04161558903195035,-0.035577314450945315,0.0533032986363582,-0.01161057494830473
WK077262,Halve Maan,2016,4.0288971758029986,-0.07336767534068608,NA,NA,NA,NA,NA
WK077262,Halve Maan,2018,4.044405713600154,-0.05785913754353059,-0.0298886684174509,-0.04686253824026084,-0.033801016299574604,0.059678803227664154,-0.006985717813908656
WK077262,Halve Maan,2020,4.06630466423595,-0.035960186907734816,-0.02533642139632794,-0.05565165101431496,-0.03151414738812257,0.07546643177633429,0.0010756011146960992
WK077262,Halve Maan,2022,4.103411305168107,0.0011464540244216156,-0.01880833649223346,-0.0338266486010338,-0.0259127604040498,0.07604184184624656,0.0036523576754918575
WK077263,Meerhoven,2002,4.138238007721544,0.03597315657785865,NA,NA,NA,NA,NA
WK077263,Meerhoven,2008,4.205861537397647,0.10359668625396203,NA,NA,NA,NA,NA
WK077263,Meerhoven,2012,4.190651132363955,0.08838628122027001,NA,NA,NA,NA,NA
WK077263,Meerhoven,2014,4.125922192108701,0.023657340965015487,-0.027526727481048258,0.042165444376746665,0.02526801847400811,-0.026983183920382868,0.010733789515691544
WK077263,Meerhoven,2016,4.14018336413233,0.0379185129886448,NA,NA,NA,NA,NA
WK077263,Meerhoven,2018,4.13971894757121,0.037454096427524904,-0.01471568252924238,0.04159814767174441,0.023408952149807552,-0.03936834181901323,0.026531020954228247
WK077263,Meerhoven,2020,4.149906006718515,0.047641155574830035,-0.01657254143287901,0.023935155219419458,0.021076227704908138,-0.005606107869816133,0.024808421953197327
WK077263,Meerhoven,2022,4.188666581271925,0.08640173012823983,0.005390295407156315,0.03801471834667257,0.02063948872021645,-0.00848339657502002,0.03084062422921422
WK077271,Rozenknopje,2002,4.138843040150817,0.03657818900713266,NA,NA,NA,NA,NA
WK077271,Rozenknopje,2008,4.117800859611812,0.01553600846812655,NA,NA,NA,NA,NA
WK077271,Rozenknopje,2012,4.139663277061974,0.03739842591828894,NA,NA,NA,NA,NA
WK077271,Rozenknopje,2014,4.120223707635083,0.01795885649139823,-0.031241294757768483,-0.05317238256529983,-0.01833211905566813,0.12845722184873384,-0.007752568978599444
WK077271,Rozenknopje,2016,4.142611205875058,0.0403463547313724,NA,NA,NA,NA,NA
WK077271,Rozenknopje,2018,4.137447514056043,0.035182662912357957,-0.03033936854623795,-0.029522073156589536,-0.022851043334489732,0.126086928707738,-0.008191780758063132
WK077271,Rozenknopje,2020,4.161971242270306,0.05970639112662127,-0.025101728105104797,-0.03555729064293618,-0.020194154507565988,0.14386741873458112,-0.0033078543523531755
WK077271,Rozenknopje,2022,4.174795424869432,0.07253057372574663,-0.02283780767470449,-0.02148878833153985,-0.024814758468604734,0.15410721045434142,-0.012435282253746021
WK077272,Oud-Gestel,2002,3.9585351954637504,-0.1437296556799349,NA,NA,NA,NA,NA
WK077272,Oud-Gestel,2008,3.971837435215747,-0.13042741592793858,NA,NA,NA,NA,NA
WK077272,Oud-Gestel,2012,3.987181817249868,-0.11508303389381742,NA,NA,NA,NA,NA
WK077272,Oud-Gestel,2014,3.957815333040585,-0.14444951810310003,-0.014771781698411377,-0.11706419862735189,-0.05322493825484769,0.06993942506535543,-0.0293280245878448
WK077272,Oud-Gestel,2016,3.9727071486502394,-0.12955770249344592,NA,NA,NA,NA,NA
WK077272,Oud-Gestel,2018,3.9730443929422075,-0.1292204582014781,-0.015008867186617937,-0.10747984764662363,-0.05081539259532092,0.07187619285061077,-0.027792543623526667
WK077272,Oud-Gestel,2020,3.9907158452195555,-0.11154900592412967,-0.013334385978741625,-0.10937214456241164,-0.04782299313356058,0.08524940909431325,-0.02626889134372933
WK077272,Oud-Gestel,2022,4.01512008827127,-0.08714476287241579,-0.007879487195288373,-0.08807240260316908,-0.04438533443794895,0.08151975654562035,-0.02832729518163005
WK077273,Gestelse Ontginning,2002,4.141780224004666,0.03951537286098107,NA,NA,NA,NA,NA
WK077273,Gestelse Ontginning,2008,4.140638910190224,0.03837405904653867,NA,NA,NA,NA,NA
WK077273,Gestelse Ontginning,2012,4.152559914284992,0.050295063141306676,NA,NA,NA,NA,NA
WK077273,Gestelse Ontginning,2014,4.156744930349921,0.05448007920623575,-0.015345629028537491,0.02440824383436667,-0.003362036094069914,0.03956598557588645,0.009213514918589806
WK077273,Gestelse Ontginning,2016,4.131748624094727,0.02948377295104208,NA,NA,NA,NA,NA
WK077273,Gestelse Ontginning,2018,4.155845452068192,0.053580600924507074,-0.01217071951188925,0.0048178950866413755,-0.006264209623451781,0.0423814123416955,0.02481622263151097
WK077273,Gestelse Ontginning,2020,4.149447588086784,0.04718273694309867,-0.01196575082324165,-0.00858116689084942,-0.0052680125948735695,0.05197281301342512,0.0210248542386379
WK077273,Gestelse Ontginning,2022,4.1602868783020845,0.05802202715839955,-0.007520221782506919,-0.0031743756582697084,-0.002422775643568413,0.04966547545416637,0.021473924788577965
WK077700,Midden woongebied,2002,4.01304910300815,-0.08921574813553504,NA,NA,NA,NA,NA
WK077700,Midden woongebied,2008,3.9913609622043578,-0.1109038889393274,NA,NA,NA,NA,NA
WK077700,Midden woongebied,2012,4.014123872158206,-0.08814097898547935,NA,NA,NA,NA,NA
WK077700,Midden woongebied,2014,4.025723445891906,-0.07654140525177955,-0.012809394382966115,-0.030060181594198584,-0.013890098736479417,-0.011530086534615326,-0.008251644003520376
WK077700,Midden woongebied,2016,4.036055035386364,-0.06620981575732103,NA,NA,NA,NA,NA
WK077700,Midden woongebied,2018,4.062491631844608,-0.039773219299077144,-0.007589640488593002,-0.02017139147927207,-0.012876975765084014,0.0014838683439468774,-6.190799100752197e-4
WK077700,Midden woongebied,2020,4.092916426138939,-0.009348425004745987,-0.002251491364164599,-0.008872255913530488,-0.013532959725624401,0.010616484751707242,0.004691797246865984
WK077700,Midden woongebied,2022,4.063712276189106,-0.038552574954579415,-2.2318729713831234e-4,-0.03544598169926227,-0.014789868496723407,0.00844482174929592,0.0034616407892483422
WK077701,Midden Bedrijventerrein,2002,3.9391071636777237,-0.1631576874659615,NA,NA,NA,NA,NA
WK077701,Midden Bedrijventerrein,2008,3.9523190930023655,-0.14994575814131972,NA,NA,NA,NA,NA
WK077701,Midden Bedrijventerrein,2012,3.9800275514204504,-0.12223729972323483,NA,NA,NA,NA,NA
WK077701,Midden Bedrijventerrein,2014,3.7368878514154837,-0.3653769997282015,0.0054948004575139375,-0.343051117916547,0.0037789072973186677,-0.06651000265383333,0.03491041308734605
WK077701,Midden Bedrijventerrein,2016,4.011712789829369,-0.09055206131431603,NA,NA,NA,NA,NA
WK077701,Midden Bedrijventerrein,2018,4.248205420263927,0.145940569120242,-0.08365917596632666,0.14284183407144008,0.10311450712184433,-0.05099648753936259,0.034639891432646175
WK077701,Midden Bedrijventerrein,2020,3.832520562727332,-0.26974428841635323,-0.07267685585850348,-0.23310028455391696,0.046446786529336426,-0.0556522150513824,0.045238280518112683
WK077701,Midden Bedrijventerrein,2022,3.7019862090380276,-0.40027864210565767,-0.11335867894755858,-0.30908968102951573,0.03165194353734452,-0.05351629014374237,0.044034064477813994
WK077702,Midden landelijk gebied,2002,4.242505450402464,0.1402405992587796,NA,NA,NA,NA,NA
WK077702,Midden landelijk gebied,2008,4.239804602745209,0.13753975160152346,NA,NA,NA,NA,NA
WK077702,Midden landelijk gebied,2012,4.206007018208462,0.10374216706477662,NA,NA,NA,NA,NA
WK077702,Midden landelijk gebied,2014,4.245184966471928,0.14292011532824306,-0.024070060172940846,0.0625019574327363,0.11444116534238312,-0.08201655762455914,0.0720636103506234
WK077702,Midden landelijk gebied,2016,4.279453530044512,0.17718867890082587,NA,NA,NA,NA,NA
WK077702,Midden landelijk gebied,2018,4.286789702973064,0.18452485182937872,-0.013270365101491717,0.07639880713308206,0.12085572298093808,-0.07564942521196769,0.0761901120288178
WK077702,Midden landelijk gebied,2020,4.310807026356088,0.2085421752124024,-0.010559602133876087,0.08460784859116294,0.11469177317289801,-0.06345882890226263,0.08326098448447979
WK077702,Midden landelijk gebied,2022,4.298890523455503,0.19662567231181807,-0.008588722737758275,0.06957888780474872,0.11785740092804166,-0.0683127482133553,0.08609085453014106
WK077710,Noord woongebied,2002,4.007692976711472,-0.09457187443221277,NA,NA,NA,NA,NA
WK077710,Noord woongebied,2008,4.0266262144333345,-0.0756386367103505,NA,NA,NA,NA,NA
WK077710,Noord woongebied,2012,4.038214380131333,-0.06405047101235234,NA,NA,NA,NA,NA
WK077710,Noord woongebied,2014,4.032643670217508,-0.06962118092617686,-0.012370953903464842,-0.006853130748339693,0.008308487569983515,-0.055861248999477836,-0.002844334844878316
WK077710,Noord woongebied,2016,4.0470715762948295,-0.05519327484885622,NA,NA,NA,NA,NA
WK077710,Noord woongebied,2018,4.083521565892273,-0.018743285251413,0.001406521943890877,0.010633686035446758,0.004802848529977624,-0.046972567697043034,0.011386225936314488
WK077710,Noord woongebied,2020,4.089782175784747,-0.01248267535893756,0.002946492220661554,0.013416172753063369,0.0019127702586047336,-0.04080310557327243,0.010044994982004918
WK077710,Noord woongebied,2022,4.0797404618251365,-0.022524389318548395,0.00825549096076936,-0.007069811427915967,-9.212678946626069e-4,-0.041740166271212194,0.018951365314472748
WK077711,Noord bedrijventerrein,2002,4.124407668738672,0.02214281759498682,NA,NA,NA,NA,NA
WK077711,Noord bedrijventerrein,2008,4.120957680448893,0.018692829305208214,NA,NA,NA,NA,NA
WK077711,Noord bedrijventerrein,2012,4.0466678270505705,-0.0555970240931149,NA,NA,NA,NA,NA
WK077711,Noord bedrijventerrein,2014,3.9172647951218087,-0.18500005602187608,-0.15659020422866055,-0.061328090316782,0.1021399805978986,-0.11184915211223215,0.042627410037899605
WK077711,Noord bedrijventerrein,2016,4.120984961727471,0.01872011058378542,NA,NA,NA,NA,NA
WK077711,Noord bedrijventerrein,2018,4.016318131647064,-0.08594671949662118,-0.1478936862522023,0.022431393696488233,0.08778142535866149,-0.09086084436855593,0.04259499206898693
WK077711,Noord bedrijventerrein,2020,4.0530673571421785,-0.049197494001506935,-0.15092258354842322,0.07559881313973763,0.0689128734605541,-0.08528945156607207,0.04250285451269648
WK077711,Noord bedrijventerrein,2022,4.079284651255195,-0.022980199888490205,-0.13496251138636298,0.06546696152625561,0.08339578849949798,-0.0851995271846657,0.04831908865678495
WK077712,Noord landelijk gebied,2002,4.177399480980887,0.07513462983720229,NA,NA,NA,NA,NA
WK077712,Noord landelijk gebied,2008,4.147711076356483,0.04544622521279783,NA,NA,NA,NA,NA
WK077712,Noord landelijk gebied,2012,4.143090718163091,0.04082586701940573,NA,NA,NA,NA,NA
WK077712,Noord landelijk gebied,2014,4.161797102859097,0.059532251715411794,-0.06920955169149386,0.07233060319383346,0.11208319541041642,-0.12701264951748592,0.07134065432014135
WK077712,Noord landelijk gebied,2016,4.206138788431593,0.10387393728790725,NA,NA,NA,NA,NA
WK077712,Noord landelijk gebied,2018,4.210004556367395,0.10773970522370982,-0.04418451778518297,0.09729067511261055,0.11021339696588599,-0.1170174975432957,0.06143764847369162
WK077712,Noord landelijk gebied,2020,4.2011561001288635,0.09889124898517837,-0.05599322092893698,0.09864055897990587,0.10090790555763945,-0.11120705490548594,0.0665430602820556
WK077712,Noord landelijk gebied,2022,4.154813773289449,0.05254892214576415,-0.06048774690629051,0.05746351834146341,0.08526871663376492,-0.11025935813219066,0.08056379220901676
WK077720,Zuid woongebied,2002,3.9934127621814257,-0.10885208896225913,NA,NA,NA,NA,NA
WK077720,Zuid woongebied,2008,4.018603306450699,-0.08366154469298547,NA,NA,NA,NA,NA
WK077720,Zuid woongebied,2012,4.029704447672374,-0.07256040347131147,NA,NA,NA,NA,NA
WK077720,Zuid woongebied,2014,4.054395282348409,-0.04786956879527563,-0.001509987979244059,-0.02659805398194265,0.00654950186833532,-0.02206539858385343,-0.004245630118571035
WK077720,Zuid woongebied,2016,4.095102257446022,-0.0071625936976634896,NA,NA,NA,NA,NA
WK077720,Zuid woongebied,2018,4.115243114520099,0.012978263376413788,0.002477379480257128,0.0028114027858452775,0.009616039363563771,-0.010482356210421614,0.008555797957168952
WK077720,Zuid woongebied,2020,4.115880137215266,0.013615286071580565,0.0062135479895117866,-0.001426275433064594,0.010554462050459864,-0.005962345067199903,0.004235896531873105
WK077720,Zuid woongebied,2022,4.098752443623273,-0.003512407520411876,0.008909318219496152,-0.02539505128904567,0.0057943863609810345,-0.008934056456637925,0.016112995644794265
WK077721,Zuid bedrijventerrein West,2002,4.126745698017749,0.024480846874063277,NA,NA,NA,NA,NA
WK077721,Zuid bedrijventerrein West,2008,4.046706854159565,-0.055557996984120714,NA,NA,NA,NA,NA
WK077721,Zuid bedrijventerrein West,2012,4.086949709934743,-0.015315141208942493,NA,NA,NA,NA,NA
WK077721,Zuid bedrijventerrein West,2014,4.074324376608555,-0.027940474535129885,-0.20297571301790063,0.08271247094080367,0.12732440831396805,-0.10013618027510587,0.06513453950310466
WK077721,Zuid bedrijventerrein West,2016,4.019661729467685,-0.0826031216760007,NA,NA,NA,NA,NA
WK077721,Zuid bedrijventerrein West,2018,4.158341286234139,0.05607643509045326,-0.195090634038242,0.114374924195433,0.1553760685584372,-0.08739294023422431,0.06880901660904909
WK077721,Zuid bedrijventerrein West,2020,4.0893335657026455,-0.012931285441039825,-0.19360882814834213,0.08037375390772074,0.11863543818239453,-0.08332006121128598,0.0649884118284728
WK077721,Zuid bedrijventerrein West,2022,4.055356521593599,-0.04690832955008581,-0.19112218938714448,0.05861385594654432,0.10813612163535406,-0.08764864195236005,0.06511252420752009
WK077723,Zuid landelijk gebied,2002,4.190102373535399,0.08783752239171268,NA,NA,NA,NA,NA
WK077723,Zuid landelijk gebied,2008,4.16208104485841,0.059816193714724956,NA,NA,NA,NA,NA
WK077723,Zuid landelijk gebied,2012,4.165630997806168,0.06336614666248197,NA,NA,NA,NA,NA
WK077723,Zuid landelijk gebied,2014,4.199695421216032,0.09743057007234719,-0.03895507136227251,0.07252436978496078,0.13609287285186308,-0.13573612296573373,0.06350452176352936
WK077723,Zuid landelijk gebied,2016,4.205376733471997,0.10311188232831192,NA,NA,NA,NA,NA
WK077723,Zuid landelijk gebied,2018,4.233550379572256,0.13128552842857102,-0.022657659203584816,0.08309869906606325,0.13245573488712709,-0.12799351533869893,0.06638226901766406
WK077723,Zuid landelijk gebied,2020,4.233429893524143,0.1311650423804573,-0.024651493337046037,0.0986277931348431,0.1198100066308345,-0.1238377256420807,0.061216461593906084
WK077723,Zuid landelijk gebied,2022,4.193311459874459,0.09104660873077355,-0.02478470894028762,0.060973098149544595,0.1109804714374281,-0.1260404346173414,0.0699181827014296
WK077900,Wijk 00 Raamsdonksveer,2002,4.025986553357306,-0.0762782977863794,NA,NA,NA,NA,NA
WK077900,Wijk 00 Raamsdonksveer,2008,4.022433717414613,-0.07983113372907226,NA,NA,NA,NA,NA
WK077900,Wijk 00 Raamsdonksveer,2012,4.052959469506788,-0.04930538163689711,NA,NA,NA,NA,NA
WK077900,Wijk 00 Raamsdonksveer,2014,4.053427222915909,-0.04883762822777559,-0.019535972583184593,-0.009476928896384561,0.0069564538351583926,-0.04001015485173439,0.013228974268369262
WK077900,Wijk 00 Raamsdonksveer,2016,4.096289246502744,-0.005975604640941244,NA,NA,NA,NA,NA
WK077900,Wijk 00 Raamsdonksveer,2018,4.085766100226199,-0.01649875091748645,-0.019664476577244204,0.005971524883456404,0.004313969425600179,-0.027992470098186333,0.020872701448887247
WK077900,Wijk 00 Raamsdonksveer,2020,4.091959540663159,-0.010305310480525976,-0.014915353597530333,0.0051243178245498336,6.990235116009106e-4,-0.0231156079301653,0.021902309711018617
WK077900,Wijk 00 Raamsdonksveer,2022,4.129924733105614,0.02765988196192925,-0.004362042476728695,0.022923279956096047,0.015858180811453695,-0.0300248969642986,0.02326536063540652
WK077901,Wijk 01 Raamsdonk,2002,4.060454888880875,-0.041809962262810876,NA,NA,NA,NA,NA
WK077901,Wijk 01 Raamsdonk,2008,4.047168152155459,-0.05509669898822567,NA,NA,NA,NA,NA
WK077901,Wijk 01 Raamsdonk,2012,4.077884216275538,-0.024380634868147608,NA,NA,NA,NA,NA
WK077901,Wijk 01 Raamsdonk,2014,4.059741545498772,-0.042523305644913335,-0.04019174684313888,0.035060355006565624,0.048987353855282294,-0.13828985644306252,0.051910588779439854
WK077901,Wijk 01 Raamsdonk,2016,4.083755639602725,-0.01850921154096121,NA,NA,NA,NA,NA
WK077901,Wijk 01 Raamsdonk,2018,4.0905278388008375,-0.01173701234284796,-0.03930609882305658,0.052485023767263154,0.04935483902572515,-0.12951421361405185,0.05524343730127191
WK077901,Wijk 01 Raamsdonk,2020,4.071082320395998,-0.031182530747686846,-0.03855336723975519,0.04918037335782637,0.035823011503344396,-0.12077706918581725,0.043144520816714604
WK077901,Wijk 01 Raamsdonk,2022,4.107684780471362,0.00541992932767723,-0.03218631182303099,0.06352837353222603,0.05045874873124949,-0.13142207912965587,0.05504119801688835
WK077902,Wijk 02 Geertruidenberg,2002,3.9232782627468983,-0.17898658839678674,NA,NA,NA,NA,NA
WK077902,Wijk 02 Geertruidenberg,2008,3.947027479586068,-0.15523737155761733,NA,NA,NA,NA,NA
WK077902,Wijk 02 Geertruidenberg,2012,3.9885294922837056,-0.11373535885997967,NA,NA,NA,NA,NA
WK077902,Wijk 02 Geertruidenberg,2014,4.033106624313299,-0.06915822683038675,-0.014812709206878102,0.018268285554363373,0.0033173228749785295,-0.08093935440459948,0.005008228351748606
WK077902,Wijk 02 Geertruidenberg,2016,4.056889404416138,-0.04537544672754771,NA,NA,NA,NA,NA
WK077902,Wijk 02 Geertruidenberg,2018,4.040519686042721,-0.06174516510096392,-0.016857061573570115,0.012147466270848827,-0.006497680519267712,-0.056866729226471416,0.006328839947496202
WK077902,Wijk 02 Geertruidenberg,2020,4.0497942552933885,-0.05247059585029668,-0.018071204634310913,0.01195568274591112,-0.005130286261338218,-0.05287796394544546,0.011653176244886558
WK077902,Wijk 02 Geertruidenberg,2022,4.10619934772358,0.003934496579895133,-0.007513314320547781,0.0388874076853131,0.009432367605285147,-0.05857066849326443,0.02169870410310882
WK078401,Rijen,2002,3.9963873759217705,-0.10587747522191461,NA,NA,NA,NA,NA
WK078401,Rijen,2008,4.000724409000686,-0.10154044214299987,NA,NA,NA,NA,NA
WK078401,Rijen,2012,4.026870753559876,-0.07539409758380938,NA,NA,NA,NA,NA
WK078401,Rijen,2014,3.9789841031612334,-0.12328074798245173,-0.012432747495069821,-0.006258207769232418,0.005317207363499362,-0.11028028920480576,3.7328912315663025e-4
WK078401,Rijen,2016,4.011147445557589,-0.0911174055860958,NA,NA,NA,NA,NA
WK078401,Rijen,2018,4.028954910394365,-0.07330994074932015,-0.008822807268430542,0.013661533823791464,0.008237743760515323,-0.10022446885690835,0.013838057791711695
WK078401,Rijen,2020,4.037335556847756,-0.06492929429592888,-0.006418213800987195,0.007333364939287364,0.007908054153655794,-0.08092848472684712,0.007175985138962006
WK078401,Rijen,2022,4.028193256455814,-0.0740715946878718,-0.003978972492456297,0.008343623442417812,0.0035631672798867274,-0.09555603900087697,0.013556626083156671
WK078402,Gilze,2002,4.057032632434227,-0.045232218709458157,NA,NA,NA,NA,NA
WK078402,Gilze,2008,4.052402764516414,-0.049862086627271957,NA,NA,NA,NA,NA
WK078402,Gilze,2012,4.093356777534548,-0.008908073609137649,NA,NA,NA,NA,NA
WK078402,Gilze,2014,4.097751347180045,-0.004513503963639471,0.0017015349860749556,0.04040240241372185,0.03471645132104659,-0.10657977552454787,0.02524588284006473
WK078402,Gilze,2016,4.136425631010192,0.03416077986650666,NA,NA,NA,NA,NA
WK078402,Gilze,2018,4.1126375270682605,0.010372675924574956,3.265810500574724e-4,0.05201439326557494,0.03601087903375091,-0.10584941613447323,0.027870238709664544
WK078402,Gilze,2020,4.129753857271371,0.027489006127685574,0.00607803045752816,0.056746380780835035,0.0335249976406444,-0.10168019337587449,0.03281979062455218
WK078402,Gilze,2022,4.083420978727069,-0.018843872416616197,0.0068659616852838525,0.02485170252118105,0.03159763471032165,-0.11299010459408243,0.03083093326067941
WK078403,Hulten,2002,4.21353934328941,0.11127449214572499,NA,NA,NA,NA,NA
WK078403,Hulten,2008,4.225233460980414,0.12296860983672832,NA,NA,NA,NA,NA
WK078403,Hulten,2012,4.2376257108869915,0.1353608597433064,NA,NA,NA,NA,NA
WK078403,Hulten,2014,4.21052644399268,0.10826159284899474,-0.030326165952338793,0.08293312500573842,0.14171623298351885,-0.1276495027984061,0.04158790361048212
WK078403,Hulten,2016,4.257757405427592,0.15549255428390663,NA,NA,NA,NA,NA
WK078403,Hulten,2018,4.23980969457126,0.13754484342757506,0.008688773419778447,0.07624510401314896,0.13496046052030775,-0.13223301089535114,0.049883516369690836
WK078403,Hulten,2020,4.263627488545875,0.16136263740219037,0.013074635293949099,0.09458303728737529,0.10939529879568095,-0.13167841911709488,0.07598808514227971
WK078403,Hulten,2022,4.217850055265219,0.11558520412153454,-0.003961603852203097,0.07524650039408025,0.0934148902791784,-0.12886787217944018,0.0797532894799189
WK078404,Molenschot,2002,4.262602584087387,0.1603377329437014,NA,NA,NA,NA,NA
WK078404,Molenschot,2008,4.179393923911529,0.07712907276784409,NA,NA,NA,NA,NA
WK078404,Molenschot,2012,4.185944277908632,0.0836794267649467,NA,NA,NA,NA,NA
WK078404,Molenschot,2014,4.14944780353787,0.047182952394185254,0.014613484429742436,0.051880570746897475,0.09328228135543218,-0.16147152110410495,0.04887813696621769
WK078404,Molenschot,2016,4.181478521963311,0.07921367081962644,NA,NA,NA,NA,NA
WK078404,Molenschot,2018,4.218407123462772,0.11614227231908582,0.01273040764599315,0.09382043526439286,0.10884037735886348,-0.1524500821997425,0.053201134249578515
WK078404,Molenschot,2020,4.209471200325963,0.10720634918227705,0.014425693264583496,0.09242364092219973,0.0850736773023601,-0.143960255596203,0.05924359328933652
WK078404,Molenschot,2022,4.170730003880645,0.06846515273695945,0.007692915210411477,0.06584277641365999,0.0813929935066372,-0.15080019416230914,0.06433666176855964
WK078501,Wijk 01 Goirle-Centrum,2002,4.058070738783154,-0.04419411236053143,NA,NA,NA,NA,NA
WK078501,Wijk 01 Goirle-Centrum,2008,4.052316583099392,-0.04994826804429246,NA,NA,NA,NA,NA
WK078501,Wijk 01 Goirle-Centrum,2012,4.11038590034191,0.008121049198225096,NA,NA,NA,NA,NA
WK078501,Wijk 01 Goirle-Centrum,2014,4.079473226332458,-0.022791624811227665,0.004066870585476865,-0.012256791578783292,-0.010884939198461958,-0.004390052410873091,6.732877914135918e-4
WK078501,Wijk 01 Goirle-Centrum,2016,4.1086667106879915,0.00640185954430587,NA,NA,NA,NA,NA
WK078501,Wijk 01 Goirle-Centrum,2018,4.118060166083868,0.01579531494018289,0.0022392459784606757,0.00844417324290299,-0.004145303480837655,-0.005881254399273108,0.015138453598929805
WK078501,Wijk 01 Goirle-Centrum,2020,4.1527835222084875,0.050518671064802276,0.0071573074077975335,0.024190370410148206,-0.004305930513324653,0.01933973375379074,0.004137190006390155
WK078501,Wijk 01 Goirle-Centrum,2022,4.159397883402368,0.057133032258682645,0.015674642792598465,0.01661640652237942,-0.006334928939649569,0.00539551587820797,0.02578139600514602
WK078502,Wijk 02 Grobbendonck,2002,4.106924264194646,0.004659413050960964,NA,NA,NA,NA,NA
WK078502,Wijk 02 Grobbendonck,2008,4.129268027548054,0.027003176404369254,NA,NA,NA,NA,NA
WK078502,Wijk 02 Grobbendonck,2012,4.181819306222266,0.07955445507858058,NA,NA,NA,NA,NA
WK078502,Wijk 02 Grobbendonck,2014,4.155270916314431,0.05300606517074592,0.002731019363239952,0.024684566581843568,0.028640129153424655,-0.0110828223247363,0.008033172396973839
WK078502,Wijk 02 Grobbendonck,2016,4.189494005652923,0.08722915450923834,NA,NA,NA,NA,NA
WK078502,Wijk 02 Grobbendonck,2018,4.215799621109289,0.11353476996560355,0.004397595355427522,0.0678705746914132,0.03225255993765321,-0.011111493184879698,0.020125533165989012
WK078502,Wijk 02 Grobbendonck,2020,4.226967880633368,0.12470302948968263,0.006540165031253385,0.0659311110657786,0.0335869582804511,0.007567157832145857,0.01107763728005351
WK078502,Wijk 02 Grobbendonck,2022,4.236181741374759,0.13391689023107342,0.008811215808946877,0.05832333830401824,0.03391507241975566,0.0013466878008675913,0.031520575897484776
WK078503,Wijk 03 De Groote Akkers,2002,4.08807012777335,-0.014194723370334991,NA,NA,NA,NA,NA
WK078503,Wijk 03 De Groote Akkers,2008,4.095220308788515,-0.007044542355170201,NA,NA,NA,NA,NA
WK078503,Wijk 03 De Groote Akkers,2012,4.149947244670196,0.04768239352651038,NA,NA,NA,NA,NA
WK078503,Wijk 03 De Groote Akkers,2014,4.151325429271401,0.04906057812771509,-0.005449237705389302,0.04094910991169597,0.020198329670858474,-0.022400131167778347,0.015762507418327985
WK078503,Wijk 03 De Groote Akkers,2016,4.180635459757978,0.0783706086142928,NA,NA,NA,NA,NA
WK078503,Wijk 03 De Groote Akkers,2018,4.1750989075699945,0.07283405642630947,-0.0035939599800459314,0.06316528173995703,0.017068610140013235,-0.021053175235034794,0.017247299761419636
WK078503,Wijk 03 De Groote Akkers,2020,4.195390428129832,0.09312557698614676,-0.004109599935977475,0.07002576670305335,0.018777417051843298,-0.009633405021274735,0.01806539818850201
WK078503,Wijk 03 De Groote Akkers,2022,4.186436108417455,0.08417125727376974,-0.002481611665671001,0.05414388704469882,0.018107351186198155,-0.012036065355589712,0.026437696064133195
WK078504,Wijk 04 De Hoge Wal,2002,4.198675314121392,0.09641046297770584,NA,NA,NA,NA,NA
WK078504,Wijk 04 De Hoge Wal,2008,4.212001653445887,0.10973680230220144,NA,NA,NA,NA,NA
WK078504,Wijk 04 De Hoge Wal,2012,4.215035001621636,0.1127701504779504,NA,NA,NA,NA,NA
WK078504,Wijk 04 De Hoge Wal,2014,4.180518686105642,0.07825383496195615,0.00920232252046508,0.03746406158361312,0.05590892774744997,-0.018386793054148927,-0.005934683835423322
WK078504,Wijk 04 De Hoge Wal,2016,4.198127620043825,0.09586276890013992,NA,NA,NA,NA,NA
WK078504,Wijk 04 De Hoge Wal,2018,4.252355774379379,0.15009092323569434,0.015101421192753392,0.06754044272562225,0.05367227098158514,-0.018542156747263366,0.03231894508299678
WK078504,Wijk 04 De Hoge Wal,2020,4.272728426526766,0.17046357538308038,0.011370290169266781,0.08743881501852166,0.04857726856705316,-0.010317138399902946,0.03339434002814147
WK078504,Wijk 04 De Hoge Wal,2022,4.23143454076243,0.12916968961874484,0.01504130327762212,0.04518625970100363,0.0421338183740509,-0.009028549037385172,0.035836857303452985
WK078505,Wijk 05 Abcoven,2002,4.077051770219269,-0.025213080924416247,NA,NA,NA,NA,NA
WK078505,Wijk 05 Abcoven,2008,4.083152021516339,-0.019112829627346326,NA,NA,NA,NA,NA
WK078505,Wijk 05 Abcoven,2012,4.1332725477503915,0.031007696606706537,NA,NA,NA,NA,NA
WK078505,Wijk 05 Abcoven,2014,4.121163116423672,0.018898265279986306,-0.002782935023753292,0.025822955315602598,3.8658153210154375e-4,-0.012507235691502899,0.007978899147538064
WK078505,Wijk 05 Abcoven,2016,4.170983066693592,0.06871821554990652,NA,NA,NA,NA,NA
WK078505,Wijk 05 Abcoven,2018,4.140540295100613,0.038275443956927904,-0.0032498464133118316,0.02840801983361082,0.0020678763559754117,-0.01475877570289782,0.025808169883551033
WK078505,Wijk 05 Abcoven,2020,4.173465675956161,0.07120082481247522,-9.67622361818294e-4,0.05167877561710311,-0.0011542699216644347,0.0014074265639787223,0.020236514914875898
WK078505,Wijk 05 Abcoven,2022,4.18534176254119,0.08307691139750496,0.008934283884035464,0.0495502255392234,0.00311512623572476,-0.00898714110434188,0.030464416842862965
WK078506,Wijk 06 Wildackers,2002,4.039368146719211,-0.06289670442447488,NA,NA,NA,NA,NA
WK078506,Wijk 06 Wildackers,2008,4.057269908006671,-0.04499494313701375,NA,NA,NA,NA,NA
WK078506,Wijk 06 Wildackers,2012,4.101072861016797,-0.0011919901268891856,NA,NA,NA,NA,NA
WK078506,Wijk 06 Wildackers,2014,4.095703787916223,-0.006561063227462123,-0.019692507669732854,0.020096479901660122,-4.6524014614318524e-4,-0.024477590534594973,0.017977795221348507
WK078506,Wijk 06 Wildackers,2016,4.101603788148934,-6.610629947516418e-4,NA,NA,NA,NA,NA
WK078506,Wijk 06 Wildackers,2018,4.1065076549065065,0.004242803762821415,-0.021027498216629262,0.036993197006999816,0.0033349993259536395,-0.026373186279194268,0.011315291925691208
WK078506,Wijk 06 Wildackers,2020,4.136905541092346,0.034640689948660444,-0.0174104732532952,0.030011526317466147,0.005904827967933734,-0.006746711086315142,0.02288152000287064
WK078506,Wijk 06 Wildackers,2022,4.161125516616048,0.05886066547236312,-0.01517492860484704,0.05605370188742988,0.0075721819163945955,-0.020668571378738964,0.031078281652124402
WK078507,Wijk 07 't Ven,2002,4.143165724027657,0.040900872883971644,NA,NA,NA,NA,NA
WK078507,Wijk 07 't Ven,2008,4.123981690248393,0.021716839104708327,NA,NA,NA,NA,NA
WK078507,Wijk 07 't Ven,2012,4.162565162880508,0.06030031173682287,NA,NA,NA,NA,NA
WK078507,Wijk 07 't Ven,2014,4.179740983533132,0.07747613238944677,-0.002315232301407217,0.03837794243129366,0.036239878282484594,-0.00984640660711502,0.015019950584190516
WK078507,Wijk 07 't Ven,2016,4.192138247379996,0.08987339623631034,NA,NA,NA,NA,NA
WK078507,Wijk 07 't Ven,2018,4.22474220809849,0.12247735695480448,-0.003457424021234848,0.06806068513797849,0.039199783576528785,-0.011883604948645425,0.030557917210177126
WK078507,Wijk 07 't Ven,2020,4.226036345594087,0.12377149445040178,-6.920490195943469e-4,0.04812481381718183,0.042209703025561894,0.0067184646963189916,0.027410561930933088
WK078507,Wijk 07 't Ven,2022,4.254528261203197,0.15226341005951238,0.004917363639855426,0.06053586767100476,0.043593772863819616,0.0013466387664432772,0.04186976711838897
WK078508,Wijk 08 De Boschkens,2002,4.119902946897419,0.017638095753734102,NA,NA,NA,NA,NA
WK078508,Wijk 08 De Boschkens,2008,4.132018862032491,0.02975401088880638,NA,NA,NA,NA,NA
WK078508,Wijk 08 De Boschkens,2012,4.273128383483932,0.1708635323402474,NA,NA,NA,NA,NA
WK078508,Wijk 08 De Boschkens,2014,4.225365165841954,0.12310031469826929,-0.010784399396728957,0.06869780846151753,0.055301711363797856,-0.020010194763894564,0.029895389033577146
WK078508,Wijk 08 De Boschkens,2016,4.241989233506679,0.13972438236299384,NA,NA,NA,NA,NA
WK078508,Wijk 08 De Boschkens,2018,4.244243568660976,0.14197871751729105,-0.0024963936585572634,0.07939265734326423,0.06378085890338925,-0.02975495788484995,0.03105655281404455
WK078508,Wijk 08 De Boschkens,2020,4.2787655935304265,0.1765007423867411,0.0031821518638125335,0.09044264893342592,0.06484248001879875,-0.022568551391175484,0.040602012961879104
WK078508,Wijk 08 De Boschkens,2022,4.256759035813493,0.15449418466980813,0.008672267152117668,0.07367155722541426,0.05489579827520936,-0.0258740791675029,0.043128641184569445
WK078509,Wijk 09 De Hellen,2002,4.029566736989912,-0.07269811415377309,NA,NA,NA,NA,NA
WK078509,Wijk 09 De Hellen,2008,4.059804947861952,-0.04245990328173285,NA,NA,NA,NA,NA
WK078509,Wijk 09 De Hellen,2012,4.107695422814089,0.005430571670404615,NA,NA,NA,NA,NA
WK078509,Wijk 09 De Hellen,2014,4.098980802603209,-0.003284048540476347,-0.031140996900967704,0.0413254686614711,0.019899740841023993,-0.04017456952897548,0.006806308386971517
WK078509,Wijk 09 De Hellen,2016,4.155125326798464,0.052860475654778805,NA,NA,NA,NA,NA
WK078509,Wijk 09 De Hellen,2018,4.15834483638753,0.056079985243845366,-0.012930663136250006,0.07503084506823006,0.021238900570835925,-0.04188882010048416,0.01462972284151326
WK078509,Wijk 09 De Hellen,2020,4.174039168106075,0.07177431696239014,-8.451068547157168e-4,0.06810650660240958,0.019899616033293443,-0.02920841684724448,0.013821718028647055
WK078509,Wijk 09 De Hellen,2022,4.175297933025018,0.0730330818813322,0.0037541977178483193,0.060169377393788345,0.016662820068137223,-0.03376818559151636,0.02621487229307441
WK078510,Wijk 10 De Nieuwe Erven,2002,4.144402016960613,0.042137165816927294,NA,NA,NA,NA,NA
WK078510,Wijk 10 De Nieuwe Erven,2008,4.104624896261668,0.0023600451179821196,NA,NA,NA,NA,NA
WK078510,Wijk 10 De Nieuwe Erven,2012,4.13751425196157,0.03524940081788492,NA,NA,NA,NA,NA
WK078510,Wijk 10 De Nieuwe Erven,2014,4.101097801967355,-0.0011670491763305822,-0.0370974179122962,0.03871163952761963,0.03965820337352814,-0.06440535883808751,0.02196588467290505
WK078510,Wijk 10 De Nieuwe Erven,2016,4.202310751142352,0.10004589999866632,NA,NA,NA,NA,NA
WK078510,Wijk 10 De Nieuwe Erven,2018,4.179913870072965,0.07764901892928011,-0.01148093796129389,0.09266706330593658,0.03891744569377794,-0.06435117727798398,0.02189662516884306
WK078510,Wijk 10 De Nieuwe Erven,2020,4.177631287472741,0.07536643632905507,0.001302961726797839,0.0709574635085274,0.03384234078278963,-0.05398817942982705,0.023251849740766873
WK078510,Wijk 10 De Nieuwe Erven,2022,4.165111025088124,0.06284617394443934,0.0047459250374188855,0.059553970523461626,0.032129326330760787,-0.059432016901691295,0.025848968954489057
WK078511,Wijk 11 Hoogeind,2002,4.087598730115248,-0.014666121028437614,NA,NA,NA,NA,NA
WK078511,Wijk 11 Hoogeind,2008,4.099698545488428,-0.0025663056552574968,NA,NA,NA,NA,NA
WK078511,Wijk 11 Hoogeind,2012,4.116727733355058,0.014462882211372966,NA,NA,NA,NA,NA
WK078511,Wijk 11 Hoogeind,2014,4.110848329895096,0.008583478751410812,0.0038701575421973386,0.04096995513247557,-6.389723900073365e-4,-0.04044354264036158,0.0048258811071065395
WK078511,Wijk 11 Hoogeind,2016,4.137336459276896,0.035071608133210495,NA,NA,NA,NA,NA
WK078511,Wijk 11 Hoogeind,2018,4.129952439141398,0.027687587997712426,0.004179236352663394,0.059371541323501774,0.004821343189590614,-0.04319665353781632,0.002512120669772792
WK078511,Wijk 11 Hoogeind,2020,4.164570095596079,0.062305244452393396,0.009095421450501113,0.06344170609950386,0.005740500004976401,-0.02185781649576006,0.005885433393171807
WK078511,Wijk 11 Hoogeind,2022,4.139620891760161,0.03735604061647586,0.011496164563359416,0.04717857985909142,0.006934474310320651,-0.03601926078202687,0.007766082665730926
WK078513,Wijk 13 Bedrijventerrein Tijvoort,2002,4.001528004513145,-0.10073684663054085,NA,NA,NA,NA,NA
WK078513,Wijk 13 Bedrijventerrein Tijvoort,2008,4.074535153939511,-0.027729697204174203,NA,NA,NA,NA,NA
WK078513,Wijk 13 Bedrijventerrein Tijvoort,2012,4.082219768502707,-0.02004508264097843,NA,NA,NA,NA,NA
WK078513,Wijk 13 Bedrijventerrein Tijvoort,2014,4.033054349344426,-0.0692105017992592,-0.18251222782739265,0.02893009908513956,0.06917027330599629,-0.07093541645442701,0.0861367700914243
WK078513,Wijk 13 Bedrijventerrein Tijvoort,2016,3.9802986990254263,-0.12196615211825898,NA,NA,NA,NA,NA
WK078513,Wijk 13 Bedrijventerrein Tijvoort,2018,4.044202824170775,-0.058062026972910206,-0.18221609335702804,0.03938986489154738,0.06986732008289122,-0.06649631232618029,0.08139319373585918
WK078513,Wijk 13 Bedrijventerrein Tijvoort,2020,4.059570500467806,-0.04269435067587904,-0.19716711110414867,0.06626297736574989,0.05832971087224164,-0.05796152709031361,0.08784159928059156
WK078513,Wijk 13 Bedrijventerrein Tijvoort,2022,4.009048324497842,-0.09321652664584341,-0.19280810014897282,0.035087298808388956,0.048691467038596954,-0.06606136398026771,0.08187417163641093
WK078514,Wijk 14 Verspreide huizen Goirle,2002,4.254461829664973,0.15219697852128752,NA,NA,NA,NA,NA
WK078514,Wijk 14 Verspreide huizen Goirle,2008,4.247780317821941,0.1455154666782556,NA,NA,NA,NA,NA
WK078514,Wijk 14 Verspreide huizen Goirle,2012,4.22888223174927,0.12661738060558492,NA,NA,NA,NA,NA
WK078514,Wijk 14 Verspreide huizen Goirle,2014,4.179916389584302,0.07765153844061683,-0.04967014924058874,0.05794979433725631,0.08533964700955861,-0.09286690271682886,0.07689914905121915
WK078514,Wijk 14 Verspreide huizen Goirle,2016,4.186325037614782,0.08406018647109624,NA,NA,NA,NA,NA
WK078514,Wijk 14 Verspreide huizen Goirle,2018,4.20940021212022,0.10713536097653426,-0.04900599959235664,0.08993318512117124,0.07829177484424131,-0.07731211997198476,0.065228520575463
WK078514,Wijk 14 Verspreide huizen Goirle,2020,4.250934405016586,0.14866955387290012,-0.05231459810541629,0.10281792027298384,0.09533810789724417,-0.07707544742416574,0.07990357123225376
WK078514,Wijk 14 Verspreide huizen Goirle,2022,4.249634407889064,0.1473695567453795,-0.048100229298947604,0.09676167419963198,0.08580978799149708,-0.07278861501777795,0.08568693887097574
WK078520,Wijk 20 Riel,2002,4.129861629370391,0.0275967782267059,NA,NA,NA,NA,NA
WK078520,Wijk 20 Riel,2008,4.130841689441889,0.028576838298203587,NA,NA,NA,NA,NA
WK078520,Wijk 20 Riel,2012,4.160594069888919,0.05832921874523411,NA,NA,NA,NA,NA
WK078520,Wijk 20 Riel,2014,4.216077093249657,0.11381224210597214,0.004552754439220835,0.08411851864601583,0.05822783655275722,-0.08274257196174364,0.049655704429721635
WK078520,Wijk 20 Riel,2016,4.200287001134464,0.09802214999077895,NA,NA,NA,NA,NA
WK078520,Wijk 20 Riel,2018,4.224904794489967,0.12263994334628131,-0.003993354041413347,0.1078935116340075,0.06437379071160786,-0.09509938595623556,0.04946538099831465
WK078520,Wijk 20 Riel,2020,4.216011749521734,0.11374689837804898,-0.004241397081828324,0.09399432499290805,0.06049842366557424,-0.08756490363705423,0.05106045043844903
WK078520,Wijk 20 Riel,2022,4.223851480994986,0.12158662985130082,5.5188577023374e-4,0.10103705401265974,0.05502884633640226,-0.08763117745604658,0.05260002118805138
WK078521,Wijk 21 Bedrijventerrein Riel,2002,4.219868674192312,0.11760382304862667,NA,NA,NA,NA,NA
WK078521,Wijk 21 Bedrijventerrein Riel,2008,4.326331113059896,0.22406626191621062,NA,NA,NA,NA,NA
WK078521,Wijk 21 Bedrijventerrein Riel,2012,4.308159007775729,0.20589415663204366,NA,NA,NA,NA,NA
WK078521,Wijk 21 Bedrijventerrein Riel,2014,4.315698361276123,0.21343351013243797,-0.008412090370421696,0.11717994465736171,0.12626688147996956,-0.10085222093308949,0.07925099529861776
WK078521,Wijk 21 Bedrijventerrein Riel,2016,4.384448295588532,0.28218344444484755,NA,NA,NA,NA,NA
WK078521,Wijk 21 Bedrijventerrein Riel,2018,4.343340878443371,0.2410760272996854,-0.023266633785779582,0.129776932297171,0.15473417455210164,-0.11002743930573164,0.08985899354192366
WK078521,Wijk 21 Bedrijventerrein Riel,2020,4.275058884349358,0.17279403320567235,-0.017923372561299392,0.10229321105085465,0.11606449625917267,-0.107046365006155,0.07940606346309907
WK078521,Wijk 21 Bedrijventerrein Riel,2022,4.258266070045855,0.15600121890217034,-0.02105817970093056,0.10558637600177212,0.10100326287970904,-0.11539556410398225,0.08586532382560173
WK078523,Wijk 23 Verspriede huizen Riel,2002,4.3444101145458225,0.24214526340213682,NA,NA,NA,NA,NA
WK078523,Wijk 23 Verspriede huizen Riel,2008,4.24325436530954,0.14098951416585506,NA,NA,NA,NA,NA
WK078523,Wijk 23 Verspriede huizen Riel,2012,4.2328117189227195,0.1305468677790343,NA,NA,NA,NA,NA
WK078523,Wijk 23 Verspriede huizen Riel,2014,4.156397300125544,0.054132448981858976,-0.06383801449838515,0.0563882997201152,0.11329336475132269,-0.14368191422617288,0.09197071323497899
WK078523,Wijk 23 Verspriede huizen Riel,2016,4.169877900697319,0.06761304955363402,NA,NA,NA,NA,NA
WK078523,Wijk 23 Verspriede huizen Riel,2018,4.261931910716864,0.15966705957317945,-0.04653275576348145,0.1252429353353221,0.13303846461308946,-0.15111312754137668,0.0990315429296256
WK078523,Wijk 23 Verspriede huizen Riel,2020,4.238516908558871,0.13625205741518692,-0.047971550292786415,0.12084712056896023,0.1098833225517753,-0.1495929345241431,0.10308609911138052
WK078523,Wijk 23 Verspriede huizen Riel,2022,4.228948670148366,0.12668381900468084,-0.0380801810639243,0.11467064764314391,0.10353934305874492,-0.15520573545390143,0.10175974482061755
WK079410,Wijk 10 Binnenstad,2002,3.8231905974664486,-0.2790742536772365,NA,NA,NA,NA,NA
WK079410,Wijk 10 Binnenstad,2008,3.867299921655443,-0.23496492948824216,NA,NA,NA,NA,NA
WK079410,Wijk 10 Binnenstad,2012,3.9089995836505533,-0.19326526749313203,NA,NA,NA,NA,NA
WK079410,Wijk 10 Binnenstad,2014,3.8885058878260654,-0.2137589633176198,-0.04577420533675509,-0.12902092129358989,-0.04888639705252959,0.03997496129698399,-0.030052400931729503
WK079410,Wijk 10 Binnenstad,2016,3.8823693696491532,-0.219895481494532,NA,NA,NA,NA,NA
WK079410,Wijk 10 Binnenstad,2018,3.8965439450661314,-0.20572090607755408,-0.041139087154308904,-0.1353098905929971,-0.05247331082036156,0.048428660932349744,-0.025227278442236482
WK079410,Wijk 10 Binnenstad,2020,3.911959993263713,-0.1903048578799724,-0.034918951596576125,-0.1380909593560581,-0.050234120415175006,0.05990497018626221,-0.02696579669842563
WK079410,Wijk 10 Binnenstad,2022,3.9272483286949083,-0.1750165224487772,-0.02837175531194465,-0.11580413738828813,-0.0503232474439636,0.05133215200320263,-0.031849534307783735
WK079411,Wijk 11 Helmond-Oost,2002,3.836878881366665,-0.26538596977702034,NA,NA,NA,NA,NA
WK079411,Wijk 11 Helmond-Oost,2008,3.878599325560514,-0.22366552558317107,NA,NA,NA,NA,NA
WK079411,Wijk 11 Helmond-Oost,2012,3.8928327209700635,-0.20943213017362164,NA,NA,NA,NA,NA
WK079411,Wijk 11 Helmond-Oost,2014,3.863131182203701,-0.23913366893998392,-0.0267836506640573,-0.10367375052160008,-0.053266162619197796,-0.024548737903762764,-0.030861367231366246
WK079411,Wijk 11 Helmond-Oost,2016,3.8459961885932343,-0.25626866255045067,NA,NA,NA,NA,NA
WK079411,Wijk 11 Helmond-Oost,2018,3.859771315355787,-0.2424935357878979,-0.028555271456389603,-0.11558654918620233,-0.05046964661425545,-0.021585031768666593,-0.026297036762384166
WK079411,Wijk 11 Helmond-Oost,2020,3.857512238416777,-0.24475261272690846,-0.02853557346037462,-0.12740557618220685,-0.05139076904970463,-0.010069093961733827,-0.027351600072888796
WK079411,Wijk 11 Helmond-Oost,2022,3.8676929363384667,-0.23457191480521858,-0.0151915199789731,-0.11932647497975261,-0.048661957606996126,-0.02252912679783132,-0.028862835441665704
WK079412,Wijk 12 Helmond-Noord,2002,3.962676803183132,-0.13958804796055324,NA,NA,NA,NA,NA
WK079412,Wijk 12 Helmond-Noord,2008,3.96335718771274,-0.13890766343094546,NA,NA,NA,NA,NA
WK079412,Wijk 12 Helmond-Noord,2012,3.9862128775656465,-0.11605197357803863,NA,NA,NA,NA,NA
WK079412,Wijk 12 Helmond-Noord,2014,3.968935431690777,-0.13332941945290808,-0.007519490950510348,-0.03695383046725167,-0.02142956592211688,-0.03278561262766223,-0.03464091948536724
WK079412,Wijk 12 Helmond-Noord,2016,3.976012311275283,-0.1262525398684021,NA,NA,NA,NA,NA
WK079412,Wijk 12 Helmond-Noord,2018,3.9637316161402496,-0.13853323500343553,-0.006997049201858217,-0.044334179210788326,-0.022065457981176876,-0.02984196196192676,-0.03529458664768562
WK079412,Wijk 12 Helmond-Noord,2020,3.991143171906525,-0.11112167923715988,-2.3269358551585446e-4,-0.04410271624002664,-0.019305508850749227,-0.018263500214867463,-0.02921726034600097
WK079412,Wijk 12 Helmond-Noord,2022,3.980080284114046,-0.12218456702963906,0.0021737512770687393,-0.04891185365428096,-0.02640734181559762,-0.03215961826550953,-0.01687950457131997
WK079413,Wijk 13 't Hout,2002,4.0121397207598495,-0.09012513038383578,NA,NA,NA,NA,NA
WK079413,Wijk 13 't Hout,2008,4.02127062713565,-0.0809942240080353,NA,NA,NA,NA,NA
WK079413,Wijk 13 't Hout,2012,4.040780130877351,-0.06148472026633372,NA,NA,NA,NA,NA
WK079413,Wijk 13 't Hout,2014,4.050306361173777,-0.05195848996990816,-0.026945883151670652,0.01066781691749367,0.008204500130151553,-0.04581781005892536,0.001932886193042345
WK079413,Wijk 13 't Hout,2016,4.0676189291520055,-0.03464592199167949,NA,NA,NA,NA,NA
WK079413,Wijk 13 't Hout,2018,4.060839515339069,-0.0414253358046163,-0.026036951526104787,0.019217769063290823,0.005431956356803948,-0.04638880678679359,0.006350697088187021
WK079413,Wijk 13 't Hout,2020,4.0658007466439985,-0.03646410449968683,-0.0213389087352418,0.007392358193747751,0.0037355859681596814,-0.03461494632940143,0.00836180640304869
WK079413,Wijk 13 't Hout,2022,4.062925651639531,-0.03933919950415405,-0.020828066227939705,0.0070420609256134714,0.0063262538878940695,-0.043861559158173774,0.011982111068451621
WK079414,Wijk 14 Brouwhuis,2002,3.997845240242805,-0.10441961090088012,NA,NA,NA,NA,NA
WK079414,Wijk 14 Brouwhuis,2008,3.9689057808370727,-0.13335907030661254,NA,NA,NA,NA,NA
WK079414,Wijk 14 Brouwhuis,2012,4.006181159911025,-0.09608369123266047,NA,NA,NA,NA,NA
WK079414,Wijk 14 Brouwhuis,2014,3.952056409431585,-0.15020844171210052,-0.02439207003453684,-0.01717384503983044,0.0042032191860323555,-0.09335217692838736,-0.019493568895378517
WK079414,Wijk 14 Brouwhuis,2016,3.938097050117723,-0.16416780102596237,NA,NA,NA,NA,NA
WK079414,Wijk 14 Brouwhuis,2018,3.969671009845263,-0.13259384129842203,-0.018463789018140823,-1.3809415828672872e-5,-0.003611201931873049,-0.09194736758255512,-0.018557673350024593
WK079414,Wijk 14 Brouwhuis,2020,3.959959275535048,-0.14230557560863694,-0.019387535617916944,-0.030920433603599112,-0.008978084114518389,-0.07993774372571986,-0.0030817785468829333
WK079414,Wijk 14 Brouwhuis,2022,3.9791164790240625,-0.12314837211962297,-0.020207343062578674,-0.026529225592409778,0.00394253450131278,-0.08695528657019934,0.006600948604251769
WK079415,Wijk 15 Helmond-West,2002,3.83707342289732,-0.265191428246365,NA,NA,NA,NA,NA
WK079415,Wijk 15 Helmond-West,2008,3.8811943739748114,-0.2210704771688738,NA,NA,NA,NA,NA
WK079415,Wijk 15 Helmond-West,2012,3.899389721842513,-0.2028751293011727,NA,NA,NA,NA,NA
WK079415,Wijk 15 Helmond-West,2014,3.9146834068708354,-0.1875814442728499,-0.035961142188944806,-0.09075325167779999,-0.0362268407199873,0.0041504127972205465,-0.028790622483338666
WK079415,Wijk 15 Helmond-West,2016,3.92475938039911,-0.17750547074457515,NA,NA,NA,NA,NA
WK079415,Wijk 15 Helmond-West,2018,3.945268746413731,-0.15699610472995468,-0.0400388869611321,-0.06734015630880871,-0.03285873671250064,0.0016361963287343565,-0.018394521076247807
WK079415,Wijk 15 Helmond-West,2020,3.9515841752561927,-0.1506806758874928,-0.029942113283785137,-0.07705959876428953,-0.037474958696907125,0.011544657484430672,-0.017748662626941896
WK079415,Wijk 15 Helmond-West,2022,3.971448072545613,-0.13081677859807192,-0.02782473080231322,-0.06835019633831356,-0.030509187572190996,0.007590919831725807,-0.011723583716980294
WK079416,Wijk 16 Warande,2002,4.27809905254392,0.17583420140023587,NA,NA,NA,NA,NA
WK079416,Wijk 16 Warande,2008,4.268488006536686,0.16622315539300142,NA,NA,NA,NA,NA
WK079416,Wijk 16 Warande,2012,4.2800396654745185,0.17777481433083295,NA,NA,NA,NA,NA
WK079416,Wijk 16 Warande,2014,4.2663583764392845,0.16409352529559967,-0.012134523582564472,0.07505803075919334,0.06119996596000869,-0.0045328781550520525,0.04450293031401388
WK079416,Wijk 16 Warande,2016,4.242586815983997,0.14032196484031212,NA,NA,NA,NA,NA
WK079416,Wijk 16 Warande,2018,4.265586586778421,0.16332173563473606,-0.013839659986147893,0.07957317429825869,0.05808411438272366,-0.008159423459658175,0.04766353039955949
WK079416,Wijk 16 Warande,2020,4.26071955861103,0.15845470746734494,-0.007198911243548359,0.06922914960339525,0.04703011354624032,-0.0014064300145739364,0.05080078557583144
WK079416,Wijk 16 Warande,2022,4.247860590912167,0.145595739768482,-0.0056428738737237935,0.06353098719148838,0.05068231596707894,-0.011566070151097608,0.048591380634735816
WK079417,Wijk 17 Stiphout,2002,4.159001372070047,0.05673652092636198,NA,NA,NA,NA,NA
WK079417,Wijk 17 Stiphout,2008,4.18043587972212,0.07817102857843458,NA,NA,NA,NA,NA
WK079417,Wijk 17 Stiphout,2012,4.1979825415897825,0.09571769044609746,NA,NA,NA,NA,NA
WK079417,Wijk 17 Stiphout,2014,4.2317667898059055,0.12950193866222032,-0.003945407206737687,0.08187600052595334,0.058685722455612224,-0.06011508303667608,0.05300070592406825
WK079417,Wijk 17 Stiphout,2016,4.2181829771228285,0.11591812597914306,NA,NA,NA,NA,NA
WK079417,Wijk 17 Stiphout,2018,4.242678314438461,0.14041346329477583,-9.079070846989665e-4,0.09133959353584754,0.06073208461590505,-0.06404453837895675,0.053294230606678664
WK079417,Wijk 17 Stiphout,2020,4.2432860507720855,0.1410211996284002,0.006140689401629339,0.08197295944899821,0.049250434637097044,-0.04978381181408851,0.0534409279547639
WK079417,Wijk 17 Stiphout,2022,4.227292454468424,0.1250276033247392,0.010836569984491468,0.07098279544835862,0.053093870590747695,-0.0628267509671531,0.0529411182682942
WK079418,Wijk 18 Rijpelberg,2002,3.9284550569314622,-0.17380979421222273,NA,NA,NA,NA,NA
WK079418,Wijk 18 Rijpelberg,2008,3.968974082864946,-0.13329076827873915,NA,NA,NA,NA,NA
WK079418,Wijk 18 Rijpelberg,2012,4.007098869590693,-0.09516598155299259,NA,NA,NA,NA,NA
WK079418,Wijk 18 Rijpelberg,2014,3.930619239039262,-0.17164561210442336,-0.008037462018457545,-0.01788769732738591,-0.0024390805399730473,-0.08679399843396024,-0.05648737378464687
WK079418,Wijk 18 Rijpelberg,2016,3.9423807269736164,-0.15988412417006878,NA,NA,NA,NA,NA
WK079418,Wijk 18 Rijpelberg,2018,3.9451272039645,-0.1571376471791854,-0.007788242364132265,-0.014788441464031616,-0.0045717040271159,-0.0865146262395998,-0.043474633084306075
WK079418,Wijk 18 Rijpelberg,2020,3.9495922568170876,-0.15267259432659755,-0.009189345873243746,-0.02549221549373953,-0.006414227721935042,-0.07725506202331554,-0.03432174321436398
WK079418,Wijk 18 Rijpelberg,2022,3.95981027639766,-0.14245457474602516,5.020448449259e-4,-0.021594693084814817,-0.0056301655111087616,-0.08890542096788855,-0.026826340027139198
WK079419,Wijk 19 Dierdonk,2002,4.232269069486543,0.13000421834285789,NA,NA,NA,NA,NA
WK079419,Wijk 19 Dierdonk,2008,4.260084525268861,0.15781967412517647,NA,NA,NA,NA,NA
WK079419,Wijk 19 Dierdonk,2012,4.2379822304729124,0.13571737932922742,NA,NA,NA,NA,NA
WK079419,Wijk 19 Dierdonk,2014,4.204102730902664,0.10183787975897916,0.006024166434879826,0.07400961868133046,0.07416625853441873,-0.09564668975698426,0.043284525865334204
WK079419,Wijk 19 Dierdonk,2016,4.181988481420486,0.079723630276801,NA,NA,NA,NA,NA
WK079419,Wijk 19 Dierdonk,2018,4.2002783290429,0.09801347789921559,0.007513882839631273,0.06702985643236142,0.06983320198300819,-0.09153835703068872,0.04517489367490308
WK079419,Wijk 19 Dierdonk,2020,4.21834122443684,0.11607637329315526,0.007912347458516157,0.07094952295497606,0.07043959569538338,-0.07803511579135981,0.04481002297563921
WK079419,Wijk 19 Dierdonk,2022,4.197396351634629,0.0951315004909435,0.018390770906249004,0.05041740235548414,0.06931837744514875,-0.09010938989941517,0.047114339683476426
WK079421,Wijk 21 Brandevoort,2002,4.048531148629647,-0.05373370251403793,NA,NA,NA,NA,NA
WK079421,Wijk 21 Brandevoort,2008,4.164990365607187,0.0627255144635013,NA,NA,NA,NA,NA
WK079421,Wijk 21 Brandevoort,2012,4.140142215993897,0.03787736485021196,NA,NA,NA,NA,NA
WK079421,Wijk 21 Brandevoort,2014,4.124792626005968,0.02252777486228311,-0.03661433787657393,0.055069770813791614,0.04486859893832934,-0.0557827848383468,0.014986527825082604
WK079421,Wijk 21 Brandevoort,2016,4.141144913868856,0.038880062725170604,NA,NA,NA,NA,NA
WK079421,Wijk 21 Brandevoort,2018,4.137987346771378,0.035722495627692745,-0.024219258249536108,0.05087166804482262,0.03051598241226902,-0.050209491390507684,0.028763594810644638
WK079421,Wijk 21 Brandevoort,2020,4.149028272509802,0.046763421366116074,-0.02194404699028416,0.0462211805582038,0.028659147206286577,-0.03736624425763732,0.031193384849546816
WK079421,Wijk 21 Brandevoort,2022,4.1510120404215645,0.04874718927787963,-0.015764237126774786,0.04385551249995799,0.030739651718480095,-0.04723497775908644,0.03715123994530251
WK079429,Wijk 29 Industriegebied Zuid,2002,3.8939399607187117,-0.20832489042497332,NA,NA,NA,NA,NA
WK079429,Wijk 29 Industriegebied Zuid,2008,3.9994790879417814,-0.10278576320190387,NA,NA,NA,NA,NA
WK079429,Wijk 29 Industriegebied Zuid,2012,4.018787701479079,-0.08347714966460644,NA,NA,NA,NA,NA
WK079429,Wijk 29 Industriegebied Zuid,2014,4.050792829965765,-0.051472021177920234,-0.16140736466484393,-0.01491703677694662,0.11058203779993647,-0.05948185726747982,0.07375219973141334
WK079429,Wijk 29 Industriegebied Zuid,2016,4.02119679403502,-0.08106805710866573,NA,NA,NA,NA,NA
WK079429,Wijk 29 Industriegebied Zuid,2018,4.030864734119126,-0.07140011702455983,-0.1479378741396073,-0.03634954522170064,0.09180844047018645,-0.051037742408201844,0.07211660427476324
WK079429,Wijk 29 Industriegebied Zuid,2020,4.017698005605799,-0.08456684553788689,-0.1306602775204019,-0.04325829097136941,0.10128521409128907,-0.049291808261224174,0.03735831712381925
WK079429,Wijk 29 Industriegebied Zuid,2022,4.051344279080977,-0.050920572062707455,-0.14718780594024705,-0.0192515872613185,0.09758444096565774,-0.05036904924110174,0.06830342941430184
WK079601,Binnenstad,2002,4.08999721983447,-0.012267631309214839,NA,NA,NA,NA,NA
WK079601,Binnenstad,2008,4.15939250891054,0.05712765776685501,NA,NA,NA,NA,NA
WK079601,Binnenstad,2012,4.147770028211488,0.04550517706780285,NA,NA,NA,NA,NA
WK079601,Binnenstad,2014,4.137074834743099,0.03480998359941315,-0.008571628035005033,-0.11406414412113362,-0.04027969279600633,0.20787680338068024,-0.010151354829122383
WK079601,Binnenstad,2016,4.202943862321928,0.10067901117824211,NA,NA,NA,NA,NA
WK079601,Binnenstad,2018,4.188998689667213,0.08673383852352701,-0.01640886984148147,-0.1114871199018878,-0.041697894293255294,0.21950317878872988,0.0368245437714214
WK079601,Binnenstad,2020,4.214608608194619,0.11234375705093405,-0.0011776508180760183,-0.10309565207633042,-0.03470422799366141,0.21835740635850298,0.03296388158049867
WK079601,Binnenstad,2022,4.246372129455929,0.14410727831224307,-3.589192063955109e-5,-0.06777833853565327,-0.035126304179984455,0.21054841048473033,0.0364994024637897
WK079602,Zuidoost,2002,4.038632756586629,-0.06363209455705662,NA,NA,NA,NA,NA
WK079602,Zuidoost,2008,4.044287626990321,-0.057977224153364336,NA,NA,NA,NA,NA
WK079602,Zuidoost,2012,4.062695513463953,-0.03956933767973245,NA,NA,NA,NA,NA
WK079602,Zuidoost,2014,4.082242797626325,-0.02002205351736077,-0.01571127264448753,-0.046109146953907214,-0.023322556886891808,0.0976980728939225,-0.032577149925997036
WK079602,Zuidoost,2016,4.135431383682482,0.03316653253879628,NA,NA,NA,NA,NA
WK079602,Zuidoost,2018,4.112100409132894,0.009835557989208153,-0.012884778717288293,-0.02753032571495871,-0.0236176938257483,0.0919415500669276,-0.018073193819724397
WK079602,Zuidoost,2020,4.144987963085405,0.042723111941719794,-0.0030178755530123292,-0.019346503001261204,-0.026872251482776797,0.09622813666385517,-0.0042683946850853634
WK079602,Zuidoost,2022,4.114967998125276,0.012703146981590342,-0.0045091554611067074,-0.03857469082393592,-0.028942481766000484,0.08864603644883702,-0.0039165614162038325
WK079603,Graafsepoort,2002,3.9272515220708386,-0.17501332907284675,NA,NA,NA,NA,NA
WK079603,Graafsepoort,2008,3.9428389740911487,-0.15942587705253694,NA,NA,NA,NA,NA
WK079603,Graafsepoort,2012,3.9725889418616656,-0.12967590928201977,NA,NA,NA,NA,NA
WK079603,Graafsepoort,2014,3.9877873071353256,-0.11447754400835992,-0.02779672417600724,-0.061160795189875924,-0.03674099595098696,0.049479290273968184,-0.03825831896545825
WK079603,Graafsepoort,2016,3.985164329455896,-0.11710052168778959,NA,NA,NA,NA,NA
WK079603,Graafsepoort,2018,4.017861563216242,-0.08440328792744277,-0.02503756712211894,-0.045525852348029146,-0.03467992384790417,0.046477460889591746,-0.02563740549898256
WK079603,Graafsepoort,2020,4.058597561359883,-0.04366728978380227,-0.01793169058436648,-0.033997435063763404,-0.031947862681345855,0.05520568151839975,-0.014995982972726554
WK079603,Graafsepoort,2022,4.036860045678714,-0.06540480546497121,-0.01376063490334531,-0.05183604016409616,-0.036001594968332766,0.04733936294822244,-0.011145898377419701
WK079604,Muntel / Vliert,2002,3.913617590120505,-0.1886472610231806,NA,NA,NA,NA,NA
WK079604,Muntel / Vliert,2008,3.964383364910447,-0.13788148623323845,NA,NA,NA,NA,NA
WK079604,Muntel / Vliert,2012,3.987748531050407,-0.11451632009327813,NA,NA,NA,NA,NA
WK079604,Muntel / Vliert,2014,4.014570456071577,-0.08769439507210862,-0.03440493264679254,-0.09744588267702331,-0.044539283565666735,0.12342941531747338,-0.03473371150009972
WK079604,Muntel / Vliert,2016,4.076776680331892,-0.02548817081179318,NA,NA,NA,NA,NA
WK079604,Muntel / Vliert,2018,4.103381326208223,0.0011164750645372547,-0.03382353451453301,-0.0469340244196677,-0.03868796095623031,0.1247729454544985,-0.004210950499530524
WK079604,Muntel / Vliert,2020,4.116201999109399,0.013937147965713723,-0.025089146826035122,-0.0629778359198438,-0.03593106835027329,0.1341907874116396,0.0037444116502260917
WK079604,Muntel / Vliert,2022,4.123549902114477,0.021285050970792065,-0.020210590062548026,-0.043345659907547816,-0.040670285634426845,0.12398967726823998,0.0015219093070744998
WK079605,Rosmalen-Zuid,2002,4.106548402108589,0.004283550964903764,NA,NA,NA,NA,NA
WK079605,Rosmalen-Zuid,2008,4.119774471533007,0.017509620389321308,NA,NA,NA,NA,NA
WK079605,Rosmalen-Zuid,2012,4.157561096406726,0.05529624526304107,NA,NA,NA,NA,NA
WK079605,Rosmalen-Zuid,2014,4.205165955757055,0.1029011046133701,-0.0142621878456288,0.06083537096675095,0.04451806336519216,-0.014490563156248326,0.026300421283303805
WK079605,Rosmalen-Zuid,2016,4.223621464369483,0.12135661322579776,NA,NA,NA,NA,NA
WK079605,Rosmalen-Zuid,2018,4.251340090275185,0.14907523913149892,-0.003630953721868135,0.08766756664935747,0.040801461211549483,-0.012224236759891784,0.036461401752351616
WK079605,Rosmalen-Zuid,2020,4.270370218422057,0.16810536727837222,-0.0012918383501349076,0.09609111880482978,0.04196156312493802,-0.0033541112507517344,0.034698634949490846
WK079605,Rosmalen-Zuid,2022,4.2724969837252535,0.17023213258156875,0.00769897115735607,0.09576201499152795,0.04200118223468045,-0.01593989777840611,0.04070986197641011
WK079606,Rosmalen-Noord,2002,4.10844153644595,0.00617668530226481,NA,NA,NA,NA,NA
WK079606,Rosmalen-Noord,2008,4.127818524266162,0.025553673122476233,NA,NA,NA,NA,NA
WK079606,Rosmalen-Noord,2012,4.1330508342537895,0.03078598311010457,NA,NA,NA,NA,NA
WK079606,Rosmalen-Noord,2014,4.15642416236228,0.054159311218595026,-0.020456477180458482,0.029851462297203278,0.02820992385682302,0.001776865826645147,0.014777536418381783
WK079606,Rosmalen-Noord,2016,4.166006742278683,0.06374189113499797,NA,NA,NA,NA,NA
WK079606,Rosmalen-Noord,2018,4.176113992140481,0.07384914099679497,-0.017869519088608583,0.043575701679472265,0.026562592305034025,-0.003683952268207309,0.025264318369104286
WK079606,Rosmalen-Noord,2020,4.197231244776737,0.09496639363305184,-0.01369982027971337,0.05402611016423636,0.024842490601372627,0.0029311185347502423,0.0268664946124057
WK079606,Rosmalen-Noord,2022,4.197671980137671,0.09540712899398553,-0.007099900345438855,0.05023011462019933,0.03234458651076116,-0.009687020067663546,0.02961934827612715
WK079607,De Groote Wielen,2002,4.001917780494488,-0.10034707064919705,NA,NA,NA,NA,NA
WK079607,De Groote Wielen,2008,4.04384936052692,-0.05841549061676517,NA,NA,NA,NA,NA
WK079607,De Groote Wielen,2012,4.1705331405747135,0.06826828943102865,NA,NA,NA,NA,NA
WK079607,De Groote Wielen,2014,4.12910613746386,0.02684128632017458,-0.026135187085534705,0.04565104712412736,0.061993413270858146,-0.05957822984223392,0.004910242852957363
WK079607,De Groote Wielen,2016,4.130729550225967,0.028464699082281806,NA,NA,NA,NA,NA
WK079607,De Groote Wielen,2018,4.150773364930237,0.048508513786551806,-0.017022074287503363,0.06458957544328249,0.046786357393381016,-0.06441874473631128,0.01857339997370266
WK079607,De Groote Wielen,2020,4.141051147344213,0.03878629620052784,-0.021823275924395764,0.05298330151773338,0.04027460583704727,-0.05897421128284555,0.026325876052988226
WK079607,De Groote Wielen,2022,4.139844009870753,0.03757915872706824,-0.012109114034284177,0.037136293036806454,0.049536264589505705,-0.0636187625466392,0.02663447768167919
WK079608,Empel,2002,4.11293007794619,0.010665226802505758,NA,NA,NA,NA,NA
WK079608,Empel,2008,4.198569334834955,0.0963044836912705,NA,NA,NA,NA,NA
WK079608,Empel,2012,4.197522643548991,0.09525779240530614,NA,NA,NA,NA,NA
WK079608,Empel,2014,4.174728984539361,0.0724641333956753,-0.022806643039417457,0.06497716839999991,0.07468279012327766,-0.05764818668032766,0.01325900459214255
WK079608,Empel,2016,4.1783041583967915,0.07603930725310674,NA,NA,NA,NA,NA
WK079608,Empel,2018,4.198277404067528,0.09601255292384259,-0.01698144933241284,0.07088442760579439,0.065237117692169,-0.055948968210074994,0.03282142516836676
WK079608,Empel,2020,4.1935876014915285,0.09132275034784323,-0.013882792953711401,0.07364036744612024,0.05598325401527611,-0.044942718740262996,0.02052464058042099
WK079608,Empel,2022,4.169577627506607,0.06731277636292118,-0.014746771351463657,0.04028150705731067,0.05440475046548827,-0.0474664755728567,0.03483976576444236
WK079609,Noord,2002,3.7807706599355244,-0.32149419120816114,NA,NA,NA,NA,NA
WK079609,Noord,2008,3.810657610638527,-0.29160724050515857,NA,NA,NA,NA,NA
WK079609,Noord,2012,3.8377244357053044,-0.2645404154383813,NA,NA,NA,NA,NA
WK079609,Noord,2014,3.9558006010019726,-0.14646425014171233,-0.038274291933717224,-0.10187735289351024,-0.024918986635541655,0.037047178335787107,-0.01844079701473059
WK079609,Noord,2016,4.02037558972033,-0.08188926142335459,NA,NA,NA,NA,NA
WK079609,Noord,2018,4.0237265649062985,-0.07853828623738678,-0.036645825963455454,-0.05901036707217064,-0.024351511333666233,0.039982335556151306,0.0014870825757539812
WK079609,Noord,2020,4.02867856618075,-0.07358628496293532,-0.031117983982396243,-0.06227349411765806,-0.025720415772645604,0.048593144887042784,-0.0030675359772784692
WK079609,Noord,2022,4.0358119760177384,-0.0664528751259472,-0.035352516201153754,-0.049728848321324404,-0.024149407835624307,0.04217735502547892,6.00542206676073e-4
WK079610,Maaspoort,2002,3.9674885361870373,-0.13477631495664802,NA,NA,NA,NA,NA
WK079610,Maaspoort,2008,3.9817317065305735,-0.12053314461311176,NA,NA,NA,NA,NA
WK079610,Maaspoort,2012,3.9825521144999767,-0.11971273664370877,NA,NA,NA,NA,NA
WK079610,Maaspoort,2014,4.011213637300831,-0.09105121384285385,-0.025182516402479132,-0.027241485527753843,-0.0016848822225802053,-0.02188919038581186,-0.015053139304229073
WK079610,Maaspoort,2016,4.051011608358131,-0.05125324278555371,NA,NA,NA,NA,NA
WK079610,Maaspoort,2018,4.091966039982959,-0.010298811160725556,-0.022419007493492817,0.02398379277112999,-0.003600053400139639,-0.018925388528418845,0.010661845490195505
WK079610,Maaspoort,2020,4.089612308495449,-0.012652542648236113,-0.018919138330641662,0.023530083448309945,-0.008415778910296315,-0.011977690861728143,0.003129982006119773
WK079610,Maaspoort,2022,4.083004902931027,-0.01925994821265878,-0.02061071556004833,0.008239526663920811,-0.006000806982067432,-0.014754878077495396,0.013866925743031309
WK079611,West,2002,3.812650431493661,-0.28961441965002477,NA,NA,NA,NA,NA
WK079611,West,2008,3.8495632794220236,-0.25270157172166163,NA,NA,NA,NA,NA
WK079611,West,2012,3.845406136821509,-0.256858714322176,NA,NA,NA,NA,NA
WK079611,West,2014,3.938252447944785,-0.16401240319889987,-0.02929940292779359,-0.0984439621192565,-0.04153111951120641,0.05450879850334459,-0.04924671714398826
WK079611,West,2016,3.974834282865888,-0.12743056827779736,NA,NA,NA,NA,NA
WK079611,West,2018,3.9767997754399773,-0.12546507570370768,-0.03107925068455666,-0.07088829011166631,-0.037623272685329986,0.049751839996523585,-0.035626102218678596
WK079611,West,2020,4.00605421617586,-0.09621063496782471,-0.022276760513754407,-0.07586070847785593,-0.03454971481740792,0.06496575577614584,-0.028489206934952552
WK079611,West,2022,4.0046202428060615,-0.09764460833762376,-0.027703372428810852,-0.06496174502049788,-0.04011032663249223,0.06486220621006461,-0.029731370465887672
WK079612,Engelen,2002,4.072022171028964,-0.030242680114721587,NA,NA,NA,NA,NA
WK079612,Engelen,2008,4.137830591512677,0.03556574036899243,NA,NA,NA,NA,NA
WK079612,Engelen,2012,4.159669394907407,0.057404543763721574,NA,NA,NA,NA,NA
WK079612,Engelen,2014,4.187205870500428,0.08494101935674248,-0.014683912556082913,0.08519515845914083,0.06651538171941344,-0.08380067249696721,0.03171506423123808
WK079612,Engelen,2016,4.2592894786213416,0.15702462747765633,NA,NA,NA,NA,NA
WK079612,Engelen,2018,4.221101924957332,0.11883707381364646,-0.004477429240825507,0.10427338552303946,0.06031706181625901,-0.08355697431908461,0.042281030034257865
WK079612,Engelen,2020,4.2197347739301385,0.11746992278645339,-0.005924402427501693,0.09967662144858033,0.05184072145411985,-0.06994401399271424,0.04182099630396889
WK079612,Engelen,2022,4.196646451734325,0.09438160059063973,-0.017045972706174382,0.08954279381127256,0.049114666469331394,-0.07329928456127902,0.0460693975774889
WK079613,Nuland,2002,4.179076322615501,0.07681147147181541,NA,NA,NA,NA,NA
WK079613,Nuland,2008,4.137922248708053,0.035657397564367754,NA,NA,NA,NA,NA
WK079613,Nuland,2012,4.154733704522998,0.05246885337931287,NA,NA,NA,NA,NA
WK079613,Nuland,2014,4.149087018740434,0.046822167596748634,-0.014319991430159187,0.04260593726701508,0.073381281675134,-0.09503364813618012,0.04018858822093865
WK079613,Nuland,2016,4.2007900931149385,0.0985252419712532,NA,NA,NA,NA,NA
WK079613,Nuland,2018,4.203287047537976,0.10102219639429003,-0.00749230186668551,0.07565798545127292,0.082826259382911,-0.0847923075982061,0.034822561024997443
WK079613,Nuland,2020,4.179541673617093,0.07727682247340809,-0.010332401356577047,0.07070988201844321,0.059403593428115443,-0.07894774122154176,0.03644348960496794
WK079613,Nuland,2022,4.226455799283935,0.12419094814024964,0.004303114859411646,0.10349678508871804,0.05660980487006974,-0.07983138166770425,0.039612624989754174
WK079614,Vinkel,2002,4.205471050289631,0.1032061991459462,NA,NA,NA,NA,NA
WK079614,Vinkel,2008,4.192371268928122,0.09010641778443669,NA,NA,NA,NA,NA
WK079614,Vinkel,2012,4.137375479056937,0.03511062791325159,NA,NA,NA,NA,NA
WK079614,Vinkel,2014,4.133871268315925,0.03160641717223994,0.012948655547860276,0.03663087736862289,0.10941651351469167,-0.14719426024994997,0.019804630991014927
WK079614,Vinkel,2016,4.166024469184896,0.06375961804121114,NA,NA,NA,NA,NA
WK079614,Vinkel,2018,4.194639492422649,0.09237464127896329,0.007169657597901917,0.09391471136313592,0.10089251155910342,-0.13162164236763288,0.02201940312645463
WK079614,Vinkel,2020,4.184509364296087,0.08224451315240107,0.006459885520187976,0.07771249640581193,0.09322430926231985,-0.1247908332043555,0.029638655168436546
WK079614,Vinkel,2022,4.231033363573924,0.1287685124302384,0.007898279273866604,0.11757138643773524,0.09063131657701337,-0.1264503973609521,0.039117927502575006
WK079701,Wijk 01 Drunen,2002,4.124004921098468,0.02174006995478323,NA,NA,NA,NA,NA
WK079701,Wijk 01 Drunen,2008,4.120307038555541,0.01804218741185617,NA,NA,NA,NA,NA
WK079701,Wijk 01 Drunen,2012,4.1404318964577875,0.03816704531410187,NA,NA,NA,NA,NA
WK079701,Wijk 01 Drunen,2014,4.112083980611049,0.009819129467364629,-0.005607553512683187,0.022276929808941272,0.015831787799913066,-0.04039994098460543,0.017717906355798636
WK079701,Wijk 01 Drunen,2016,4.153585087420572,0.051320236276886776,NA,NA,NA,NA,NA
WK079701,Wijk 01 Drunen,2018,4.155734156323366,0.053469305179680224,-0.004406265970974644,0.043033799736097306,0.016783994238513355,-0.02283637551446276,0.020894152690506682
WK079701,Wijk 01 Drunen,2020,4.16725558711695,0.06499073597326453,-0.0013753966614273097,0.047829021819132345,0.017457848645006515,-0.021189186956797976,0.0222684491273507
WK079701,Wijk 01 Drunen,2022,4.161228611454212,0.05896376031052639,-5.287787582490831e-4,0.04633021636232,0.01624069093879806,-0.026613685100076404,0.023535316867733556
WK079702,Wijk 02 Elshout,2002,4.119632474594001,0.017367623450315738,NA,NA,NA,NA,NA
WK079702,Wijk 02 Elshout,2008,4.12359644084239,0.021331589698705262,NA,NA,NA,NA,NA
WK079702,Wijk 02 Elshout,2012,4.14103929343382,0.03877444229013458,NA,NA,NA,NA,NA
WK079702,Wijk 02 Elshout,2014,4.166729412019387,0.06446456087570175,-0.08260553463402114,0.10692804029625294,0.07280749414588003,-0.09955695268140878,0.06689151374899843
WK079702,Wijk 02 Elshout,2016,4.167582157242284,0.06531730609859901,NA,NA,NA,NA,NA
WK079702,Wijk 02 Elshout,2018,4.179616083330737,0.07735123218705138,-0.06461020715547038,0.09210125500479653,0.07109081290814344,-0.08234471194487909,0.061114083374460657
WK079702,Wijk 02 Elshout,2020,4.188904884146,0.0866400330023142,-0.06489499905428316,0.09502281801001271,0.06944317052895901,-0.07010952640800554,0.05717856992563081
WK079702,Wijk 02 Elshout,2022,4.15377680320837,0.05151195206468466,-0.06081690523750678,0.0756539256542962,0.060522900787908104,-0.07526777010158066,0.05141980096156751
WK079703,Wijk 03 Haarsteeg,2002,4.130185244870689,0.027920393727004045,NA,NA,NA,NA,NA
WK079703,Wijk 03 Haarsteeg,2008,4.119178433894223,0.016913582750537247,NA,NA,NA,NA,NA
WK079703,Wijk 03 Haarsteeg,2012,4.077237489220151,-0.025027361923534643,NA,NA,NA,NA,NA
WK079703,Wijk 03 Haarsteeg,2014,4.174798589353951,0.072533738210267,-0.046464328578801596,0.07091105777983793,0.08855435350588617,-0.10611401193559789,0.06564666743894214
WK079703,Wijk 03 Haarsteeg,2016,4.18428201428804,0.08201716314435432,NA,NA,NA,NA,NA
WK079703,Wijk 03 Haarsteeg,2018,4.211281390437594,0.109016539293909,-0.032471631745884015,0.09337290091917144,0.07825702237738906,-0.09958094420051791,0.06943919194375009
WK079703,Wijk 03 Haarsteeg,2020,4.215468410072223,0.11320355892853828,-0.03137050488069841,0.0887744600003844,0.07587487188263199,-0.09050687406268271,0.07043160598890269
WK079703,Wijk 03 Haarsteeg,2022,4.131726544393192,0.029461693249507166,-0.01940245219987619,0.026262329070345446,0.06745390689615857,-0.1068467391033208,0.06199464858619987
WK079704,Wijk 04 Nieuwkuijk,2002,4.092832530457413,-0.009432320686272328,NA,NA,NA,NA,NA
WK079704,Wijk 04 Nieuwkuijk,2008,4.128166530743243,0.025901679599558216,NA,NA,NA,NA,NA
WK079704,Wijk 04 Nieuwkuijk,2012,4.125628615686289,0.023363764542604647,NA,NA,NA,NA,NA
WK079704,Wijk 04 Nieuwkuijk,2014,4.158276803400358,0.05601195225667245,-0.026831797634707017,0.03533464680047263,0.046399774336305856,-0.043674807211721706,0.04478413596632245
WK079704,Wijk 04 Nieuwkuijk,2016,4.215869813820609,0.11360496267692359,NA,NA,NA,NA,NA
WK079704,Wijk 04 Nieuwkuijk,2018,4.23698698877598,0.1347221376322945,-0.023912780075983874,0.09727019561464154,0.044591187252555946,-0.033739657518169326,0.05051319235924995
WK079704,Wijk 04 Nieuwkuijk,2020,4.2107871189901624,0.10852226784647691,-0.02362430988301436,0.09304470604227671,0.046630771358255566,-0.054026920013482964,0.046498020342441666
WK079704,Wijk 04 Nieuwkuijk,2022,4.141324095391972,0.039059244248285954,-0.021950807989033247,0.03578112417533746,0.03869311346668738,-0.0644060205128651,0.05094183510815927
WK079705,Wijk 05 Vlijmen,2002,4.012755892471987,-0.0895089586716985,NA,NA,NA,NA,NA
WK079705,Wijk 05 Vlijmen,2008,4.047775561861454,-0.054489289282230895,NA,NA,NA,NA,NA
WK079705,Wijk 05 Vlijmen,2012,4.076607458984745,-0.025657392158939803,NA,NA,NA,NA,NA
WK079705,Wijk 05 Vlijmen,2014,4.089064773062104,-0.01320007808158144,-0.023332757029078433,0.016463620004270416,0.009253973139524412,-0.03403212059777013,0.018447206401472044
WK079705,Wijk 05 Vlijmen,2016,4.132380211075204,0.030115359931518194,NA,NA,NA,NA,NA
WK079705,Wijk 05 Vlijmen,2018,4.109469424915103,0.007204573771417573,-0.01978438556130682,0.029194288049050394,0.010380745599665042,-0.03171963849300526,0.019133564177013958
WK079705,Wijk 05 Vlijmen,2020,4.137701820383022,0.0354369692393361,-0.014910102843245707,0.04590133316354217,0.011615388572312403,-0.030701271851862447,0.023531622198589393
WK079705,Wijk 05 Vlijmen,2022,4.112358755387259,0.010093904243573643,-0.010192749366092671,0.022362782717584333,0.008952991757181587,-0.031739840642619546,0.020710719777519645
WK079706,Wijk 06 Doeveren,2022,4.199749628463182,0.09748477731949608,-0.016043091217200153,0.0802448520363166,0.09717795017297443,-0.16201144501857664,0.09811651134598179
WK079707,Wijk 07 Hedikthuizen,2022,4.181388958282282,0.07912410713859662,-0.015501259804790755,0.06834787409421833,0.11500090753385532,-0.18072437012952244,0.09200095544483579
WK079708,Wijk 08 Heesbeen,2022,4.1677176069722375,0.06545275582855233,-0.1072457297254293,0.05975307306498513,0.12334863264543029,-0.11218999376716184,0.10178677361072748
WK079709,Wijk 09 Herpt,2022,4.109544108811085,0.007279257667400448,-0.024343745381174335,0.04033293041236438,0.05905678266780322,-0.13868165543058344,0.0709149453989903
WK079710,Wijk 10 Heusden,2002,3.9991940395216354,-0.10307081162204969,NA,NA,NA,NA,NA
WK079710,Wijk 10 Heusden,2008,4.06103022060051,-0.0412346305431757,NA,NA,NA,NA,NA
WK079710,Wijk 10 Heusden,2012,4.030151123287077,-0.07211372785660854,NA,NA,NA,NA,NA
WK079710,Wijk 10 Heusden,2014,4.114125866010002,0.011861014866317245,0.04002386896485783,0.004730310936272484,-0.006993700901038549,-0.06866771724971986,0.04276825311594502
WK079710,Wijk 10 Heusden,2016,4.148315482034585,0.046050630890899946,NA,NA,NA,NA,NA
WK079710,Wijk 10 Heusden,2018,4.163940005732068,0.06167515458838339,0.03610240683491129,0.036994558529243625,-0.00955914705253565,-0.054237405200232,0.052374741476995924
WK079710,Wijk 10 Heusden,2020,4.186576473771257,0.084311622627572,0.043009525127217424,0.054320963540336685,-0.0011438607989126541,-0.052414688713828296,0.04053968347275862
WK079710,Wijk 10 Heusden,2022,4.0925908642920605,-0.009673986851625224,0.04358612868727319,-0.03149451881165715,-0.012554221191282274,-0.05648942442884386,0.047278048892884644
WK079711,Wijk 11 Oudheusden,2022,3.925289599991817,-0.17697525115186796,-0.006772118693089434,-0.03210704803234441,-0.00482147704658721,-0.09403166341698473,-0.039242943962862466
WK079800,Wijk 00 Hilvarenbeek,2002,4.1912509661709825,0.08898611502729774,NA,NA,NA,NA,NA
WK079800,Wijk 00 Hilvarenbeek,2008,4.188047995585212,0.08578314444152645,NA,NA,NA,NA,NA
WK079800,Wijk 00 Hilvarenbeek,2012,4.217456378956636,0.11519152781295071,NA,NA,NA,NA,NA
WK079800,Wijk 00 Hilvarenbeek,2014,4.178593980115348,0.07632912897166291,-0.0037304152695391266,0.05065040039509039,0.044041402527282204,-0.057951377642302605,0.04331911896113181
WK079800,Wijk 00 Hilvarenbeek,2016,4.1639778764173325,0.06171302527364732,NA,NA,NA,NA,NA
WK079800,Wijk 00 Hilvarenbeek,2018,4.205966704766638,0.10370185362295364,0.003389571492491878,0.06667849027777138,0.04061622839156992,-0.05105475232823009,0.0440723157893503
WK079800,Wijk 00 Hilvarenbeek,2020,4.215058622335572,0.11279377119188727,3.1194207600185125e-4,0.0779384547480771,0.03884245311732044,-0.04946242242393905,0.04516334367442663
WK079800,Wijk 00 Hilvarenbeek,2022,4.229705673654338,0.12744082251065175,0.0021100199920129218,0.09031331962380454,0.04376252166074395,-0.05343230877002539,0.04468727000411549
WK079801,Wijk 01 Esbeek,2002,4.2088364351505785,0.10657158400689279,NA,NA,NA,NA,NA
WK079801,Wijk 01 Esbeek,2008,4.201128120573964,0.09886326943027897,NA,NA,NA,NA,NA
WK079801,Wijk 01 Esbeek,2012,4.230500585946425,0.12823573480273948,NA,NA,NA,NA,NA
WK079801,Wijk 01 Esbeek,2014,4.166294038949532,0.06402918780584692,-0.016884626758697337,0.09101300687693406,0.08324135376167875,-0.159965916714936,0.06662537064086727
WK079801,Wijk 01 Esbeek,2016,4.218277792045454,0.1160129409017691,NA,NA,NA,NA,NA
WK079801,Wijk 01 Esbeek,2018,4.215492338164337,0.11322748702065216,-4.16043062686217e-4,0.10758911532237682,0.09254555834167666,-0.1516996019839276,0.06520845840321221
WK079801,Wijk 01 Esbeek,2020,4.221284922412069,0.11902007126838358,-0.003983155264330114,0.11489560899055754,0.08886498075522255,-0.14831331912526594,0.06755595591219925
WK079801,Wijk 01 Esbeek,2022,4.205778988780041,0.10351413763635657,3.010728230535013e-4,0.11013124316341373,0.07470706735521097,-0.1499020203133118,0.06827677460798975
WK079802,Wijk 02 Biest-Houtakker,2002,4.1924179799215615,0.09015312877787637,NA,NA,NA,NA,NA
WK079802,Wijk 02 Biest-Houtakker,2008,4.201517081877528,0.09925223073384253,NA,NA,NA,NA,NA
WK079802,Wijk 02 Biest-Houtakker,2012,4.200785711894364,0.09852086075067858,NA,NA,NA,NA,NA
WK079802,Wijk 02 Biest-Houtakker,2014,4.186405143445668,0.08414029230198353,-0.029680378397080685,0.08281881839133272,0.10747214112060666,-0.13466084343166027,0.058190554618784786
WK079802,Wijk 02 Biest-Houtakker,2016,4.1827792316016055,0.08051438045792049,NA,NA,NA,NA,NA
WK079802,Wijk 02 Biest-Houtakker,2018,4.192847481680865,0.09058263053717992,-0.011956887843314237,0.07488285991111769,0.10124867135403919,-0.1198276203485772,0.04623560746391426
WK079802,Wijk 02 Biest-Houtakker,2020,4.2175326505229895,0.11526779937930416,-0.016674304234327718,0.09708931216627535,0.09076225780260883,-0.11242173910616787,0.056512272750915415
WK079802,Wijk 02 Biest-Houtakker,2022,4.220173502011981,0.11790865086829594,-0.011417410462872831,0.10398188288473861,0.08111988704617382,-0.11763662771080964,0.061860919111065664
WK079803,Wijk 03 Diessen,2002,4.094560894952099,-0.007703956191586632,NA,NA,NA,NA,NA
WK079803,Wijk 03 Diessen,2008,4.0976245984584345,-0.004640252685250288,NA,NA,NA,NA,NA
WK079803,Wijk 03 Diessen,2012,4.120263183151115,0.017998332007430028,NA,NA,NA,NA,NA
WK079803,Wijk 03 Diessen,2014,4.167285777996277,0.06502092685259175,-0.013111979454033258,0.07722183743665809,0.08218899624457217,-0.1367195274920219,0.05544160011741643
WK079803,Wijk 03 Diessen,2016,4.059169459017326,-0.043095392126359475,NA,NA,NA,NA,NA
WK079803,Wijk 03 Diessen,2018,4.180168057474404,0.07790320633071846,-0.0031160011280684584,0.0912106778137637,0.0770078339559786,-0.13938014337394503,0.052180839062989356
WK079803,Wijk 03 Diessen,2020,4.176006847162991,0.07374199601930602,-0.003920406562402303,0.09232567334240928,0.07254202505186731,-0.1356386798901747,0.048433384077606105
WK079803,Wijk 03 Diessen,2022,4.192944694988718,0.09067984384503262,-0.003139529791446114,0.1113122611840618,0.06204888271490384,-0.13095234034860084,0.051410570086113695
WK079804,Wijk 04 Haghorst,2002,4.133763291043826,0.03149843990014093,NA,NA,NA,NA,NA
WK079804,Wijk 04 Haghorst,2008,4.140280200419285,0.038015349275600525,NA,NA,NA,NA,NA
WK079804,Wijk 04 Haghorst,2012,4.14721365759501,0.044948806451324395,NA,NA,NA,NA,NA
WK079804,Wijk 04 Haghorst,2014,4.122710140108558,0.020445288964873378,-0.04638686673113961,0.07561061377576025,0.1259603848710813,-0.20407308845904346,0.06933424550821465
WK079804,Wijk 04 Haghorst,2016,4.0546528936511965,-0.047611957492488574,NA,NA,NA,NA,NA
WK079804,Wijk 04 Haghorst,2018,4.149118038290973,0.046853187147287784,-0.030409711074512836,0.08884844866797846,0.11818174942760733,-0.20024783609909097,0.07048053622530562
WK079804,Wijk 04 Haghorst,2020,4.118417940064729,0.016153088921044317,-0.038536140383490264,0.08953292514676876,0.09961807838955644,-0.1977951763091708,0.06333340207737989
WK079804,Wijk 04 Haghorst,2022,4.163111550748612,0.06084669960492665,-0.022544878787100396,0.11426357813880489,0.0921746066663158,-0.1935570810372451,0.07051047462415123
WK080910,Wijk 10 Kaatsheuvel-West,2002,4.049154598384338,-0.053110252759346596,NA,NA,NA,NA,NA
WK080910,Wijk 10 Kaatsheuvel-West,2008,4.037256271230067,-0.06500857991361844,NA,NA,NA,NA,NA
WK080910,Wijk 10 Kaatsheuvel-West,2012,4.040901720895964,-0.0613631302477208,NA,NA,NA,NA,NA
WK080910,Wijk 10 Kaatsheuvel-West,2014,4.046970289018958,-0.055294562124726734,-0.005218456894600589,0.010682510013732821,0.015404199331666552,-0.08014566148896744,0.003982846913441645
WK080910,Wijk 10 Kaatsheuvel-West,2016,4.093450003297866,-0.008814847845819094,NA,NA,NA,NA,NA
WK080910,Wijk 10 Kaatsheuvel-West,2018,4.09859076870446,-0.0036740824392254667,-0.008283883494146925,0.021510964187663306,0.011708404829427031,-0.049859111663972965,0.021249543701803795
WK080910,Wijk 10 Kaatsheuvel-West,2020,4.104958635807477,0.0026937846637919184,-0.005814319203256389,0.033695588590253886,0.009022931147600825,-0.047970251431788784,0.013759835560982116
WK080910,Wijk 10 Kaatsheuvel-West,2022,4.091364217314992,-0.010900633828692573,-6.323384064524763e-4,0.030551921748773365,0.006729248898679989,-0.06903159016141777,0.021482124091724047
WK080920,Wijk 20 Kaatsheuvel-Oost,2002,4.1107648058856725,0.008499954741987075,NA,NA,NA,NA,NA
WK080920,Wijk 20 Kaatsheuvel-Oost,2008,4.093988849735096,-0.008276001408589069,NA,NA,NA,NA,NA
WK080920,Wijk 20 Kaatsheuvel-Oost,2012,4.097819902771373,-0.004444948372313309,NA,NA,NA,NA,NA
WK080920,Wijk 20 Kaatsheuvel-Oost,2014,4.121690678485658,0.019425827341973238,0.0017428003931979814,0.00964668614821978,0.013402990793202573,-0.03269150642787209,0.027324856435224698
WK080920,Wijk 20 Kaatsheuvel-Oost,2016,4.16410879041027,0.06184393926658477,NA,NA,NA,NA,NA
WK080920,Wijk 20 Kaatsheuvel-Oost,2018,4.1403832969642,0.03811844582051456,-4.322070744795397e-4,0.01745434366229694,0.012269127944902746,-0.016301955819742583,0.02512913710753674
WK080920,Wijk 20 Kaatsheuvel-Oost,2020,4.164812293955968,0.0625474428122825,0.0030779869030357764,0.03374247808424832,0.009148753989758784,-0.00831873495807556,0.02489695879331489
WK080920,Wijk 20 Kaatsheuvel-Oost,2022,4.133749318076451,0.03148446693276677,0.011110638807070495,0.026106960128669,0.007617131051405869,-0.03588026294917559,0.02252999989479675
WK080930,Wijk 30 Loon op Zand,2002,4.092142724335462,-0.010122126808223516,NA,NA,NA,NA,NA
WK080930,Wijk 30 Loon op Zand,2008,4.094679236415399,-0.0075856147282855405,NA,NA,NA,NA,NA
WK080930,Wijk 30 Loon op Zand,2012,4.091019952149103,-0.011244898994582697,NA,NA,NA,NA,NA
WK080930,Wijk 30 Loon op Zand,2014,4.106166058850692,0.003901207707007007,0.004347771458504124,0.02093060075017509,0.025742982118464205,-0.07564451166047993,0.02852436504034328
WK080930,Wijk 30 Loon op Zand,2016,4.173715646572761,0.0714507954290763,NA,NA,NA,NA,NA
WK080930,Wijk 30 Loon op Zand,2018,4.13560204713303,0.033337195989344884,0.0017314328046418082,0.060856797012561775,0.02536718994144452,-0.08113558932947026,0.02651736556016676
WK080930,Wijk 30 Loon op Zand,2020,4.150327282284148,0.048062431140462956,0.004579231551948023,0.06304771946788072,0.024432559620973637,-0.06367175042642538,0.01967467092608568
WK080930,Wijk 30 Loon op Zand,2022,4.138541664678014,0.03627681353432909,0.007670371598527381,0.053902745886970124,0.021671944977624612,-0.07132617406677283,0.02435792513797951
WK080940,Wijk 40 De Moer,2002,4.104705896639435,0.002441045495749663,NA,NA,NA,NA,NA
WK080940,Wijk 40 De Moer,2008,4.11497612940457,0.01271127826088486,NA,NA,NA,NA,NA
WK080940,Wijk 40 De Moer,2012,4.124821265922732,0.022556414779046016,NA,NA,NA,NA,NA
WK080940,Wijk 40 De Moer,2014,4.129509873195701,0.027245022052016364,-0.018997476370310455,0.0650982117338136,0.101601959268067,-0.1737172705537824,0.05325959797422827
WK080940,Wijk 40 De Moer,2016,4.200557804341125,0.09829295319744008,NA,NA,NA,NA,NA
WK080940,Wijk 40 De Moer,2018,4.165121261619626,0.06285641047594029,-0.017054087000937978,0.09659115323805277,0.09704200946677699,-0.1599083738568287,0.046185708628876956
WK080940,Wijk 40 De Moer,2020,4.18104819829859,0.0787833471549041,-0.014446374456425467,0.10243158894389576,0.0868578222574296,-0.155203156077316,0.059143466487319954
WK080940,Wijk 40 De Moer,2022,4.152136019134342,0.049871167990656266,-0.012025340101306011,0.09119167052226448,0.08792730252989697,-0.16675864844038987,0.049536183480190454
WK082000,Wijk 00 Nuenen,2002,4.140962845136419,0.038697993992733375,NA,NA,NA,NA,NA
WK082000,Wijk 00 Nuenen,2008,4.130777022232844,0.028512171089159023,NA,NA,NA,NA,NA
WK082000,Wijk 00 Nuenen,2012,4.146147647949285,0.04388279680560026,NA,NA,NA,NA,NA
WK082000,Wijk 00 Nuenen,2014,4.1851089980533684,0.08284414690968299,-0.010062383492162319,0.06886277799307668,0.035436849709025,-0.04224868020489122,0.030855582904634568
WK082000,Wijk 00 Nuenen,2016,4.204580519841195,0.10231566869750995,NA,NA,NA,NA,NA
WK082000,Wijk 00 Nuenen,2018,4.209035666814719,0.10677081567103343,-0.0035161896127154754,0.08190063471672021,0.037719370750935476,-0.04530034736392582,0.03596734718001878
WK082000,Wijk 00 Nuenen,2020,4.221427812077715,0.11916296093402898,9.048830813718727e-4,0.08165540507462625,0.0359693599100023,-0.034845988762724246,0.03547930163075254
WK082000,Wijk 00 Nuenen,2022,4.232622062694073,0.1303572115503881,-0.0029517542008132462,0.08878274733321954,0.035395716631948904,-0.027197749970820403,0.03632825175685301
WK082001,Wijk 01 Gerwen,2002,4.167363188273639,0.06509833712995375,NA,NA,NA,NA,NA
WK082001,Wijk 01 Gerwen,2008,4.163973875798801,0.06170902465511535,NA,NA,NA,NA,NA
WK082001,Wijk 01 Gerwen,2012,4.178647650507147,0.07638279936346153,NA,NA,NA,NA,NA
WK082001,Wijk 01 Gerwen,2014,4.221562555548989,0.11929770440530342,-0.005201377325217976,0.11016533797588053,0.06943910241031956,-0.10394089259654037,0.048835533940861466
WK082001,Wijk 01 Gerwen,2016,4.194919963364526,0.09265511222084132,NA,NA,NA,NA,NA
WK082001,Wijk 01 Gerwen,2018,4.207179736963722,0.10491488582003727,-0.0024944593114065937,0.09396041558548168,0.06850337395359098,-0.10451315299425103,0.049458708586621894
WK082001,Wijk 01 Gerwen,2020,4.233136045192638,0.13087119404895256,0.0015607889111540366,0.10515079983355317,0.06605724251434757,-0.09039259440002954,0.04849495718992708
WK082001,Wijk 01 Gerwen,2022,4.236444278642251,0.13417942749856596,0.0030979896757937276,0.11373865801314668,0.06271717746281473,-0.09365762803729613,0.04828323038410666
WK082002,Wijk 02 Nederwetten,2002,4.171434623939975,0.06916977279628893,NA,NA,NA,NA,NA
WK082002,Wijk 02 Nederwetten,2008,4.187457104044035,0.08519225290034972,NA,NA,NA,NA,NA
WK082002,Wijk 02 Nederwetten,2012,4.202246588138406,0.09998173699472097,NA,NA,NA,NA,NA
WK082002,Wijk 02 Nederwetten,2014,4.222806616499399,0.12054176535571433,-0.016133857103097893,0.10892099937952131,0.08047349561042949,-0.10836886732718026,0.055649994796041526
WK082002,Wijk 02 Nederwetten,2016,4.199219613293644,0.09695476214995828,NA,NA,NA,NA,NA
WK082002,Wijk 02 Nederwetten,2018,4.236171424433192,0.13390657328950736,-0.005744402443602369,0.10442822855960296,0.08597530254191067,-0.10612724695679507,0.055374691588390944
WK082002,Wijk 02 Nederwetten,2020,4.241332595430421,0.13906774428673535,-0.0066315463438002716,0.11355015527014692,0.0747872322645974,-0.09958127446997694,0.05694317756576808
WK082002,Wijk 02 Nederwetten,2022,4.252547316944301,0.15028246580061544,-0.0037330280718459587,0.12062040389197186,0.07067297841434034,-0.09808407281199168,0.060806184378140664
WK082300,Wijk 00 Oirschot,2002,4.106082769456375,0.0038179183126894195,NA,NA,NA,NA,NA
WK082300,Wijk 00 Oirschot,2008,4.122916266251208,0.02065141510752261,NA,NA,NA,NA,NA
WK082300,Wijk 00 Oirschot,2012,4.159592937555631,0.0573280864119465,NA,NA,NA,NA,NA
WK082300,Wijk 00 Oirschot,2014,4.161447306804463,0.05918245566077709,-0.02421962531454068,0.042395522820557516,0.053575738609685224,-0.054377066045648105,0.04180788559072287
WK082300,Wijk 00 Oirschot,2016,4.198533388645229,0.09626853750154367,NA,NA,NA,NA,NA
WK082300,Wijk 00 Oirschot,2018,4.185478635067041,0.083213783923356,-0.014991667535634905,0.06545279493382403,0.04994578648802987,-0.05917202219682373,0.04197889223396047
WK082300,Wijk 00 Oirschot,2020,4.1999192194691775,0.0976543683254919,-0.011795584473661844,0.07587352180521169,0.04766845891984017,-0.05712647177470504,0.04303444384880664
WK082300,Wijk 00 Oirschot,2022,4.218046763460499,0.11578191231681337,-0.008884958008386623,0.09311588027716484,0.04480408138691264,-0.056473303563327366,0.04322021222444959
WK082301,Wijk 01 Spoordonk,2002,4.178077059350976,0.07581220820729054,NA,NA,NA,NA,NA
WK082301,Wijk 01 Spoordonk,2008,4.184568376834687,0.0823035256910018,NA,NA,NA,NA,NA
WK082301,Wijk 01 Spoordonk,2012,4.208627515187822,0.10636266404413655,NA,NA,NA,NA,NA
WK082301,Wijk 01 Spoordonk,2014,4.186278883386415,0.08401403224272988,-0.03988907204431052,0.08204902049069923,0.1204285996523868,-0.14093608731890778,0.06236157146286177
WK082301,Wijk 01 Spoordonk,2016,4.194568680935543,0.09230382979185754,NA,NA,NA,NA,NA
WK082301,Wijk 01 Spoordonk,2018,4.1798202132296645,0.077555362085979,-0.02005396089964234,0.09159291597944966,0.11674755293188908,-0.156257681878394,0.04552653595267634
WK082301,Wijk 01 Spoordonk,2020,4.173446054454847,0.07118120331116186,-0.022929074953931566,0.10121423067470996,0.10321975783116946,-0.1485963445642654,0.038272634323479174
WK082301,Wijk 01 Spoordonk,2022,4.181669222590038,0.07940437144635319,-0.02056320466161398,0.1195489981805548,0.10017556570438546,-0.1614144978779918,0.04165751010101849
WK082302,Wijk 02 Middelbeers en Westelbeers,2002,4.065375810871435,-0.03688904027225004,NA,NA,NA,NA,NA
WK082302,Wijk 02 Middelbeers en Westelbeers,2008,4.094375573296676,-0.007889277847009317,NA,NA,NA,NA,NA
WK082302,Wijk 02 Middelbeers en Westelbeers,2012,4.098026596441456,-0.004238254702228814,NA,NA,NA,NA,NA
WK082302,Wijk 02 Middelbeers en Westelbeers,2014,4.118045383724048,0.015780532580361932,-0.006496779121340087,0.07285608795810111,0.08261585829941234,-0.1803567941713061,0.047162159615494414
WK082302,Wijk 02 Middelbeers en Westelbeers,2016,4.147364511245956,0.04509966010227109,NA,NA,NA,NA,NA
WK082302,Wijk 02 Middelbeers en Westelbeers,2018,4.143007410226607,0.04074255908292215,0.0029076257111085298,0.09113582712948731,0.07977214879294756,-0.18148669273853446,0.048413650187913014
WK082302,Wijk 02 Middelbeers en Westelbeers,2020,4.1577521245562155,0.05548727341253002,0.0036783874891209416,0.10060657034876327,0.07250762249040149,-0.171598321421089,0.050293014505333036
WK082302,Wijk 02 Middelbeers en Westelbeers,2022,4.168006979119438,0.06574212797575252,0.00824671631324393,0.11908610526014479,0.07251721860092429,-0.19043813975217416,0.056330227553613436
WK082303,Wijk 03 Oostelbeers,2002,4.096921077335302,-0.005343773808383345,NA,NA,NA,NA,NA
WK082303,Wijk 03 Oostelbeers,2008,4.120489432725558,0.018224581581871877,NA,NA,NA,NA,NA
WK082303,Wijk 03 Oostelbeers,2012,4.135630159639511,0.03336530849582612,NA,NA,NA,NA,NA
WK082303,Wijk 03 Oostelbeers,2014,4.130369668039325,0.02810481689563998,-0.016385511997756504,0.07419721337766241,0.08228496931459026,-0.1637652906504238,0.051773436851567434
WK082303,Wijk 03 Oostelbeers,2016,4.162584406112334,0.060319554968648936,NA,NA,NA,NA,NA
WK082303,Wijk 03 Oostelbeers,2018,4.165784404372944,0.06351955322925941,-0.005817334991196754,0.10142980998471329,0.09120827674377678,-0.1759750073635131,0.05267380885547886
WK082303,Wijk 03 Oostelbeers,2020,4.160714422517978,0.05844957137429292,-0.009575860486467093,0.09931622002730307,0.08659642981816573,-0.17056734607499013,0.05268012809028107
WK082303,Wijk 03 Oostelbeers,2022,4.174340242327962,0.07207539118427675,-0.004703648354535502,0.12348798024688866,0.08367168248004711,-0.18968053783223995,0.05929991464411611
WK082401,Verspr.h. westen en noorden Moerg.,2002,4.3424571678077735,0.2401923166640885,NA,NA,NA,NA,NA
WK082401,Verspr.h. westen en noorden Moerg.,2008,4.3321446091439055,0.22987975800022026,NA,NA,NA,NA,NA
WK082401,Verspr.h. westen en noorden Moerg.,2012,4.344810579760485,0.24254572861679982,NA,NA,NA,NA,NA
WK082401,Verspr.h. westen en noorden Moerg.,2014,4.3309684947554485,0.2287036436117634,0.026697022551277944,0.09279103746440698,0.11824466204793789,-0.10069420196826502,0.09166512351640528
WK082401,Verspr.h. westen en noorden Moerg.,2016,4.343861111488808,0.24159626034512272,NA,NA,NA,NA,NA
WK082401,Verspr.h. westen en noorden Moerg.,2018,4.331927380776114,0.22966252963242875,0.039519192422943376,0.0949377895815119,0.10064833323864675,-0.09807863289395032,0.09263584728327674
WK082401,Verspr.h. westen en noorden Moerg.,2020,4.333170394482599,0.2309055433389137,0.033677801067755704,0.0927976065904498,0.09727053967935961,-0.08521188722256456,0.09237148322391289
WK082401,Verspr.h. westen en noorden Moerg.,2022,4.342346128397866,0.24008127725418077,0.04151928837025344,0.10464689112462229,0.0814136086887491,-0.09510815341487361,0.10760964248542929
WK082402,Pannenschuur,2002,3.9802604118288327,-0.1220044393148521,NA,NA,NA,NA,NA
WK082402,Pannenschuur,2008,3.9851566083563847,-0.11710824278730053,NA,NA,NA,NA,NA
WK082402,Pannenschuur,2012,4.0057946510570925,-0.0964702000865919,NA,NA,NA,NA,NA
WK082402,Pannenschuur,2014,4.055863519393901,-0.04640133174978466,-0.029929792704648826,6.318923380615973e-4,-0.0029965213229740926,-0.024881320968703245,0.01077441090847957
WK082402,Pannenschuur,2016,4.093055645861229,-0.009209205282455803,NA,NA,NA,NA,NA
WK082402,Pannenschuur,2018,4.112749852644818,0.010485001501132693,-0.0227325121878866,0.043084006103909785,-3.3628672625935017e-4,-0.029613666455570436,0.02008346076693905
WK082402,Pannenschuur,2020,4.113863611650794,0.01159876050710863,-0.020115269307369087,0.03447765663889489,-1.0993632416454276e-4,-0.018564606468796596,0.015910915968543677
WK082402,Pannenschuur,2022,4.13113587847525,0.028871027331565283,-0.019131545260911438,0.04190946050466903,-0.003319835980076531,-0.016075265640608887,0.02548821370849289
WK082403,Heukelom,2002,4.3881909657104385,0.28592611456675304,NA,NA,NA,NA,NA
WK082403,Heukelom,2008,4.41854662448557,0.31628177334188506,NA,NA,NA,NA,NA
WK082403,Heukelom,2012,4.42150775747223,0.3192429063285445,NA,NA,NA,NA,NA
WK082403,Heukelom,2014,4.3750449136565415,0.2727800625128559,-0.042472340394994264,0.09538601501169995,0.15843251582546894,-0.03350966453695007,0.09494353660763104
WK082403,Heukelom,2016,4.356633918393039,0.25436906724935376,NA,NA,NA,NA,NA
WK082403,Heukelom,2018,4.328403683582161,0.22613883243847582,-0.03093725430861876,0.10073018908387299,0.10474514803224812,-0.03924818899864936,0.09084893862962268
WK082403,Heukelom,2020,4.321653228502022,0.21938837735833672,-0.03320385667715069,0.10639394686853408,0.08658053407943583,-0.033230304379816306,0.09284805746733375
WK082403,Heukelom,2022,4.328054627534031,0.22578977639034514,-0.038696292091129326,0.12389989706791812,0.08257814653096737,-0.036543093571011764,0.09455111845360062
WK082404,Buitengebied (Zuid),2002,4.283564211654751,0.18129936051106602,NA,NA,NA,NA,NA
WK082404,Buitengebied (Zuid),2008,4.291360963178356,0.18909611203467033,NA,NA,NA,NA,NA
WK082404,Buitengebied (Zuid),2012,4.275774557686169,0.17350970654248446,NA,NA,NA,NA,NA
WK082404,Buitengebied (Zuid),2014,4.222915297856436,0.12065044671275058,0.08747184787481575,0.02078047124601135,0.06253004178419366,-0.12665986144610591,0.07652794725383551
WK082404,Buitengebied (Zuid),2016,4.2739308371596705,0.1716659860159854,NA,NA,NA,NA,NA
WK082404,Buitengebied (Zuid),2018,4.278970805100628,0.17670595395694272,0.08913009192147321,0.07396929989731248,0.06955703844502775,-0.12415339832869843,0.06820292202182743
WK082404,Buitengebied (Zuid),2020,4.349941624158474,0.24767677301478883,0.09976328313817923,0.08542091728515176,0.0980341571508507,-0.11329877142731919,0.077757186867926
WK082404,Buitengebied (Zuid),2022,4.338461231744818,0.23619638060113224,0.09968365946075629,0.08296922861928512,0.09203668176594121,-0.11717244044923891,0.07867925120438825
WK082405,Omgeving Vinkenberg / Heuvelstraat,2002,4.081216975504575,-0.021047875639109575,NA,NA,NA,NA,NA
WK082405,Omgeving Vinkenberg / Heuvelstraat,2008,4.199266788066302,0.0970019369226167,NA,NA,NA,NA,NA
WK082405,Omgeving Vinkenberg / Heuvelstraat,2012,4.2077913411826,0.10552649003891515,NA,NA,NA,NA,NA
WK082405,Omgeving Vinkenberg / Heuvelstraat,2014,4.244561680537341,0.14229682939365582,-0.04134487650780649,0.0854409987395504,0.11269450369356537,-0.1283258294707934,0.11383203293913952
WK082405,Omgeving Vinkenberg / Heuvelstraat,2016,4.256854935280417,0.1545900841367319,NA,NA,NA,NA,NA
WK082405,Omgeving Vinkenberg / Heuvelstraat,2018,4.259555884975282,0.15729103383159707,-0.03458808239230522,0.11018127566465317,0.08790610914240324,-0.11912484725310256,0.11291657866994825
WK082405,Omgeving Vinkenberg / Heuvelstraat,2020,4.260697257867606,0.15843240672392053,-0.04824740565343128,0.10469171399133047,0.10001379429214852,-0.10777737321282,0.10975167730669262
WK082405,Omgeving Vinkenberg / Heuvelstraat,2022,4.287077950383416,0.18481309923973077,-0.03653585959403771,0.11655995344503416,0.09532065990596893,-0.1161027102537256,0.12557105573649063
WK082406,Omgeving George Perklaan,2002,4.158054510061329,0.05578965891764354,NA,NA,NA,NA,NA
WK082406,Omgeving George Perklaan,2008,4.259164352766511,0.15689950162282623,NA,NA,NA,NA,NA
WK082406,Omgeving George Perklaan,2012,4.246988688607477,0.1447238374637909,NA,NA,NA,NA,NA
WK082406,Omgeving George Perklaan,2014,4.320785011059612,0.21852015991592683,-0.04835392500616024,0.0864857169895026,0.09343050265845967,0.008168100821960504,0.07878976445216408
WK082406,Omgeving George Perklaan,2016,4.386815064801652,0.2845502136579672,NA,NA,NA,NA,NA
WK082406,Omgeving George Perklaan,2018,4.370188254761323,0.2679234036176378,-0.04664411858583634,0.1195745034320457,0.10121047459685341,0.009207137355289106,0.08457540681928567
WK082406,Omgeving George Perklaan,2020,4.363266959997067,0.26100210885338115,-0.044001737129926624,0.11195374903515032,0.08806792128076885,0.017522652863449055,0.08745952280393932
WK082406,Omgeving George Perklaan,2022,4.362533290882779,0.2602684397390937,-0.036343002476717526,0.11571753188248102,0.07541491427326509,0.016439924134222395,0.08903907192584228
WK082407,Centrum Moergestel,2002,4.107452808598245,0.005187957454559207,NA,NA,NA,NA,NA
WK082407,Centrum Moergestel,2008,4.112793338328353,0.01052848718466698,NA,NA,NA,NA,NA
WK082407,Centrum Moergestel,2012,4.125441509319358,0.023176658175672722,NA,NA,NA,NA,NA
WK082407,Centrum Moergestel,2014,4.137885300545915,0.035620449402229803,-0.012750785582070313,0.05080173856697333,0.047513688220028716,-0.08398864747924002,0.034044455676537834
WK082407,Centrum Moergestel,2016,4.198044488657177,0.09577963751349187,NA,NA,NA,NA,NA
WK082407,Centrum Moergestel,2018,4.154491221773186,0.0522263706295011,-0.014691667762212432,0.06576876158875786,0.04256546100188831,-0.07633504132154209,0.034918857122609205
WK082407,Centrum Moergestel,2020,4.16408352180766,0.06181867066397449,-0.0150331553892013,0.06328842953319408,0.03212681181388544,-0.056612418842743956,0.03804900354883992
WK082407,Centrum Moergestel,2022,4.191880457391647,0.08961560624796167,-0.007399154153886759,0.08971772867259718,0.03575544223574553,-0.0709637371256512,0.042505326619156646
WK082408,'t Westend / 't Seuverick,2002,4.039356887307807,-0.06290796383587742,NA,NA,NA,NA,NA
WK082408,'t Westend / 't Seuverick,2008,4.042656839813382,-0.059608011330303294,NA,NA,NA,NA,NA
WK082408,'t Westend / 't Seuverick,2012,4.078730848687326,-0.02353400245635997,NA,NA,NA,NA,NA
WK082408,'t Westend / 't Seuverick,2014,4.07147248931088,-0.030792361832805763,-0.019493652297200955,0.013106312538850506,-0.0012327106701322753,-0.022968118703934705,-2.0419270038854107e-4
WK082408,'t Westend / 't Seuverick,2016,4.087218118371857,-0.015046732771827684,NA,NA,NA,NA,NA
WK082408,'t Westend / 't Seuverick,2018,4.114893894831844,0.012629043688158526,-0.0162154806844103,0.03830542098129162,0.004583849846518129,-0.021886638498751426,0.007841892043510174
WK082408,'t Westend / 't Seuverick,2020,4.12838131497653,0.026116463832845035,-0.014748673269496455,0.04662820910900723,0.005282340483507439,-0.011677240905979734,6.318284158062226e-4
WK082408,'t Westend / 't Seuverick,2022,4.1259909025113535,0.023726051367668224,-0.01667478504448993,0.03638214110716333,0.0025014712678424643,-0.013076988175352345,0.014594212212504475
WK082409,Bunders / Levenskerk,2002,4.1979658633545975,0.0957010122109123,NA,NA,NA,NA,NA
WK082409,Bunders / Levenskerk,2008,4.223154823058884,0.12088997191519921,NA,NA,NA,NA,NA
WK082409,Bunders / Levenskerk,2012,4.22304500295571,0.12078015181202528,NA,NA,NA,NA,NA
WK082409,Bunders / Levenskerk,2014,4.237068349924763,0.13480349878107759,0.013201601408760732,0.059495203600471606,0.046664611609079656,-0.023233034985077106,0.0386751171478424
WK082409,Bunders / Levenskerk,2016,4.224198233794068,0.12193338265038223,NA,NA,NA,NA,NA
WK082409,Bunders / Levenskerk,2018,4.258217524097689,0.15595267295400358,0.013716064771515678,0.07114580157249412,0.05417635581356554,-0.02335573831152019,0.04027018910794812
WK082409,Bunders / Levenskerk,2020,4.275362013400205,0.17309716225651978,0.015534306600868455,0.07601249290487333,0.052306667248444905,-0.013780932591493416,0.043024628093826255
WK082409,Bunders / Levenskerk,2022,4.27825551635441,0.17599066521072473,0.015453628870447588,0.07307736030619247,0.05668589779408715,-0.020199846925258412,0.05097362516525565
WK082410,Buitengebied Kerkhoven,2002,4.14347390127591,0.04120905013222472,NA,NA,NA,NA,NA
WK082410,Buitengebied Kerkhoven,2008,4.1557781889436205,0.05351333779993485,NA,NA,NA,NA,NA
WK082410,Buitengebied Kerkhoven,2012,4.181967797779587,0.07970294663590184,NA,NA,NA,NA,NA
WK082410,Buitengebied Kerkhoven,2014,4.25911305464644,0.15684820350275533,-0.029686273727778566,0.06163900231843541,0.09403054762351652,-0.05917238726191979,0.09003731455050147
WK082410,Buitengebied Kerkhoven,2016,4.242126129910752,0.13986127876706658,NA,NA,NA,NA,NA
WK082410,Buitengebied Kerkhoven,2018,4.313167543918995,0.21090269277530932,-0.030352756138905274,0.10543428816027586,0.10638832479432861,-0.063025347145913,0.09245818310552271
WK082410,Buitengebied Kerkhoven,2020,4.29032901363672,0.18806416249303465,-0.02642726323963777,0.06675888978468049,0.10705321040452384,-0.06065396563657751,0.10133329118004555
WK082410,Buitengebied Kerkhoven,2022,4.35343031112611,0.2511654599824255,-0.017979019877596918,0.12628153785959245,0.1063587337764773,-0.05852965326865684,0.09503386149260913
WK082411,Waterhoef / Klompven,2002,4.057322255137588,-0.04494259600609767,NA,NA,NA,NA,NA
WK082411,Waterhoef / Klompven,2008,4.106398908768236,0.004134057624550621,NA,NA,NA,NA,NA
WK082411,Waterhoef / Klompven,2012,4.110548222818692,0.008283371675007272,NA,NA,NA,NA,NA
WK082411,Waterhoef / Klompven,2014,4.122310608099307,0.020045756955621573,1.5756198061919375e-4,0.022422577899855006,0.008838360084118495,-0.025229450114090897,0.013856707105119468
WK082411,Waterhoef / Klompven,2016,4.150961169303103,0.0486963181594182,NA,NA,NA,NA,NA
WK082411,Waterhoef / Klompven,2018,4.148975328269442,0.04671047712575699,0.00355313228473673,0.03114875892157118,0.018590017137413678,-0.024311077482924277,0.017729646264959393
WK082411,Waterhoef / Klompven,2020,4.172953863914404,0.07068901277071804,0.005130181500959786,0.0437844967865671,0.01760000621436137,-0.01469623052440804,0.018870558793237516
WK082411,Waterhoef / Klompven,2022,4.17433058740089,0.07206573625720465,0.006320764827609252,0.042469073193404025,0.01545690672984277,-0.021453775408200728,0.029272766914549008
WK082412,Omgeving Industrieterr. Kerckhoven Laara,2002,4.165368264542868,0.0631034133991827,NA,NA,NA,NA,NA
WK082412,Omgeving Industrieterr. Kerckhoven Laara,2008,4.206058500489874,0.10379364934618884,NA,NA,NA,NA,NA
WK082412,Omgeving Industrieterr. Kerckhoven Laara,2012,4.162296596982575,0.06003174583888982,NA,NA,NA,NA,NA
WK082412,Omgeving Industrieterr. Kerckhoven Laara,2014,4.1927583025200486,0.09049345137636379,-0.12961390706179116,0.05010676858384302,0.10358453464283933,-0.010096278138505476,0.07651233334997778
WK082412,Omgeving Industrieterr. Kerckhoven Laara,2016,4.256271105399284,0.15400625425559822,NA,NA,NA,NA,NA
WK082412,Omgeving Industrieterr. Kerckhoven Laara,2018,4.28217161039141,0.17990675924772564,-0.12092659095482401,0.10825533444118036,0.1325575040400079,-0.015785417870655908,0.07580592959201687
WK082412,Omgeving Industrieterr. Kerckhoven Laara,2020,4.217891921760458,0.11562707061677269,-0.11698951407272555,0.10721713386310497,0.06594078262640352,-0.011754018214463055,0.07121268641445265
WK082412,Omgeving Industrieterr. Kerckhoven Laara,2022,4.225307937306797,0.12304308616311228,-0.1262982279658957,0.10378184291434575,0.0651783985601835,-0.012552963186259473,0.09293403584073807
WK082413,Centrum Oisterwijk,2002,4.121205600575149,0.018940749431463833,NA,NA,NA,NA,NA
WK082413,Centrum Oisterwijk,2008,4.144559952209673,0.04229510106598745,NA,NA,NA,NA,NA
WK082413,Centrum Oisterwijk,2012,4.135527445824401,0.033262594680715914,NA,NA,NA,NA,NA
WK082413,Centrum Oisterwijk,2014,4.16282460418925,0.060559753045565365,-6.113949629547978e-4,0.018880259178736508,0.013381606679328596,0.0269525569435549,0.001956725206899831
WK082413,Centrum Oisterwijk,2016,4.207136644158909,0.10487179301522383,NA,NA,NA,NA,NA
WK082413,Centrum Oisterwijk,2018,4.217640259496502,0.11537540835281697,0.0016259595752836338,0.049487642671324064,0.01645558392715676,0.028579938889507193,0.019226283289545062
WK082413,Centrum Oisterwijk,2020,4.256277142908186,0.1540122917644999,0.006493906292158367,0.05524783195359628,0.02112435329413759,0.040505548589847014,0.030640651634760305
WK082413,Centrum Oisterwijk,2022,4.252523402007132,0.1502585508634471,0.0076458410932985004,0.05347318137361019,0.015598859319621837,0.03419232554896091,0.03934834352795538
WK082414,Verspr.h. oosten en zuiden Moerg.,2002,4.347431488990256,0.2451666378465708,NA,NA,NA,NA,NA
WK082414,Verspr.h. oosten en zuiden Moerg.,2008,4.294312795410072,0.192047944266386,NA,NA,NA,NA,NA
WK082414,Verspr.h. oosten en zuiden Moerg.,2012,4.3153585452659655,0.21309369412228016,NA,NA,NA,NA,NA
WK082414,Verspr.h. oosten en zuiden Moerg.,2014,4.247941238924821,0.14567638778113604,-0.0137655944950807,0.07598677683344486,0.12518146183409815,-0.13695800782372322,0.09523175143239675
WK082414,Verspr.h. oosten en zuiden Moerg.,2016,4.3243769109815275,0.22211205983784232,NA,NA,NA,NA,NA
WK082414,Verspr.h. oosten en zuiden Moerg.,2018,4.270468186211038,0.16820333506735222,-0.00511404152413678,0.09437615609818698,0.10800172208106772,-0.12273578096661487,0.09367527937884906
WK082414,Verspr.h. oosten en zuiden Moerg.,2020,4.2838495260398926,0.18158467489620703,-0.005542910462122827,0.09930748283801154,0.10692483917584915,-0.11400702144426156,0.0949022847887304
WK082414,Verspr.h. oosten en zuiden Moerg.,2022,4.294521350843295,0.19225649969961056,0.001646534467574595,0.11226843914538372,0.10232215665090015,-0.12579751756604457,0.10181688700179643
WK082415,Omgeving Broekzijde,2002,4.265778780747931,0.1635139296042462,NA,NA,NA,NA,NA
WK082415,Omgeving Broekzijde,2008,4.269625536558275,0.16736068541458904,NA,NA,NA,NA,NA
WK082415,Omgeving Broekzijde,2012,4.269724098527361,0.16745924738367507,NA,NA,NA,NA,NA
WK082415,Omgeving Broekzijde,2014,4.270289738504911,0.1680248873612255,1.2706925429403215e-4,0.08242753242732422,0.12273683422533317,-0.14533316788026646,0.10806661933454054
WK082415,Omgeving Broekzijde,2016,4.290040321472565,0.1877754703288803,NA,NA,NA,NA,NA
WK082415,Omgeving Broekzijde,2018,4.286854305218195,0.1845894540745099,-0.004057077619599591,0.10903519985952623,0.11694142248374417,-0.13638011843661785,0.09905002778745664
WK082415,Omgeving Broekzijde,2020,4.2788586646416755,0.1765938134979902,-0.0032384675631234516,0.10269024604649221,0.10711097411291563,-0.12758823986476733,0.09761930076647267
WK082415,Omgeving Broekzijde,2022,4.34804871478251,0.24578386363882415,0.0024419354371969155,0.1390304560514834,0.118133897123256,-0.1354331924343232,0.12161076746121076
WK082416,Buitengebied Pannenschuur,2002,4.0036678425221,-0.09859700862158505,NA,NA,NA,NA,NA
WK082416,Buitengebied Pannenschuur,2008,4.162255575002733,0.05999072385904736,NA,NA,NA,NA,NA
WK082416,Buitengebied Pannenschuur,2012,4.165906623535018,0.06364177239133273,NA,NA,NA,NA,NA
WK082416,Buitengebied Pannenschuur,2014,4.257811345469069,0.15554649432538348,-0.060079934203615404,0.10147762577342083,0.09934116296010725,-0.04361615147334752,0.05842379126881775
WK082416,Buitengebied Pannenschuur,2016,4.288199675220194,0.18593482407650885,NA,NA,NA,NA,NA
WK082416,Buitengebied Pannenschuur,2018,4.312685814037076,0.21042096289339085,-0.029153542944570454,0.08774823662984534,0.12907941110272558,-0.04956312756534664,0.07230998567073627
WK082416,Buitengebied Pannenschuur,2020,4.260830014777678,0.15856516363399287,-0.020802064248840957,0.05472160415039717,0.10159315145629765,-0.04030161454664383,0.06335408682278237
WK082416,Buitengebied Pannenschuur,2022,4.322712979677766,0.22044812853408047,-0.02246546773843544,0.105710953033511,0.10977613881492476,-0.04117694142812567,0.06860344585220551
WK082417,Buitengebied Laarakkers,2002,4.045641852952384,-0.05662299819130112,NA,NA,NA,NA,NA
WK082417,Buitengebied Laarakkers,2008,4.17490767411252,0.07264282296883459,NA,NA,NA,NA,NA
WK082417,Buitengebied Laarakkers,2012,4.142976964087592,0.04071211294390724,NA,NA,NA,NA,NA
WK082417,Buitengebied Laarakkers,2014,4.229333881687524,0.12706903054383983,-0.11226583844928233,0.12422310096954456,0.07884346053035435,-0.04793324068358041,0.08420154817680299
WK082417,Buitengebied Laarakkers,2016,4.273672490811497,0.17140763966781164,NA,NA,NA,NA,NA
WK082417,Buitengebied Laarakkers,2018,4.274653351929855,0.1723885007861693,-0.12688854664488972,0.14684382027943646,0.11069750292463341,-0.04591310068676848,0.08764882491375743
WK082417,Buitengebied Laarakkers,2020,4.241608113027589,0.1393432618839042,-0.11775053370260052,0.10905862185011772,0.10196509210318924,-0.036592489089707164,0.0826625707229042
WK082417,Buitengebied Laarakkers,2022,4.224318231508338,0.12205338036465237,-0.11574097005023191,0.06600080301265998,0.10958145634884876,-0.04003718160786062,0.1022492726612358
WK082418,KVL,2016,4.152931326468203,0.05066647532451824,NA,NA,NA,NA,NA
WK082418,KVL,2018,4.1992341559009665,0.0969693047572818,-0.07774502518747194,0.08895801307468999,0.07364781818842389,-0.014720065513609661,0.026828564195249222
WK082418,KVL,2020,4.157096927118083,0.05483207597439732,-0.09306548799115591,0.09233192274831471,0.04964854001277706,-0.0023727756542555813,0.008289876858716747
WK082418,KVL,2022,4.157261964877295,0.054997113733609514,-0.05909375744135788,0.07178123445897296,0.009938291247957785,-0.004807856119980555,0.037179201588017095
WK082419,Sportpark Den Donk e.o.,2002,4.273675331123178,0.17141047997949171,NA,NA,NA,NA,NA
WK082419,Sportpark Den Donk e.o.,2008,4.357570029125773,0.2553051779820871,NA,NA,NA,NA,NA
WK082419,Sportpark Den Donk e.o.,2012,4.367956260611957,0.26569140946827197,NA,NA,NA,NA,NA
WK082419,Sportpark Den Donk e.o.,2014,4.403891650594524,0.30162679945083914,0.10336207562327726,0.08952515408350367,0.09106190107982812,-0.045588266531876157,0.06326593519610588
WK082419,Sportpark Den Donk e.o.,2016,4.452406831898244,0.35014198075455927,NA,NA,NA,NA,NA
WK082419,Sportpark Den Donk e.o.,2018,4.382584883745872,0.2803200326021861,0.10076299555078609,0.09151863231128417,0.07981191753061638,-0.04319906640890612,0.051425553618404785
WK082419,Sportpark Den Donk e.o.,2020,4.394678809261304,0.29241395811761867,0.09138287013414886,0.09287744180356589,0.08586201911424375,-0.03134665878907503,0.053638285854734485
WK082419,Sportpark Den Donk e.o.,2022,4.314829799360904,0.21256494821721877,0.07050444883895844,0.08761383178993681,0.050005693126703755,-0.035188176340610465,0.03962915080222994
WK082420,Haaren,2002,4.145424935053799,0.04316008391011403,NA,NA,NA,NA,NA
WK082420,Haaren,2008,4.159099356247022,0.05683450510333704,NA,NA,NA,NA,NA
WK082420,Haaren,2012,4.160227430837408,0.057962579693723,NA,NA,NA,NA,NA
WK082420,Haaren,2014,4.161902986612671,0.05963813546898617,-0.018294611528687416,0.06818377988827591,0.06497081625310795,-0.10496422431311908,0.049742375169408555
WK082420,Haaren,2016,4.164652508163003,0.06238765701931776,NA,NA,NA,NA,NA
WK082420,Haaren,2018,4.173909944696611,0.07164509355292542,-0.012490006357155784,0.0791238658118636,0.06165533256145999,-0.10523073031361745,0.04858663185037482
WK082420,Haaren,2020,4.195000299999813,0.09273544885612774,-0.010710876324116998,0.08408275787433843,0.05906403841926293,-0.0903510529229046,0.050650581809547665
WK082420,Haaren,2022,4.202062977217961,0.09979812607427607,-0.0031489140579123776,0.09328574403584655,0.05599662357169884,-0.09701965686121336,0.05068432938585615
WK082600,Wijk 00 Oosterhout-Centrum,2002,4.128476151482723,0.026211300339038252,NA,NA,NA,NA,NA
WK082600,Wijk 00 Oosterhout-Centrum,2008,4.11164414277851,0.009379291634824993,NA,NA,NA,NA,NA
WK082600,Wijk 00 Oosterhout-Centrum,2012,4.116619268272828,0.014354417129142687,NA,NA,NA,NA,NA
WK082600,Wijk 00 Oosterhout-Centrum,2014,4.118109125110583,0.015844273966897377,-0.0031525500509810493,-0.03333438728666251,-0.01142481082488077,0.04738094636338842,0.016375075766033025
WK082600,Wijk 00 Oosterhout-Centrum,2016,4.140633312635196,0.03836846149151116,NA,NA,NA,NA,NA
WK082600,Wijk 00 Oosterhout-Centrum,2018,4.13199019832884,0.0297253471851541,-0.006251662666026079,-0.03941778121462012,-0.0086138642659566,0.06395042695884236,0.020058228372914187
WK082600,Wijk 00 Oosterhout-Centrum,2020,4.1342195003560995,0.03195464921241436,-0.0012982737359701483,-0.04431539053268556,-0.018878606501729348,0.08378666772398863,0.012660252258810506
WK082600,Wijk 00 Oosterhout-Centrum,2022,4.168196963379144,0.06593211223545838,0.002467052418539547,0.004416173567298294,-0.020704678229858855,0.05967145116889396,0.020082113310585115
WK082601,Wijk 01 Slotjes,2002,4.116842148160363,0.014577297016678285,NA,NA,NA,NA,NA
WK082601,Wijk 01 Slotjes,2008,4.087427367167499,-0.014837483976186089,NA,NA,NA,NA,NA
WK082601,Wijk 01 Slotjes,2012,4.083760745577389,-0.018504105566296218,NA,NA,NA,NA,NA
WK082601,Wijk 01 Slotjes,2014,4.047559918476022,-0.054704932667663575,-0.009316937686741108,-0.028980342384733238,-0.008124543945055799,0.0023060374795362765,-0.010589146130669991
WK082601,Wijk 01 Slotjes,2016,4.0725718017344725,-0.029693049409212965,NA,NA,NA,NA,NA
WK082601,Wijk 01 Slotjes,2018,4.107560201669882,0.005295350526196615,-0.00861339103963331,0.012833266565274802,-0.011563865433444585,0.015676680780771148,-0.0030373403467716877
WK082601,Wijk 01 Slotjes,2020,4.130182304102901,0.027917452959215997,-0.0036383347490552918,0.02902295322426473,-0.01778592797157323,0.028347397536430556,-0.00802863508085105
WK082601,Wijk 01 Slotjes,2022,4.11248466539996,0.010219814256274783,0.004272936062020877,0.007750854601180226,-0.0101744260513245,0.00790601403190168,4.644356124962371e-4
WK082602,Wijk 02 West,2002,4.202794651664134,0.10052980052044924,NA,NA,NA,NA,NA
WK082602,Wijk 02 West,2008,4.194451117733708,0.09218626659002292,NA,NA,NA,NA,NA
WK082602,Wijk 02 West,2012,4.185225180633305,0.08296032948961946,NA,NA,NA,NA,NA
WK082602,Wijk 02 West,2014,4.180253751384628,0.07798890024094236,-0.003782721252714006,0.027137125008691865,0.028293991366397233,0.010377222625839125,0.0159632824927279
WK082602,Wijk 02 West,2016,4.22039629554866,0.11813144440497482,NA,NA,NA,NA,NA
WK082602,Wijk 02 West,2018,4.208496488113679,0.10623163696999353,-0.0025628994996227065,0.02922165355936153,0.02453449310805648,0.022850380099338537,0.03218800970285935
WK082602,Wijk 02 West,2020,4.232086503449936,0.12982165230625067,-9.852940881218756e-5,0.04606942425375002,0.023111201118480397,0.04181062250039148,0.018928933842440786
WK082602,Wijk 02 West,2022,4.254778813889202,0.1525139627455173,0.008878529989560293,0.06701764536739147,0.025315662040621446,0.015827929072721916,0.03547419627522191
WK082603,Wijk 03 Strijen,2002,4.009113661814914,-0.09315118932877071,NA,NA,NA,NA,NA
WK082603,Wijk 03 Strijen,2008,4.018828800140636,-0.08343605100304945,NA,NA,NA,NA,NA
WK082603,Wijk 03 Strijen,2012,4.046453007501242,-0.0558118436424429,NA,NA,NA,NA,NA
WK082603,Wijk 03 Strijen,2014,4.044558926423299,-0.05770592472038588,-0.02418029284639635,-0.028909849073320802,-0.020259214628711043,0.008796893699479173,0.006846538128562895
WK082603,Wijk 03 Strijen,2016,4.073994711020883,-0.02827014012280203,NA,NA,NA,NA,NA
WK082603,Wijk 03 Strijen,2018,4.055276186223656,-0.046988664920029365,-0.02812596579215826,-0.024193055349857575,-0.018229173609757048,0.021281367280505305,0.002278162551237931
WK082603,Wijk 03 Strijen,2020,4.072739578155358,-0.02952527298832709,-0.02289542784804532,-0.019850549005913334,-0.02804943835553052,0.03200401472742921,0.00926612749373258
WK082603,Wijk 03 Strijen,2022,4.102752487389492,4.876362458071197e-4,-0.01702762717320458,0.022157033135143115,-0.028706180233686887,0.013056796687267294,0.011007613830287892
WK082604,Wijk 04 Leijsenakkers,2002,4.079865760285878,-0.022399090857808054,NA,NA,NA,NA,NA
WK082604,Wijk 04 Leijsenakkers,2008,4.122830464098772,0.02056561295508768,NA,NA,NA,NA,NA
WK082604,Wijk 04 Leijsenakkers,2012,4.1544325905816075,0.05216773943792216,NA,NA,NA,NA,NA
WK082604,Wijk 04 Leijsenakkers,2014,4.13975022778474,0.03748537664105422,-0.029176372767755858,0.015145483079709194,0.03653186233603275,-0.021987898311246225,0.03697230230431412
WK082604,Wijk 04 Leijsenakkers,2016,4.172115462006523,0.06985061086283709,NA,NA,NA,NA,NA
WK082604,Wijk 04 Leijsenakkers,2018,4.1736208657457246,0.07135601460203855,-0.02457636943882567,0.019915123564297445,0.0382976078364451,-0.005993956853845474,0.04371360949396681
WK082604,Wijk 04 Leijsenakkers,2020,4.154955852754986,0.052691001611299984,-0.02366091406102243,0.007719347588171419,0.024662370780366313,0.0030782710967975162,0.04089192620698689
WK082604,Wijk 04 Leijsenakkers,2022,4.177762055165025,0.07549720402133918,-0.01931505903079323,0.042024515524820234,0.024451196900437823,-0.014748020549169833,0.04308457117604394
WK082605,Wijk 05 Oosterheide,2002,4.004891149889957,-0.09737370125372816,NA,NA,NA,NA,NA
WK082605,Wijk 05 Oosterheide,2008,4.001203484251551,-0.1010613668921339,NA,NA,NA,NA,NA
WK082605,Wijk 05 Oosterheide,2012,4.000859163921095,-0.10140568722259033,NA,NA,NA,NA,NA
WK082605,Wijk 05 Oosterheide,2014,3.988677850955109,-0.11358700018857654,0.006284798048782204,-0.055342458594641084,-0.017171914972651758,-0.026111993743229277,-0.021245430926836884
WK082605,Wijk 05 Oosterheide,2016,4.000271770081848,-0.10199308106183726,NA,NA,NA,NA,NA
WK082605,Wijk 05 Oosterheide,2018,3.9880001920156687,-0.1142646591280166,0.005111552808044809,-0.05760189380515277,-0.02285411946143864,-0.0165202647803994,-0.022399933889070897
WK082605,Wijk 05 Oosterheide,2020,4.031609622098185,-0.07065522904549992,0.009874918214535018,-0.03794254950004611,-0.02293088076666692,0.0013894130715509441,-0.021046130064873117
WK082605,Wijk 05 Oosterheide,2022,4.088766755065893,-0.013498096077792725,0.014105887403654543,0.010943287301285262,-0.015914743727869954,-0.011524906910346733,-0.011107620144516142
WK082606,Wijk 06 Dommelbergen,2002,3.996934651545841,-0.10533019959784413,NA,NA,NA,NA,NA
WK082606,Wijk 06 Dommelbergen,2008,3.9774725452435318,-0.12479230590015375,NA,NA,NA,NA,NA
WK082606,Wijk 06 Dommelbergen,2012,3.999149440875649,-0.1031154102680364,NA,NA,NA,NA,NA
WK082606,Wijk 06 Dommelbergen,2014,4.0221578280034835,-0.08010702314020134,-0.018621087756404957,-0.015423339107078198,-0.0033792398126758164,-0.04812622784742514,0.0054428713833824804
WK082606,Wijk 06 Dommelbergen,2016,4.060623970459349,-0.041640880684336405,NA,NA,NA,NA,NA
WK082606,Wijk 06 Dommelbergen,2018,4.048164222748594,-0.05410062839509147,-0.02090807518587998,-0.008065442169686333,-0.0027134907468621136,-0.03658046301378722,0.01416684272112392
WK082606,Wijk 06 Dommelbergen,2020,4.057135996477557,-0.04512885466612817,-0.01821382714822041,-0.006749803149516689,7.071208221039566e-4,-0.02865397467965589,0.00778162948916062
WK082606,Wijk 06 Dommelbergen,2022,4.094897669531567,-0.007367181612118685,-0.009859788427068366,0.025767044996085786,0.00420486216386284,-0.04585385027571347,0.018374549930714256
WK082607,Wijk 07 Vrachelen,2002,4.1205634293735445,0.018298578229859468,NA,NA,NA,NA,NA
WK082607,Wijk 07 Vrachelen,2008,4.138097000782427,0.035832149638741116,NA,NA,NA,NA,NA
WK082607,Wijk 07 Vrachelen,2012,4.1646443140456855,0.06237946290200036,NA,NA,NA,NA,NA
WK082607,Wijk 07 Vrachelen,2014,4.1530229647006704,0.05075811355698446,0.009240986924286805,0.039055738847433595,0.03138208464845261,-0.05920751327282744,0.03028681640963865
WK082607,Wijk 07 Vrachelen,2016,4.172161012364299,0.06989616122061304,NA,NA,NA,NA,NA
WK082607,Wijk 07 Vrachelen,2018,4.173796299594227,0.07153144845054207,0.009117452926691423,0.048859175089255004,0.03339427676318544,-0.04914082741075102,0.029301371082160913
WK082607,Wijk 07 Vrachelen,2020,4.195603479921618,0.09333862877793268,0.0068534081188376525,0.058874688055405716,0.03555580935668343,-0.03603791900963477,0.02809264225664037
WK082607,Wijk 07 Vrachelen,2022,4.222534740979721,0.12026988983603515,0.019544189604881083,0.08541431359674766,0.03850247484149503,-0.05683664307441079,0.033645554867321834
WK082608,Wijk 08 Industrieterrein Zuid,2002,3.9712860559972625,-0.13097879514642313,NA,NA,NA,NA,NA
WK082608,Wijk 08 Industrieterrein Zuid,2008,3.9431816292018262,-0.15908322194185917,NA,NA,NA,NA,NA
WK082608,Wijk 08 Industrieterrein Zuid,2012,3.976826717455077,-0.12543813368860823,NA,NA,NA,NA,NA
WK082608,Wijk 08 Industrieterrein Zuid,2014,4.143591268083162,0.04132641693947601,-0.02422216896909383,0.06131511544893671,0.06000852325882862,-0.07997140697859084,0.024196354179395085
WK082608,Wijk 08 Industrieterrein Zuid,2016,4.222577128507148,0.12031227736346328,NA,NA,NA,NA,NA
WK082608,Wijk 08 Industrieterrein Zuid,2018,4.171064099295238,0.06879924815155315,-0.018371117250586686,0.06435369147716143,0.0701973288401207,-0.07347095616687264,0.026090301251730154
WK082608,Wijk 08 Industrieterrein Zuid,2020,4.23661977515611,0.1343549240124245,-0.016408072872558768,0.0877804656919499,0.09759105823795247,-0.060971554730499485,0.02636302768558028
WK082608,Wijk 08 Industrieterrein Zuid,2022,4.233463583448461,0.1311987323047753,-0.019912335513663355,0.09102513401546365,0.10252677258023171,-0.07049104487479595,0.028050206097538933
WK082609,Wijk 09 Industrieterrein Noord,2002,4.2158480028858865,0.11358315174220107,NA,NA,NA,NA,NA
WK082609,Wijk 09 Industrieterrein Noord,2008,4.213157375468412,0.1108925243247269,NA,NA,NA,NA,NA
WK082609,Wijk 09 Industrieterrein Noord,2012,4.191290719625858,0.08902586848217292,NA,NA,NA,NA,NA
WK082609,Wijk 09 Industrieterrein Noord,2014,4.078257419347023,-0.024007431796662586,-0.18055948961536963,0.060672684417572294,0.07307388349445935,-0.02292557121594829,0.04573106112262337
WK082609,Wijk 09 Industrieterrein Noord,2016,4.225056838526382,0.12279198738269678,NA,NA,NA,NA,NA
WK082609,Wijk 09 Industrieterrein Noord,2018,4.048025939732296,-0.05423891141138834,-0.199214915535953,0.04596624295791935,0.06251328068423782,-0.005994045992005002,0.04249052647441222
WK082609,Wijk 09 Industrieterrein Noord,2020,4.100129274828538,-0.002135576315147281,-0.19653688532940128,0.07455464748471588,0.0666292538134125,0.008518281379802017,0.04469912633632338
WK082609,Wijk 09 Industrieterrein Noord,2022,4.031447623753588,-0.07081722739009615,-0.22127975268532843,0.03803220798659177,0.07721576384270057,-0.019352327772439733,0.05456688123837943
WK082610,Wijk 10 Buitengebied Oosterhout,2002,4.359346662257455,0.25708181111376965,NA,NA,NA,NA,NA
WK082610,Wijk 10 Buitengebied Oosterhout,2008,4.357697672077287,0.2554328209336021,NA,NA,NA,NA,NA
WK082610,Wijk 10 Buitengebied Oosterhout,2012,4.349006868341191,0.24674201719750616,NA,NA,NA,NA,NA
WK082610,Wijk 10 Buitengebied Oosterhout,2014,4.355979313400592,0.2537144622569065,0.04072737905219664,0.07291508634196091,0.09446420938956265,-0.07066654384201661,0.11627433131520268
WK082610,Wijk 10 Buitengebied Oosterhout,2016,4.416169080252628,0.3139042291089426,NA,NA,NA,NA,NA
WK082610,Wijk 10 Buitengebied Oosterhout,2018,4.3746905525431625,0.27242570139947714,0.04855077978217453,0.07331167438604004,0.09631790893416202,-0.05805676813459567,0.11230210643169596
WK082610,Wijk 10 Buitengebied Oosterhout,2020,4.452576500153121,0.3503116490094362,0.04615790922122833,0.11216108998102485,0.12264129759300121,-0.05054477172490976,0.1198961239390912
WK082610,Wijk 10 Buitengebied Oosterhout,2022,4.437779024665781,0.33551417352209645,0.05113291089831766,0.12139568950908806,0.11766808595096319,-0.061509347506513816,0.10682683467024122
WK082611,Wijk 11 Den Hout,2002,4.269511014505024,0.16724616336133918,NA,NA,NA,NA,NA
WK082611,Wijk 11 Den Hout,2008,4.245763661862658,0.1434988107189731,NA,NA,NA,NA,NA
WK082611,Wijk 11 Den Hout,2012,4.256759084627235,0.15449423348354963,NA,NA,NA,NA,NA
WK082611,Wijk 11 Den Hout,2014,4.20546288935993,0.10319803821624558,-0.03156940445640505,0.05924959140669264,0.09650760916774151,-0.09164570478401078,0.07065594688222705
WK082611,Wijk 11 Den Hout,2016,4.231993023076049,0.12972817193236366,NA,NA,NA,NA,NA
WK082611,Wijk 11 Den Hout,2018,4.245431570761575,0.14316671961789015,-0.01671619056676755,0.0665631214485756,0.10416949541948933,-0.08140646510586884,0.07055675842246133
WK082611,Wijk 11 Den Hout,2020,4.244233464169258,0.14196861302557262,-0.016980453284162332,0.0790724823475495,0.08310042516841248,-0.07295144615670728,0.06972760495048003
WK082611,Wijk 11 Den Hout,2022,4.278874285427062,0.1766094342833768,-0.011885137466028848,0.10912728147658067,0.08974909263177243,-0.08656246286215172,0.076180660503204
WK082612,Wijk 12 Oosteind,2002,4.204304967211647,0.10204011606796215,NA,NA,NA,NA,NA
WK082612,Wijk 12 Oosteind,2008,4.186104509158129,0.08383965801444397,NA,NA,NA,NA,NA
WK082612,Wijk 12 Oosteind,2012,4.1872666840492325,0.08500183290554705,NA,NA,NA,NA,NA
WK082612,Wijk 12 Oosteind,2014,4.154161529065836,0.051896677922150435,-0.06129386310105183,0.05656774707990527,0.09238914001241177,-0.11766246678591365,0.0818961207167987
WK082612,Wijk 12 Oosteind,2016,4.2026066079344115,0.10034175679072663,NA,NA,NA,NA,NA
WK082612,Wijk 12 Oosteind,2018,4.206232609953324,0.10396775880963943,-0.0501987876633337,0.08697507003174526,0.09224023820065005,-0.10841644466573962,0.08336768290631713
WK082612,Wijk 12 Oosteind,2020,4.206343939216161,0.10407908807247543,-0.05346807470259969,0.09118776247468073,0.07914391721406093,-0.09933824340967679,0.08655372649601004
WK082612,Wijk 12 Oosteind,2022,4.226499699189499,0.12423484804581354,-0.0522483582363187,0.12339156378708899,0.08411528542438557,-0.11104931338860359,0.08002567045926103
WK082613,Wijk 13 Dorst,2002,4.143866230630335,0.04160137948665028,NA,NA,NA,NA,NA
WK082613,Wijk 13 Dorst,2008,4.138462954026736,0.036198102883050816,NA,NA,NA,NA,NA
WK082613,Wijk 13 Dorst,2012,4.149422000976417,0.04715714983273151,NA,NA,NA,NA,NA
WK082613,Wijk 13 Dorst,2014,4.147669090180316,0.045404239036630996,-0.020835494185763512,0.03824709987934129,0.061411384016005564,-0.07099612657066492,0.03757737589771236
WK082613,Wijk 13 Dorst,2016,4.173706065945869,0.07144121480218424,NA,NA,NA,NA,NA
WK082613,Wijk 13 Dorst,2018,4.191762313938602,0.08949746279491709,-0.014156171191272967,0.06455871883338808,0.06775180275148016,-0.06666453979752178,0.03800765219884328
WK082613,Wijk 13 Dorst,2020,4.211807033670685,0.10954218252699952,-0.01255493835216647,0.07111913469224493,0.06385447754625596,-0.05012339450819512,0.03724690314885987
WK082613,Wijk 13 Dorst,2022,4.247129950995888,0.14486509985220333,-0.003959958533548444,0.10561964920156201,0.06706110361023071,-0.06168476251288685,0.03782906808684564
WK082800,Centrum,2002,4.125299086153876,0.023034235010191566,NA,NA,NA,NA,NA
WK082800,Centrum,2008,4.151498371130057,0.04923351998637147,NA,NA,NA,NA,NA
WK082800,Centrum,2012,4.128242809753872,0.025977958610187004,NA,NA,NA,NA,NA
WK082800,Centrum,2014,4.042628399007586,-0.05963645213609929,-0.020891352990977927,-0.07127623208982044,-0.021732517057979604,0.08736917663207465,-0.03310552662939625
WK082800,Centrum,2016,4.057563958895478,-0.04470089224820728,NA,NA,NA,NA,NA
WK082800,Centrum,2018,4.071378605226856,-0.030886245916829418,-0.02796901592040077,-0.06342834762172797,-0.025993956856538065,0.10032680584280966,-0.013821731360972572
WK082800,Centrum,2020,4.078147837162079,-0.0241170139816069,-0.02436386494895241,-0.05496379247086992,-0.02930614448637705,0.1150627087372847,-0.03054592081269249
WK082800,Centrum,2022,4.081195532629168,-0.021069318514517776,-0.02225784710563982,-0.06217723167699081,-0.03279187848091043,0.1159333167414228,-0.019775677992399807
WK082801,Schadewijk,2002,4.069930466403075,-0.03233438474061114,NA,NA,NA,NA,NA
WK082801,Schadewijk,2008,4.087186546798835,-0.01507830434485055,NA,NA,NA,NA,NA
WK082801,Schadewijk,2012,4.091335963099924,-0.010928888043760833,NA,NA,NA,NA,NA
WK082801,Schadewijk,2014,3.98153164898847,-0.1207332021552151,-0.04880081902843159,-0.056796097037040146,-0.019786574775490277,0.03007773801746396,-0.025427449331717342
WK082801,Schadewijk,2016,3.969246377948359,-0.13301847319532636,NA,NA,NA,NA,NA
WK082801,Schadewijk,2018,4.013674275829657,-0.08859057531402836,-0.04792961801386432,-0.045163603322165305,-0.019405314693761166,0.03501500457215536,-0.011107043856393186
WK082801,Schadewijk,2020,4.034272570602305,-0.06799228054138123,-0.04373460430101796,-0.03356534794728,-0.02117547701623031,0.04582682872789176,-0.015343680004745019
WK082801,Schadewijk,2022,4.024967200256516,-0.07729765088716849,-0.042996006771188464,-0.038416549817238806,-0.026852013931570398,0.04591672941981842,-0.014949809786989511
WK082802,Industrieterreinen-Zuid,2002,4.133658394105456,0.031393542961771416,NA,NA,NA,NA,NA
WK082802,Industrieterreinen-Zuid,2008,4.213033259875105,0.11076840873141969,NA,NA,NA,NA,NA
WK082802,Industrieterreinen-Zuid,2012,4.192802423541469,0.09053757239778394,NA,NA,NA,NA,NA
WK082802,Industrieterreinen-Zuid,2014,4.162980508145811,0.06071565700212603,-0.14859428678483164,0.04176971933451363,0.12117318660506926,-0.031924561105078256,0.07829159895245268
WK082802,Industrieterreinen-Zuid,2016,4.221605894159952,0.11934104301626684,NA,NA,NA,NA,NA
WK082802,Industrieterreinen-Zuid,2018,4.18581845213717,0.08355360099348479,-0.16949727713966775,0.07723875502819652,0.11960613065738626,-0.02065978592917312,0.07686577837674254
WK082802,Industrieterreinen-Zuid,2020,4.149502273678868,0.047237422535182844,-0.16655844110889612,0.05853171231781303,0.09506049015309588,-0.020471445453043507,0.0806751066262132
WK082802,Industrieterreinen-Zuid,2022,4.121578942801605,0.019314091657919974,-0.1703076494145228,0.06705106914583925,0.079436459033119175,-0.023826109098876738,0.06696032199236075
WK082803,Oss-Zuid,2002,4.1228031619134935,0.020538310769808266,NA,NA,NA,NA,NA
WK082803,Oss-Zuid,2008,4.126669062211695,0.024404211068010363,NA,NA,NA,NA,NA
WK082803,Oss-Zuid,2012,4.136168490527691,0.03390363938400619,NA,NA,NA,NA,NA
WK082803,Oss-Zuid,2014,4.080747932609401,-0.021516918534284002,-0.031246095131937025,-0.014611409147568193,0.0033306075980252922,0.036755944921285665,-0.015745966774089983
WK082803,Oss-Zuid,2016,4.136806931565926,0.03454208042224029,NA,NA,NA,NA,NA
WK082803,Oss-Zuid,2018,4.1557604542663285,0.05349560312264348,-0.03273932376193808,0.016388322289239272,0.005338147696287677,0.05546015976782863,0.00904829713122572
WK082803,Oss-Zuid,2020,4.144081545628298,0.04181669448461305,-0.029775276306984216,0.007355577388018652,0.004450466527564079,0.06324496463384077,-0.0034590377578264772
WK082803,Oss-Zuid,2022,4.151125018751863,0.048860167608176984,-0.024409721234823763,0.02029054605933678,-0.0032937011000851004,0.057212462719020835,-9.394188352720063e-4
WK082804,Krinkelhoek,2002,4.145842618221087,0.04357776707740156,NA,NA,NA,NA,NA
WK082804,Krinkelhoek,2008,4.157999016077174,0.05573416493348819,NA,NA,NA,NA,NA
WK082804,Krinkelhoek,2012,4.137723083608882,0.03545823246519677,NA,NA,NA,NA,NA
WK082804,Krinkelhoek,2014,4.0992066601490285,-0.003058190994656962,-0.027498175424085385,0.02556124619822377,0.024646933520178372,-0.019899502819212194,-0.005868692469761791
WK082804,Krinkelhoek,2016,4.116837988172309,0.01457313702862348,NA,NA,NA,NA,NA
WK082804,Krinkelhoek,2018,4.128000709650936,0.025735858507251016,-0.01711557657678445,0.024230605676240722,0.02248518269043394,-0.017586504704278895,0.01372215142163944
WK082804,Krinkelhoek,2020,4.124498079156291,0.0222332280126061,-0.016417123046984568,0.014167049202837383,0.022519291911315614,-0.006589625501084731,0.008553635446522117
WK082804,Krinkelhoek,2022,4.138395205498672,0.036130354354987175,-0.01892688637298369,0.032637412422059,0.019756411873568178,-0.012870182895970734,0.015533599328314135
WK082805,Industrieterreinen-Noord,2002,4.106570780379647,0.0043059292359617545,NA,NA,NA,NA,NA
WK082805,Industrieterreinen-Noord,2008,4.135830318915376,0.03356546777169168,NA,NA,NA,NA,NA
WK082805,Industrieterreinen-Noord,2012,4.019277271169749,-0.08298757997393694,NA,NA,NA,NA,NA
WK082805,Industrieterreinen-Noord,2014,4.090114167098515,-0.012150684045169865,-0.18586102687035527,0.03952602044727645,0.11734213020239695,-0.05578273919267908,0.07262493136819083
WK082805,Industrieterreinen-Noord,2016,4.114601326174384,0.012336475030698775,NA,NA,NA,NA,NA
WK082805,Industrieterreinen-Noord,2018,4.109444603372155,0.00717975222846959,-0.18750978226162857,0.0635729203260066,0.0971921730584356,-0.05685413641495985,0.09077857752061544
WK082805,Industrieterreinen-Noord,2020,4.154171797264176,0.05190694612049123,-0.1917121819220921,0.09560842151304198,0.10414921615222096,-0.049343656518982794,0.0932051468963029
WK082805,Industrieterreinen-Noord,2022,4.109997447164941,0.007732596021255904,-0.19571814142959848,0.09721367397235628,0.1049152717805448,-0.07015568253792885,0.07147747423588181
WK082806,Ruwaard,2002,4.01401111536121,-0.08825373578247432,NA,NA,NA,NA,NA
WK082806,Ruwaard,2008,4.0250866178949964,-0.07717823324868944,NA,NA,NA,NA,NA
WK082806,Ruwaard,2012,4.026408744095832,-0.07585610704785335,NA,NA,NA,NA,NA
WK082806,Ruwaard,2014,4.0141866936201955,-0.08807815752348971,-0.007579615373638826,-0.031031290746091515,-0.005249587178363459,-0.010804278051536078,-0.033413386173860096
WK082806,Ruwaard,2016,4.0427489748863374,-0.05951587625734747,NA,NA,NA,NA,NA
WK082806,Ruwaard,2018,4.052489879345718,-0.04977497179796748,-0.0017772031743564696,-0.03678496051765966,-0.0028406073205477925,0.005181122757400705,-0.013553323542804535
WK082806,Ruwaard,2020,4.03791132418878,-0.06435352695490508,0.0013837038503344327,-0.04119663140245134,-0.011529533870295304,0.010819925349442337,-0.023830990881935493
WK082806,Ruwaard,2022,4.078320404238639,-0.0239444469050462,0.0038404507663879935,-0.007563896557016878,-0.01224250745455825,0.007730765370273707,-0.01570925903013307
WK082807,Ussen,2002,4.057495549673565,-0.0447693014701209,NA,NA,NA,NA,NA
WK082807,Ussen,2008,4.074498199387497,-0.02776665175618852,NA,NA,NA,NA,NA
WK082807,Ussen,2012,4.071965106494884,-0.030299744648801512,NA,NA,NA,NA,NA
WK082807,Ussen,2014,4.0692122510034485,-0.033052600140236685,-0.019082461724831308,0.0038273541524494812,0.004250499213602182,-0.02647284217682587,0.0044248503953685635
WK082807,Ussen,2016,4.074286053071686,-0.027978798071999395,NA,NA,NA,NA,NA
WK082807,Ussen,2018,4.093996397250063,-0.008268453893622399,-0.01801646523778696,0.004930309481977152,0.002560682088468608,-0.016633932597446624,0.01889095237116515
WK082807,Ussen,2020,4.093897391759521,-0.008367459384163943,-0.01759813873574899,0.002995580771703881,0.0030598600304902724,-0.009392833355676098,0.012568071905066707
WK082807,Ussen,2022,4.090246823739014,-0.012018027404670367,-0.009286497805318716,-0.009448984735286367,0.0030306555537066423,-0.014572317588731409,0.018259117170959224
WK082808,Buitengebied-Noord,2002,4.306723868732082,0.2044590175883968,NA,NA,NA,NA,NA
WK082808,Buitengebied-Noord,2008,4.288171652911241,0.18590680176755536,NA,NA,NA,NA,NA
WK082808,Buitengebied-Noord,2012,4.227460068519756,0.12519521737607067,NA,NA,NA,NA,NA
WK082808,Buitengebied-Noord,2014,4.20515899132631,0.10289414018262485,-0.07664639274966493,0.04150385052812382,0.10066405664037417,-0.07677821329198295,0.11415083905577453
WK082808,Buitengebied-Noord,2016,4.254914710004089,0.15264985886040336,NA,NA,NA,NA,NA
WK082808,Buitengebied-Noord,2018,4.236607312904535,0.1343424617608505,-0.050728017239409624,0.05859644932232125,0.10069997715090186,-0.06941907723905084,0.0951931297660876
WK082808,Buitengebied-Noord,2020,4.205393303810963,0.10312845266727744,-0.0629351727765316,0.046182529834026854,0.08835723768213515,-0.06441619027596465,0.09594004820361138
WK082808,Buitengebied-Noord,2022,4.209217645373096,0.10695279422941112,-0.05740353404280048,0.07066253189668864,0.08728107934905646,-0.07057946111574841,0.07699217814221455
WK082809,Buitengebied-Zuid,2002,4.416471665061275,0.31420681391759,NA,NA,NA,NA,NA
WK082809,Buitengebied-Zuid,2008,4.396224908346731,0.2939600572030457,NA,NA,NA,NA,NA
WK082809,Buitengebied-Zuid,2012,4.309826660534929,0.20756180939124402,NA,NA,NA,NA,NA
WK082809,Buitengebied-Zuid,2014,4.379406622076928,0.27714177093324327,0.007555877608770977,0.06318943165847449,0.15280813714200864,-0.04594624438162099,0.09953456890560988
WK082809,Buitengebied-Zuid,2016,4.346780755917659,0.24451590477397434,NA,NA,NA,NA,NA
WK082809,Buitengebied-Zuid,2018,4.326771178228948,0.22450632708526247,0.013783962749211537,0.020299563052530164,0.1196183448622832,-0.031614882505854695,0.10241933892709201
WK082809,Buitengebied-Zuid,2020,4.342608141608983,0.24034329046529773,0.017052407148665905,0.023264731718728386,0.151718076909275,-0.02465360127533343,0.07296167596396178
WK082809,Buitengebied-Zuid,2022,4.390052219878619,0.2877873687349334,0.018316679492230405,0.05713797492925269,0.17058322960749137,-0.027171080400378366,0.06892056510633697
WK082810,Berghem,2002,4.159081047779554,0.05681619663586894,NA,NA,NA,NA,NA
WK082810,Berghem,2008,4.175190780769625,0.0729259296259395,NA,NA,NA,NA,NA
WK082810,Berghem,2012,4.203921521731419,0.10165667058773425,NA,NA,NA,NA,NA
WK082810,Berghem,2014,4.1036809957243685,0.0014161445806828482,-0.022249672237325588,0.020915155026488816,0.049376204319293314,-0.08714580506894136,0.0405202625411674
WK082810,Berghem,2016,4.110678274479157,0.008413423335471884,NA,NA,NA,NA,NA
WK082810,Berghem,2018,4.148921887406724,0.046657036263038826,-0.020514612968245666,0.051421286745375334,0.044980217229214754,-0.07116889665067491,0.04193904190736904
WK082810,Berghem,2020,4.168832749627913,0.06656789848422742,-0.013221345079233993,0.06384596723467444,0.041127276295230226,-0.06310801811154687,0.03792401814510334
WK082810,Berghem,2022,4.164481932448302,0.062217081304616936,-0.014963589469130612,0.0696722220490175,0.0361557142383189,-0.06912123634085125,0.04047397082726211
WK082811,Haren,2002,4.211600786410298,0.10933593526661262,NA,NA,NA,NA,NA
WK082811,Haren,2008,4.1901259432200675,0.08786109207638204,NA,NA,NA,NA,NA
WK082811,Haren,2012,4.218432272891613,0.11616742174792849,NA,NA,NA,NA,NA
WK082811,Haren,2014,4.177760162111845,0.07549531096815927,-0.01246501551143258,0.11181758138540762,0.09940287616405016,-0.19237128414929255,0.06911115307942635
WK082811,Haren,2016,4.218338413988984,0.11607356284529809,NA,NA,NA,NA,NA
WK082811,Haren,2018,4.203210529295619,0.10094567815193384,0.009861357693053099,0.09976398788456983,0.09406501833110226,-0.17095253658673024,0.06820785082993856
WK082811,Haren,2020,4.178914006267752,0.07664915512406718,0.013267292734175975,0.08757861693309106,0.07448277273494519,-0.15509407931807645,0.05641455203993118
WK082811,Haren,2022,4.203358596428207,0.10109374528452154,0.005046544226457771,0.1115252660344517,0.06556100163475376,-0.14967778365621773,0.06863871704507575
WK082812,Macharen,2002,4.156855204667703,0.05459035352401756,NA,NA,NA,NA,NA
WK082812,Macharen,2008,4.1368714267585105,0.0346065756148259,NA,NA,NA,NA,NA
WK082812,Macharen,2012,4.170002699236314,0.06773784809262935,NA,NA,NA,NA,NA
WK082812,Macharen,2014,4.135800042646041,0.03353519150235572,-0.011477211132941263,0.07136318454465942,0.08122284601833009,-0.16241268563584252,0.0548390577081498
WK082812,Macharen,2016,4.195575576814687,0.09331072567100261,NA,NA,NA,NA,NA
WK082812,Macharen,2018,4.146975683194949,0.04471083205126304,0.004875782664802505,0.07176251600065077,0.06429463659127496,-0.1512495003238406,0.05502739711837504
WK082812,Macharen,2020,4.146510294707972,0.04424544356428667,0.004858784354372946,0.07209165812105704,0.05985738672641405,-0.15017350204427965,0.05761111640672212
WK082812,Macharen,2022,4.167762069600031,0.06549721845634564,0.006139473000432011,0.09589991742871964,0.06666068958311577,-0.1575688369129266,0.05436597535700455
WK082813,Megen,2002,4.1460616210377434,0.04379676989405875,NA,NA,NA,NA,NA
WK082813,Megen,2008,4.158562924827476,0.056298073683790834,NA,NA,NA,NA,NA
WK082813,Megen,2012,4.166298908526361,0.06403405738267566,NA,NA,NA,NA,NA
WK082813,Megen,2014,4.119088759997465,0.016823908853779122,-0.006979273283176341,0.08550930038551824,0.05285184581500919,-0.17245803319939337,0.057900069135821214
WK082813,Megen,2016,4.126704646844709,0.02443979570102346,NA,NA,NA,NA,NA
WK082813,Megen,2018,4.128203271219026,0.025938420075340345,0.008795415669091068,0.07683410917809493,0.05085648510375841,-0.16802855208571252,0.057480962210108184
WK082813,Megen,2020,4.110745433876306,0.008480582732620976,0.011160811033035019,0.06268484004220125,0.045398015543466154,-0.16456297381978105,0.05379988993369939
WK082813,Megen,2022,4.12948631930942,0.027221468165735018,0.014562618041649879,0.08532125531228456,0.040893726797504054,-0.17017004992355317,0.05661391793784954
WK082814,Ravenstein,2002,4.140749543795608,0.03848469265192355,NA,NA,NA,NA,NA
WK082814,Ravenstein,2008,4.161386291607885,0.05912144046419966,NA,NA,NA,NA,NA
WK082814,Ravenstein,2012,4.188179011308722,0.08591416016503681,NA,NA,NA,NA,NA
WK082814,Ravenstein,2014,4.150823341594861,0.04855849045117519,-0.015348550944343854,0.05573811967264511,0.037350405591415746,-0.062134142827505894,0.03295265895896381
WK082814,Ravenstein,2016,4.203937748704611,0.10167289756092635,NA,NA,NA,NA,NA
WK082814,Ravenstein,2018,4.1700761194319815,0.06781126828829602,-0.010763544666560274,0.05378940264048325,0.03723906218150263,-0.05857826336811639,0.04612461150098656
WK082814,Ravenstein,2020,4.1428770301919,0.04061217904821493,-0.007141147648929094,0.043563024216665164,0.03505310341731543,-0.07909554317461907,0.04823274223778221
WK082814,Ravenstein,2022,4.14703493521628,0.04477008407259471,-0.010639517330990106,0.0648823042461033,0.03310267825204066,-0.0896496065046717,0.04707422541011231
WK082815,Herpen,2002,4.1325773935012124,0.03031254235752691,NA,NA,NA,NA,NA
WK082815,Herpen,2008,4.153217008999997,0.05095215785631092,NA,NA,NA,NA,NA
WK082815,Herpen,2012,4.179819251293096,0.07755440014941044,NA,NA,NA,NA,NA
WK082815,Herpen,2014,4.154998488527318,0.05273363738363316,-0.019224866190572086,0.07403809003155305,0.06475416895765414,-0.11400593829181517,0.04717218287681297
WK082815,Herpen,2016,4.156904439796154,0.05463958865246884,NA,NA,NA,NA,NA
WK082815,Herpen,2018,4.175339646388308,0.07307479524462292,-0.010817423093478471,0.08549050697789569,0.0586452784531008,-0.10801053867713144,0.04776697158423607
WK082815,Herpen,2020,4.168723259707356,0.06645840856367083,-0.006711628821506559,0.0807833575102006,0.05802669436760679,-0.111670091105169,0.046030076612538724
WK082815,Herpen,2022,4.1624178101410525,0.06015295899736759,6.889738259226217e-4,0.08225813754308198,0.052299343979749675,-0.1204883057207369,0.045394809369349864
WK082816,Overlangel,2018,4.216728664587709,0.11446381344402422,-0.002788174308006349,0.0903212949364593,0.10169594229996125,-0.16009832634667728,0.08533307686228692
WK082816,Overlangel,2020,4.200376360160845,0.09811150901715927,-0.0016807813981113023,0.08460203200424542,0.09455396500663338,-0.1667343056038906,0.08737059900828205
WK082816,Overlangel,2022,4.197464264033579,0.09519941288989422,-0.020458853579475685,0.11388860781643359,0.08634815478099309,-0.1732173488212867,0.08863885269322973
WK082817,Deursen en Dennenburg,2018,4.225016237205939,0.12275138606225396,7.367096625843792e-4,0.09147654900284684,0.10966611314032255,-0.16998095387403875,0.09085296813053868
WK082817,Deursen en Dennenburg,2020,4.207812561503151,0.1055477103594661,-0.002692241378482258,0.09617136880327345,0.09543354737196263,-0.18259906942115994,0.0992341049838718
WK082817,Deursen en Dennenburg,2022,4.19841579981795,0.09615094867426464,-0.001702873998611751,0.09928052965935968,0.08698108241022433,-0.1836111391505892,0.09520334975388123
WK082818,Lith,2002,4.071390553861535,-0.03087429728214972,NA,NA,NA,NA,NA
WK082818,Lith,2008,4.071812401818886,-0.030452449324799038,NA,NA,NA,NA,NA
WK082818,Lith,2012,4.086028918194274,-0.016235932949410555,NA,NA,NA,NA,NA
WK082818,Lith,2014,4.127792347498963,0.025527496355278293,-0.0016117311869772851,0.08523845959976296,0.06822048441037824,-0.1687769309760656,0.04245721450817963
WK082818,Lith,2016,4.126694464749919,0.024429613606233344,NA,NA,NA,NA,NA
WK082818,Lith,2018,4.123995702618399,0.021730851474713295,0.0028016375139650845,0.0751160556781535,0.06474800843783281,-0.1682857621337927,0.047350911978554365
WK082818,Lith,2020,4.127678761340961,0.025413910197275808,0.005439190935359101,0.06712474901239564,0.05743509932878473,-0.15257009831779153,0.047984969238527665
WK082818,Lith,2022,4.13602881174269,0.033763960599004945,0.0119721557452537,0.08384748936617174,0.051558678304803464,-0.16682254069803013,0.05320817788080586
WK082819,Lithoijen,2002,4.118895996422867,0.01663114527918217,NA,NA,NA,NA,NA
WK082819,Lithoijen,2008,4.127826340954506,0.025561489810821385,NA,NA,NA,NA,NA
WK082819,Lithoijen,2012,4.158181656498723,0.055916805355037055,NA,NA,NA,NA,NA
WK082819,Lithoijen,2014,4.197433486463755,0.0951686353200694,-0.008863632801747146,0.08930982780602838,0.12275085484641947,-0.18220153134510927,0.07417311681447773
WK082819,Lithoijen,2016,4.2170827381552725,0.11481788701158684,NA,NA,NA,NA,NA
WK082819,Lithoijen,2018,4.219546170938735,0.11728131979505026,0.0035576801223303634,0.09462649224339005,0.1232490278187588,-0.1797016372014076,0.07554975681197845
WK082819,Lithoijen,2020,4.21739804270354,0.11513319155985374,9.524169041545304e-4,0.10519364090375903,0.10059399374492639,-0.16907529154752055,0.07746843155453412
WK082819,Lithoijen,2022,4.202791865324409,0.10052701418072384,-0.006996580347098361,0.10332426629077296,0.09898258480670326,-0.1768452993978906,0.08206204282823633
WK082820,Oijen,2002,4.056404086832952,-0.04586076431073306,NA,NA,NA,NA,NA
WK082820,Oijen,2008,4.038654150860092,-0.06361070028359353,NA,NA,NA,NA,NA
WK082820,Oijen,2012,4.046658330911649,-0.05560652023203632,NA,NA,NA,NA,NA
WK082820,Oijen,2014,4.103371638867092,0.001106787723406626,-0.008171782466524728,0.08141569900877135,0.08974478527811779,-0.21395892124603322,0.05207700714907523
WK082820,Oijen,2016,4.12618745764871,0.023922606505024722,NA,NA,NA,NA,NA
WK082820,Oijen,2018,4.119674508129207,0.017409656985521424,0.012473850585008318,0.07408249036942571,0.08924060660650479,-0.20831470917211029,0.04992741859669263
WK082820,Oijen,2020,4.106387942560712,0.0041230914170262735,0.0105417921772224,0.0706550904502487,0.0702233362635289,-0.20218835120902942,0.054891223735055374
WK082820,Oijen,2022,4.109774975318102,0.0075101241744167805,0.005113765056852427,0.08778162843745235,0.06795277009660408,-0.21138320654272985,0.05804516712623753
WK082821,Maren-Kessel,2002,4.103516270960908,0.001251419817222804,NA,NA,NA,NA,NA
WK082821,Maren-Kessel,2008,4.061834997646334,-0.04042985349735164,NA,NA,NA,NA,NA
WK082821,Maren-Kessel,2012,4.106371054463601,0.0041062033199161475,NA,NA,NA,NA,NA
WK082821,Maren-Kessel,2014,4.141470750465979,0.039205899322293535,-0.019252951600228222,0.0983664391268665,0.09172634252723233,-0.19168859040667838,0.06005465967510103
WK082821,Maren-Kessel,2016,4.1668213538955365,0.06455650275185139,NA,NA,NA,NA,NA
WK082821,Maren-Kessel,2018,4.156620673126217,0.054355821982532616,-0.012644754322781062,0.10565604862429843,0.09539550194823027,-0.19376515351639936,0.05971417924918401
WK082821,Maren-Kessel,2020,4.1401662826026975,0.03790143145901202,-0.011778915076552085,0.10088309373797984,0.08004753082182126,-0.19197819657108017,0.06072791854684292
WK082821,Maren-Kessel,2022,4.1478421784977515,0.045577327354066305,-0.020185201995978903,0.1166702975447472,0.07538252187540033,-0.1919194308338214,0.06562914076371877
WK082822,Geffen,2002,4.098278202282898,-0.0039866488607872095,NA,NA,NA,NA,NA
WK082822,Geffen,2008,4.061097491870697,-0.041167359272987446,NA,NA,NA,NA,NA
WK082822,Geffen,2012,4.0949087408972655,-0.007356110246419439,NA,NA,NA,NA,NA
WK082822,Geffen,2014,4.117779637104349,0.015514785960664114,-0.022041033635876426,0.04920737286122606,0.06571991681269539,-0.11537546643945265,0.03800399636207144
WK082822,Geffen,2016,4.113495277158788,0.011230426015102189,NA,NA,NA,NA,NA
WK082822,Geffen,2018,4.141766221588221,0.03950137044453584,-0.02445343306661319,0.06906335233499107,0.06282894061725276,-0.10719857064618411,0.03926108120508902
WK082822,Geffen,2020,4.1530542367688055,0.050789385625120066,-0.018329008705546095,0.06400112631955357,0.05528377458589111,-0.0953737695635317,0.0452072629887529
WK082822,Geffen,2022,4.171638787604601,0.06937393646091503,-0.018762113280895682,0.09692580529299535,0.05253191761334268,-0.10757025759061611,0.04624858442608853
WK084000,Wijk 00 Rucphen,2002,4.0828689365491835,-0.019395914594501896,NA,NA,NA,NA,NA
WK084000,Wijk 00 Rucphen,2008,4.058604561923283,-0.04366028922040207,NA,NA,NA,NA,NA
WK084000,Wijk 00 Rucphen,2012,4.109137827756984,0.0068729766132993525,NA,NA,NA,NA,NA
WK084000,Wijk 00 Rucphen,2014,4.103323740746353,0.0010588896026675343,0.003792658228454673,0.028280236376870906,0.05200095556051033,-0.1207634208412838,0.037748460278115195
WK084000,Wijk 00 Rucphen,2016,4.158155100969034,0.055890249825348945,NA,NA,NA,NA,NA
WK084000,Wijk 00 Rucphen,2018,4.147945409901802,0.0456805587581165,0.011623660352461086,0.06285323623221606,0.05186617434248044,-0.11870105965372829,0.038038547484686984
WK084000,Wijk 00 Rucphen,2020,4.1464442154442755,0.04417936430058971,0.011467922568795946,0.05159978605251924,0.04960299820649887,-0.1072947434947761,0.03880340096755147
WK084000,Wijk 00 Rucphen,2022,4.134838759705932,0.03257390856224615,0.017640868316834042,0.04410510152262695,0.04787004177624623,-0.11504100562752255,0.03799890257406116
WK084001,Wijk 01 Sint Willebrord,2002,4.006108795706211,-0.0961560554374739,NA,NA,NA,NA,NA
WK084001,Wijk 01 Sint Willebrord,2008,4.0215693774377,-0.08069547370598497,NA,NA,NA,NA,NA
WK084001,Wijk 01 Sint Willebrord,2012,4.047598545482661,-0.054666305661024844,NA,NA,NA,NA,NA
WK084001,Wijk 01 Sint Willebrord,2014,4.009231576081416,-0.09303327506226877,0.001686546067378548,-0.03203198752561511,0.02322201382903289,-0.09973236089578152,0.013822513462716167
WK084001,Wijk 01 Sint Willebrord,2016,4.090454886988568,-0.01180996415511722,NA,NA,NA,NA,NA
WK084001,Wijk 01 Sint Willebrord,2018,4.063420702751764,-0.038844148391920866,0.004348424677183712,0.0068401801764270955,0.021307494634484128,-0.0937365245862949,0.02239627670627883
WK084001,Wijk 01 Sint Willebrord,2020,4.0774029980502045,-0.024861853093480477,0.0034298419733774146,0.022573678028695577,0.020038537787077263,-0.08920061946871287,0.018296708586081845
WK084001,Wijk 01 Sint Willebrord,2022,4.06395514108261,-0.038309710061076016,0.011651917978920512,0.002850089923008218,0.014820950180695396,-0.08819427916002712,0.020561611016326708
WK084002,Wijk 02 Sprundel,2002,4.049813603283395,-0.052451247860289825,NA,NA,NA,NA,NA
WK084002,Wijk 02 Sprundel,2008,4.074903512045199,-0.027361339098485718,NA,NA,NA,NA,NA
WK084002,Wijk 02 Sprundel,2012,4.088080388098074,-0.014184463045610161,NA,NA,NA,NA,NA
WK084002,Wijk 02 Sprundel,2014,4.06955751346987,-0.03270733767381566,-0.01795944447092075,0.019258739937138177,0.05497498294326949,-0.1311409064517078,0.04215929036840504
WK084002,Wijk 02 Sprundel,2016,4.1324820464346095,0.03021719529092422,NA,NA,NA,NA,NA
WK084002,Wijk 02 Sprundel,2018,4.128999804215736,0.026734953072051485,0.001391754886819326,0.05282025462597272,0.05573223928911088,-0.1200777621427541,0.036868466412902375
WK084002,Wijk 02 Sprundel,2020,4.139713327285209,0.03744847614152421,7.350144194346439e-4,0.05955879675605698,0.04699585282148697,-0.1113347997561501,0.04149361190069539
WK084002,Wijk 02 Sprundel,2022,4.132730175236997,0.030465324093311645,0.002257706924264239,0.05589043495054766,0.042326288745774675,-0.11711941624621633,0.047110309718941104
WK084003,Wijk 03 Schijf,2002,4.090964881836905,-0.011299969306780455,NA,NA,NA,NA,NA
WK084003,Wijk 03 Schijf,2008,4.098084372718244,-0.004180478425441179,NA,NA,NA,NA,NA
WK084003,Wijk 03 Schijf,2012,4.150691034752084,0.04842618360839877,NA,NA,NA,NA,NA
WK084003,Wijk 03 Schijf,2014,4.128916862423141,0.02665201127945569,-0.003949643984207874,0.07372979486012465,0.08681545451175411,-0.18772711126467478,0.05778351715645926
WK084003,Wijk 03 Schijf,2016,4.170466323335068,0.06820147219138321,NA,NA,NA,NA,NA
WK084003,Wijk 03 Schijf,2018,4.152161251213501,0.049896400069816035,0.01729668642564905,0.08151615823104082,0.08545968589738136,-0.18763073222199014,0.05325460173773479
WK084003,Wijk 03 Schijf,2020,4.149948592777921,0.04768374163423639,0.008390336105705856,0.07856821556622147,0.0913910952255832,-0.1852028190877929,0.05453691382451847
WK084003,Wijk 03 Schijf,2022,4.150371158700705,0.04810630755701934,0.009385032679751442,0.08765310870935845,0.08522516207291425,-0.18922129970593662,0.05506430380093149
WK084004,Wijk 04 Zegge,2002,4.1149544579952195,0.012689606851533844,NA,NA,NA,NA,NA
WK084004,Wijk 04 Zegge,2008,4.055998067816255,-0.046266783327430186,NA,NA,NA,NA,NA
WK084004,Wijk 04 Zegge,2012,4.073276113270818,-0.028988737872867015,NA,NA,NA,NA,NA
WK084004,Wijk 04 Zegge,2014,4.049095322481832,-0.05316952866185368,-0.025616727198561978,0.02426332515625644,0.044415853406450836,-0.12944950351313567,0.03321752348713646
WK084004,Wijk 04 Zegge,2016,4.115237522476944,0.012972671333258653,NA,NA,NA,NA,NA
WK084004,Wijk 04 Zegge,2018,4.101990411919171,-2.7443922451412004e-4,-0.008938788707738411,0.05225230537306509,0.04378968860133085,-0.12499439879643895,0.037616754305267085
WK084004,Wijk 04 Zegge,2020,4.098943295233443,-0.0033215559102421103,-0.007759928037701455,0.048489805110688976,0.04332871497868501,-0.12669668117571245,0.039316533213797515
WK084004,Wijk 04 Zegge,2022,4.08747190332281,-0.014792947820875205,-0.010848376248464235,0.04379357480399275,0.04060295226259865,-0.1334467682889442,0.045105669649941546
WK084500,Wijk 00 Sint-Michielsgestel,2002,4.142510259362279,0.0402454082185936,NA,NA,NA,NA,NA
WK084500,Wijk 00 Sint-Michielsgestel,2008,4.154384672363122,0.05211982121943634,NA,NA,NA,NA,NA
WK084500,Wijk 00 Sint-Michielsgestel,2012,4.163976299682029,0.061711448538343816,NA,NA,NA,NA,NA
WK084500,Wijk 00 Sint-Michielsgestel,2014,4.1726697662124606,0.07040491506877597,-0.005818904402257483,0.054203987574594464,0.03752181726467937,-0.042017341807492614,0.026515356439251993
WK084500,Wijk 00 Sint-Michielsgestel,2016,4.182921361580498,0.08065651043681313,NA,NA,NA,NA,NA
WK084500,Wijk 00 Sint-Michielsgestel,2018,4.186714804519041,0.08444995337535548,-0.001197621822094694,0.06445188286445053,0.03222139135825292,-0.044711681848248884,0.033685982822995356
WK084500,Wijk 00 Sint-Michielsgestel,2020,4.232057107676034,0.12979225653234794,0.004441428614334217,0.08878697328517358,0.032631843367990014,-0.027886352037713464,0.0318183633025633
WK084500,Wijk 00 Sint-Michielsgestel,2022,4.2302036665648926,0.12793881542120694,0.0068252657278159035,0.07670913789809232,0.03383366333681616,-0.029798928008719756,0.040369676467202006
WK084501,Wijk 01 Gemonde,2002,4.231516639996262,0.12925178885257702,NA,NA,NA,NA,NA
WK084501,Wijk 01 Gemonde,2008,4.238700448103644,0.13643559695995847,NA,NA,NA,NA,NA
WK084501,Wijk 01 Gemonde,2012,4.20996603281651,0.1077011816728245,NA,NA,NA,NA,NA
WK084501,Wijk 01 Gemonde,2014,4.203520243075151,0.10125539193146563,-0.006992623605464534,0.1015473406558023,0.09609465938464203,-0.14204238055113116,0.052648396047616695
WK084501,Wijk 01 Gemonde,2016,4.2016449686626665,0.09938011751898124,NA,NA,NA,NA,NA
WK084501,Wijk 01 Gemonde,2018,4.2212507468996945,0.11898589575600868,-0.002618007124455885,0.108446149169725,0.09087171456282048,-0.13754909574126564,0.05983513488918445
WK084501,Wijk 01 Gemonde,2020,4.223055321178961,0.12079047003527556,-0.0034888575754000776,0.11241537460481847,0.08514074334339403,-0.13293271434963486,0.0596559240120977
WK084501,Wijk 01 Gemonde,2022,4.227574500251386,0.1253096491077005,5.002774208788354e-4,0.11171438659386022,0.08547416628831114,-0.14011789770312127,0.06773871650777127
WK084502,Wijk 02 Den Dungen,2002,4.198585753987345,0.09632090284365988,NA,NA,NA,NA,NA
WK084502,Wijk 02 Den Dungen,2008,4.1978567657942305,0.09559191465054545,NA,NA,NA,NA,NA
WK084502,Wijk 02 Den Dungen,2012,4.193369999958214,0.09110514881452901,NA,NA,NA,NA,NA
WK084502,Wijk 02 Den Dungen,2014,4.20899250639167,0.1067276552479848,-0.019522898057243873,0.07117701807085076,0.0630673820419136,-0.044639827233436964,0.03664598042590097
WK084502,Wijk 02 Den Dungen,2016,4.228048868551155,0.12578401740746956,NA,NA,NA,NA,NA
WK084502,Wijk 02 Den Dungen,2018,4.23161866258209,0.12935381143840452,-0.01621008679028497,0.082294063169504,0.0604211540444273,-0.0366574840480369,0.03950616506279489
WK084502,Wijk 02 Den Dungen,2020,4.233320635775022,0.13105578463133674,-0.014100601510148284,0.08353379675651969,0.055331125842080976,-0.03641259956610158,0.04270406310898564
WK084502,Wijk 02 Den Dungen,2022,4.2211727739085205,0.11890792276483517,-0.011412742817576083,0.06618924059637438,0.05246283354485276,-0.03794386758582723,0.04961245902701102
WK084503,Wijk 03 Berlicum,2002,4.105310727642527,0.003045876498842289,NA,NA,NA,NA,NA
WK084503,Wijk 03 Berlicum,2008,4.136114505792764,0.033849654649079415,NA,NA,NA,NA,NA
WK084503,Wijk 03 Berlicum,2012,4.159658363970006,0.057393512826321616,NA,NA,NA,NA,NA
WK084503,Wijk 03 Berlicum,2014,4.170481074437209,0.06821622329352396,-0.011284916233394171,0.06531912956159887,0.055829378672176314,-0.06908965484145417,0.027442286134596844
WK084503,Wijk 03 Berlicum,2016,4.194611817230179,0.09234696608649329,NA,NA,NA,NA,NA
WK084503,Wijk 03 Berlicum,2018,4.200107887404507,0.09784303626082193,-0.0121770060033242,0.08853492840209957,0.052842772688818734,-0.06605858371825753,0.03470092489148506
WK084503,Wijk 03 Berlicum,2020,4.21428078430223,0.11201593315854458,-0.009390349068030547,0.08930263010157163,0.04887872064797761,-0.05422443513569003,0.03744936661271561
WK084503,Wijk 03 Berlicum,2022,4.172786718919281,0.07052186777559587,-0.005507493741964461,0.05589182995540075,0.04346288927037509,-0.06376424603780305,0.0404388883295873
WK084504,Wijk 04 Middelrode,2002,4.138847453838399,0.03658260269471417,NA,NA,NA,NA,NA
WK084504,Wijk 04 Middelrode,2008,4.168366925363302,0.06610207421961733,NA,NA,NA,NA,NA
WK084504,Wijk 04 Middelrode,2012,4.185965101502343,0.08370025035865747,NA,NA,NA,NA,NA
WK084504,Wijk 04 Middelrode,2014,4.215678810611801,0.11341395946811653,-0.015616298680635418,0.10796800139945818,0.08543008976722759,-0.10455663413327415,0.04018880111534006
WK084504,Wijk 04 Middelrode,2016,4.1883331474226,0.08606829627891512,NA,NA,NA,NA,NA
WK084504,Wijk 04 Middelrode,2018,4.221895995578908,0.1196311444352225,-0.010751486473570417,0.10266611597534672,0.08239519806864776,-0.10036462911285915,0.04568594597765727
WK084504,Wijk 04 Middelrode,2020,4.224093178630708,0.12182832748702291,-0.0096640730084781,0.10721961370567247,0.07017664012458434,-0.09253061123041681,0.04662675789566065
WK084504,Wijk 04 Middelrode,2022,4.202987448480409,0.10072259733672324,-0.006083090942231763,0.08144326827174657,0.07030301271726223,-0.09955530797489166,0.054614715264837604
WK084700,Wijk 00 Someren,2002,4.095749440829486,-0.006515410314198769,NA,NA,NA,NA,NA
WK084700,Wijk 00 Someren,2008,4.101874484001342,-3.9036714234339675e-4,NA,NA,NA,NA,NA
WK084700,Wijk 00 Someren,2012,4.131660031092152,0.029395179948467184,NA,NA,NA,NA,NA
WK084700,Wijk 00 Someren,2014,4.134300200592507,0.032035349448820985,-0.0031046908294435267,0.054799477250650555,0.04562568359306678,-0.09143297698169384,0.02614785641624075
WK084700,Wijk 00 Someren,2016,4.1383435176482095,0.03607866650452364,NA,NA,NA,NA,NA
WK084700,Wijk 00 Someren,2018,4.146176575444243,0.04391172430055751,-0.006836568857442503,0.06469242319978045,0.04528324837727547,-0.09191430641061812,0.03268692799156192
WK084700,Wijk 00 Someren,2020,4.146440483845926,0.04417563270224063,-0.008684114171477,0.06383810265334255,0.04198250784237904,-0.08000844953937418,0.027047585917369946
WK084700,Wijk 00 Someren,2022,4.180326904754457,0.07806205361077241,-0.0023706350621059565,0.07926956690598551,0.041892275004468224,-0.07584058185538624,0.0351114286178106
WK084701,Wijk 01 Lierop,2002,4.275105692502031,0.17284084135834535,NA,NA,NA,NA,NA
WK084701,Wijk 01 Lierop,2008,4.251942997543404,0.14967814639971858,NA,NA,NA,NA,NA
WK084701,Wijk 01 Lierop,2012,4.27964512552547,0.17738027438178552,NA,NA,NA,NA,NA
WK084701,Wijk 01 Lierop,2014,4.234625449708738,0.13236059856505247,-0.01284006704547263,0.1096073618989514,0.0919022806623448,-0.1149262910934673,0.0586173141426959
WK084701,Wijk 01 Lierop,2016,4.24606259096137,0.14379773981768432,NA,NA,NA,NA,NA
WK084701,Wijk 01 Lierop,2018,4.235955267620122,0.13369041647643737,-0.016741455432273317,0.11401071080445095,0.09368288599828807,-0.11323464561113876,0.05597292071711006
WK084701,Wijk 01 Lierop,2020,4.233906421891367,0.13164157074768246,-0.015920815378704885,0.09683554640510648,0.0876468659793741,-0.10099636584932384,0.06407633959123028
WK084701,Wijk 01 Lierop,2022,4.219397233463579,0.11713238231989405,-0.013938934634216048,0.10185065157082017,0.0863922894502242,-0.12362425106541791,0.06645262699848344
WK084702,Wijk 02 Someren-Eind,2002,4.1690708173703745,0.06680596622668945,NA,NA,NA,NA,NA
WK084702,Wijk 02 Someren-Eind,2008,4.136605736336583,0.03434088519289806,NA,NA,NA,NA,NA
WK084702,Wijk 02 Someren-Eind,2012,4.153480432341399,0.051215581197714015,NA,NA,NA,NA,NA
WK084702,Wijk 02 Someren-Eind,2014,4.127393230939525,0.025128379795839925,-0.018406475063915628,0.08113259114827703,0.08150789423394253,-0.16855367707791297,0.04944804655544866
WK084702,Wijk 02 Someren-Eind,2016,4.126694165995735,0.024429314852049567,NA,NA,NA,NA,NA
WK084702,Wijk 02 Someren-Eind,2018,4.109396623539166,0.007131772395481405,-0.019278939064827343,0.07457741554981547,0.07243450215395784,-0.16832350379310937,0.04772229754964453
WK084702,Wijk 02 Someren-Eind,2020,4.117386871675735,0.015122020532049064,-0.019325332573266563,0.07158538324628202,0.06726204994572851,-0.15092844164482316,0.04652836155812793
WK084702,Wijk 02 Someren-Eind,2022,4.141863530119015,0.03959867897532985,-0.019562973516843697,0.09530951442540535,0.06731708154115366,-0.15263078845957853,0.049165844985192754
WK084703,Wijk 03 Somerense Heide,2002,4.243497310846852,0.14123245970316722,NA,NA,NA,NA,NA
WK084703,Wijk 03 Somerense Heide,2008,4.203649372580686,0.10138452143700045,NA,NA,NA,NA,NA
WK084703,Wijk 03 Somerense Heide,2012,4.2196269075984,0.11736205645471418,NA,NA,NA,NA,NA
WK084703,Wijk 03 Somerense Heide,2014,4.168327115558499,0.06606226441481466,-0.011557696213372009,0.10127633484637125,0.11517634832587087,-0.2035429196394277,0.064710197095372
WK084703,Wijk 03 Somerense Heide,2016,4.155387433846037,0.05312258270235115,NA,NA,NA,NA,NA
WK084703,Wijk 03 Somerense Heide,2018,4.1773300298275835,0.07506517868389809,-0.02254219908555312,0.11716644119493105,0.11851496950188312,-0.2032832523345928,0.06520921940722957
WK084703,Wijk 03 Somerense Heide,2020,4.162492634002618,0.060227782858933286,-0.024936157765048875,0.105390709779214,0.11363879470981085,-0.1994090027283335,0.06554343886329045
WK084703,Wijk 03 Somerense Heide,2022,4.181283224036399,0.07901837289271346,-0.02311012437908788,0.1152278657310319,0.10884388801353202,-0.1941972347769554,0.07225397830419256
WK084709,Wijk 09,2002,4.268714187739676,0.1664493365959918,NA,NA,NA,NA,NA
WK084709,Wijk 09,2008,4.290829829715885,0.18856497857219942,NA,NA,NA,NA,NA
WK084709,Wijk 09,2012,4.296707057479193,0.19444220633550696,NA,NA,NA,NA,NA
WK084709,Wijk 09,2014,4.360527025770677,0.2582621746269926,-0.04115874734874936,0.10256434007167342,0.23044153983703372,-0.10487703689894307,0.07129207896597793
WK084709,Wijk 09,2016,4.320764423348569,0.2184995722048843,NA,NA,NA,NA,NA
WK084709,Wijk 09,2018,4.291948820260986,0.18968396911730076,-0.05496195854086381,0.12937054110288232,0.14554536477222513,-0.10456012718731748,0.07429014897037424
WK084709,Wijk 09,2020,4.177504237146687,0.07523938600300127,-0.0640916988940508,0.03552704877596149,0.1296895817669256,-0.09870744160790362,0.0728218959620683
WK084709,Wijk 09,2022,4.233283761391488,0.13101891024780246,-0.049083344039054816,0.08877945868305157,0.12384712901509361,-0.10986886767425613,0.07734453426296778
WK084800,Wijk 00 Son,2002,4.148294851509073,0.046030000365387666,NA,NA,NA,NA,NA
WK084800,Wijk 00 Son,2008,4.158670169988322,0.05640531884463645,NA,NA,NA,NA,NA
WK084800,Wijk 00 Son,2012,4.167381037433604,0.06511618628991851,NA,NA,NA,NA,NA
WK084800,Wijk 00 Son,2014,4.173031769955539,0.07076691881185443,-0.00576310468056163,0.06477605574228798,0.04776286730228857,-0.06607462929135473,0.030065729739193973
WK084800,Wijk 00 Son,2016,4.17458509901325,0.07232024786956467,NA,NA,NA,NA,NA
WK084800,Wijk 00 Son,2018,4.190220263990017,0.08795541284633122,-0.005437080457937337,0.07022765145342982,0.04928142206055736,-0.059940480777193134,0.033823900567474245
WK084800,Wijk 00 Son,2020,4.201983073649511,0.09971822250582574,0.0024761504013858467,0.06981318161603317,0.04766923903232804,-0.05506944708358037,0.034829098539658765
WK084800,Wijk 00 Son,2022,4.204548864438295,0.10228401329460984,0.005394558931039421,0.06924333769024843,0.04858532075621554,-0.05573192909378927,0.03479272501089541
WK084801,Wijk 01 Breugel,2002,4.029456836675999,-0.07280801446768567,NA,NA,NA,NA,NA
WK084801,Wijk 01 Breugel,2008,4.024994262630975,-0.07727058851271018,NA,NA,NA,NA,NA
WK084801,Wijk 01 Breugel,2012,4.052639034068077,-0.049625817075607884,NA,NA,NA,NA,NA
WK084801,Wijk 01 Breugel,2014,4.095836477094957,-0.006428374048728655,-0.014169190326032364,0.050060279875192994,0.030225899069218562,-0.09460034396026523,0.022054981293157094
WK084801,Wijk 01 Breugel,2016,4.082443268244337,-0.019821582899349145,NA,NA,NA,NA,NA
WK084801,Wijk 01 Breugel,2018,4.124596204993599,0.022331353849914456,-0.006875979321233125,0.07153917422050089,0.028342628221731024,-0.09336928585976836,0.022694816588683664
WK084801,Wijk 01 Breugel,2020,4.139230884480375,0.03696603333668913,-9.248510462052801e-4,0.06753774216642479,0.0310904671997445,-0.08815838479799563,0.027421059814720487
WK084801,Wijk 01 Breugel,2022,4.147156520360315,0.04489166921662978,0.002532382268554673,0.06892310684732747,0.03383398230499461,-0.08932722680868836,0.02892942460444116
WK085100,Wijk 00 Steenbergen,2002,4.010652616376053,-0.0916122347676324,NA,NA,NA,NA,NA
WK085100,Wijk 00 Steenbergen,2008,4.021592655102307,-0.08067219604137885,NA,NA,NA,NA,NA
WK085100,Wijk 00 Steenbergen,2012,4.0342717130956824,-0.0679931380480026,NA,NA,NA,NA,NA
WK085100,Wijk 00 Steenbergen,2014,4.039900088340025,-0.06236476280365969,5.912757045904252e-4,0.021952496767544547,0.020005409606977526,-0.11390527112771842,0.008991326244945962
WK085100,Wijk 00 Steenbergen,2016,4.046203582467664,-0.056061268676021625,NA,NA,NA,NA,NA
WK085100,Wijk 00 Steenbergen,2018,4.038186011099152,-0.06407884004453354,0.007433679615587557,0.010565575120170975,0.020026748466541754,-0.11928865915012506,0.01718381590329093
WK085100,Wijk 00 Steenbergen,2020,4.040009012537271,-0.06225583860641404,0.007031844387251662,9.150798964002687e-4,0.017668162992589557,-0.11282319025105908,0.02495226436840329
WK085100,Wijk 00 Steenbergen,2022,4.060227772397738,-0.04203707874594757,0.007294408192368227,0.026048079384420518,0.01832273667421685,-0.115784934859503,0.02208263186254956
WK085101,Wijk 01 Kruisland,2002,4.108758328168628,0.006493477024943413,NA,NA,NA,NA,NA
WK085101,Wijk 01 Kruisland,2008,4.101148401063856,-0.0011164500798288822,NA,NA,NA,NA,NA
WK085101,Wijk 01 Kruisland,2012,4.102940362102581,6.755109588957028e-4,NA,NA,NA,NA,NA
WK085101,Wijk 01 Kruisland,2014,4.106000647883287,0.0037357967396022874,-0.018820350864434884,0.065681973881999,0.06673269009423134,-0.1649339012251572,0.05507538485296376
WK085101,Wijk 01 Kruisland,2016,4.128659246899753,0.0263943957560673,NA,NA,NA,NA,NA
WK085101,Wijk 01 Kruisland,2018,4.139514214311729,0.03724936316804401,-0.01602933667061644,0.09413361515700105,0.0692101972224428,-0.165378113540971,0.055313001000187365
WK085101,Wijk 01 Kruisland,2020,4.153542736196409,0.05127788505272348,-0.020826625005849184,0.09753182994410167,0.06643564931877448,-0.15038256035988845,0.058519591155584735
WK085101,Wijk 01 Kruisland,2022,4.142748197685215,0.04048334654152958,-0.008183604238288837,0.09882121812493085,0.06440446154031196,-0.1701370290311403,0.05557830014571575
WK085102,Wijk 02 De Heen,2002,3.8850586897970154,-0.21720616134666992,NA,NA,NA,NA,NA
WK085102,Wijk 02 De Heen,2008,3.9575131818135536,-0.14475166933013114,NA,NA,NA,NA,NA
WK085102,Wijk 02 De Heen,2012,3.960425213332852,-0.14183963781083336,NA,NA,NA,NA,NA
WK085102,Wijk 02 De Heen,2014,3.9948957264346383,-0.10736912470904718,8.977368863404e-4,0.06161097506292089,0.06362750829305164,-0.2075040400425617,-0.026001304908798695
WK085102,Wijk 02 De Heen,2016,4.016695148864873,-0.0855697022788127,NA,NA,NA,NA,NA
WK085102,Wijk 02 De Heen,2018,4.075362442364054,-0.02690240877963091,-0.007838982689858762,0.07971608242739997,0.05911706675465575,-0.21179423611881526,0.05389766084698717
WK085102,Wijk 02 De Heen,2020,4.0657217371788335,-0.03654311396485161,0.0053253143086899974,0.05290037763673964,0.05646619262001606,-0.2049172096502733,0.053682211119975745
WK085102,Wijk 02 De Heen,2022,4.08571469118244,-0.016550159961245228,0.007026271945111473,0.07478590520299062,0.054022764323885863,-0.21037954392411956,0.057994442490886124
WK085103,Wijk 03 Dinteloord,2002,3.9553278888378234,-0.14693696230586217,NA,NA,NA,NA,NA
WK085103,Wijk 03 Dinteloord,2008,3.9645746246120677,-0.13769022653161764,NA,NA,NA,NA,NA
WK085103,Wijk 03 Dinteloord,2012,3.975340588281858,-0.12692426286182762,NA,NA,NA,NA,NA
WK085103,Wijk 03 Dinteloord,2014,4.004224385980472,-0.098040465163213,-0.0024649117210962636,0.02344450586087623,0.028051554101667563,-0.1573434507378909,0.010271837333230116
WK085103,Wijk 03 Dinteloord,2016,4.027297151551776,-0.07496769959190963,NA,NA,NA,NA,NA
WK085103,Wijk 03 Dinteloord,2018,4.022148760751465,-0.08011609039222012,-5.808298261676055e-4,0.03331284929947345,0.02946068847305732,-0.1550257636262037,0.012716965287620107
WK085103,Wijk 03 Dinteloord,2020,4.018842832687483,-0.08342201845620247,-0.0016641932486477424,0.03096591321870583,0.02477530067402483,-0.1518394836103975,0.014340444510111827
WK085103,Wijk 03 Dinteloord,2022,4.032432379322809,-0.06983247182087654,0.0011457987508264654,0.04312665759421693,0.02170043029534692,-0.15416365133417875,0.018358292872911578
WK085104,Wijk 04 Nieuw-Vossemeer,2002,4.105391057143994,0.0031262060003089927,NA,NA,NA,NA,NA
WK085104,Wijk 04 Nieuw-Vossemeer,2008,4.096289556115926,-0.0059752950277591095,NA,NA,NA,NA,NA
WK085104,Wijk 04 Nieuw-Vossemeer,2012,4.043986485885381,-0.05827836525830393,NA,NA,NA,NA,NA
WK085104,Wijk 04 Nieuw-Vossemeer,2014,4.017493700522888,-0.084771150620798,0.02790242550558588,0.026002953183099857,0.049071260251688766,-0.20899500907357613,0.021247219512403322
WK085104,Wijk 04 Nieuw-Vossemeer,2016,4.044793871151078,-0.0574709799926074,NA,NA,NA,NA,NA
WK085104,Wijk 04 Nieuw-Vossemeer,2018,4.06109698730046,-0.04116786384322519,0.022173781339241343,0.06274668529621891,0.05045054119941186,-0.2123284628016992,0.03578959112360166
WK085104,Wijk 04 Nieuw-Vossemeer,2020,4.079769026748406,-0.022495824395279366,0.01669015608491559,0.0634627932154177,0.04813043948091145,-0.19234907942409496,0.041569866247570565
WK085104,Wijk 04 Nieuw-Vossemeer,2022,4.0701589281059976,-0.032105923037687084,0.021675390617106285,0.07720098025546934,0.0443921861280203,-0.20867442175049383,0.03329994171221055
WK085200,Wijk 00 Monnickendam,2002,4.079776035279469,-0.022488815864216038,NA,NA,NA,NA,NA
WK085200,Wijk 00 Monnickendam,2008,4.057041334836305,-0.045223516307379225,NA,NA,NA,NA,NA
WK085200,Wijk 00 Monnickendam,2012,4.067035210340352,-0.035229640803332456,NA,NA,NA,NA,NA
WK085200,Wijk 00 Monnickendam,2014,4.1305519641223745,0.02828711297868886,0.02872870803040881,0.051107945025904135,0.015476481437604729,-0.08684834095286414,0.019822319437635103
WK085200,Wijk 00 Monnickendam,2016,4.153615467276949,0.0513506161332641,NA,NA,NA,NA,NA
WK085200,Wijk 00 Monnickendam,2018,4.129882272037829,0.02761742089414352,0.01598361924245846,0.07013192965407017,0.014983112191301206,-0.09467148088752617,0.021190240693839606
WK085200,Wijk 00 Monnickendam,2020,4.139328801468905,0.03706395032522023,0.021364664906408818,0.06179674151910411,0.01707808699652283,-0.08606126761329859,0.022885724516482797
WK085200,Wijk 00 Monnickendam,2022,4.130944507412411,0.028679656268725918,0.02050581412524607,0.06394266809496402,0.01135374208628344,-0.08748118885239163,0.02035862081462377
WK085201,Wijk 01 Katwoude,2002,4.253286948608745,0.15102209746505982,NA,NA,NA,NA,NA
WK085201,Wijk 01 Katwoude,2008,4.183084980409622,0.08082012926593653,NA,NA,NA,NA,NA
WK085201,Wijk 01 Katwoude,2012,4.1609756829023565,0.05871083175867177,NA,NA,NA,NA,NA
WK085201,Wijk 01 Katwoude,2014,4.324340203177471,0.22207535203378587,0.008815935749656995,0.12598764858716274,0.12001976491198726,-0.13235206724437665,0.09960407002935544
WK085201,Wijk 01 Katwoude,2016,4.328218051859957,0.2259532007162715,NA,NA,NA,NA,NA
WK085201,Wijk 01 Katwoude,2018,4.365109989389015,0.2628451382453291,0.02027540309480453,0.12343206926650174,0.16123625581572534,-0.12968799532414668,0.08758940539244377
WK085201,Wijk 01 Katwoude,2020,4.315356159965027,0.21309130882134247,0.012100130615608641,0.13235004531658875,0.11135833301074562,-0.12329755321357891,0.0805803530919783
WK085201,Wijk 01 Katwoude,2022,4.305937315895971,0.20367246475228576,0.013919337611723554,0.12097509761748478,0.10627602443184843,-0.11864196468947552,0.08114396978070419
WK085202,Wijk 02 Marken,2002,4.117611545319858,0.015346694176172439,NA,NA,NA,NA,NA
WK085202,Wijk 02 Marken,2008,4.130206974821096,0.027942123677410904,NA,NA,NA,NA,NA
WK085202,Wijk 02 Marken,2012,4.125341081170422,0.023076230026737435,NA,NA,NA,NA,NA
WK085202,Wijk 02 Marken,2014,4.173085171510725,0.07082032036704028,0.06151514535137202,0.113388027617068,0.04588885276705388,-0.18695853636736595,0.036986830998912125
WK085202,Wijk 02 Marken,2016,4.161685436980887,0.05942058583720217,NA,NA,NA,NA,NA
WK085202,Wijk 02 Marken,2018,4.145320364697269,0.04305551355358361,0.050366794028905836,0.10973019437771835,0.04516270098626892,-0.19947672342586936,0.03727254758655959
WK085202,Wijk 02 Marken,2020,4.144479408398056,0.042214557254371315,0.05527824231008176,0.10452948371852881,0.0431475184279327,-0.1945018847420374,0.03376119753986521
WK085202,Wijk 02 Marken,2022,4.146796140509985,0.044531289366299555,0.05524937640426835,0.11414281970243374,0.036726524211625665,-0.19428707939651754,0.03269964844448905
WK085203,Wijk 03 Broek in Waterland,2002,4.139177055679044,0.036912204535358206,NA,NA,NA,NA,NA
WK085203,Wijk 03 Broek in Waterland,2008,4.096025094439717,-0.006239756703967717,NA,NA,NA,NA,NA
WK085203,Wijk 03 Broek in Waterland,2012,4.136010149928805,0.03374529878511967,NA,NA,NA,NA,NA
WK085203,Wijk 03 Broek in Waterland,2014,4.203605299804645,0.10134044866095906,0.014880863855798378,0.08523779421541143,0.05894275538885552,-0.11318337459181087,0.05546240979270433
WK085203,Wijk 03 Broek in Waterland,2016,4.167059165962256,0.06479431481857041,NA,NA,NA,NA,NA
WK085203,Wijk 03 Broek in Waterland,2018,4.208653199529424,0.10638834838573931,0.014705974524204841,0.09925309103641759,0.05990692042070951,-0.12127028797528891,0.05379265037969596
WK085203,Wijk 03 Broek in Waterland,2020,4.221532751272449,0.11926790012876427,0.021842260872099572,0.09602347114863974,0.05809924186169589,-0.10938843134940382,0.0526913575957326
WK085203,Wijk 03 Broek in Waterland,2022,4.192907009339019,0.09064215819533404,0.015424786776662655,0.0888876647668685,0.05142879768147436,-0.11848965097013155,0.05339055994045982
WK085204,Wijk 04 Ilpendam,2002,4.138750358368134,0.03648550722444913,NA,NA,NA,NA,NA
WK085204,Wijk 04 Ilpendam,2008,4.048250729703749,-0.05401412143993578,NA,NA,NA,NA,NA
WK085204,Wijk 04 Ilpendam,2012,4.0512753848933825,-0.050989466250302526,NA,NA,NA,NA,NA
WK085204,Wijk 04 Ilpendam,2014,4.151863330371077,0.04959847922739193,-0.004765537149253293,0.08113824103947319,0.04954379698228796,-0.10689003912711759,0.030572017482001404
WK085204,Wijk 04 Ilpendam,2016,4.114263546347752,0.011998695204066859,NA,NA,NA,NA,NA
WK085204,Wijk 04 Ilpendam,2018,4.122978394336045,0.02071354319235999,-0.014628080547851448,0.06260653662822391,0.04919250404363702,-0.11091637857299196,0.03445896164134212
WK085204,Wijk 04 Ilpendam,2020,4.169818289915771,0.06755343877208554,-0.007361121954098506,0.0940103181950682,0.05042153297111464,-0.10278976218623752,0.03327247174623835
WK085204,Wijk 04 Ilpendam,2022,4.15883919704798,0.05657434590429472,-0.0038282578553408874,0.08565252070362898,0.043251170920150815,-0.10527121828688128,0.03677013042273682
WK085205,Wijk 05 Watergang,2002,4.212871867145218,0.11060701600153214,NA,NA,NA,NA,NA
WK085205,Wijk 05 Watergang,2008,4.18164405153316,0.07937920038947477,NA,NA,NA,NA,NA
WK085205,Wijk 05 Watergang,2012,4.217459001118035,0.1151941499743496,NA,NA,NA,NA,NA
WK085205,Wijk 05 Watergang,2014,4.252233279931132,0.14996842878744682,-2.555937884871083e-4,0.07368275166285752,0.09214044111163487,-0.07850057004193674,0.062901399843378
WK085205,Wijk 05 Watergang,2016,4.309846581986661,0.20758173084297604,NA,NA,NA,NA,NA
WK085205,Wijk 05 Watergang,2018,4.27533696189533,0.17307211075164494,0.008484859666424243,0.07922366563443567,0.09626344487940901,-0.06983086493142222,0.05893100550279788
WK085205,Wijk 05 Watergang,2020,4.269315279181814,0.16705042803812906,0.0053981095658355285,0.08528776768573247,0.08413503479619473,-0.05792969344225252,0.05015920943261864
WK085205,Wijk 05 Watergang,2022,4.277051060413487,0.1747862092698014,0.008245517779797961,0.09619161198845945,0.07541096653949386,-0.058900907727985216,0.053839020690035044
WK085510,Binnenstad,2002,4.021254502412094,-0.08101034873159063,NA,NA,NA,NA,NA
WK085510,Binnenstad,2008,4.026972821422773,-0.07529202972091262,NA,NA,NA,NA,NA
WK085510,Binnenstad,2012,4.049959250633075,-0.052305600510610305,NA,NA,NA,NA,NA
WK085510,Binnenstad,2014,4.021308224604069,-0.08095662653961636,-0.026828402710994105,-0.14031011861411408,-0.0454085002074514,0.1518592058499603,-0.020268810857017344
WK085510,Binnenstad,2016,4.0485300727983144,-0.05373477834537076,NA,NA,NA,NA,NA
WK085510,Binnenstad,2018,4.02425822237873,-0.0780066287649551,-0.029377799920173524,-0.15066797804562343,-0.047457707659144595,0.156605369852363,-0.007108512992376866
WK085510,Binnenstad,2020,4.030634127513778,-0.07163072362990723,-0.02404085969227581,-0.16681569032430213,-0.05787446015227492,0.18785964167154917,-0.010759355132603858
WK085510,Binnenstad,2022,4.0468426172386,-0.055422233905085265,-0.03142740262904992,-0.15155285063562587,-0.05940334990169164,0.19079493021956423,-0.003833560958282351
WK085511,Hoogvenne,2002,4.0817553153464825,-0.020509535797202588,NA,NA,NA,NA,NA
WK085511,Hoogvenne,2008,4.098346951766196,-0.0039178993774891605,NA,NA,NA,NA,NA
WK085511,Hoogvenne,2012,4.138955106154222,0.03669025501053605,NA,NA,NA,NA,NA
WK085511,Hoogvenne,2014,4.122800280682532,0.020535429538846937,-0.02414555286356452,-0.07760389769728734,-0.0314769675074347,0.1458946717154348,0.007867175891698365
WK085511,Hoogvenne,2016,4.122477826874362,0.020212975730676184,NA,NA,NA,NA,NA
WK085511,Hoogvenne,2018,4.115422722136038,0.01315787099235219,-0.023304571776813696,-0.09263512836345042,-0.03663064769586516,0.1485619266940393,0.017166292134441832
WK085511,Hoogvenne,2020,4.129069693582284,0.026804842438599034,-0.017373653993344427,-0.11069739835713396,-0.03505073288910244,0.17061809218617152,0.019308535492008054
WK085511,Hoogvenne,2022,4.166685503191386,0.06442065204770063,-0.021774811910380467,-0.0631756202060041,-0.038462265647961805,0.17775638125614626,0.010076968555900453
WK085512,Armhoef,2002,4.2656404824408165,0.1633756312971316,NA,NA,NA,NA,NA
WK085512,Armhoef,2008,4.241556484147769,0.13929163300408381,NA,NA,NA,NA,NA
WK085512,Armhoef,2012,4.297437296382594,0.19517244523890886,NA,NA,NA,NA,NA
WK085512,Armhoef,2014,4.289083171009625,0.18681831986593925,-0.04104285676322938,0.06950594703553119,0.02951004448746148,0.10180873946009661,0.027036445646079037
WK085512,Armhoef,2016,4.283632819889667,0.1813679687459819,NA,NA,NA,NA,NA
WK085512,Armhoef,2018,4.261669991062657,0.1594051399189721,-0.04418783916952432,0.06134288083850558,0.024344763321342708,0.08944265919573838,0.02846267573290946
WK085512,Armhoef,2020,4.2710752493844275,0.16881039824074287,-0.03848878595569874,0.05443680021285874,0.021987875349328726,0.10456695539275009,0.0263075532415038
WK085512,Armhoef,2022,4.317320264587828,0.21505541344414322,-0.014629692401032218,0.06582091760340121,0.02290050452625218,0.1104119627075009,0.0305517210080209
WK085513,Jeruzalem,2002,3.808457921213703,-0.29380692992998264,NA,NA,NA,NA,NA
WK085513,Jeruzalem,2008,3.8679855717696348,-0.23427927937405085,NA,NA,NA,NA,NA
WK085513,Jeruzalem,2012,3.919235701549161,-0.1830291495945246,NA,NA,NA,NA,NA
WK085513,Jeruzalem,2014,3.9480093623608745,-0.15425548878281092,-0.019724727823025277,-0.15353954298814504,-0.05342812825542995,0.09018607865689869,-0.017749168373109612
WK085513,Jeruzalem,2016,3.9842450785077705,-0.11801977263591498,NA,NA,NA,NA,NA
WK085513,Jeruzalem,2018,4.014234543956488,-0.08803030718719701,-0.033551024634761034,-0.09833132491640706,-0.03709464373901243,0.08377242062825155,-0.0028257345252683664
WK085513,Jeruzalem,2020,4.0440586116903035,-0.05820623945338228,-0.040255155889644255,-0.08565438828487143,-0.028919488595986195,0.09288212510339755,0.0037406682137217932
WK085513,Jeruzalem,2022,4.134284673679221,0.032019822535535876,-0.016877197049457438,-0.020008632868700728,-0.023830586225502014,0.08884808730856766,0.0038881513706281318
WK085514,Fatima,2002,4.076887656457854,-0.025377194685831432,NA,NA,NA,NA,NA
WK085514,Fatima,2008,4.105670913753784,0.003406062610098195,NA,NA,NA,NA,NA
WK085514,Fatima,2012,4.1223331273617845,0.020068276218099118,NA,NA,NA,NA,NA
WK085514,Fatima,2014,4.038088942037981,-0.06417590910570424,-0.02009614307757293,-0.05176769942664285,-0.038597202471015585,0.09665200050785304,-0.050366864638326216
WK085514,Fatima,2016,4.05513829881114,-0.04712655233254513,NA,NA,NA,NA,NA
WK085514,Fatima,2018,4.085438604134449,-0.01682624700923657,-0.014624305843217772,-0.028079762421576445,-0.04132438118918756,0.0955586639471574,-0.028356461502412438
WK085514,Fatima,2020,4.12596849980667,0.023703648662985053,-0.015725999692537133,-0.03453413302098334,-0.03803344571281398,0.11239010575335154,-3.9287866403228406e-4
WK085514,Fatima,2022,4.149679403325555,0.04741455218186947,-0.011794483418263293,-0.026770328820700216,-0.03651803562333684,0.12276974803154274,-2.723479873731644e-4
WK085515,Broekhoven,2002,4.0055068447735485,-0.09675800637013644,NA,NA,NA,NA,NA
WK085515,Broekhoven,2008,4.028579390765489,-0.07368546037819676,NA,NA,NA,NA,NA
WK085515,Broekhoven,2012,4.050887639514298,-0.051377211629387104,NA,NA,NA,NA,NA
WK085515,Broekhoven,2014,3.930200013363615,-0.1720648377800704,-0.03639557568631081,-0.13868603661929674,-0.059019737084159606,0.10064232668413076,-0.03860581507443426
WK085515,Broekhoven,2016,3.9327336037016263,-0.16953124744205839,NA,NA,NA,NA,NA
WK085515,Broekhoven,2018,3.948321688051351,-0.1539431630923344,-0.034233081404104346,-0.11259480873910095,-0.06202175336409158,0.09174650021179798,-0.03684001979683576
WK085515,Broekhoven,2020,3.9751359936367443,-0.12712885750694136,-0.03309090740949305,-0.11168448971086628,-0.06288115599773467,0.10882881526127786,-0.028301119650125512
WK085515,Broekhoven,2022,3.954264032716462,-0.1480008184272231,-0.030815898794111455,-0.13239024861562326,-0.0644828103734518,0.10497075010226918,-0.025282610746306115
WK085516,Oerle,2002,3.9934109977155603,-0.10885385342812484,NA,NA,NA,NA,NA
WK085516,Oerle,2008,4.007010393711593,-0.09525445743209168,NA,NA,NA,NA,NA
WK085516,Oerle,2012,4.030155596202249,-0.07210925494143648,NA,NA,NA,NA,NA
WK085516,Oerle,2014,3.918331340013544,-0.18393351113014111,-0.030527900887803612,-0.12916568192271902,-0.05437678692332778,0.08757914459158397,-0.05744228598787498
WK085516,Oerle,2016,3.9115844693471016,-0.19068038179658373,NA,NA,NA,NA,NA
WK085516,Oerle,2018,3.9486626522578665,-0.15360219888581916,-0.03092711297648634,-0.1112513159091945,-0.05675188817894243,0.0797273982368793,-0.03439928005807546
WK085516,Oerle,2020,3.994968353653415,-0.10729649749027016,-0.027682411544339782,-0.10108140131851125,-0.059101524774068076,0.09906110048075813,-0.018492260334109445
WK085516,Oerle,2022,3.9804505497138027,-0.12181430142988246,-0.024065529741059275,-0.12029866310727079,-0.05958205526895203,0.09602201971112798,-0.013890073023728656
WK085517,Korvel,2002,3.9859558511141264,-0.11630900002955853,NA,NA,NA,NA,NA
WK085517,Korvel,2008,4.005370054874599,-0.09689479626908641,NA,NA,NA,NA,NA
WK085517,Korvel,2012,4.055108402731046,-0.04715644841264,NA,NA,NA,NA,NA
WK085517,Korvel,2014,3.950017012067274,-0.15224783907641107,-0.035165786079640916,-0.08942915767191136,-0.057195959286212184,0.06805772659626286,-0.03851466263490978
WK085517,Korvel,2016,3.970029622597511,-0.13223522854617445,NA,NA,NA,NA,NA
WK085517,Korvel,2018,3.999436944044077,-0.10282790709960832,-0.021975672985794465,-0.07867413559069085,-0.058808834771417816,0.06513902866871261,-0.008508292420418026
WK085517,Korvel,2020,4.008288153378588,-0.09397669776509651,-0.01719807504424482,-0.08488624820670453,-0.06045608876406952,0.07549288157340556,-0.006929167323483464
WK085517,Korvel,2022,4.019979966142932,-0.08228488500075333,-0.016966779458301735,-0.07844398159605007,-0.061163525829285616,0.07599528440365017,-0.0017058825207663746
WK085518,Trouwlaan - Uitvindersbuurt,2002,3.9565212454290433,-0.14574360571464223,NA,NA,NA,NA,NA
WK085518,Trouwlaan - Uitvindersbuurt,2008,3.994213662642076,-0.10805118850160948,NA,NA,NA,NA,NA
WK085518,Trouwlaan - Uitvindersbuurt,2012,4.0222948105864775,-0.07997004055720715,NA,NA,NA,NA,NA
WK085518,Trouwlaan - Uitvindersbuurt,2014,3.8770106190543587,-0.22525423208932632,-0.03439780499094271,-0.1648832854176662,-0.06455587496730401,0.09174645916313307,-0.05316372587654669
WK085518,Trouwlaan - Uitvindersbuurt,2016,3.893340468511175,-0.20892438263251015,NA,NA,NA,NA,NA
WK085518,Trouwlaan - Uitvindersbuurt,2018,3.915873341248743,-0.18639150989494196,-0.03069669508965323,-0.1578552858617685,-0.07088264883843964,0.0917368966900189,-0.018693776795099787
WK085518,Trouwlaan - Uitvindersbuurt,2020,3.970243475524177,-0.13202137561950844,-0.02687998299338062,-0.14264661269523063,-0.07348653025765148,0.11259980615190521,-0.0016080558251512088
WK085518,Trouwlaan - Uitvindersbuurt,2022,3.950714622784024,-0.1515502283596617,-0.02574709543915102,-0.15659131280437646,-0.0727785046644217,0.1103009981875209,-0.006734313639233676
WK085519,Sint Anna,2002,4.049866224416528,-0.05239862672715736,NA,NA,NA,NA,NA
WK085519,Sint Anna,2008,4.06186561518897,-0.04039923595471537,NA,NA,NA,NA,NA
WK085519,Sint Anna,2012,4.099943257543631,-0.002321593600054268,NA,NA,NA,NA,NA
WK085519,Sint Anna,2014,3.9614497435129468,-0.14081510763073837,-0.04005356271097556,-0.11894194408411288,-0.044031370071233575,0.10408603759930733,-0.04187426836372389
WK085519,Sint Anna,2016,3.9731051602854666,-0.12915969085821846,NA,NA,NA,NA,NA
WK085519,Sint Anna,2018,4.016094865988588,-0.08616998515509662,-0.03452066170399524,-0.11601330522489275,-0.04862729986500708,0.10468995599604072,0.00830132564275739
WK085519,Sint Anna,2020,4.070251667365596,-0.03201318377808917,-0.029937699625989134,-0.09430962968510015,-0.05342798530209749,0.12873382926371182,0.01692830157138544
WK085519,Sint Anna,2022,4.047911539602004,-0.05435331154168157,-0.031325736816848075,-0.1119951727995223,-0.05301694619566747,0.12790576423226274,0.01407878003809329
WK085520,Noordhoek,2002,4.01681034349978,-0.08545450764390573,NA,NA,NA,NA,NA
WK085520,Noordhoek,2008,4.016368327167522,-0.0858965239761629,NA,NA,NA,NA,NA
WK085520,Noordhoek,2012,4.033877362622305,-0.06838748852138027,NA,NA,NA,NA,NA
WK085520,Noordhoek,2014,4.0188663216832,-0.08339852946048473,-0.06710861590955924,-0.053462865937736886,-0.048569688125983786,0.0970894176014604,-0.011346777088665475
WK085520,Noordhoek,2016,4.020121796654036,-0.08214305448964976,NA,NA,NA,NA,NA
WK085520,Noordhoek,2018,4.008302931791034,-0.09396191935265139,-0.05888453882380595,-0.073248759891691,-0.05290837226750009,0.10195607400574799,-0.01087632237540265
WK085520,Noordhoek,2020,3.9960789274210624,-0.10618592372262303,-0.05748494773938564,-0.10178739686742881,-0.05740470090585516,0.11953905098256834,-0.009047929192522095
WK085520,Noordhoek,2022,4.00358485353699,-0.0986799976066958,-0.05883877303924994,-0.09295750165959327,-0.06535287213329803,0.12249319506214176,-0.004024045836696622
WK085521,Spoorzone Zuid,2002,3.930916011723687,-0.17134883941999782,NA,NA,NA,NA,NA
WK085521,Spoorzone Zuid,2008,3.9150042749411313,-0.18726057620255357,NA,NA,NA,NA,NA
WK085521,Spoorzone Zuid,2012,3.909787646604857,-0.19247720453882802,NA,NA,NA,NA,NA
WK085521,Spoorzone Zuid,2014,3.9099616081048416,-0.19230324303884355,-0.07142081612162991,-0.11222490405060816,-0.03089618296219455,0.08341290053781128,-0.061174240442222395
WK085521,Spoorzone Zuid,2016,3.796230740360313,-0.3060341107833724,NA,NA,NA,NA,NA
WK085521,Spoorzone Zuid,2018,3.8654104512306096,-0.236854399913076,-0.07061485490079035,-0.12910711824942064,-0.05156760161963759,0.1048986751410409,-0.09046350028426857
WK085521,Spoorzone Zuid,2020,3.8935596565230925,-0.2087051946205927,-0.07124715835273276,-0.14847296129556678,-0.04330401808056332,0.1320637191185628,-0.07774477601029303
WK085521,Spoorzone Zuid,2022,3.9221299017538462,-0.18013494938983893,-0.07003114772570627,-0.1434843458340983,-0.04107002057263767,0.15927369326326635,-0.08482312852066341
WK085522,Bouwmeester,2002,3.9798612169858045,-0.12240363415788096,NA,NA,NA,NA,NA
WK085522,Bouwmeester,2008,4.002502500479053,-0.0997623506646327,NA,NA,NA,NA,NA
WK085522,Bouwmeester,2012,4.030662228810796,-0.07160262233288973,NA,NA,NA,NA,NA
WK085522,Bouwmeester,2014,3.98545241742815,-0.11681243371553562,-0.04546422273734964,-0.08927430971392014,-0.04552313814959771,0.08153467795600332,-0.018085441070671743
WK085522,Bouwmeester,2016,4.024466276945082,-0.07779857419860271,NA,NA,NA,NA,NA
WK085522,Bouwmeester,2018,4.010836488121209,-0.09142836302247685,-0.04167824339922922,-0.07311115666137226,-0.0410835829513002,0.06528589988035619,-8.412798909316202e-4
WK085522,Bouwmeester,2020,4.016204847343087,-0.08606000380059779,-0.03920033108375515,-0.09518034760209815,-0.04046689500747949,0.08508196212394048,0.0037056077687942232
WK085522,Bouwmeester,2022,4.040497519223233,-0.061767331920452286,-0.03673619224012402,-0.08735056930061828,-0.0477357346653614,0.09534978938326877,0.014705374902382372
WK085523,De Hasselt,2002,3.9698430437304753,-0.13242180741320972,NA,NA,NA,NA,NA
WK085523,De Hasselt,2008,3.952411842539839,-0.149853008603846,NA,NA,NA,NA,NA
WK085523,De Hasselt,2012,3.9721199642600284,-0.13014488688365658,NA,NA,NA,NA,NA
WK085523,De Hasselt,2014,3.901573154303093,-0.20069169684059252,-0.04392481568435376,-0.14575123338626148,-0.05610393973792645,0.07405354044697351,-0.028965248479024642
WK085523,De Hasselt,2016,3.923746634867884,-0.1785182162758011,NA,NA,NA,NA,NA
WK085523,De Hasselt,2018,3.872850421277346,-0.22941442986633895,-0.03979542771236216,-0.16301836431710637,-0.0578628193963273,0.05211030487060719,-0.020848123311150622
WK085523,De Hasselt,2020,3.889070993310333,-0.21319385783335257,-0.03692598030221602,-0.16533548265151807,-0.057226294521012536,0.0727772692848697,-0.026483369643475873
WK085523,De Hasselt,2022,3.937587359355691,-0.16467749178799407,-0.033462045518537445,-0.1353609481416067,-0.05493539464062352,0.0774344115941864,-0.018353515081413054
WK085524,Het Goirke,2002,4.008215252154663,-0.0940495989890224,NA,NA,NA,NA,NA
WK085524,Het Goirke,2008,3.976707758987604,-0.12555709215608135,NA,NA,NA,NA,NA
WK085524,Het Goirke,2012,4.025306161579916,-0.07695868956376906,NA,NA,NA,NA,NA
WK085524,Het Goirke,2014,3.9242974888521553,-0.1779673622915296,-0.03893811293288066,-0.11356384176499897,-0.0483215726641554,0.06599567856842015,-0.043139513497915005
WK085524,Het Goirke,2016,3.9661769885766733,-0.13608786256701214,NA,NA,NA,NA,NA
WK085524,Het Goirke,2018,3.940030991163067,-0.1622338599806188,-0.03919789157291439,-0.10747832597301911,-0.05198248901447429,0.05142019176658505,-0.014995345186796382
WK085524,Het Goirke,2020,3.9454427084321306,-0.15682214271155479,-0.034164482365406444,-0.11564439536883481,-0.053259133694864166,0.06873730342514771,-0.022491434707597367
WK085524,Het Goirke,2022,3.9930151505272975,-0.10924970061638735,-0.032112548752966374,-0.099579219512118,-0.04801537334037117,0.07822240592391008,-0.00776496493484219
WK085525,Groeseind-Hoefstraat,2002,3.9954543766688007,-0.10681047447488415,NA,NA,NA,NA,NA
WK085525,Groeseind-Hoefstraat,2008,3.973683864426295,-0.12858098671739027,NA,NA,NA,NA,NA
WK085525,Groeseind-Hoefstraat,2012,4.021723091910833,-0.08054175923285219,NA,NA,NA,NA,NA
WK085525,Groeseind-Hoefstraat,2014,3.9522752686889784,-0.14998958245470687,-0.04385413198270635,-0.10480929747073454,-0.04528646235539921,0.06586982802594943,-0.02190951867181642
WK085525,Groeseind-Hoefstraat,2016,3.958715975569814,-0.143548875573871,NA,NA,NA,NA,NA
WK085525,Groeseind-Hoefstraat,2018,3.9518293361017816,-0.1504355150419036,-0.04342617519891451,-0.0816997025957348,-0.04823879132950174,0.04415453453407386,-0.021225380451826707
WK085525,Groeseind-Hoefstraat,2020,3.9781732831615626,-0.12409156798212277,-0.0433026694538364,-0.07737530313257346,-0.05173931204999637,0.06590983349421907,-0.017584116839935944
WK085525,Groeseind-Hoefstraat,2022,3.9819944620859413,-0.12027038905774386,-0.041747114353399215,-0.09374277593683886,-0.05953523022279879,0.08023529783495852,-0.005480566379665796
WK085526,Loven-Besterd,2002,4.043815090604351,-0.05844976053933391,NA,NA,NA,NA,NA
WK085526,Loven-Besterd,2008,4.027366995541924,-0.074897855601761,NA,NA,NA,NA,NA
WK085526,Loven-Besterd,2012,4.04994001709299,-0.052324834050695865,NA,NA,NA,NA,NA
WK085526,Loven-Besterd,2014,3.9457117962929917,-0.1565530548506932,-0.05398090508749845,-0.1314560852431601,-0.03914455479000586,0.08778810648636506,-0.01975961621639411
WK085526,Loven-Besterd,2016,3.931223542327423,-0.1710413088162619,NA,NA,NA,NA,NA
WK085526,Loven-Besterd,2018,3.971090638619023,-0.13117421252466238,-0.052246942918039545,-0.10910886186261448,-0.040763077677488165,0.057836835181976035,0.013107834751503527
WK085526,Loven-Besterd,2020,4.005568774973892,-0.09669607616979271,-0.05044751890748056,-0.10336188853273232,-0.04411486968415106,0.09100220013321013,0.010226000821360808
WK085526,Loven-Besterd,2022,4.028542584238215,-0.07372226690547022,-0.05117301164207216,-0.10783588443899254,-0.05338277719527772,0.11694050947920691,0.021728896891664982
WK085527,Theresia,2002,3.9830651114849607,-0.11919973965872466,NA,NA,NA,NA,NA
WK085527,Theresia,2008,3.9891743816741623,-0.11309046946952314,NA,NA,NA,NA,NA
WK085527,Theresia,2012,4.019186250992943,-0.08307860015074234,NA,NA,NA,NA,NA
WK085527,Theresia,2014,3.961356442240431,-0.1409084089032546,-0.0428930497914662,-0.11806437526826627,-0.04902304252016309,0.0847735381199948,-0.015701479443354115
WK085527,Theresia,2016,3.9742727241808544,-0.12799212696283074,NA,NA,NA,NA,NA
WK085527,Theresia,2018,3.971512065068828,-0.13075278607485694,-0.047476360497621196,-0.10847472944536543,-0.04754843429798087,0.07137259295454325,0.0013741452115670354
WK085527,Theresia,2020,3.991741311933746,-0.11052353920993889,-0.04751473773269339,-0.11774973046688378,-0.048516800663512195,0.09235448283288133,0.010903246820268851
WK085527,Theresia,2022,4.027393799611329,-0.07487105153235686,-0.043857349488717154,-0.11650270302331042,-0.055138587696770706,0.12138556590039973,0.019242022776041375
WK085528,Spoorzone Noord,2002,3.9985175631654895,-0.10374728797819571,NA,NA,NA,NA,NA
WK085528,Spoorzone Noord,2008,3.9672199026097554,-0.1350449485339301,NA,NA,NA,NA,NA
WK085528,Spoorzone Noord,2012,3.922361251930632,-0.17990359921305332,NA,NA,NA,NA,NA
WK085528,Spoorzone Noord,2014,3.671693070365431,-0.430571780778254,-0.08351387369331371,-0.3206900076965962,-0.07018428056448459,0.08279380771199624,-0.03897742653585603
WK085528,Spoorzone Noord,2016,3.7885884591145853,-0.31367639202910025,NA,NA,NA,NA,NA
WK085528,Spoorzone Noord,2018,3.8714073808838627,-0.23085747025982223,-0.10021169799676961,-0.14053566399845163,-0.042775388359934975,0.10189033866398074,-0.04922505856864711
WK085528,Spoorzone Noord,2020,3.861707338907768,-0.2405575122359173,-0.09532235867815318,-0.1722826026030245,-0.04426529800627952,0.11680943991608937,-0.045496692864549854
WK085528,Spoorzone Noord,2022,4.003090225511131,-0.09917462563255454,-0.06869073205737816,-0.14045879974975398,-0.039099310041892724,0.1547354353931579,-0.00566121917668778
WK085529,Kanaalzone,2002,4.040688546147399,-0.0615763049962867,NA,NA,NA,NA,NA
WK085529,Kanaalzone,2008,4.024368117912685,-0.07789673323100002,NA,NA,NA,NA,NA
WK085529,Kanaalzone,2012,4.048199100764016,-0.05406575037966923,NA,NA,NA,NA,NA
WK085529,Kanaalzone,2014,3.9902308622029254,-0.11203398894075965,-0.06182867001563747,-0.06695098193770728,-0.0033508826808881977,0.061946636476515056,-0.04185009078304203
WK085529,Kanaalzone,2016,3.952058729769818,-0.15020612137386719,NA,NA,NA,NA,NA
WK085529,Kanaalzone,2018,3.9225275530864354,-0.17973729805724997,-0.05788231218772975,-0.11285053810895937,-0.015177514095609431,0.04553853992609615,-0.03936547359104791
WK085529,Kanaalzone,2020,3.979425265979365,-0.12283958516431988,-0.056847347712082254,-0.09240586649034646,-0.012339775560375302,0.06467259379732407,-0.025919189198840304
WK085529,Kanaalzone,2022,3.9763258817027203,-0.12593896944096536,-0.060972697905371354,-0.1005606220777192,-0.018918521661970163,0.0716421659479166,-0.017129293743821515
WK085530,Moerenburg,2002,4.467742497974835,0.3654776468311496,NA,NA,NA,NA,NA
WK085530,Moerenburg,2008,4.384554997804125,0.28229014666043967,NA,NA,NA,NA,NA
WK085530,Moerenburg,2012,4.313521650377207,0.2112567992335217,NA,NA,NA,NA,NA
WK085530,Moerenburg,2014,4.453518838058969,0.3512539869152835,-0.05358622540853573,0.12700648327768688,0.11838400741545994,0.035172473827855384,0.12427724780281672
WK085530,Moerenburg,2016,4.53297505723718,0.4307102060934941,NA,NA,NA,NA,NA
WK085530,Moerenburg,2018,4.387420047129903,0.2851551959862179,-0.032410722858918044,0.10047921433641172,0.081185586539938015,0.025953982396900166,0.10994713557188585
WK085530,Moerenburg,2020,4.442192986035819,0.3399281348921335,-0.032247941964212226,0.1062682740271445,0.10694494481482147,0.028052681934980915,0.13091017607939862
WK085530,Moerenburg,2022,4.510590486682155,0.4083256355384691,-0.016626872573853247,0.10579897412449445,0.113017153652777,0.036585017805786144,0.16955136252926445
WK085531,De Leij,2002,4.176073270558824,0.07380841941513812,NA,NA,NA,NA,NA
WK085531,De Leij,2008,4.169964062618076,0.06769921147439113,NA,NA,NA,NA,NA
WK085531,De Leij,2012,4.211858938767205,0.10959408762351998,NA,NA,NA,NA,NA
WK085531,De Leij,2014,4.174863030225072,0.0725981790813873,-0.05898440176231205,0.023173021429021178,0.044456820083202855,0.061149258276291994,0.0028034810551830743
WK085531,De Leij,2016,4.385975768876118,0.2837109177324325,NA,NA,NA,NA,NA
WK085531,De Leij,2018,4.163933967113165,0.061669115969479896,-0.02576271337595994,0.0889519735668434,0.025968837563997864,-0.016357267012046983,-0.011131714773354513
WK085531,De Leij,2020,4.196984903352049,0.09472005220836341,-0.052929604037745416,0.07066198855712362,0.03285701948558717,0.04090798385089916,0.003222664352498739
WK085531,De Leij,2022,4.257361946537284,0.1550970953935989,-0.046196004584130305,0.07133063472994472,0.07299097076614093,0.05150489870255995,0.00546659577908321
WK085532,Groenewoud,2002,3.9097709504675584,-0.192493900676127,NA,NA,NA,NA,NA
WK085532,Groenewoud,2008,3.9423521750631147,-0.15991267608057033,NA,NA,NA,NA,NA
WK085532,Groenewoud,2012,3.957974004545048,-0.14429084659863695,NA,NA,NA,NA,NA
WK085532,Groenewoud,2014,3.896798898187806,-0.20546595295587913,-0.024264273260656014,-0.16294220527118014,-0.04918692623226323,0.07119155035430723,-0.040264098546087264
WK085532,Groenewoud,2016,3.955062901989469,-0.147201949154216,NA,NA,NA,NA,NA
WK085532,Groenewoud,2018,3.949510179241791,-0.15275467190189482,-0.02220960525516723,-0.10884677250711698,-0.04747462024266784,0.05875417099181849,-0.032977844888761564
WK085532,Groenewoud,2020,3.963563075646396,-0.1387017754972892,-0.016459647507491532,-0.11564608146054871,-0.04611147466185443,0.06718827458340308,-0.02767284645079786
WK085532,Groenewoud,2022,3.984015747834714,-0.11824910330897151,-0.019207780911524395,-0.1028816640554637,-0.03700557769903691,0.0585025227097601,-0.017656603352706943
WK085533,Stappegoor,2002,4.261680855123244,0.15941600397955943,NA,NA,NA,NA,NA
WK085533,Stappegoor,2008,4.232222900538961,0.1299580493952752,NA,NA,NA,NA,NA
WK085533,Stappegoor,2012,4.342341059246011,0.24007620810232563,NA,NA,NA,NA,NA
WK085533,Stappegoor,2014,4.265570439531487,0.16330558838780188,-0.005273213719199291,-0.029846865152280935,0.08079084219933438,0.047040442293545016,0.0705943827664022
WK085533,Stappegoor,2016,4.321304099674358,0.2190392485306729,NA,NA,NA,NA,NA
WK085533,Stappegoor,2018,4.288682277193428,0.18641742604974246,0.01313760112562953,-0.011186970389340738,0.10087991459299904,0.0514703475783664,0.032116533142088045
WK085533,Stappegoor,2020,4.227457499637222,0.12519264849353703,-0.017651079893030244,0.0058469586923785835,0.062079192017450296,0.03679471436407212,0.038122863312666004
WK085533,Stappegoor,2022,4.208943836346561,0.10667898520287616,-0.029662386941989582,0.016795570971040133,0.06212212744240269,0.024145326701971174,0.03327834702945148
WK085534,Bedrijventerrein Het Laar,2002,4.305251221808935,0.20298637066524938,NA,NA,NA,NA,NA
WK085534,Bedrijventerrein Het Laar,2008,4.292866235755675,0.19060138461198944,NA,NA,NA,NA,NA
WK085534,Bedrijventerrein Het Laar,2012,4.395122063514526,0.29285721237084106,NA,NA,NA,NA,NA
WK085534,Bedrijventerrein Het Laar,2014,4.383129161408245,0.2808643102645601,-0.02391335314499011,0.10059131793002006,0.10276974563965474,0.0234078619037124,0.07800873793616264
WK085534,Bedrijventerrein Het Laar,2016,4.333980102832847,0.23171525168916085,NA,NA,NA,NA,NA
WK085534,Bedrijventerrein Het Laar,2018,4.322614520091964,0.22034966894827882,-0.030703840593415032,0.054097387224613824,0.09074914847501653,0.027678365349555485,0.07852860849250767
WK085534,Bedrijventerrein Het Laar,2020,4.283811790950747,0.18154693980706194,-0.021758100280787993,0.03992001624700828,0.05654018140218234,0.027973945068021724,0.07887089737063768
WK085534,Bedrijventerrein Het Laar,2022,4.313777610062268,0.21151275891858357,-0.018189773640077442,0.051708637674518186,0.05835093723227686,0.038875346970797704,0.08076761068106807
WK085535,De Blaak,2002,4.14057768386703,0.038312832723344944,NA,NA,NA,NA,NA
WK085535,De Blaak,2008,4.18804449571502,0.08577964457133455,NA,NA,NA,NA,NA
WK085535,De Blaak,2012,4.241264321362856,0.13899947021917047,NA,NA,NA,NA,NA
WK085535,De Blaak,2014,4.253560118536116,0.1512952673924306,0.005587387316740735,0.04886862170635327,0.05817845882163514,-0.008971533184687706,0.04763233273238887
WK085535,De Blaak,2016,4.299327541569434,0.19706269042574873,NA,NA,NA,NA,NA
WK085535,De Blaak,2018,4.27574533047464,0.17348047933095526,0.014690568582105473,0.07247831303884414,0.05813933986638375,-0.016353212075276968,0.044525469918898615
WK085535,De Blaak,2020,4.293215429332183,0.19095057818849775,0.01618821630143617,0.08310069222874386,0.057385770027986095,-0.0071443930087882425,0.041420292639119574
WK085535,De Blaak,2022,4.2855438176583736,0.18327896651468847,0.019916122999618233,0.08242492630812924,0.055250119796281624,-0.020295548066069365,0.045983345476728464
WK085536,Zorgvlied,2002,4.13815346248752,0.03588861134383543,NA,NA,NA,NA,NA
WK085536,Zorgvlied,2008,4.1103482714125,0.008083420268814671,NA,NA,NA,NA,NA
WK085536,Zorgvlied,2012,4.135043217421047,0.032778366277361554,NA,NA,NA,NA,NA
WK085536,Zorgvlied,2014,4.129554261897861,0.027289410754176482,-0.020276240617610842,-0.005376033144576221,-0.003975121521083441,0.05690143551865307,1.5370518793623746e-5
WK085536,Zorgvlied,2016,4.1741166030326635,0.07185175188897841,NA,NA,NA,NA,NA
WK085536,Zorgvlied,2018,4.136705863369485,0.03444101222580018,-0.010750744585487733,-0.0012215132101176718,-0.002789824705445995,0.04333763983838376,0.00586545488846754
WK085536,Zorgvlied,2020,4.149394470929094,0.04712961978540859,-0.007427301702281688,0.004678171805881202,-0.0026701941517348286,0.04981373275869007,0.00273521107485356
WK085536,Zorgvlied,2022,4.162401118658328,0.060136267514641926,-0.0035342006902203205,0.016500940406888306,-0.006879560863169274,0.04687054542540119,0.00717854323574172
WK085537,De Reit,2002,4.022795907109491,-0.07946894403419436,NA,NA,NA,NA,NA
WK085537,De Reit,2008,3.990341051645678,-0.11192379949800721,NA,NA,NA,NA,NA
WK085537,De Reit,2012,4.050096135872316,-0.0521687152713688,NA,NA,NA,NA,NA
WK085537,De Reit,2014,4.042676985991749,-0.059587865151936675,-0.020592142129620634,-0.009772526568577375,-0.012295121203459101,0.041301028038902954,-0.0582291032891828
WK085537,De Reit,2016,4.091494202994015,-0.010770648149669172,NA,NA,NA,NA,NA
WK085537,De Reit,2018,4.069881732028568,-0.032383119115117306,-0.007742082282299807,0.0039269589083890475,-0.014647578597765379,0.033512523895988154,-0.04743294103942958
WK085537,De Reit,2020,4.086692642559262,-0.015572208584423701,-0.007247875244358137,0.006075577428481938,-0.009143729905615523,0.04552557437842355,-0.050781755241355774
WK085537,De Reit,2022,4.065412657546347,-0.03685219359733787,0.0012884299693850232,-0.006801100100066628,-0.01186258381165517,0.05000728084478441,-0.06948422049978575
WK085538,Het Zand,2002,3.9413993166500676,-0.16086553449361776,NA,NA,NA,NA,NA
WK085538,Het Zand,2008,3.9236273358388467,-0.17863751530483857,NA,NA,NA,NA,NA
WK085538,Het Zand,2012,3.938915106415357,-0.16334974472832786,NA,NA,NA,NA,NA
WK085538,Het Zand,2014,3.846004894210902,-0.2562599569327834,-0.019078823797073787,-0.135886051631042,-0.050509907195579934,0.048434910103759034,-0.099220084412846965
WK085538,Het Zand,2016,3.8734219803722625,-0.2288428707714231,NA,NA,NA,NA,NA
WK085538,Het Zand,2018,3.8519322393654924,-0.25033261177819294,-0.014962322362203866,-0.11252506949785236,-0.05851922373064668,0.030941178710085924,-0.09526717489757625
WK085538,Het Zand,2020,3.8639109780749266,-0.23835387306875835,-0.014668300213320896,-0.11189230779959045,-0.06219121816404029,0.046797844179565215,-0.09639989107137222
WK085538,Het Zand,2022,3.854720816845947,-0.24754403429773833,-0.015449415000151116,-0.12904601894365553,-0.05627071532213553,0.049149994648745865,-0.09592787968054231
WK085539,Wandelbos Noord,2002,3.83465866104707,-0.26760619009661507,NA,NA,NA,NA,NA
WK085539,Wandelbos Noord,2008,3.7868599454317793,-0.3154049057119057,NA,NA,NA,NA,NA
WK085539,Wandelbos Noord,2012,3.813629776753533,-0.28863507439015235,NA,NA,NA,NA,NA
WK085539,Wandelbos Noord,2014,3.726017676787045,-0.3762471743566395,-0.02331641161493261,-0.1932500920866796,-0.06675715922859889,-0.030758523625596158,-0.06216498780083254
WK085539,Wandelbos Noord,2016,3.763016029479675,-0.33924882166401016,NA,NA,NA,NA,NA
WK085539,Wandelbos Noord,2018,3.7642468241941,-0.33801802694958494,-0.02660335391016251,-0.15150011967852398,-0.056472849759005316,-0.03555030883022766,-0.06789139477166574
WK085539,Wandelbos Noord,2020,3.7803515925397093,-0.32191325860397596,-0.019296370803066922,-0.15818218361726846,-0.055535557778809315,-0.023011367578188353,-0.0658877788266432
WK085539,Wandelbos Noord,2022,3.842052561742075,-0.26021228940161023,-0.012992042388209363,-0.0978271241237087,-0.06499957690016303,-0.025886239986244126,-0.05850730600328525
WK085540,Wandelbos Zuid,2002,4.045677484082342,-0.056587367061343576,NA,NA,NA,NA,NA
WK085540,Wandelbos Zuid,2008,4.004586096540485,-0.09767875460320018,NA,NA,NA,NA,NA
WK085540,Wandelbos Zuid,2012,4.027184842954563,-0.07508000818912221,NA,NA,NA,NA,NA
WK085540,Wandelbos Zuid,2014,4.009903771897246,-0.09236107924643953,0.00941484905226313,-0.029007290410306377,0.019634925474041127,-0.029897788418480172,-0.06250577494395751
WK085540,Wandelbos Zuid,2016,4.051009835209382,-0.05125501593430352,NA,NA,NA,NA,NA
WK085540,Wandelbos Zuid,2018,4.086704900164319,-0.01555995097936599,0.009514305528397283,0.022476865890586405,0.024897175696666843,-0.03270839845704006,-0.03973989963797672
WK085540,Wandelbos Zuid,2020,4.0923576004094135,-0.009907250734271612,0.0148206494928183,-1.552554224974875e-5,0.021477480427891462,-0.016796392387221266,-0.029393462725510657
WK085540,Wandelbos Zuid,2022,4.1354723799775375,0.03320752883385184,0.021545809652231785,0.05462571265233875,0.01318525600550429,-0.021369374054700196,-0.03477987542152301
WK085541,De Oude Warande,2002,4.380979136696956,0.27871428555327094,NA,NA,NA,NA,NA
WK085541,De Oude Warande,2008,4.339413196547033,0.23714834540334784,NA,NA,NA,NA,NA
WK085541,De Oude Warande,2012,4.4271316459805785,0.32486679483689285,NA,NA,NA,NA,NA
WK085541,De Oude Warande,2014,4.334399577745136,0.2321347266014504,0.04748546066656636,0.10757991925420118,0.07827287952829408,-0.06614757831678257,0.06494404546917132
WK085541,De Oude Warande,2016,4.323496125025029,0.221231273881344,NA,NA,NA,NA,NA
WK085541,De Oude Warande,2018,4.39365361015618,0.29138875901249506,0.05235218907772942,0.15241324114930174,0.06533562916379967,-0.044318563179570364,0.06560626280123445
WK085541,De Oude Warande,2020,4.5374146256332075,0.4351497744895226,0.09486829233746323,0.14444124192684601,0.16677180667988245,-0.03671750402910601,0.06578593757443646
WK085541,De Oude Warande,2022,4.3966367521897745,0.29437190104608923,0.08894767690956526,0.07864227648953825,0.1253475027720455,-0.03467096785225996,0.03610541272720012
WK085542,Stokhasselt,2002,3.7633978189441843,-0.33886703219950076,NA,NA,NA,NA,NA
WK085542,Stokhasselt,2008,3.733137629393808,-0.36912722174987755,NA,NA,NA,NA,NA
WK085542,Stokhasselt,2012,3.755232035830985,-0.3470328153126998,NA,NA,NA,NA,NA
WK085542,Stokhasselt,2014,3.7341002402848207,-0.3681646108588646,-0.03065916145727627,-0.2042641074775375,-0.05611023819895767,-0.009221422046165934,-0.06790968167892752
WK085542,Stokhasselt,2016,3.783182915001465,-0.3190819361422199,NA,NA,NA,NA,NA
WK085542,Stokhasselt,2018,3.7772487629744917,-0.32501608816919303,-0.03146792393951462,-0.15753887522997148,-0.049684779033662856,-0.03295103129635599,-0.053373478669688355
WK085542,Stokhasselt,2020,3.7982117137418947,-0.30405313740179035,-0.03261965595576198,-0.14171993190022383,-0.05428892914741737,-0.010985674809829508,-0.06443894558855792
WK085542,Stokhasselt,2022,3.8519408865876636,-0.2503239645560212,-0.030634809931118008,-0.11436095776384156,-0.04895525129081707,-0.004172528510521741,-0.0522004170597231
WK085543,Heikant,2002,3.905144520656183,-0.1971203304875023,NA,NA,NA,NA,NA
WK085543,Heikant,2008,3.915575047239059,-0.18668980390462642,NA,NA,NA,NA,NA
WK085543,Heikant,2012,3.967530695294077,-0.1347341558496085,NA,NA,NA,NA,NA
WK085543,Heikant,2014,3.8905580965818096,-0.21170675456187535,-0.02345922804616239,-0.1203734553474281,-0.03988342082834886,0.01351161287179417,-0.04150226321173044
WK085543,Heikant,2016,3.887700975577479,-0.21456387556620632,NA,NA,NA,NA,NA
WK085543,Heikant,2018,3.88572053628503,-0.2165443148586554,-0.021124172694810397,-0.11406575668491487,-0.043259647671118666,-2.3464064549400145e-4,-0.037860097162317745
WK085543,Heikant,2020,3.902318812676374,-0.1999460384673117,-0.022202966615302418,-0.11432775656476106,-0.045829778044885555,0.018291110308977437,-0.035876647551340374
WK085543,Heikant,2022,3.9900063827442898,-0.11225846839939567,-0.015116130233852913,-0.052546400580090726,-0.03158534760560986,0.019423394204225335,-0.03243398418406781
WK085544,Quirijnstok,2002,3.979232865404027,-0.12303198573965776,NA,NA,NA,NA,NA
WK085544,Quirijnstok,2008,4.0214477893758565,-0.08081706176782856,NA,NA,NA,NA,NA
WK085544,Quirijnstok,2012,4.078719217889561,-0.023545633254124176,NA,NA,NA,NA,NA
WK085544,Quirijnstok,2014,4.041455924410981,-0.06080892673270432,-0.02258423342300538,-0.015915214619286987,-0.01382240641234222,0.002268853453329614,-0.010755925731399643
WK085544,Quirijnstok,2016,4.029408101755976,-0.07285674938770921,NA,NA,NA,NA,NA
WK085544,Quirijnstok,2018,4.059297426778403,-0.04296742436528246,-0.017280958512074875,-3.501421532554231e-4,-0.017470259149196535,-0.012759100106799261,0.004893035556043316
WK085544,Quirijnstok,2020,4.074779359553762,-0.02748549158992327,-0.01588728634107074,-0.010986925252092617,-0.021972403135655023,0.009585212058008462,0.01177591108088638
WK085544,Quirijnstok,2022,4.080417977189228,-0.021846873954457034,-0.014293337634840144,-0.006528503423780318,-0.021008773596786278,0.009957017344573858,0.010026723356375552
WK085545,Ind.terrein Loven,2002,4.139757706831573,0.03749285568788782,NA,NA,NA,NA,NA
WK085545,Ind.terrein Loven,2008,4.130110653463498,0.027845802319812506,NA,NA,NA,NA,NA
WK085545,Ind.terrein Loven,2012,4.132416009113912,0.030151157970226945,NA,NA,NA,NA,NA
WK085545,Ind.terrein Loven,2014,4.147376070330199,0.045111219186513965,-0.09945286801848627,0.031537540830376416,0.05809204191912296,0.035160925070267544,0.019773579385232977
WK085545,Ind.terrein Loven,2016,4.205898814512905,0.10363396336921993,NA,NA,NA,NA,NA
WK085545,Ind.terrein Loven,2018,4.135252838484839,0.0329879873411544,-0.09796135170767063,0.02151084571256849,0.0549409252487899,0.02007297017338975,0.03442459791407675
WK085545,Ind.terrein Loven,2020,4.176221327813153,0.07395647666946713,-0.0974386283177947,0.04902878036619507,0.051058468298197754,0.03596256795522683,0.035345288367641926
WK085545,Ind.terrein Loven,2022,4.199530302390941,0.09726545124725608,-0.09349627433317406,0.06625200639136261,0.04921783934814611,0.040783592872458786,0.03450828696846235
WK085546,Bosscheweg,2002,4.279409624796936,0.17714477365325043,NA,NA,NA,NA,NA
WK085546,Bosscheweg,2008,4.285071994063522,0.1828071429198363,NA,NA,NA,NA,NA
WK085546,Bosscheweg,2012,4.2729153954459145,0.17065054430222876,NA,NA,NA,NA,NA
WK085546,Bosscheweg,2014,4.291163214051166,0.1888983629074807,-0.047254637843139366,0.03718728659870295,0.08403127310983907,0.018487042666836415,0.09644739837524138
WK085546,Bosscheweg,2016,4.314618395940059,0.21235354479637372,NA,NA,NA,NA,NA
WK085546,Bosscheweg,2018,4.324746696207213,0.22248184506352783,-0.04179325522289311,0.06376278870676104,0.10248730599415504,0.009301162901688361,0.08872384268381596
WK085546,Bosscheweg,2020,4.414209564354839,0.31194471321115347,-0.03734917817619331,0.12911860896455427,0.10747772269436334,0.020372903451241667,0.09232465627718739
WK085546,Bosscheweg,2022,4.363901783261937,0.2616369321182517,-0.03377882684626311,0.08885933597793504,0.09446432892613789,0.022315901516766885,0.08977619254367458
WK085547,Gesworen Hoek,2002,3.77049049884998,-0.33177435229370544,NA,NA,NA,NA,NA
WK085547,Gesworen Hoek,2008,3.801998890952098,-0.3002659601915873,NA,NA,NA,NA,NA
WK085547,Gesworen Hoek,2012,3.820239892739588,-0.28202495840409714,NA,NA,NA,NA,NA
WK085547,Gesworen Hoek,2014,3.774337362821377,-0.3279274883223077,-0.025241644671168868,-0.13545795503170313,-0.037558271850317085,-0.07386879219847348,-0.05580082457064543
WK085547,Gesworen Hoek,2016,3.8607788444471884,-0.24148600669649684,NA,NA,NA,NA,NA
WK085547,Gesworen Hoek,2018,3.814229177401508,-0.2880356737421775,-0.025610463854616863,-0.09989691043449755,-0.03476711472986638,-0.08716160109534557,-0.0405995836278514
WK085547,Gesworen Hoek,2020,3.8050963871960914,-0.29716846394759383,-0.02542460224074193,-0.12749730269707846,-0.027681351435794692,-0.07137426769839007,-0.04519093987558894
WK085547,Gesworen Hoek,2022,3.8926736494853147,-0.20959120165837053,-0.03092294441333069,-0.04778110478994255,-0.03148352848544128,-0.07676551977324102,-0.02263810419641522
WK085548,Huibeven,2002,4.020234942925673,-0.08202990821801169,NA,NA,NA,NA,NA
WK085548,Huibeven,2008,3.9915588547559957,-0.11070599638768956,NA,NA,NA,NA,NA
WK085548,Huibeven,2012,3.9765112476505515,-0.12575360349313364,NA,NA,NA,NA,NA
WK085548,Huibeven,2014,3.990497952197652,-0.11176689894603338,-0.0018732851811016937,-0.05882642415097149,0.02050248660349535,-0.052232976147605116,-0.01933670006985074
WK085548,Huibeven,2016,4.070357284525921,-0.03190756661776433,NA,NA,NA,NA,NA
WK085548,Huibeven,2018,4.025341278406498,-0.07692357273718765,0.0010590497407696477,-0.024926140558412184,0.014107894317655367,-0.059388230937443526,-0.007776145299757236
WK085548,Huibeven,2020,3.9992342579955933,-0.10303059314809192,0.0015140798994740354,-0.06797766433803096,0.016002437007503794,-0.04375198126730554,-0.008817464449733593
WK085548,Huibeven,2022,4.099324542347149,-0.002940308796536432,0.003134451435079378,0.023216754603878058,0.012011234277967629,-0.05395717922516108,0.01265443011169936
WK085549,Campenhoef,2002,3.9835273962772977,-0.11873745486638765,NA,NA,NA,NA,NA
WK085549,Campenhoef,2008,3.968229990010664,-0.13403486113302118,NA,NA,NA,NA,NA
WK085549,Campenhoef,2012,3.977014470904007,-0.12525038023967794,NA,NA,NA,NA,NA
WK085549,Campenhoef,2014,4.061532894931381,-0.04073195621230395,0.0396562218845274,-0.02524411061930796,0.01225874363324355,-0.0545406730740291,-0.012862138036738167
WK085549,Campenhoef,2016,4.037096378781162,-0.06516847236252342,NA,NA,NA,NA,NA
WK085549,Campenhoef,2018,4.025090839808838,-0.0771740113348465,0.011112883638631844,-0.014642589097421577,-0.010820396229974069,-0.06193998539653218,-8.83924249550686e-4
WK085549,Campenhoef,2020,4.028939053662777,-0.07332579748090882,0.01209267620752126,-0.034720990409249544,-0.009089058300265258,-0.04777474375479086,0.0061663187758754295
WK085549,Campenhoef,2022,4.083488755470168,-0.01877609567351661,0.011063615190226483,0.018161954480453685,-0.008808812807621195,-0.05186197703110439,0.012669124494528557
WK085550,Heyhoef,2002,3.9722201624266575,-0.13004468871702743,NA,NA,NA,NA,NA
WK085550,Heyhoef,2008,3.9432356236762685,-0.15902922746741668,NA,NA,NA,NA,NA
WK085550,Heyhoef,2012,3.9881457509998826,-0.11411910014380279,NA,NA,NA,NA,NA
WK085550,Heyhoef,2014,3.961188596875981,-0.14107625426770395,0.020233381459157693,-0.10373317948518894,-0.018895764661322326,-0.03541310244834189,-0.003267589132008665
WK085550,Heyhoef,2016,4.081713443897335,-0.02055140724635076,NA,NA,NA,NA,NA
WK085550,Heyhoef,2018,3.994143322298439,-0.10812152884524638,0.021620065198145293,-0.08846837561556473,-0.009708481005946106,-0.03919241187010239,0.007627674448221296
WK085550,Heyhoef,2020,3.9897019750997984,-0.11256287604388696,0.028899709847491933,-0.12963792981922628,-0.006274918392706421,-0.009604834686535989,0.004055097007089587
WK085550,Heyhoef,2022,4.0976262217358865,-0.004638629407798682,0.04185495982548861,-0.02139816557151984,-0.009745793560312008,-0.025792047292374064,0.010442417190918141
WK085551,Heerevelden,2002,3.931689095690992,-0.17057575545269318,NA,NA,NA,NA,NA
WK085551,Heerevelden,2008,3.9192296502614195,-0.18303520088226555,NA,NA,NA,NA,NA
WK085551,Heerevelden,2012,3.9290089192011024,-0.17325593194258265,NA,NA,NA,NA,NA
WK085551,Heerevelden,2014,4.026662445232037,-0.07560240591164813,-0.00720444575453678,-0.016433918340899956,0.011267421902129792,-0.05473937339903832,-0.008492090319303192
WK085551,Heerevelden,2016,4.062654739982459,-0.03961011116122618,NA,NA,NA,NA,NA
WK085551,Heerevelden,2018,4.039958545271273,-0.06230630587241204,-0.00902328713124388,-0.007444324106526575,0.006804460962630669,-0.06117817213744279,0.008535016540170345
WK085551,Heerevelden,2020,4.061699892005849,-0.04056495913783632,-0.007876647660752415,-0.002693717837144476,0.008859575758653404,-0.04537647532822207,0.006522305929629036
WK085551,Heerevelden,2022,4.084598943693374,-0.017665907450311547,-0.01088331412535302,0.010638251594795839,0.012190815610942441,-0.05418283209365715,0.02457117156296006
WK085552,Dongewijk,2002,3.995898193053444,-0.1063666580902414,NA,NA,NA,NA,NA
WK085552,Dongewijk,2008,3.965870609490866,-0.13639424165281935,NA,NA,NA,NA,NA
WK085552,Dongewijk,2012,3.969481536812983,-0.1327833143307027,NA,NA,NA,NA,NA
WK085552,Dongewijk,2014,4.0179068002807545,-0.08435805086293098,-0.0010383744689886256,-0.009687954208786093,0.006725864758240195,-0.07005453601281514,-0.010303050930581602
WK085552,Dongewijk,2016,4.0228500736025925,-0.07941477754109234,NA,NA,NA,NA,NA
WK085552,Dongewijk,2018,4.019027741304966,-0.08323710983871896,-0.003480230736618083,-0.005311466139283264,0.004634371124112562,-0.08243597852093927,0.003356194434008722
WK085552,Dongewijk,2020,4.026678530755809,-0.07558632038787627,0.0025268326869496704,-0.01129790352778269,0.009646950118053383,-0.07195466744781212,-0.004507532217284683
WK085552,Dongewijk,2022,4.047059772156103,-0.05520507898758259,-1.7118015376000028e-4,0.004470506814724712,0.003110749250611035,-0.07536994664479925,0.012754791745640624
WK085553,Tuindorp De Kievit,2002,3.9706685476442156,-0.13159630349946924,NA,NA,NA,NA,NA
WK085553,Tuindorp De Kievit,2008,3.9550925773337218,-0.14717227380996367,NA,NA,NA,NA,NA
WK085553,Tuindorp De Kievit,2012,3.9725673832260293,-0.12969746791765566,NA,NA,NA,NA,NA
WK085553,Tuindorp De Kievit,2014,4.003795121105589,-0.09846973003809603,-0.01069578572629044,-0.018316444062981045,0.015479064386423986,-0.08001834648288789,-0.004918218152360959
WK085553,Tuindorp De Kievit,2016,4.022117388770689,-0.08014746237299568,NA,NA,NA,NA,NA
WK085553,Tuindorp De Kievit,2018,4.014476690443143,-0.0877881607005424,-0.011591750240557525,-0.006931934440341068,0.01583493398705631,-0.0874774137368222,0.0023780037301218407
WK085553,Tuindorp De Kievit,2020,4.036705254176942,-0.06555959696674271,-0.011016282979376561,-0.007459596110297911,0.014331718259542924,-0.07424987486707854,0.012834438730467088
WK085553,Tuindorp De Kievit,2022,4.0560970588882626,-0.046167792255423175,-0.014846147759243708,0.017985320793434532,0.017082957531489664,-0.08655282345020096,0.02016290062909702
WK085554,Leeuwerik,2002,3.9585858334022306,-0.1436790177414543,NA,NA,NA,NA,NA
WK085554,Leeuwerik,2008,3.9672378704887263,-0.13502698065495858,NA,NA,NA,NA,NA
WK085554,Leeuwerik,2012,3.955075091562048,-0.14718975958163744,NA,NA,NA,NA,NA
WK085554,Leeuwerik,2014,3.985298245419543,-0.11696660572414191,-0.019472370785935476,-0.01336289633127475,0.03264898234330491,-0.11033053533274975,-0.006449785617487171
WK085554,Leeuwerik,2016,4.007823746418416,-0.09444110472526979,NA,NA,NA,NA,NA
WK085554,Leeuwerik,2018,3.9871681420617424,-0.11509670908194256,-0.021643512746790286,0.0020570300478529807,0.02713628376784503,-0.1195239074057686,-0.003122602745081985
WK085554,Leeuwerik,2020,3.9893279108464315,-0.11293694029725343,-0.01995884915042239,-0.010045701696856386,0.026164723812221707,-0.11219162672621392,0.003094513464017269
WK085554,Leeuwerik,2022,4.032604488151495,-0.06966036299219024,-0.024434704446849826,0.029696037094867796,0.028836271758840102,-0.12634562800262628,0.022587660603577645
WK085555,Dalem Noord,2002,3.9606241010081824,-0.14164075013550295,NA,NA,NA,NA,NA
WK085555,Dalem Noord,2008,4.005127658468593,-0.09713719267509169,NA,NA,NA,NA,NA
WK085555,Dalem Noord,2012,3.9719950842084932,-0.130269766935192,NA,NA,NA,NA,NA
WK085555,Dalem Noord,2014,3.972131099491489,-0.13013375165219676,-0.006243922846247511,-0.010433372380081905,0.007559495017203838,-0.10034477613780236,-0.020671175305269098
WK085555,Dalem Noord,2016,4.016055496802052,-0.08620935434163313,NA,NA,NA,NA,NA
WK085555,Dalem Noord,2018,3.9895374605689313,-0.11272739057475362,0.004481503323862756,-0.011897479144474568,0.009061347551076251,-0.10318916491203897,-0.011183597393179347
WK085555,Dalem Noord,2020,4.031822195815698,-0.07044265532798759,0.009239969661624495,0.007638770086707899,0.011701961146869605,-0.09345380263030822,-0.005569553592881641
WK085555,Dalem Noord,2022,4.068075105979753,-0.03418974516393183,0.004841243520466475,0.033879374921008065,0.013878766955533696,-0.10265090360007757,0.01586177303913724
WK085556,Dalem Zuid,2002,3.920252562679696,-0.18201228846398904,NA,NA,NA,NA,NA
WK085556,Dalem Zuid,2008,3.9883784344867577,-0.1138864166569276,NA,NA,NA,NA,NA
WK085556,Dalem Zuid,2012,3.995323307770118,-0.10694154337356727,NA,NA,NA,NA,NA
WK085556,Dalem Zuid,2014,3.978966477189228,-0.12329837395445721,-0.0036206597562646148,-0.03462462185875679,0.005119803627056443,-0.08994821215725277,-2.246838092397677e-4
WK085556,Dalem Zuid,2016,4.005301812104927,-0.09696303903875875,NA,NA,NA,NA,NA
WK085556,Dalem Zuid,2018,4.005096498538093,-0.09716835260559271,0.011953405926802057,-0.015751596249637238,0.00218901906277308,-0.09487249587127884,-6.866854742520859e-4
WK085556,Dalem Zuid,2020,4.011996793666713,-0.09026805747697297,0.010557929161788899,-0.012987927336690432,0.005119328509421705,-0.09273418499620567,-2.2320281528771989e-4
WK085556,Dalem Zuid,2022,4.0488294225845625,-0.05343542855912334,0.012929174896261646,0.0036576554487769324,0.005196238115922488,-0.09982578759341898,0.024607290573334325
WK085557,Koolhoven,2002,4.053409953894301,-0.0488548972493849,NA,NA,NA,NA,NA
WK085557,Koolhoven,2008,4.067599809036789,-0.03466504210689637,NA,NA,NA,NA,NA
WK085557,Koolhoven,2012,4.099469355052906,-0.0027954960907792857,NA,NA,NA,NA,NA
WK085557,Koolhoven,2014,4.055833681938789,-0.046431169204896615,-0.03555272441952258,0.03086710998141108,0.05847233321492699,-0.10948965538648649,0.009271767404774095
WK085557,Koolhoven,2016,4.124050754979332,0.02178590383564671,NA,NA,NA,NA,NA
WK085557,Koolhoven,2018,4.092832218633074,-0.009432632510611582,-0.011878849522850399,0.0640600736312754,0.05690413534955799,-0.11548481121998884,-0.0030331807486060486
WK085557,Koolhoven,2020,4.145309256721258,0.04304440557757266,-0.010358148246002499,0.08680460389363583,0.050050524076642615,-0.10347780034123286,0.020025226194529327
WK085557,Koolhoven,2022,4.139969762584516,0.03770491144083114,-0.007948237937816932,0.07335409652571563,0.04147200320728957,-0.10158006259541952,0.03240711224106208
WK085558,Witbrant,2002,4.061235530108181,-0.04102932103550334,NA,NA,NA,NA,NA
WK085558,Witbrant,2008,4.188348720622943,0.08608386947925795,NA,NA,NA,NA,NA
WK085558,Witbrant,2012,4.143690847864322,0.04142599672063691,NA,NA,NA,NA,NA
WK085558,Witbrant,2014,4.103502096559193,0.0012372454155074454,0.020906943554911538,0.030794926728188565,0.026823542156608697,-0.08894846221185611,0.011660295187654511
WK085558,Witbrant,2016,4.119944313184693,0.01767946204100684,NA,NA,NA,NA,NA
WK085558,Witbrant,2018,4.133768517468631,0.03150366632494577,0.03520669855522231,0.059803035257713306,0.022225270946353896,-0.09652073291390321,0.010789394479559289
WK085558,Witbrant,2020,4.165373867947984,0.06310901680429983,0.03653510457350538,0.07744700557182785,0.022304032412375777,-0.08203774515168351,0.008860619398274079
WK085558,Witbrant,2022,4.192095816869443,0.08983096572575852,0.04103608490109693,0.08487371009276252,0.019105198104971022,-0.08006931096462984,0.024885283591557648
WK085559,Bedrijventerrein Kraaiven,2002,4.076288107546918,-0.025976743596767927,NA,NA,NA,NA,NA
WK085559,Bedrijventerrein Kraaiven,2008,4.020270787008282,-0.08199406413540379,NA,NA,NA,NA,NA
WK085559,Bedrijventerrein Kraaiven,2012,4.0768647927462665,-0.025400058397418605,NA,NA,NA,NA,NA
WK085559,Bedrijventerrein Kraaiven,2014,3.796868003285022,-0.3053968478586634,-0.19737864882662298,-0.18045972549038833,0.09238943995216171,-0.05412498397118318,0.03417707047736926
WK085559,Bedrijventerrein Kraaiven,2016,3.8036913597206023,-0.29857349142308326,NA,NA,NA,NA,NA
WK085559,Bedrijventerrein Kraaiven,2018,4.004351982389581,-0.09791286875410432,-0.2051138640465266,0.04126361929619944,0.11395711203012655,-0.0823182775142119,0.034298541480307886
WK085559,Bedrijventerrein Kraaiven,2020,4.033916904936204,-0.06834794620748122,-0.211266078464005,0.07936430260879106,0.14664591550999792,-0.06522164820977293,-0.01787043765249248
WK085559,Bedrijventerrein Kraaiven,2022,4.001244221439449,-0.10102062970423627,-0.22471191916951386,0.06583806957707974,0.1445734136835259,-0.0493576425270207,-0.037362551268307745
WK085560,Bedrijventerrein Vossenberg,2002,3.9949308423347967,-0.10733400880888846,NA,NA,NA,NA,NA
WK085560,Bedrijventerrein Vossenberg,2008,4.009261740475571,-0.09300311066811413,NA,NA,NA,NA,NA
WK085560,Bedrijventerrein Vossenberg,2012,4.07800381377737,-0.024261037366315324,NA,NA,NA,NA,NA
WK085560,Bedrijventerrein Vossenberg,2014,3.968714203852653,-0.1335506472910324,-0.1063919577895125,-0.08919265607487468,0.06055038059832316,-0.08852113038208485,0.09000471635711638
WK085560,Bedrijventerrein Vossenberg,2016,4.030633700427738,-0.07163115071594707,NA,NA,NA,NA,NA
WK085560,Bedrijventerrein Vossenberg,2018,4.192687638469022,0.09042278732533678,-0.08631807327615176,0.07700975039244874,0.12293957327894743,-0.11777361106977055,0.0945651479998627
WK085560,Bedrijventerrein Vossenberg,2020,4.219302416986727,0.11703756584304185,-0.0986588754088255,0.08338466665393497,0.13775226965946108,-0.10326691729178054,0.0978264222302514
WK085560,Bedrijventerrein Vossenberg,2022,4.227321795697247,0.1250569445535611,-0.11160663543519143,0.09281110691319695,0.13853208155928412,-0.09480997435969366,0.10013036587596472
WK085561,De Katsbogten,2002,4.380440225867888,0.27817537472420273,NA,NA,NA,NA,NA
WK085561,De Katsbogten,2008,4.322163197246622,0.21989834610293713,NA,NA,NA,NA,NA
WK085561,De Katsbogten,2012,4.231804392047498,0.12953954090381295,NA,NA,NA,NA,NA
WK085561,De Katsbogten,2014,4.237105820460068,0.13484096931638256,-0.08493011459226649,0.11402110164210422,0.048323275031037546,-0.06319102977953417,0.12061773701504139
WK085561,De Katsbogten,2016,4.277107954741884,0.17484310359819855,NA,NA,NA,NA,NA
WK085561,De Katsbogten,2018,4.228226072223368,0.125961221079682,-0.08944396154079813,0.10609085117154786,0.06375877921430526,-0.07117429804074943,0.11672985027537636
WK085561,De Katsbogten,2020,4.200647782214219,0.09838293107053343,-0.0841807684098732,0.024683977052719956,0.12167764562163219,-0.06379406738209756,0.09999614418815148
WK085561,De Katsbogten,2022,4.2279666852008955,0.12570183405721064,-0.10472892018631942,0.09170193547813353,0.10729345895582704,-0.04930587863087843,0.08074123844044784
WK085562,Buitengebied Tilburg Zuid-Oost,2002,4.536168275075412,0.43390342393172726,NA,NA,NA,NA,NA
WK085562,Buitengebied Tilburg Zuid-Oost,2008,4.446205572130817,0.34394072098713163,NA,NA,NA,NA,NA
WK085562,Buitengebied Tilburg Zuid-Oost,2012,4.478083850407874,0.3758189992641883,NA,NA,NA,NA,NA
WK085562,Buitengebied Tilburg Zuid-Oost,2014,4.470982523704771,0.3687176725610859,-0.054989734042702056,0.15295287251531672,0.1440059575011963,-0.022946732963410293,0.1496953095506854
WK085562,Buitengebied Tilburg Zuid-Oost,2016,4.52941544762024,0.42715059647655435,NA,NA,NA,NA,NA
WK085562,Buitengebied Tilburg Zuid-Oost,2018,4.373144763685743,0.2708799125420575,-0.04525174723304631,0.08397906857701293,0.1139512584001564,-0.01284058389646961,0.13104191669440365
WK085562,Buitengebied Tilburg Zuid-Oost,2020,4.348340830688213,0.24607597954452762,-0.05458153881943334,0.0655499817471028,0.10388221657992906,-6.436233564979891e-4,0.1318689433934265
WK085562,Buitengebied Tilburg Zuid-Oost,2022,4.460374111625367,0.3581092604816815,-0.030005788970406344,0.13268721672618344,0.1064056090286019,-0.0024700913920356984,0.15149231508933816
WK085563,Buitengebied Tilburg Zuid-West,2002,4.434675967630561,0.3324111164868754,NA,NA,NA,NA,NA
WK085563,Buitengebied Tilburg Zuid-West,2008,4.327428649512771,0.2251637983690853,NA,NA,NA,NA,NA
WK085563,Buitengebied Tilburg Zuid-West,2012,4.334678613147998,0.23241376200431324,NA,NA,NA,NA,NA
WK085563,Buitengebied Tilburg Zuid-West,2014,4.339218826816518,0.23695397567283277,-0.0090500280227058,0.06940038375471548,0.14247413983859716,-0.11538081321161243,0.14951029331383808
WK085563,Buitengebied Tilburg Zuid-West,2016,4.404119833300162,0.30185498215647694,NA,NA,NA,NA,NA
WK085563,Buitengebied Tilburg Zuid-West,2018,4.370543008284419,0.26827815714073394,0.014455249372743922,0.09967858384459341,0.1381206651062931,-0.11612682627186502,0.13215048508896812
WK085563,Buitengebied Tilburg Zuid-West,2020,4.23503468270551,0.1327698315618249,0.04585649154123154,0.07906840771204954,0.13850834701963816,-0.10736295365131876,-0.023300461059775634
WK085563,Buitengebied Tilburg Zuid-West,2022,4.460874754823262,0.3586099036795772,0.08123663643360568,0.07785462383643217,0.15960038062760146,-0.09725458101028304,0.1371728437922205
WK085564,Buitengebied Tilburg Noord-Oost,2002,4.201904331526908,0.09963948038322305,NA,NA,NA,NA,NA
WK085564,Buitengebied Tilburg Noord-Oost,2008,4.103759120742313,0.0014942695986274795,NA,NA,NA,NA,NA
WK085564,Buitengebied Tilburg Noord-Oost,2012,4.138312537363766,0.03604768622008069,NA,NA,NA,NA,NA
WK085564,Buitengebied Tilburg Noord-Oost,2014,4.101085791747468,-0.0011790593962173535,-0.09964723012235811,-0.02808020464388849,0.06637136135166197,-0.06407129364654024,0.12424830766490719
WK085564,Buitengebied Tilburg Noord-Oost,2016,4.1091949025945285,0.006930051450843439,NA,NA,NA,NA,NA
WK085564,Buitengebied Tilburg Noord-Oost,2018,4.108952306270639,0.006687455126953018,-0.08436207217165002,-0.006877013889892021,0.05768993215965214,-0.07814796309311775,0.11838457212196049
WK085564,Buitengebied Tilburg Noord-Oost,2020,4.152323313379959,0.050058462236273735,-0.08781194043157563,0.016719095495232438,0.07168860940985673,-0.06442847264029462,0.1138911704030546
WK085564,Buitengebied Tilburg Noord-Oost,2022,4.198770436292693,0.09650558514900835,-0.07301631277847438,0.06384794670338045,0.06978368270497674,-0.0646625900269631,0.1005528585460883
WK085565,Buitengebied Tilburg Noord-West,2002,3.7828450926785093,-0.31941975846517595,NA,NA,NA,NA,NA
WK085565,Buitengebied Tilburg Noord-West,2008,3.8825318845267835,-0.21973296661690167,NA,NA,NA,NA,NA
WK085565,Buitengebied Tilburg Noord-West,2012,3.982159098592503,-0.12010575255118239,NA,NA,NA,NA,NA
WK085565,Buitengebied Tilburg Noord-West,2014,4.0059621320213,-0.09630271912238506,-0.1495363328368562,0.020656852907230985,0.08956757975105169,-0.1396198294001209,0.08262901045630928
WK085565,Buitengebied Tilburg Noord-West,2016,4.122823663827327,0.02055881268364157,NA,NA,NA,NA,NA
WK085565,Buitengebied Tilburg Noord-West,2018,4.055519396878232,-0.04674545426545335,-0.12311929888744791,0.03095182441537373,0.11084918368508154,-0.14788762923619186,0.0824604657577309
WK085565,Buitengebied Tilburg Noord-West,2020,4.130658252301463,0.028393401157777172,-0.13243237944172428,0.08032060979218533,0.1446101612511032,-0.14956052406511788,0.085455533621330515
WK085565,Buitengebied Tilburg Noord-West,2022,4.157704691591916,0.05543984044823068,-0.14465039813579214,0.11565111863427449,0.15437107072830866,-0.1524586617447246,0.08252671096616379
WK085566,Berkel-Enschot,2002,4.16077369779768,0.05850884665399518,NA,NA,NA,NA,NA
WK085566,Berkel-Enschot,2008,4.159520029539844,0.057255178396158964,NA,NA,NA,NA,NA
WK085566,Berkel-Enschot,2012,4.181792934280731,0.07952808313704542,NA,NA,NA,NA,NA
WK085566,Berkel-Enschot,2014,4.17671421572715,0.07444936458346472,-0.030396806523413842,0.051107894220367996,0.045330214984727606,-0.02199553333924964,0.030403595241032345
WK085566,Berkel-Enschot,2016,4.191594942912554,0.0893300917688687,NA,NA,NA,NA,NA
WK085566,Berkel-Enschot,2018,4.209225004307683,0.1069601531639974,-0.022880967540487657,0.07465785078543578,0.04804653477483326,-0.027580242773206403,0.03471697791742216
WK085566,Berkel-Enschot,2020,4.221530238814005,0.119265387670319,-0.020184653086111667,0.07062997883274964,0.04769741779155411,-0.01791093773870753,0.03903358187083417
WK085566,Berkel-Enschot,2022,4.2304977056480135,0.12823285450432817,-0.011748679338958307,0.08149191436424132,0.042771792154371394,-0.02378410609069778,0.039501933415371296
WK085567,Udenhout,2002,4.0366058284718624,-0.06565902267182273,NA,NA,NA,NA,NA
WK085567,Udenhout,2008,4.073423758005723,-0.028841093137961835,NA,NA,NA,NA,NA
WK085567,Udenhout,2012,4.085005820097874,-0.017259031045811685,NA,NA,NA,NA,NA
WK085567,Udenhout,2014,4.183816826774473,0.08155197563078731,-0.0086132937512231,0.05506781990007858,0.04856106231122181,-0.0630833394337342,0.049619726604443956
WK085567,Udenhout,2016,4.2241137893920016,0.12184893824831566,NA,NA,NA,NA,NA
WK085567,Udenhout,2018,4.211699014321158,0.1094341631774723,-0.006497336137912457,0.08283743684528667,0.0532287957484792,-0.06797925208167589,0.04784451880329451
WK085567,Udenhout,2020,4.238366112227327,0.13610126108364187,-0.004825388756485816,0.09697557651505065,0.05758812036502437,-0.060465861856649664,0.04682881481670202
WK085567,Udenhout,2022,4.217771691630313,0.11550684048662781,-0.0014296837372605256,0.0876953786434818,0.04690094749152721,-0.06307656364015506,0.045416761729034055
WK085568,Biezenmortel,2002,4.114694633104102,0.012429781960416377,NA,NA,NA,NA,NA
WK085568,Biezenmortel,2008,4.096531576470872,-0.005733274672813872,NA,NA,NA,NA,NA
WK085568,Biezenmortel,2012,4.093646281121188,-0.008618570022497338,NA,NA,NA,NA,NA
WK085568,Biezenmortel,2014,4.1352165631279965,0.03295171198431123,-0.03956361343297254,0.08326672583421002,0.09078087392405172,-0.16355060887025366,0.0620183345292754
WK085568,Biezenmortel,2016,4.156807649261527,0.05454279811784144,NA,NA,NA,NA,NA
WK085568,Biezenmortel,2018,4.152916793037535,0.05065194189384924,-0.012772317603424095,0.08919229031409714,0.07943827993437533,-0.16109241052579745,0.05588609977459801
WK085568,Biezenmortel,2020,4.157378572216051,0.055113721072365826,-0.009735357896799898,0.09522041353093016,0.0703905935159448,-0.1550456356881783,0.05428370761046884
WK085568,Biezenmortel,2022,4.169063999099082,0.0667991479553973,-0.016849698450050965,0.11683425725883057,0.0697258083867263,-0.15778997731543673,0.054878758075327876
WK085800,Wijk 00 Valkenswaard,2002,4.062776596217727,-0.03948825492595823,NA,NA,NA,NA,NA
WK085800,Wijk 00 Valkenswaard,2008,4.068799707340269,-0.03346514380341605,NA,NA,NA,NA,NA
WK085800,Wijk 00 Valkenswaard,2012,4.090594140394267,-0.011670710749417711,NA,NA,NA,NA,NA
WK085800,Wijk 00 Valkenswaard,2014,4.092743502728759,-0.00952134841492673,-0.010731632605258001,0.0190017822834052,0.004818531406792149,-0.025097800920179363,0.0024877714203130133
WK085800,Wijk 00 Valkenswaard,2016,4.112647691690661,0.010382840546975705,NA,NA,NA,NA,NA
WK085800,Wijk 00 Valkenswaard,2018,4.12330532246767,0.021040471323984004,-0.009252918583695658,0.039279950564257045,0.0039712881695253156,-0.024783482783903465,0.011825633957800534
WK085800,Wijk 00 Valkenswaard,2020,4.137792990565472,0.03552813942178656,-0.005964805570381328,0.04385473743372349,0.002631914562725399,-0.018640607404708534,0.013646900400427249
WK085800,Wijk 00 Valkenswaard,2022,4.148419487495873,0.04615463635218763,-0.0011164002774149587,0.04136361312183607,0.0018430096917253448,-0.015708639746434,0.0197730535624749
WK085801,Wijk 01 Kloosterakkers en Dommelen,2002,4.051076908286598,-0.05118794285708714,NA,NA,NA,NA,NA
WK085801,Wijk 01 Kloosterakkers en Dommelen,2008,4.045735641892868,-0.056529209250817315,NA,NA,NA,NA,NA
WK085801,Wijk 01 Kloosterakkers en Dommelen,2012,4.081274685060062,-0.020990166083623984,NA,NA,NA,NA,NA
WK085801,Wijk 01 Kloosterakkers en Dommelen,2014,4.100086324596631,-0.00217852654705467,0.0024605418581566912,0.04903015634539282,0.014104104502093505,-0.09306971567950838,0.02529638642681039
WK085801,Wijk 01 Kloosterakkers en Dommelen,2016,4.122380486283541,0.020115635139856106,NA,NA,NA,NA,NA
WK085801,Wijk 01 Kloosterakkers en Dommelen,2018,4.099863470161354,-0.002401380982330643,0.01074129745511494,0.04067640194378571,0.01134505668071076,-0.0929172765669174,0.027753139504975047
WK085801,Wijk 01 Kloosterakkers en Dommelen,2020,4.116272222444819,0.014007371301134384,0.012509087533318187,0.04600518864037119,0.009776918298164749,-0.08427629754249139,0.02999247437177134
WK085801,Wijk 01 Kloosterakkers en Dommelen,2022,4.1282743292267545,0.026009478083069207,0.01620855738759146,0.05679903513469457,0.014845522736697491,-0.09389191112724965,0.032048273951335034
WK085802,Wijk 02 Borkel en Schaft,2002,4.118256086035903,0.01599123489221868,NA,NA,NA,NA,NA
WK085802,Wijk 02 Borkel en Schaft,2008,4.086430868534071,-0.01583398260961396,NA,NA,NA,NA,NA
WK085802,Wijk 02 Borkel en Schaft,2012,4.073984262360845,-0.02828058878284005,NA,NA,NA,NA,NA
WK085802,Wijk 02 Borkel en Schaft,2014,4.163888100908609,0.06162324976492363,0.006507378334738524,0.11030598208262304,0.10435783302219938,-0.22486691695416425,0.06531897327952667
WK085802,Wijk 02 Borkel en Schaft,2016,4.1452604090465925,0.042995557902907294,NA,NA,NA,NA,NA
WK085802,Wijk 02 Borkel en Schaft,2018,4.157754105944351,0.05548925480066561,0.0240423252915031,0.09059514787923141,0.10057282132738377,-0.22394042450960314,0.06421938481215021
WK085802,Wijk 02 Borkel en Schaft,2020,4.187689651060272,0.08542479991658695,0.016898196302013585,0.11184273704788403,0.09613620919650731,-0.20638722066264742,0.06693487803282908
WK085802,Wijk 02 Borkel en Schaft,2022,4.163667635659449,0.061402784515763774,0.02628713949152405,0.10324406212367482,0.08813687750996178,-0.2211277803594312,0.06486248575003394
WK086100,Wijk 00 Veldhoven,2002,4.118364687285404,0.016099836141719354,NA,NA,NA,NA,NA
WK086100,Wijk 00 Veldhoven,2008,4.107408692965643,0.005143841821957475,NA,NA,NA,NA,NA
WK086100,Wijk 00 Veldhoven,2012,4.121510715974728,0.01924586483104299,NA,NA,NA,NA,NA
WK086100,Wijk 00 Veldhoven,2014,4.1321351073091135,0.029870256165428592,-0.012276008769282346,0.02914872704807989,0.01005521166223991,-0.005680427274385934,0.008622753498776791
WK086100,Wijk 00 Veldhoven,2016,4.1479826644126225,0.045717813268937674,NA,NA,NA,NA,NA
WK086100,Wijk 00 Veldhoven,2018,4.165162723118722,0.06289787197503675,-0.007014961337354789,0.04331571616868823,0.006708244653841199,0.00355327642581539,0.016335596064046453
WK086100,Wijk 00 Veldhoven,2020,4.1815874123678265,0.07932256122414119,-0.004528603794220121,0.042473836879818906,0.004813860607272009,0.020755692365223517,0.015807775166046603
WK086100,Wijk 00 Veldhoven,2022,4.183431627302981,0.08116677615929527,-0.0016897685674612274,0.04067265745658589,0.007949860684267984,0.01601783240677054,0.018216194179131825
WK086101,Wijk 01 Noordelijk Woongebied,2002,4.116473619753342,0.01420876860965686,NA,NA,NA,NA,NA
WK086101,Wijk 01 Noordelijk Woongebied,2008,4.120332651244199,0.018067800100514342,NA,NA,NA,NA,NA
WK086101,Wijk 01 Noordelijk Woongebied,2012,4.118901532952106,0.016636681808420147,NA,NA,NA,NA,NA
WK086101,Wijk 01 Noordelijk Woongebied,2014,4.124798220458708,0.022533369315022884,-0.004331409510598242,0.02946923791433327,0.01931969663154006,-0.04415469077376357,0.022230535053511104
WK086101,Wijk 01 Noordelijk Woongebied,2016,4.169876104787998,0.06761125364431363,NA,NA,NA,NA,NA
WK086101,Wijk 01 Noordelijk Woongebied,2018,4.188895201585816,0.08663035044213088,0.0017136448839333478,0.07295411021411696,0.01978085218430234,-0.03726860350351326,0.0294503466632912
WK086101,Wijk 01 Noordelijk Woongebied,2020,4.214537038144764,0.11227218700107826,0.005170139488541877,0.08745687645482914,0.020646606365321753,-0.02796528147668592,0.026963846169071142
WK086101,Wijk 01 Noordelijk Woongebied,2022,4.191169907329053,0.08890505618536791,0.008584297342291176,0.06729473778882086,0.015574766012871855,-0.03385810076757506,0.03130935580895878
WK086102,Wijk 02 Oerle,2002,4.166189743927114,0.06392489278342899,NA,NA,NA,NA,NA
WK086102,Wijk 02 Oerle,2008,4.1618995754830745,0.05963472433938926,NA,NA,NA,NA,NA
WK086102,Wijk 02 Oerle,2012,4.171270426108527,0.06900557496484222,NA,NA,NA,NA,NA
WK086102,Wijk 02 Oerle,2014,4.1887783996952335,0.08651354855154782,-0.018901322336521583,0.0747918002928057,0.07386717108187309,-0.0892202488171214,0.0459761483305117
WK086102,Wijk 02 Oerle,2016,4.226428965324655,0.12416411418096966,NA,NA,NA,NA,NA
WK086102,Wijk 02 Oerle,2018,4.221812144154572,0.11954729301088647,-0.007217475146818174,0.09698596874072334,0.0685580307021054,-0.0854417175345963,0.04666248624947195
WK086102,Wijk 02 Oerle,2020,4.244218976663374,0.14195412551968875,-0.007757123018886706,0.10782665461742848,0.06465761102332022,-0.06747548031996621,0.044702463217792685
WK086102,Wijk 02 Oerle,2022,4.19131982675301,0.0890549756093249,-0.006817963087735302,0.0814324115499905,0.04493716656792676,-0.07293763863585385,0.04244099921499655
WK086500,Wijk 00 Vught,2002,4.193329774768183,0.09106492362449763,NA,NA,NA,NA,NA
WK086500,Wijk 00 Vught,2008,4.193127015865898,0.09086216472221291,NA,NA,NA,NA,NA
WK086500,Wijk 00 Vught,2012,4.205688300427008,0.1034234492833229,NA,NA,NA,NA,NA
WK086500,Wijk 00 Vught,2014,4.244969234983012,0.14270438383932618,-0.01258143908901788,0.05437753772529367,0.028306042707659247,0.03782069105522144,0.03478155144016943
WK086500,Wijk 00 Vught,2016,4.245620778469874,0.1433559273261893,NA,NA,NA,NA,NA
WK086500,Wijk 00 Vught,2018,4.258462427270853,0.15619757612716825,-0.013278854928451104,0.06057022978679731,0.03214852623463048,0.03595194983370712,0.040805725200484186
WK086500,Wijk 00 Vught,2020,4.266003238151302,0.16373838700761625,-0.009222657142306436,0.06282359983337585,0.029366990348689167,0.04662674053836138,0.03414371342949601
WK086500,Wijk 00 Vught,2022,4.29524185211041,0.19297700096672424,-0.006564135074227265,0.07289144537461359,0.035459284724104624,0.04762380053546903,0.04356660540676397
WK086501,Wijk 01 Vught-Zuid,2002,4.057692633743991,-0.04457221739969493,NA,NA,NA,NA,NA
WK086501,Wijk 01 Vught-Zuid,2008,4.061124009230344,-0.041140841913341386,NA,NA,NA,NA,NA
WK086501,Wijk 01 Vught-Zuid,2012,4.080689577273689,-0.021575273869996164,NA,NA,NA,NA,NA
WK086501,Wijk 01 Vught-Zuid,2014,4.120583269512915,0.01831841836922962,1.606259217184135e-4,0.033877953133503454,-0.005282762889501381,-0.010796188873364079,3.58791076872917e-4
WK086501,Wijk 01 Vught-Zuid,2016,4.12549287664501,0.023228025501325595,NA,NA,NA,NA,NA
WK086501,Wijk 01 Vught-Zuid,2018,4.151793456517764,0.04952860537407819,-0.00231120903684028,0.059228840442904,-0.005016559335877153,-0.013800698847824132,0.011428232151715451
WK086501,Wijk 01 Vught-Zuid,2020,4.180446537150193,0.07818168600650732,6.619151643010855e-4,0.06688132959645841,-0.00874370197954382,0.0014530325143917138,0.017929110710899615
WK086501,Wijk 01 Vught-Zuid,2022,4.175571728960216,0.07330687781653118,0.003914906679444708,0.05935358248929016,-0.0036366539306676706,-0.002814455145605326,0.01648949772406898
WK086502,Wijk 02 Cromvoirt,2002,4.270540162073191,0.16827531092950573,NA,NA,NA,NA,NA
WK086502,Wijk 02 Cromvoirt,2008,4.2597113143054,0.15744646316171457,NA,NA,NA,NA,NA
WK086502,Wijk 02 Cromvoirt,2012,4.232801682790161,0.13053683164647573,NA,NA,NA,NA,NA
WK086502,Wijk 02 Cromvoirt,2014,4.262117777114464,0.15985292597077833,-0.0014521919582871706,0.09828125261161581,0.07586071603359958,-0.09083916514412063,0.0780023144279704
WK086502,Wijk 02 Cromvoirt,2016,4.287620837503537,0.18535598635985143,NA,NA,NA,NA,NA
WK086502,Wijk 02 Cromvoirt,2018,4.250225605267822,0.14796075412413678,4.500261021839156e-4,0.09430658939421917,0.07194096905916697,-0.09041873891471147,0.07168190848327792
WK086502,Wijk 02 Cromvoirt,2020,4.246275632674345,0.14401078153065983,0.013041883765375848,0.09066884803574546,0.05133148443636043,-0.07575808684996584,0.06472665214314358
WK086502,Wijk 02 Cromvoirt,2022,4.265011600714098,0.16274674957041302,0.0030655481300413717,0.095652574725713,0.06818021792901757,-0.07694217427055439,0.07279058305619517
WK086503,Wijk 03 Helvoirt,2002,4.170699567444422,0.06843471630073678,NA,NA,NA,NA,NA
WK086503,Wijk 03 Helvoirt,2008,4.156038401152741,0.05377355000905559,NA,NA,NA,NA,NA
WK086503,Wijk 03 Helvoirt,2012,4.147448792342881,0.04518394119919588,NA,NA,NA,NA,NA
WK086503,Wijk 03 Helvoirt,2014,4.166199670291558,0.06393481914787263,-0.017037417243693814,0.06347834199709594,0.06734555860542543,-0.10858354228942804,0.058731878078472854
WK086503,Wijk 03 Helvoirt,2016,4.184271818106879,0.08200696696319353,NA,NA,NA,NA,NA
WK086503,Wijk 03 Helvoirt,2018,4.173382547684302,0.07111769654061666,-0.016537002000183845,0.07763243828732505,0.06147113998724986,-0.10989484626564643,0.05844596653187175
WK086503,Wijk 03 Helvoirt,2020,4.185142701073419,0.08287784992973306,-0.015204596059003053,0.08154033079918621,0.05412369599570719,-0.09543006678796843,0.05784848598181087
WK086503,Wijk 03 Helvoirt,2022,4.192418830064093,0.09015397892040818,-0.016933621537739467,0.09711985021865079,0.05369216864916567,-0.09926930043671903,0.055544882027049935
WK086600,Wijk 00 Waalre,2002,4.212572405274573,0.11030755413088761,NA,NA,NA,NA,NA
WK086600,Wijk 00 Waalre,2008,4.207692347686526,0.10542749654284016,NA,NA,NA,NA,NA
WK086600,Wijk 00 Waalre,2012,4.227438548542768,0.12517369739908282,NA,NA,NA,NA,NA
WK086600,Wijk 00 Waalre,2014,4.208230727608794,0.10596587646510926,0.0011481886193411394,0.06431099176031635,0.034988815669536634,-0.015692269822891798,0.021210150238806638
WK086600,Wijk 00 Waalre,2016,4.226943396106603,0.12467854496291747,NA,NA,NA,NA,NA
WK086600,Wijk 00 Waalre,2018,4.237391311662067,0.1351264605183822,0.007466407938852987,0.07991278875083621,0.03183277232482865,-0.01251153764709001,0.028426029150954067
WK086600,Wijk 00 Waalre,2020,4.254017460315643,0.1517526091719576,0.006791207314270418,0.08454307726820202,0.03256706337805492,0.001232614080672805,0.026618647130757143
WK086600,Wijk 00 Waalre,2022,4.264326204975945,0.1620613538322599,0.0138280305364619,0.06969681524964307,0.038638027998708045,5.340984174789142e-6,0.03989313906327183
WK086700,Wijk 00 Waalwijk,2002,4.039856964844352,-0.06240788629933294,NA,NA,NA,NA,NA
WK086700,Wijk 00 Waalwijk,2008,4.0352405670859985,-0.06702428405768655,NA,NA,NA,NA,NA
WK086700,Wijk 00 Waalwijk,2012,4.051397369950553,-0.050867481193132336,NA,NA,NA,NA,NA
WK086700,Wijk 00 Waalwijk,2014,4.058062163222353,-0.04420268792133235,-4.272852874138844e-4,-0.018935963556035336,-0.0032384561060430457,-0.015655749987882224,-0.005945232983958132
WK086700,Wijk 00 Waalwijk,2016,4.079697838989446,-0.022567012154238817,NA,NA,NA,NA,NA
WK086700,Wijk 00 Waalwijk,2018,4.085926507382822,-0.016338343760863218,0.001694436532013073,-0.004315934282370995,-0.005044823063002732,-0.00708325125026373,-0.0015887716972390917
WK086700,Wijk 00 Waalwijk,2020,4.106041319180772,0.0037764680370869193,0.006640325487085587,6.334032946346915e-4,-0.00674765362437648,0.005436385085229906,-0.0021859922054870656
WK086700,Wijk 00 Waalwijk,2022,4.0831049420747325,-0.01915990906895272,0.005844532210189859,0.0036977398182188002,-0.005631130249590487,-0.026218049975124884,0.003146999127353726
WK086701,Wijk 01 Sprang-Capelle,2002,4.021040523398501,-0.08122432774518437,NA,NA,NA,NA,NA
WK086701,Wijk 01 Sprang-Capelle,2008,4.060832656806005,-0.04143219433768014,NA,NA,NA,NA,NA
WK086701,Wijk 01 Sprang-Capelle,2012,4.087543441568539,-0.014721409575146276,NA,NA,NA,NA,NA
WK086701,Wijk 01 Sprang-Capelle,2014,4.091990041177593,-0.010274809966092086,-0.00722825020313939,0.023556115753246443,0.026553160854908126,-0.07667364602462143,0.02351780965351388
WK086701,Wijk 01 Sprang-Capelle,2016,4.1129857943204415,0.010720943176756335,NA,NA,NA,NA,NA
WK086701,Wijk 01 Sprang-Capelle,2018,4.126370731311372,0.024105880167686736,-0.0037874770265657045,0.03815294033726539,0.027562181086276973,-0.06412332320831927,0.026301558979029065
WK086701,Wijk 01 Sprang-Capelle,2020,4.114499425591799,0.012234574448113322,-0.0012555926197577194,0.03856040962637981,0.02020662803450519,-0.06947243890749441,0.024195568314480186
WK086701,Wijk 01 Sprang-Capelle,2022,4.102392976218454,1.2812507476782045e-4,0.002400159551042761,0.04383210955357975,0.02126101321173395,-0.09348087825819851,0.026115721016609614
WK086702,Wijk 02 Waspik,2002,4.051632632663728,-0.050632218479956935,NA,NA,NA,NA,NA
WK086702,Wijk 02 Waspik,2008,4.05560394826376,-0.046660902879925525,NA,NA,NA,NA,NA
WK086702,Wijk 02 Waspik,2012,4.08993477227182,-0.012330078871864885,NA,NA,NA,NA,NA
WK086702,Wijk 02 Waspik,2014,4.092919014498625,-0.00934583664505986,-0.007844652415581806,0.038110032976038294,0.046924499076894687,-0.13538328988560003,0.048847573603188706
WK086702,Wijk 02 Waspik,2016,4.104550127200035,0.0022852760563495302,NA,NA,NA,NA,NA
WK086702,Wijk 02 Waspik,2018,4.1210272648066875,0.01876241366300281,-0.0032321658225007406,0.04933239024018714,0.04695513780019434,-0.11749409527187725,0.04320114671699904
WK086702,Wijk 02 Waspik,2020,4.138656589118393,0.03639173797470857,0.001830942639180497,0.05295861163733314,0.04027407549548374,-0.10569652800399201,0.04702463620670294
WK086702,Wijk 02 Waspik,2022,4.130043596110222,0.0277787449665371,0.008433397075975114,0.06348562565728542,0.03833459237207888,-0.12812230581616468,0.04564743567736211
WK087300,Wijk 00 Hoogerheide en Woensdrecht,2002,4.05813798539057,-0.04412686575311487,NA,NA,NA,NA,NA
WK087300,Wijk 00 Hoogerheide en Woensdrecht,2008,4.0424451892332005,-0.05981966191048434,NA,NA,NA,NA,NA
WK087300,Wijk 00 Hoogerheide en Woensdrecht,2012,4.0732345368201885,-0.029030314323496363,NA,NA,NA,NA,NA
WK087300,Wijk 00 Hoogerheide en Woensdrecht,2014,4.0812297644915345,-0.02103508665215071,0.0014556815534875745,0.03124978197471091,0.029261181787614637,-0.0925899465616631,0.009588214593698963
WK087300,Wijk 00 Hoogerheide en Woensdrecht,2016,4.081381364061681,-0.02088348708200464,NA,NA,NA,NA,NA
WK087300,Wijk 00 Hoogerheide en Woensdrecht,2018,4.070786308027956,-0.03147854311572934,0.0059527373595575596,0.03422165649307374,0.027373130814033562,-0.11148072004832425,0.012454652265929797
WK087300,Wijk 00 Hoogerheide en Woensdrecht,2020,4.10065542507819,-0.0016094260654952448,0.008339443273859149,0.04582458459878515,0.026146847825050112,-0.09676702623601956,0.014846724472829637
WK087300,Wijk 00 Hoogerheide en Woensdrecht,2022,4.081831975946779,-0.02043287519690645,0.011972610153027467,0.028951861353675605,0.020965281575342536,-0.10503998644052125,0.02271735816156894
WK087301,Wijk 01 Huijbergen,2002,4.015064704967732,-0.08720014617595351,NA,NA,NA,NA,NA
WK087301,Wijk 01 Huijbergen,2008,4.069734057433461,-0.032530793710224284,NA,NA,NA,NA,NA
WK087301,Wijk 01 Huijbergen,2012,4.060199229433854,-0.04206562170983155,NA,NA,NA,NA,NA
WK087301,Wijk 01 Huijbergen,2014,4.109687987090516,0.007423135946830959,0.03456196147858032,0.04677677219067138,0.05396180904719761,-0.16846169926599458,0.04058429249637592
WK087301,Wijk 01 Huijbergen,2016,4.085835936912182,-0.016428914231503333,NA,NA,NA,NA,NA
WK087301,Wijk 01 Huijbergen,2018,4.128892920975972,0.02662806983228694,0.03755020180310591,0.06004565478258408,0.055818640593130096,-0.1732526245548146,0.046466197208281185
WK087301,Wijk 01 Huijbergen,2020,4.109493904903573,0.0072290537598876225,0.038995799550025446,0.030661429321731003,0.04986646793768371,-0.15826284073039537,0.04596819768084266
WK087301,Wijk 01 Huijbergen,2022,4.117523359121211,0.015258507977526129,0.04123984648892992,0.04571357754985397,0.05004457554614626,-0.16857782650835235,0.04683833490094798
WK087302,Wijk 02 Ossendrecht,2002,4.095607965125915,-0.006656886017770095,NA,NA,NA,NA,NA
WK087302,Wijk 02 Ossendrecht,2008,4.098941753037576,-0.0033230981061090925,NA,NA,NA,NA,NA
WK087302,Wijk 02 Ossendrecht,2012,4.091494234277177,-0.010770616866507569,NA,NA,NA,NA,NA
WK087302,Wijk 02 Ossendrecht,2014,4.09897689832207,-0.0032879528216158927,0.01878621252299191,0.028614939860650303,0.048642143230253655,-0.13797764962408698,0.038646401188574965
WK087302,Wijk 02 Ossendrecht,2016,4.085774503880047,-0.01649034726363827,NA,NA,NA,NA,NA
WK087302,Wijk 02 Ossendrecht,2018,4.080736379980715,-0.021528471162969808,0.026270523744582226,0.03161399757245637,0.045730566772327584,-0.15434407724064733,0.029200517988311057
WK087302,Wijk 02 Ossendrecht,2020,4.102653648311442,3.887971677570853e-4,0.028317139653099163,0.036375611663075444,0.043010939292440126,-0.14523680985457887,0.037921916413720995
WK087302,Wijk 02 Ossendrecht,2022,4.091364929964958,-0.010899921178727488,0.038685102216593235,0.03797169583316107,0.04264000994691477,-0.14703419839995358,0.016837469224556763
WK087303,Wijk 03 Putte,2002,3.9404922074545996,-0.161772643689086,NA,NA,NA,NA,NA
WK087303,Wijk 03 Putte,2008,3.9337315936047275,-0.1685332575389577,NA,NA,NA,NA,NA
WK087303,Wijk 03 Putte,2012,3.9394909080990135,-0.16277394304467163,NA,NA,NA,NA,NA
WK087303,Wijk 03 Putte,2014,3.964709448593876,-0.13755540254980955,0.031931007409258326,0.002388294473364893,0.04117542566864896,-0.2159987799281846,0.0029486498271026032
WK087303,Wijk 03 Putte,2016,3.9741569361500417,-0.1281079149936435,NA,NA,NA,NA,NA
WK087303,Wijk 03 Putte,2018,3.9512346831575003,-0.15103016798618504,0.03997210816004064,0.01263280120394364,0.04307633340473551,-0.22486086484975615,-0.021850545905149024
WK087303,Wijk 03 Putte,2020,4.02629066157494,-0.07597418956874509,0.04551236084621924,0.028610927937309814,0.04009119008497289,-0.20663842803025437,0.016449759593007013
WK087303,Wijk 03 Putte,2022,3.9076599163754886,-0.19460493476819674,0.039542996748792164,0.01780171298656904,0.039289642729743855,-0.2211140183472643,-0.07012526888603773
WK087900,Wijk 00 Zundert,2002,3.998354015780147,-0.10391083536353865,NA,NA,NA,NA,NA
WK087900,Wijk 00 Zundert,2008,3.972054693212872,-0.1302101579308136,NA,NA,NA,NA,NA
WK087900,Wijk 00 Zundert,2012,3.9840400155827482,-0.11822483556093717,NA,NA,NA,NA,NA
WK087900,Wijk 00 Zundert,2014,3.9822321173178294,-0.12003273382585593,-0.005871103312313889,-0.05244587628854184,0.03444648828855854,-0.1191641578484637,0.023001915334904685
WK087900,Wijk 00 Zundert,2016,4.029028647665654,-0.07323620347803152,NA,NA,NA,NA,NA
WK087900,Wijk 00 Zundert,2018,4.04775587137829,-0.05450897976539513,-0.007987600546547277,0.004092454063580425,0.03349729707257665,-0.11032968098127281,0.026218550626267604
WK087900,Wijk 00 Zundert,2020,4.0585476180932405,-0.0437172330504449,-0.0047346397482025205,0.015384499984246897,0.03555708297539465,-0.11372204461345026,0.02379786835156609
WK087900,Wijk 00 Zundert,2022,4.111204596486408,0.008939745342722013,0.004371545484998211,0.06472849319357163,0.030809945144280627,-0.11479119187872441,0.023820953398595687
WK087901,Wijk 01 Klein - Zundert,2002,4.186279899016272,0.08401504787258696,NA,NA,NA,NA,NA
WK087901,Wijk 01 Klein - Zundert,2008,4.113928198528312,0.011663347384626382,NA,NA,NA,NA,NA
WK087901,Wijk 01 Klein - Zundert,2012,4.104306993959215,0.0020421428155301116,NA,NA,NA,NA,NA
WK087901,Wijk 01 Klein - Zundert,2014,4.124151272870456,0.02188642172677136,0.0017723170308126615,0.030280113640713476,0.10630710975301592,-0.17012396382175232,0.053650845123981335
WK087901,Wijk 01 Klein - Zundert,2016,4.172913623892818,0.07064877274913295,NA,NA,NA,NA,NA
WK087901,Wijk 01 Klein - Zundert,2018,4.145208582736458,0.04294373159277346,-0.009993921635597999,0.062401630196197974,0.09872349527353022,-0.16266215329143208,0.05447468105007499
WK087901,Wijk 01 Klein - Zundert,2020,4.138648804713328,0.036383953569642406,-0.014302019391009788,0.07024553468346832,0.09556745816539639,-0.16747848415986533,0.05235146427165249
WK087901,Wijk 01 Klein - Zundert,2022,4.128434511668709,0.026169660525023657,-0.011808455446071413,0.06219502914943635,0.08726842126677384,-0.1714838361954552,0.05999850175033984
WK087902,Wijk 02 Wernhout,2002,4.013469607954046,-0.0887952431896389,NA,NA,NA,NA,NA
WK087902,Wijk 02 Wernhout,2008,4.020224779236231,-0.08204007190745378,NA,NA,NA,NA,NA
WK087902,Wijk 02 Wernhout,2012,3.936315966499206,-0.16594888464447916,NA,NA,NA,NA,NA
WK087902,Wijk 02 Wernhout,2014,3.9123501241048193,-0.18991472703886556,-0.008041785504137254,-0.010315182664912234,0.06529889487802641,-0.22827747138596657,-0.00857918236187604
WK087902,Wijk 02 Wernhout,2016,3.916668358871496,-0.18559649227218927,NA,NA,NA,NA,NA
WK087902,Wijk 02 Wernhout,2018,3.946658092514318,-0.155606758629367,-0.005081808036990825,0.01407162299417107,0.05785445371268644,-0.21529525011625691,-0.0071557771829770895
WK087902,Wijk 02 Wernhout,2020,3.982499773060094,-0.11976507808359166,-0.00892865434057773,0.02480144034967787,0.064460327372102,-0.2135599578722787,0.013461766407484777
WK087902,Wijk 02 Wernhout,2022,3.9867171245379747,-0.1155477266057104,-0.0068315086339048965,0.027720517816268074,0.056470377388972814,-0.20739774710536482,0.014490633928318206
WK087903,Wijk 03 Achtmaal,2002,4.075278122942835,-0.026986728200849217,NA,NA,NA,NA,NA
WK087903,Wijk 03 Achtmaal,2008,4.041746037853493,-0.060518813290192645,NA,NA,NA,NA,NA
WK087903,Wijk 03 Achtmaal,2012,4.073696462566803,-0.02856838857688229,NA,NA,NA,NA,NA
WK087903,Wijk 03 Achtmaal,2014,4.066823503718075,-0.035441347425610635,-0.019650642937381408,0.0509141957572932,0.11435529719500305,-0.23381918871945398,0.05275899127892817
WK087903,Wijk 03 Achtmaal,2016,4.126241501588617,0.02397665044493146,NA,NA,NA,NA,NA
WK087903,Wijk 03 Achtmaal,2018,4.107491138729955,0.005226287586269498,-0.020309660855052696,0.07807188852300197,0.11601054193259472,-0.21918063624895595,0.05063415423468117
WK087903,Wijk 03 Achtmaal,2020,4.070075301586922,-0.03218954955676394,-0.018067721507220913,0.06012206088462762,0.08522739864772727,-0.21390391340589843,0.05443262582400016
WK087903,Wijk 03 Achtmaal,2022,4.078262883550706,-0.024001967592979484,-0.019066920880496864,0.07104222930104642,0.07899447895392098,-0.21750741676479327,0.06253566179734296
WK087904,Wijk 04 Rijsbergen,2002,4.15269828652177,0.05043343537808477,NA,NA,NA,NA,NA
WK087904,Wijk 04 Rijsbergen,2008,4.113236569407398,0.010971718263713353,NA,NA,NA,NA,NA
WK087904,Wijk 04 Rijsbergen,2012,4.141837502988578,0.039572651844892406,NA,NA,NA,NA,NA
WK087904,Wijk 04 Rijsbergen,2014,4.072121416240388,-0.030143434903297763,-0.006748962313136668,0.022456146744201922,0.0703468299943304,-0.15587052915348132,0.03967307982478766
WK087904,Wijk 04 Rijsbergen,2016,4.096761965246505,-0.0055028858971806595,NA,NA,NA,NA,NA
WK087904,Wijk 04 Rijsbergen,2018,4.1051370044142,0.002872153270514345,-0.002722496890684483,0.05197549699169189,0.06689879635948102,-0.15190003210427475,0.038620388914300405
WK087904,Wijk 04 Rijsbergen,2020,4.124586614465648,0.022321763321962697,-0.006014746435347934,0.06567954859069336,0.06344071276296594,-0.14014733516412733,0.03936358356777838
WK087904,Wijk 04 Rijsbergen,2022,4.102832754782952,5.679036392666591e-4,-0.009127151153884065,0.05979784786757155,0.05501795114648196,-0.15222596759267296,0.047105223371769915
WK088000,Wijk 00 Wormer,2002,4.082966403008355,-0.019298448135331134,NA,NA,NA,NA,NA
WK088000,Wijk 00 Wormer,2008,4.10694953152521,0.0046846803815251605,NA,NA,NA,NA,NA
WK088000,Wijk 00 Wormer,2012,4.0801308796354085,-0.02213397150827669,NA,NA,NA,NA,NA
WK088000,Wijk 00 Wormer,2014,4.104861067433863,0.0025962162901770718,0.018000559393184137,0.02131974328938207,0.003268912239700916,-0.04518733618862738,0.0051943375565370415
WK088000,Wijk 00 Wormer,2016,4.11982846260456,0.017563611460874533,NA,NA,NA,NA,NA
WK088000,Wijk 00 Wormer,2018,4.09430011241849,-0.007964738725195611,-0.004586866163421735,0.04598035083592044,0.0030989643926943116,-0.060710278165170065,0.008253090374781157
WK088000,Wijk 00 Wormer,2020,4.109644837050025,0.0073799859063396886,0.0050197277219135965,0.04801881942745587,-0.002090453060006866,-0.04619539644325942,0.00262728826023625
WK088000,Wijk 00 Wormer,2022,4.124178436889501,0.02191358574581638,0.010699878368194164,0.05081310848559023,0.001380703967142481,-0.050557600895627726,0.009577495820516962
WK088001,Wijk 01 Wijdewormer,2002,4.196222433626981,0.09395758248329573,NA,NA,NA,NA,NA
WK088001,Wijk 01 Wijdewormer,2008,4.163364192253609,0.06109934110992328,NA,NA,NA,NA,NA
WK088001,Wijk 01 Wijdewormer,2012,4.161443819665888,0.05917896852220265,NA,NA,NA,NA,NA
WK088001,Wijk 01 Wijdewormer,2014,4.217350805769764,0.11508595462607886,-0.012731363967974528,0.09349698919020578,0.07662862759529977,-0.09601984166685096,0.05371154347539845
WK088001,Wijk 01 Wijdewormer,2016,4.268857743768871,0.16659289262518565,NA,NA,NA,NA,NA
WK088001,Wijk 01 Wijdewormer,2018,4.209911269932507,0.10764641878882185,-0.014353167752805367,0.09103970026571578,0.07542120312707264,-0.10037478570313305,0.05591346885197167
WK088001,Wijk 01 Wijdewormer,2020,4.2121775838714655,0.10991273272777961,-0.01366311874618278,0.09841756846325206,0.07588310429695118,-0.09475406189055459,0.04402924060431351
WK088001,Wijk 01 Wijdewormer,2022,4.215091593775596,0.1128267426319108,-0.014434993052017366,0.10594791415948007,0.06618665806662913,-0.09703128717594157,0.0521584506337602
WK088002,Wijk 02 Jisp,2002,4.220367419933597,0.11810256878991159,NA,NA,NA,NA,NA
WK088002,Wijk 02 Jisp,2008,4.1580917425708135,0.05582689142712807,NA,NA,NA,NA,NA
WK088002,Wijk 02 Jisp,2012,4.14764444748291,0.045379596339224684,NA,NA,NA,NA,NA
WK088002,Wijk 02 Jisp,2014,4.199398809155297,0.09713395801161143,0.030976035241453155,0.08892318394544457,0.06472856284140073,-0.14504368159006578,0.057549857573378514
WK088002,Wijk 02 Jisp,2016,4.190846411594923,0.08858156045123831,NA,NA,NA,NA,NA
WK088002,Wijk 02 Jisp,2018,4.206732937768787,0.10446808662510147,0.022348904963707804,0.11158811231843288,0.06371433138250572,-0.15183264992939743,0.05864938788985219
WK088002,Wijk 02 Jisp,2020,4.2117109701256865,0.10944611898200171,0.023977841294344087,0.1048987249183816,0.06482661539006172,-0.14225822195220142,0.0580011593314154
WK088002,Wijk 02 Jisp,2022,4.221689959289484,0.11942510814579806,0.024295913878078244,0.11235897167109347,0.06987838362259044,-0.1475123949014321,0.06040423387546772
WK088200,Wijk 00 Schaesberg,2002,4.008188720161257,-0.09407613098242773,NA,NA,NA,NA,NA
WK088200,Wijk 00 Schaesberg,2008,3.9941951635281745,-0.10806968761551033,NA,NA,NA,NA,NA
WK088200,Wijk 00 Schaesberg,2012,4.048383864639823,-0.05388098650386189,NA,NA,NA,NA,NA
WK088200,Wijk 00 Schaesberg,2014,4.061926436729075,-0.04033841441461037,-0.02216817793057781,-0.00903075620219102,0.004402006867988762,-0.021653017834211793,0.00811153068438121
WK088200,Wijk 00 Schaesberg,2016,4.068766990334291,-0.03349786080939423,NA,NA,NA,NA,NA
WK088200,Wijk 00 Schaesberg,2018,4.081193062618321,-0.02107178852536422,-0.009929350102486946,-7.16131056081558e-4,0.0013102942663645969,-0.028601993333231438,0.016865391700070863
WK088200,Wijk 00 Schaesberg,2020,4.10467367374936,0.0024088226056747358,-0.0016722444927007593,-0.0011418930817636839,-0.002567779693015961,-0.008273022372649104,0.016063762245804004
WK088200,Wijk 00 Schaesberg,2022,4.1159337205333255,0.013668869389639971,-0.003386037933998874,0.003194070211699568,0.004080054834438273,-0.015604674465476245,0.02538545674297696
WK088201,Wijk 01 Nieuwenhagen,2002,3.993393696103441,-0.10887115504024444,NA,NA,NA,NA,NA
WK088201,Wijk 01 Nieuwenhagen,2008,3.987821264129447,-0.11444358701423825,NA,NA,NA,NA,NA
WK088201,Wijk 01 Nieuwenhagen,2012,4.0433645012253105,-0.058900349918375366,NA,NA,NA,NA,NA
WK088201,Wijk 01 Nieuwenhagen,2014,4.023315615945614,-0.07894923519807127,-0.01975253866381395,-0.010016048924896525,-0.0032138010225780875,-0.05080706143606538,0.004840214849282384
WK088201,Wijk 01 Nieuwenhagen,2016,4.068271194224991,-0.03399365691869394,NA,NA,NA,NA,NA
WK088201,Wijk 01 Nieuwenhagen,2018,4.066390963564593,-0.035873887579092496,-0.005811384334895176,0.01798597747313316,-0.005787176015227654,-0.051860996124398574,0.009599691422295465
WK088201,Wijk 01 Nieuwenhagen,2020,4.090891089308083,-0.011373761835602278,0.0034292510458997223,0.012798067482504543,-0.011386522742460383,-0.02959354122868309,0.013378983607136649
WK088201,Wijk 01 Nieuwenhagen,2022,4.082328452352615,-0.01993639879106962,0.0026124693810389457,0.01196564762719229,-0.011708532222982754,-0.03716292628135076,0.014356942705032362
WK088202,Wijk 02 Ubach over Worms,2002,3.9788599679434156,-0.12340488320026932,NA,NA,NA,NA,NA
WK088202,Wijk 02 Ubach over Worms,2008,3.964927235022042,-0.13733761612164302,NA,NA,NA,NA,NA
WK088202,Wijk 02 Ubach over Worms,2012,3.9786960379972878,-0.12356881314639774,NA,NA,NA,NA,NA
WK088202,Wijk 02 Ubach over Worms,2014,3.9642145104304896,-0.13805034071319588,-0.024378996186541078,-0.03463987108330053,0.012212676986181994,-0.09791708364024446,0.006672933210707916
WK088202,Wijk 02 Ubach over Worms,2016,3.9957798776942712,-0.10648497344941402,NA,NA,NA,NA,NA
WK088202,Wijk 02 Ubach over Worms,2018,4.011805381875731,-0.09045946926795445,-0.008294692837575397,-0.015172711506562905,0.01390416156295006,-0.09999001242999304,0.01909378594322655
WK088202,Wijk 02 Ubach over Worms,2020,4.036516347800672,-0.06574850334301328,-1.6919680215356e-5,-0.01165848201760812,0.012234446848510102,-0.0828539175494018,0.01654636905570162
WK088202,Wijk 02 Ubach over Worms,2022,4.089779739145303,-0.01248511199838138,0.0031140424937973693,0.03160155835503028,0.01796588613107265,-0.08629767845616146,0.02113107947787955
WK088800,Wijk 00 Beek - Spaubeek,2002,4.108388853955808,0.006124002812123235,NA,NA,NA,NA,NA
WK088800,Wijk 00 Beek - Spaubeek,2008,4.088688208232291,-0.013576642911393964,NA,NA,NA,NA,NA
WK088800,Wijk 00 Beek - Spaubeek,2012,4.104549845469964,0.0022849943262787226,NA,NA,NA,NA,NA
WK088800,Wijk 00 Beek - Spaubeek,2014,4.097882179624513,-0.0043826715191723885,-0.03023307297281753,0.017103742266436385,0.024074000748994136,-0.04339467103815856,0.028067329476372936
WK088800,Wijk 00 Beek - Spaubeek,2016,4.12001067223177,0.01774582108808497,NA,NA,NA,NA,NA
WK088800,Wijk 00 Beek - Spaubeek,2018,4.139963863878081,0.03769901273439556,-0.014915993619499407,0.0381580949419015,0.0259795269822389,-0.04393688401536921,0.03241426844512351
WK088800,Wijk 00 Beek - Spaubeek,2020,4.153291487887666,0.05102663674398035,-0.01007153070031017,0.04290180830182434,0.025583955119133344,-0.03547433451238251,0.02808673853571505
WK088800,Wijk 00 Beek - Spaubeek,2022,4.148447082113407,0.04618223096972142,-0.010424143397728581,0.05284903588613443,0.021316961053144904,-0.05358633634268674,0.036026713770857116
WK088801,Wijk 01 Beek-Zuid,2002,4.210432411081792,0.10816755993810691,NA,NA,NA,NA,NA
WK088801,Wijk 01 Beek-Zuid,2008,4.144050644204846,0.041785793061160405,NA,NA,NA,NA,NA
WK088801,Wijk 01 Beek-Zuid,2012,4.17318909038518,0.07092423924149427,NA,NA,NA,NA,NA
WK088801,Wijk 01 Beek-Zuid,2014,4.170495514352606,0.06823066320892054,-0.03997913010904322,0.075171804383514,0.07631032826941217,-0.1160348744652297,0.07276253513026705
WK088801,Wijk 01 Beek-Zuid,2016,4.190832645235254,0.08856779409156845,NA,NA,NA,NA,NA
WK088801,Wijk 01 Beek-Zuid,2018,4.213473047291001,0.11120819614731611,-0.0197679544589862,0.08951338094490624,0.08553195541200316,-0.11708581734559494,0.07301663159498753
WK088801,Wijk 01 Beek-Zuid,2020,4.231352751772267,0.12908790062858208,-0.015040161872537601,0.106204487602357,0.07677162609422115,-0.1095460109107459,0.07069795971528717
WK088801,Wijk 01 Beek-Zuid,2022,4.21599424759495,0.11372939645126462,-0.015453107942970707,0.10691737835096049,0.07117282689279149,-0.12362849136983267,0.07472079052031577
WK088900,Wijk 00 Reuver,2002,4.028129610101959,-0.074135241041726,NA,NA,NA,NA,NA
WK088900,Wijk 00 Reuver,2008,4.024860577666129,-0.07740427347755648,NA,NA,NA,NA,NA
WK088900,Wijk 00 Reuver,2012,4.064460673794993,-0.037804177348692194,NA,NA,NA,NA,NA
WK088900,Wijk 00 Reuver,2014,4.06244122869472,-0.03982362244896572,-0.016342625762279333,0.03935224629069715,0.03342323179095788,-0.11244364851353204,0.016187173745190353
WK088900,Wijk 00 Reuver,2016,4.078067703447224,-0.024197147696462005,NA,NA,NA,NA,NA
WK088900,Wijk 00 Reuver,2018,4.1014157284181785,-8.49122725506797e-4,-0.010610459198184805,0.05264913587793742,0.025301276960104275,-0.09110309005217151,0.022914013686807535
WK088900,Wijk 00 Reuver,2020,4.136248775083734,0.0339839239400487,-0.005221275555743842,0.0519171175555621,0.022504663711419518,-0.059062986906708255,0.023846405135518868
WK088900,Wijk 00 Reuver,2022,4.137412276136278,0.035147424992592956,0.0016217036491376281,0.04996530081307919,0.023640346670781954,-0.07114941147578212,0.03106948533537605
WK088901,Wijk 01 Beesel,2002,4.171351786917447,0.06908693577376211,NA,NA,NA,NA,NA
WK088901,Wijk 01 Beesel,2008,4.163330409012244,0.06106555786855854,NA,NA,NA,NA,NA
WK088901,Wijk 01 Beesel,2012,4.199570570215231,0.09730571907154595,NA,NA,NA,NA,NA
WK088901,Wijk 01 Beesel,2014,4.207340275497421,0.10507542435373546,-0.003283369326320845,0.10685721571234759,0.07982973289301562,-0.14137423715357078,0.0630460822282636
WK088901,Wijk 01 Beesel,2016,4.214659801859022,0.112394950715337,NA,NA,NA,NA,NA
WK088901,Wijk 01 Beesel,2018,4.217921170768713,0.11565631962502852,0.009284389253835686,0.09349584071292319,0.07392946701830211,-0.12551464406686624,0.06446126670683344
WK088901,Wijk 01 Beesel,2020,4.233521806362057,0.13125695521837136,0.01479731585190754,0.10098402428349819,0.06320049983052105,-0.10963279640706912,0.061907911659513294
WK088901,Wijk 01 Beesel,2022,4.259932726637289,0.15766787549360378,0.013595444473454557,0.10483123327888513,0.06524116327539686,-0.09050679752432583,0.06450683199019282
WK089301,Aijen,2002,4.186111427273277,0.08384657612959133,NA,NA,NA,NA,NA
WK089301,Aijen,2008,4.209144055311106,0.10687920416742094,NA,NA,NA,NA,NA
WK089301,Aijen,2012,4.181878163457194,0.07961331231350807,NA,NA,NA,NA,NA
WK089301,Aijen,2014,4.2562506046175415,0.15398575347385615,4.922805857215633e-4,0.1388296428784704,0.16414066123288099,-0.2358789040395193,0.0864020728163021
WK089301,Aijen,2016,4.2111512725632405,0.10888642141955569,NA,NA,NA,NA,NA
WK089301,Aijen,2018,4.22477745983222,0.12251260868853422,0.01020413355921222,0.11993665536537194,0.14367518105516866,-0.2355008661156129,0.08419750482439399
WK089301,Aijen,2020,4.199804871639317,0.09754002049563168,-9.912944498938614e-5,0.12984102010983942,0.10415928682700762,-0.22397419650780337,0.08761303951157728
WK089301,Aijen,2022,4.170051686658627,0.06778683551494114,-0.0017855990368515512,0.11773720606277999,0.09986577107275413,-0.24165810686296252,0.09362756427922093
WK089302,Oud-Bergen,2002,4.094465179451529,-0.0077996716921564,NA,NA,NA,NA,NA
WK089302,Oud-Bergen,2008,4.0679270343390765,-0.0343378168046086,NA,NA,NA,NA,NA
WK089302,Oud-Bergen,2012,4.1133974418752235,0.01113259073153814,NA,NA,NA,NA,NA
WK089302,Oud-Bergen,2014,4.1518638374987304,0.049598986355045026,-0.010405847778878716,0.11883785328579549,0.08285065808368901,-0.199398728673483,0.057715051437922084
WK089302,Oud-Bergen,2016,4.101392471260712,-8.723798829730082e-4,NA,NA,NA,NA,NA
WK089302,Oud-Bergen,2018,4.141856470966718,0.03959161982303241,-0.009857785302851493,0.1166742722000859,0.08010032916871909,-0.20397715705483396,0.05665196081191256
WK089302,Oud-Bergen,2020,4.110699826100118,0.008434974956433519,-0.01610092488830922,0.09936075354134062,0.06394808789358464,-0.19805221457759115,0.059279272987408295
WK089302,Oud-Bergen,2022,4.114364483920398,0.012099632776712537,-0.0075064315634148174,0.113689938535918,0.05991267323609738,-0.22140731917622142,0.06741077174433316
WK089303,Nieuw-Bergen,2002,3.968648447257177,-0.13361640388650833,NA,NA,NA,NA,NA
WK089303,Nieuw-Bergen,2008,3.9728245737826056,-0.12944027736108002,NA,NA,NA,NA,NA
WK089303,Nieuw-Bergen,2012,3.9948670346346793,-0.10739781650900619,NA,NA,NA,NA,NA
WK089303,Nieuw-Bergen,2014,4.02427248792755,-0.07799236321613577,0.013163558286141632,0.05470384173383564,0.03433714902265085,-0.19539265096689082,0.0151957387081266
WK089303,Nieuw-Bergen,2016,4.014939407357814,-0.08732544378587136,NA,NA,NA,NA,NA
WK089303,Nieuw-Bergen,2018,4.0352418441497795,-0.06702300699390557,0.01394925532491312,0.04596399479597195,0.03066938780502819,-0.18858505975528772,0.03097941483546864
WK089303,Nieuw-Bergen,2020,4.044465878108123,-0.057798973035562536,0.020589750735385583,0.042851416493594856,0.027343816295076876,-0.17786299597688965,0.029279039417269517
WK089303,Nieuw-Bergen,2022,4.042990495024789,-0.05927435611889672,0.027823940844152475,0.048057238734679715,0.03047452842261975,-0.19894490403221915,0.033314839911870224
WK089304,Afferden,2002,4.174656721851931,0.07239187070824588,NA,NA,NA,NA,NA
WK089304,Afferden,2008,4.130149720908341,0.027884869764656463,NA,NA,NA,NA,NA
WK089304,Afferden,2012,4.133889573017201,0.03162472187351542,NA,NA,NA,NA,NA
WK089304,Afferden,2014,4.126715135123895,0.02445028398020975,0.005695298601415123,0.06996239213890504,0.0659829287806262,-0.1592579128799816,0.042067577339244676
WK089304,Afferden,2016,4.115063950562606,0.012799099418920141,NA,NA,NA,NA,NA
WK089304,Afferden,2018,4.12755903439186,0.025294183248174795,0.003954221813653413,0.08192745357888712,0.06412017704411761,-0.17062699520209743,0.045919326013613766
WK089304,Afferden,2020,4.1264554969869085,0.024190645843223307,0.00518022562504933,0.0850116763062155,0.059328552707709106,-0.17208133277733803,0.046751523981587134
WK089304,Afferden,2022,4.141448258420414,0.039183407276729185,0.00973364317702702,0.09057035130342067,0.06397397405812802,-0.17583324120362884,0.05073867994178205
WK089305,Siebengewald,2002,4.046629382339583,-0.05563546880410156,NA,NA,NA,NA,NA
WK089305,Siebengewald,2008,4.00090553375632,-0.101359317387365,NA,NA,NA,NA,NA
WK089305,Siebengewald,2012,4.024378780477572,-0.07788607066611346,NA,NA,NA,NA,NA
WK089305,Siebengewald,2014,4.049975977806784,-0.052288873336901895,9.706329948486788e-4,0.08404443076146922,0.08114880752643024,-0.2557980002975589,0.03734525567790859
WK089305,Siebengewald,2016,4.0310065277403,-0.07125832340338488,NA,NA,NA,NA,NA
WK089305,Siebengewald,2018,4.042342107019313,-0.059922744124371895,8.310148367784407e-4,0.07217438952372805,0.07188066042665688,-0.25407867853468047,0.04926986962314486
WK089305,Siebengewald,2020,4.061369371218221,-0.040895479925464204,0.011865712464006343,0.07868980768567549,0.065325325075792,-0.24657025781855002,0.04979393266761166
WK089305,Siebengewald,2022,4.071523289429583,-0.030741561714102073,0.024645828997155898,0.087111904202427,0.06743123040428291,-0.2556124855656121,0.04568196024764395
WK089306,Well,2002,4.202452086609487,0.10018723546580181,NA,NA,NA,NA,NA
WK089306,Well,2008,4.139402830970089,0.03713797982640362,NA,NA,NA,NA,NA
WK089306,Well,2012,4.1342764145145665,0.03201156337088129,NA,NA,NA,NA,NA
WK089306,Well,2014,4.147676868642176,0.04541201749849033,0.015288042959743418,0.08982411909844167,0.07117386545935533,-0.17969036446297262,0.04881635444392228
WK089306,Well,2016,4.126225322477437,0.023960471333751614,NA,NA,NA,NA,NA
WK089306,Well,2018,4.130985438755447,0.02872058761176173,0.024870763442631453,0.08210858543958667,0.07593893034282108,-0.20362897108085196,0.04943127946757418
WK089306,Well,2020,4.124164056718704,0.02189920557501828,0.02992626732511374,0.07931151181118154,0.06068234194268513,-0.20068274669162814,0.052661831187665695
WK089306,Well,2022,4.126398530908521,0.024133679764836147,0.027902794698419473,0.08570203233402629,0.06156295862501632,-0.20890546524711068,0.057871359354484425
WK089307,Wellerlooi,2002,4.164938338457292,0.06267348731360703,NA,NA,NA,NA,NA
WK089307,Wellerlooi,2008,4.140162229843229,0.03789737869954319,NA,NA,NA,NA,NA
WK089307,Wellerlooi,2012,4.1225063209537245,0.020241469810039558,NA,NA,NA,NA,NA
WK089307,Wellerlooi,2014,4.11588611744879,0.013621266305104893,0.0023939519908274293,0.10814270461178938,0.10067274232614136,-0.2412604506987815,0.043672318075127926
WK089307,Wellerlooi,2016,4.142437042183203,0.04017219103951762,NA,NA,NA,NA,NA
WK089307,Wellerlooi,2018,4.109148748498267,0.006883897354581864,0.02161696996889511,0.09063556054265029,0.09702336174910876,-0.24946648652668194,0.04707449162060942
WK089307,Wellerlooi,2020,4.109218364371521,0.006953513227835149,0.019443853577483017,0.10465014609915194,0.08468426288675751,-0.2494752422853119,0.04765049294975429
WK089307,Wellerlooi,2022,4.089727397109232,-0.012537454034453971,0.003154013842867388,0.09693668000040284,0.08832567459006871,-0.2480835679206063,0.04712974545281311
WK089901,Wijk 01 Brunssum-West,2002,3.9149655974778694,-0.18729925366581573,NA,NA,NA,NA,NA
WK089901,Wijk 01 Brunssum-West,2008,3.9431440032925575,-0.15912084785112776,NA,NA,NA,NA,NA
WK089901,Wijk 01 Brunssum-West,2012,4.000470226040763,-0.10179462510292249,NA,NA,NA,NA,NA
WK089901,Wijk 01 Brunssum-West,2014,4.0382640851529255,-0.06400076599076007,-0.02917205355824124,-0.002191433643461192,0.01461193870042961,-0.06395646570444496,0.016707248214957428
WK089901,Wijk 01 Brunssum-West,2016,4.061113204168544,-0.04115164697514109,NA,NA,NA,NA,NA
WK089901,Wijk 01 Brunssum-West,2018,4.064248256737537,-0.03801659440614806,-0.01449029657473974,0.003138800942691554,0.011718248822959194,-0.061159663364239156,0.022776315767179815
WK089901,Wijk 01 Brunssum-West,2020,4.074323735995898,-0.027941115147786962,-4.6775894192254666e-4,-0.015511643333855936,0.00822263460331444,-0.04139899073041147,0.021214643255088286
WK089901,Wijk 01 Brunssum-West,2022,4.064706940161624,-0.037557910982061495,0.0063482303264034,-0.042735132405106464,0.008206616408961307,-0.046492158015361836,0.03711453270304178
WK089902,Wijk 02 Brunssum-Noord,2002,3.91849451623919,-0.18377033490449515,NA,NA,NA,NA,NA
WK089902,Wijk 02 Brunssum-Noord,2008,3.896101446956389,-0.20616340418729628,NA,NA,NA,NA,NA
WK089902,Wijk 02 Brunssum-Noord,2012,3.9510970253397044,-0.15116782580398072,NA,NA,NA,NA,NA
WK089902,Wijk 02 Brunssum-Noord,2014,3.927800086723768,-0.17446476441991712,-0.027314053888784467,-0.038869838043621256,-0.02338123365396219,-0.052119329529143825,-0.03278030930440565
WK089902,Wijk 02 Brunssum-Noord,2016,3.9855587182133942,-0.1167061329302911,NA,NA,NA,NA,NA
WK089902,Wijk 02 Brunssum-Noord,2018,3.9627426047018153,-0.13952224644187003,-0.022049987125703406,-0.03300680557671784,-0.0164166359051753,-0.05159031594579878,-0.01645850188847499
WK089902,Wijk 02 Brunssum-Noord,2020,3.9971443019534147,-0.10512054919027025,-0.012668435871264837,-0.02356002457144925,-0.024017374713865457,-0.039106323133355686,-0.005768390900335311
WK089902,Wijk 02 Brunssum-Noord,2022,3.9422060036898556,-0.16005884745382976,-0.01672386339425398,-0.07758908266309199,-0.010679049624667638,-0.043292326054896794,-0.011774525716919655
WK089903,Wijk 03 Brunssum-Oost,2002,3.837622917479856,-0.2646419336638289,NA,NA,NA,NA,NA
WK089903,Wijk 03 Brunssum-Oost,2008,3.8462152773929668,-0.2560495737507188,NA,NA,NA,NA,NA
WK089903,Wijk 03 Brunssum-Oost,2012,3.909165443941541,-0.19309940720214425,NA,NA,NA,NA,NA
WK089903,Wijk 03 Brunssum-Oost,2014,3.990610526431855,-0.11165432471182993,-0.01116217105428768,-0.0610011034493502,0.0019185375182826695,-0.04406659509130631,0.002657007364831318
WK089903,Wijk 03 Brunssum-Oost,2016,4.007585908517436,-0.09467894262624892,NA,NA,NA,NA,NA
WK089903,Wijk 03 Brunssum-Oost,2018,4.011592384301649,-0.09067246684203603,-9.947994557070105e-4,-0.04766549183470087,-0.0010951161612331962,-0.041182416752164,2.6535736176876954e-4
WK089903,Wijk 03 Brunssum-Oost,2020,4.035411044242661,-0.06685380690102365,0.008866591702099023,-0.05724215078211909,-1.9001150630670584e-4,-0.02949971979581328,0.011211483481116105
WK089903,Wijk 03 Brunssum-Oost,2022,4.014406314656863,-0.08785853648682194,0.01068604496806211,-0.07668782234951685,-0.008246931020804971,-0.03000362384043742,0.016393795755874914
WK089904,Wijk 04 Brunssum-Zuid,2002,3.9502663434136283,-0.1519985077300569,NA,NA,NA,NA,NA
WK089904,Wijk 04 Brunssum-Zuid,2008,3.948160130477428,-0.15410472066625702,NA,NA,NA,NA,NA
WK089904,Wijk 04 Brunssum-Zuid,2012,4.0003795916340135,-0.10188525950967113,NA,NA,NA,NA,NA
WK089904,Wijk 04 Brunssum-Zuid,2014,4.068225766481628,-0.03403908466205723,-0.004668250089301913,0.00588749727240222,0.029664456875879375,-0.0322209955641507,-0.032701793156886434
WK089904,Wijk 04 Brunssum-Zuid,2016,4.080779772854622,-0.021485078289063517,NA,NA,NA,NA,NA
WK089904,Wijk 04 Brunssum-Zuid,2018,4.091069426778842,-0.011195424364843031,0.008133832703857487,3.8157922671919984e-4,0.02500290733606543,-0.037339909789346815,-0.0073738338421385505
WK089904,Wijk 04 Brunssum-Zuid,2020,4.143057581629999,0.04079273048631381,0.022410859544882925,0.01918170387102987,0.027081799062292213,-0.021446960502032337,-0.006434671489859177
WK089904,Wijk 04 Brunssum-Zuid,2022,4.106483411964901,0.004218560821215853,0.02790220427046245,-0.013169446747958922,0.018875250659131083,-0.022596439674171142,-0.006793007686247854
WK089905,Wijk 05 Brunssum-Centrum,2002,4.060959063056792,-0.04130578808689227,NA,NA,NA,NA,NA
WK089905,Wijk 05 Brunssum-Centrum,2008,4.0371192171324966,-0.06514563401118889,NA,NA,NA,NA,NA
WK089905,Wijk 05 Brunssum-Centrum,2012,4.077024182099875,-0.02524066904380973,NA,NA,NA,NA,NA
WK089905,Wijk 05 Brunssum-Centrum,2014,4.062252196298021,-0.04001265484566329,-0.011909697740799238,-0.010705535162986137,0.007135733802351382,-0.013827664446608566,-0.01070549129762098
WK089905,Wijk 05 Brunssum-Centrum,2016,4.079200660886058,-0.023064190257626932,NA,NA,NA,NA,NA
WK089905,Wijk 05 Brunssum-Centrum,2018,4.074267702341571,-0.027997148802114367,-0.0031877023944402584,-0.02098749575402938,0.00243211907842545,-0.00990159380043733,0.0036475240683669047
WK089905,Wijk 05 Brunssum-Centrum,2020,4.084944008116727,-0.017320843026957546,0.009962459382025713,-0.02791319993996704,-0.0020926312061478793,0.001835094222849904,8.874345142814908e-4
WK089905,Wijk 05 Brunssum-Centrum,2022,4.07158766747286,-0.03067718367082445,0.013767209874558043,-0.06370894272304477,0.004726092401200806,0.002903565349090013,0.011634891427371218
WK090700,Wijk 00 Milsbeek,2002,4.0823590978297775,-0.01990575331390811,NA,NA,NA,NA,NA
WK090700,Wijk 00 Milsbeek,2008,4.09423707022394,-0.008027780919745075,NA,NA,NA,NA,NA
WK090700,Wijk 00 Milsbeek,2012,4.131125193028556,0.028860341884871063,NA,NA,NA,NA,NA
WK090700,Wijk 00 Milsbeek,2014,4.131456580980857,0.029191729837171602,-0.009837456042022786,0.08883278291715466,0.06697468317449043,-0.1636122775181342,0.046833997305683175
WK090700,Wijk 00 Milsbeek,2016,4.127392792869617,0.025127941725931136,NA,NA,NA,NA,NA
WK090700,Wijk 00 Milsbeek,2018,4.167555838203671,0.06529098705998615,-0.009163868605113258,0.10503921203409956,0.07148632753772317,-0.1491858655456092,0.04711518163888564
WK090700,Wijk 00 Milsbeek,2020,4.17475898838439,0.07249413724070482,-0.0085547803464216,0.10401018325296063,0.06686041916301279,-0.13994739742385368,0.05012571259500641
WK090700,Wijk 00 Milsbeek,2022,4.163056685285572,0.0607918341418877,-0.0017365310259282985,0.092114122825809,0.06630130515437194,-0.14416229511937295,0.0482752323070077
WK090701,Wijk 01 Ottersum,2002,4.121669918882717,0.01940506773903163,NA,NA,NA,NA,NA
WK090701,Wijk 01 Ottersum,2008,4.107531075597844,0.005266224454159345,NA,NA,NA,NA,NA
WK090701,Wijk 01 Ottersum,2012,4.136993312903057,0.034728461759371367,NA,NA,NA,NA,NA
WK090701,Wijk 01 Ottersum,2014,4.127542012686723,0.025277161543037264,-0.010012318213426793,0.08622935094831548,0.055365023404098525,-0.1509208523536473,0.044615957757697125
WK090701,Wijk 01 Ottersum,2016,4.130416586339403,0.028151735195718224,NA,NA,NA,NA,NA
WK090701,Wijk 01 Ottersum,2018,4.157032403773512,0.054767552629826195,-0.010645543697823407,0.10366328973639691,0.05670093265489156,-0.14385673948311117,0.048905613419472097
WK090701,Wijk 01 Ottersum,2020,4.159084891638526,0.05682004049484099,-0.00336341000531152,0.09420728353488869,0.05746705153599853,-0.14011788806450923,0.04862700349377422
WK090701,Wijk 01 Ottersum,2022,4.143838543736335,0.04157369259264993,0.0034597587633297074,0.07303577204112494,0.05622968908353666,-0.14071488317948377,0.04956335588414208
WK090702,Wijk 02 Ven-Zelderheide,2002,4.067734036135809,-0.03453081500787701,NA,NA,NA,NA,NA
WK090702,Wijk 02 Ven-Zelderheide,2008,4.0996759481872855,-0.002588902956399271,NA,NA,NA,NA,NA
WK090702,Wijk 02 Ven-Zelderheide,2012,4.1457786187315335,0.04351376758784853,NA,NA,NA,NA,NA
WK090702,Wijk 02 Ven-Zelderheide,2014,4.119242364675825,0.016977513532140297,-0.023227127105035616,0.09038478873722679,0.09594330080910048,-0.21667520014088965,0.07055175123173799
WK090702,Wijk 02 Ven-Zelderheide,2016,4.139543406312201,0.03727855516851616,NA,NA,NA,NA,NA
WK090702,Wijk 02 Ven-Zelderheide,2018,4.141101202623531,0.03883635147984611,-0.01946829558522829,0.10342692372475203,0.09623912125990208,-0.21345550498877428,0.07209410706919424
WK090702,Wijk 02 Ven-Zelderheide,2020,4.10541990964608,0.003155058502394482,-0.0270956871166937,0.10390644979884936,0.09256200294679169,-0.225316872809756,0.05909916568320292
WK090702,Wijk 02 Ven-Zelderheide,2022,4.138010670096187,0.03574581895250202,0.010855095968036459,0.08670987579571826,0.09097843540065766,-0.22480743240996803,0.07200984419805732
WK090703,Wijk 03 Gennep,2002,3.998644133720387,-0.10362071742329845,NA,NA,NA,NA,NA
WK090703,Wijk 03 Gennep,2008,3.99660113154818,-0.10566371959550527,NA,NA,NA,NA,NA
WK090703,Wijk 03 Gennep,2012,4.056283433241431,-0.045981417902253956,NA,NA,NA,NA,NA
WK090703,Wijk 03 Gennep,2014,4.061244464001924,-0.041020387141760914,-0.0020050087101153003,0.030672963615496658,0.018377547789167368,-0.1136620197252801,0.02559612988897022
WK090703,Wijk 03 Gennep,2016,4.0590131480111,-0.043251703132585535,NA,NA,NA,NA,NA
WK090703,Wijk 03 Gennep,2018,4.09241677519812,-0.009848075945565244,-0.0016484090011688953,0.04390370320186826,0.02134548755309918,-0.1058493314247956,0.03240047372543156
WK090703,Wijk 03 Gennep,2020,4.090800278321873,-0.011464572821811765,0.004322456520622143,0.03738173408929969,0.020173107076772615,-0.1024115316027648,0.029069661094258313
WK090703,Wijk 03 Gennep,2022,4.102102336097873,-1.625150458133086e-4,0.0048818121128229065,0.043200994669922506,0.02094050841815874,-0.10084614323607599,0.03166031298935826
WK090704,Wijk 04 Heijen,2002,4.134689209279938,0.032424358136252655,NA,NA,NA,NA,NA
WK090704,Wijk 04 Heijen,2008,4.118159593247645,0.015894742103960323,NA,NA,NA,NA,NA
WK090704,Wijk 04 Heijen,2012,4.155509665055292,0.05324481391160704,NA,NA,NA,NA,NA
WK090704,Wijk 04 Heijen,2014,4.131497146775976,0.02923229563229087,0.009733995118172531,0.08854249979378735,0.07372987793008623,-0.17413662881156888,0.03136255160181333
WK090704,Wijk 04 Heijen,2016,4.215664851331752,0.11340000018806708,NA,NA,NA,NA,NA
WK090704,Wijk 04 Heijen,2018,4.151387406437953,0.04912255529426843,0.016439258579299756,0.10257143090446003,0.07150376368084752,-0.18034689908468213,0.03895500121434297
WK090704,Wijk 04 Heijen,2020,4.164394238537934,0.06212938739424905,0.017829404791910437,0.10760115616211742,0.06921256146315068,-0.1736399391720587,0.04112620414912889
WK090704,Wijk 04 Heijen,2022,4.144513091354813,0.04224824021112854,0.014579810309410189,0.08034000736447319,0.06605696404744986,-0.16596092810643082,0.047232386596225834
WK091710,Wijk 10 Maria Gewanden en Terschuren,2002,3.856910303975927,-0.24535454716775817,NA,NA,NA,NA,NA
WK091710,Wijk 10 Maria Gewanden en Terschuren,2008,3.8538270966616985,-0.24843775448198618,NA,NA,NA,NA,NA
WK091710,Wijk 10 Maria Gewanden en Terschuren,2012,3.8595842670120524,-0.2426805841316325,NA,NA,NA,NA,NA
WK091710,Wijk 10 Maria Gewanden en Terschuren,2014,3.846657968184924,-0.2556068829587613,-0.03061092803782219,-0.13912154346134867,-0.014642021966762661,-0.046088613394888,-0.025143776097940097
WK091710,Wijk 10 Maria Gewanden en Terschuren,2016,3.9145883744191354,-0.18767647672454962,NA,NA,NA,NA,NA
WK091710,Wijk 10 Maria Gewanden en Terschuren,2018,3.944329697010108,-0.15793515413357695,-0.004739508014072535,-0.10388607920262628,-0.010294999810269845,-0.024004374515218255,-0.015010192591390286
WK091710,Wijk 10 Maria Gewanden en Terschuren,2020,4.002531174027738,-0.09973367711594641,0.0035306820174841446,-0.0721174936859233,-0.009646526120372437,-0.008364473671102959,-0.013135865656032161
WK091710,Wijk 10 Maria Gewanden en Terschuren,2022,4.007495194411211,-0.09476965673247434,-0.002102573825739658,-0.0633653431543784,-0.015173766262143543,-0.007887294249352458,-0.006240679240860542
WK091711,Wijk 11 Mariarade,2002,3.9999301024757594,-0.10233474866792597,NA,NA,NA,NA,NA
WK091711,Wijk 11 Mariarade,2008,3.9882032755782384,-0.11406157556544692,NA,NA,NA,NA,NA
WK091711,Wijk 11 Mariarade,2012,3.9970616611933822,-0.10520318995030321,NA,NA,NA,NA,NA
WK091711,Wijk 11 Mariarade,2014,3.950479650627075,-0.15178520051661057,-0.03667118251158959,-0.05184505497802477,0.006103309031171296,-0.04115693215027059,-0.02821533990789719
WK091711,Wijk 11 Mariarade,2016,4.03957497451024,-0.06268987663344597,NA,NA,NA,NA,NA
WK091711,Wijk 11 Mariarade,2018,4.046814075540741,-0.05545077560294429,-0.022067272117347138,-0.015622611548242496,0.011463905673124677,-0.02422850453045189,-0.004996293080027679
WK091711,Wijk 11 Mariarade,2020,4.052641537594711,-0.049623313548973993,-0.012430322996460085,-0.015458558756310649,0.007050014044468372,-0.009197062789426334,-0.019587383051245605
WK091711,Wijk 11 Mariarade,2022,4.0657749354232156,-0.03648991572046936,-0.01625329008572688,-0.007047964084744861,-1.372022649301144e-4,-0.014455414809573349,0.0014039555245055606
WK091712,Wijk 12 Hoensbroek-De Dem,2002,3.855189253685887,-0.24707559745779833,NA,NA,NA,NA,NA
WK091712,Wijk 12 Hoensbroek-De Dem,2008,3.8542328897293907,-0.24803196141429432,NA,NA,NA,NA,NA
WK091712,Wijk 12 Hoensbroek-De Dem,2012,3.850512535085428,-0.25175231605825743,NA,NA,NA,NA,NA
WK091712,Wijk 12 Hoensbroek-De Dem,2014,3.853867127123019,-0.248397724020666,-0.03276509453246206,-0.13071446144362753,-0.030075572047295305,-0.03495820246501029,-0.019884393532271116
WK091712,Wijk 12 Hoensbroek-De Dem,2016,3.9040909176875225,-0.19817393345616252,NA,NA,NA,NA,NA
WK091712,Wijk 12 Hoensbroek-De Dem,2018,3.947413285805717,-0.15485156533796834,-0.02100490363364429,-0.09228852999115877,-0.025851263967627748,-0.010778186850165098,-0.004928680895372696
WK091712,Wijk 12 Hoensbroek-De Dem,2020,3.9766925809334217,-0.12557227021026354,-0.010211674144168768,-0.08468303194151906,-0.0309893582323494,0.01159600917323274,-0.011284215065459355
WK091712,Wijk 12 Hoensbroek-De Dem,2022,3.9762294047076714,-0.12603544643601397,-0.009349915872253558,-0.08223399262184423,-0.03617183826076248,0.01078572107461113,-0.009065420755765056
WK091713,Wijk 13 Nieuw Lotbroek,2002,3.9481919032028414,-0.15407294794084372,NA,NA,NA,NA,NA
WK091713,Wijk 13 Nieuw Lotbroek,2008,3.923405660875393,-0.17885919026829272,NA,NA,NA,NA,NA
WK091713,Wijk 13 Nieuw Lotbroek,2012,3.9461828077440733,-0.1560820433996117,NA,NA,NA,NA,NA
WK091713,Wijk 13 Nieuw Lotbroek,2014,3.9035154639835965,-0.1987493871600886,-0.03468626898231724,-0.09740691259378874,0.0020865457424695684,-0.05035130267552482,-0.018391448650927667
WK091713,Wijk 13 Nieuw Lotbroek,2016,3.971340239654694,-0.13092461148899134,NA,NA,NA,NA,NA
WK091713,Wijk 13 Nieuw Lotbroek,2018,4.010748186630224,-0.0915166645134617,-0.0022982940463187364,-0.042518053548143454,0.006448650917807175,-0.0468481943546792,-0.0063007734821277734
WK091713,Wijk 13 Nieuw Lotbroek,2020,4.034435133068759,-0.06782971807492698,0.005822124818836584,-0.04498559025834521,0.001270810057278083,-0.023591201447988243,-0.006345861244708473
WK091713,Wijk 13 Nieuw Lotbroek,2022,4.047458296203431,-0.05480655494025401,0.00572390783588077,-0.028059380982677806,-0.005654236468289346,-0.025658459527169296,-0.0011583857979985668
WK091714,Wijk 14 De Koumen,2002,3.959383508980003,-0.14288134216368245,NA,NA,NA,NA,NA
WK091714,Wijk 14 De Koumen,2008,3.9323964611225564,-0.1698683900211287,NA,NA,NA,NA,NA
WK091714,Wijk 14 De Koumen,2012,3.9386492716680115,-0.16361557947567396,NA,NA,NA,NA,NA
WK091714,Wijk 14 De Koumen,2014,3.912877304531234,-0.18938754661245136,-0.04662599264350355,-0.07927940450065671,0.007854992680389642,-0.052228558092307906,-0.01910858405637314
WK091714,Wijk 14 De Koumen,2016,3.950087315982996,-0.1521775351606892,NA,NA,NA,NA,NA
WK091714,Wijk 14 De Koumen,2018,3.9759813712025585,-0.12628347994112685,-0.014236555164172833,-0.08433706616182333,0.010156473632174723,-0.05217594980292974,0.01430961755562392
WK091714,Wijk 14 De Koumen,2020,4.013257590776449,-0.08900726036723594,-0.004497758772315202,-0.0578816556323941,0.004151782814153467,-0.03173088966814107,9.512608914607802e-4
WK091714,Wijk 14 De Koumen,2022,4.041252051526742,-0.061012799616942795,0.009113266768506835,-0.047698901288515734,-6.914394452436205e-4,-0.030597012345159512,0.008861286693469085
WK091720,Wijk 20 Vrieheide-De Stack,2002,3.7929795110389604,-0.3092853401047252,NA,NA,NA,NA,NA
WK091720,Wijk 20 Vrieheide-De Stack,2008,3.797778864719355,-0.30448598642433,NA,NA,NA,NA,NA
WK091720,Wijk 20 Vrieheide-De Stack,2012,3.8151866078797734,-0.28707824326391146,NA,NA,NA,NA,NA
WK091720,Wijk 20 Vrieheide-De Stack,2014,3.761248512895273,-0.3410163382484118,-0.004587966177895031,-0.21172101265952273,-0.02380299453186642,-0.05121321919904028,-0.04969114568008769
WK091720,Wijk 20 Vrieheide-De Stack,2016,3.740695240392236,-0.36156961075144944,NA,NA,NA,NA,NA
WK091720,Wijk 20 Vrieheide-De Stack,2018,3.828126981629843,-0.2741378695138419,0.008164737228300393,-0.152195170845644,-0.026748169937889088,-0.06173249854639791,-0.041626767412211566
WK091720,Wijk 20 Vrieheide-De Stack,2020,3.867564694408544,-0.23470015673514108,0.014269064769036199,-0.14446556332504004,-0.0291689081741624,-0.040031531678642394,-0.03530321832633276
WK091720,Wijk 20 Vrieheide-De Stack,2022,3.8519634118026045,-0.25030143934108057,0.01613511955943818,-0.16959440977445456,-0.023488983337046784,-0.04361965722237796,-0.029733508566639727
WK091721,Wijk 21 Heerlerheide-Passart,2002,3.8121415981339384,-0.29012325300974645,NA,NA,NA,NA,NA
WK091721,Wijk 21 Heerlerheide-Passart,2008,3.8050198924341365,-0.2972449587095487,NA,NA,NA,NA,NA
WK091721,Wijk 21 Heerlerheide-Passart,2012,3.8191867980534187,-0.2830780530902661,NA,NA,NA,NA,NA
WK091721,Wijk 21 Heerlerheide-Passart,2014,3.8132466928730255,-0.28901815827066013,-0.023175114735314105,-0.1623264759990259,-0.038151363876195124,-0.035485751825898006,-0.029879451834227248
WK091721,Wijk 21 Heerlerheide-Passart,2016,3.8263036186871067,-0.2759612324565787,NA,NA,NA,NA,NA
WK091721,Wijk 21 Heerlerheide-Passart,2018,3.876839865383276,-0.22542498576040873,-0.009801244327547715,-0.1160631158184253,-0.03801903741987476,-0.042532428393547025,-0.019009159801014187
WK091721,Wijk 21 Heerlerheide-Passart,2020,3.8887548237955505,-0.21351002734813454,-0.005222482478999616,-0.13093125420132917,-0.042937222662522256,-0.018795327657844998,-0.015623740347438778
WK091721,Wijk 21 Heerlerheide-Passart,2022,3.8575129488176643,-0.244751902326021,-0.0026935667821066317,-0.18224122870733545,-0.03563041896295584,-0.026599550101213683,0.0024128622275903246
WK091722,Wijk 22 Heksenberg,2002,3.9557137243185894,-0.14655112682509613,NA,NA,NA,NA,NA
WK091722,Wijk 22 Heksenberg,2008,3.9573904713981785,-0.14487437974550665,NA,NA,NA,NA,NA
WK091722,Wijk 22 Heksenberg,2012,3.9612257841834597,-0.14103906696022556,NA,NA,NA,NA,NA
WK091722,Wijk 22 Heksenberg,2014,3.9337683764286338,-0.16849647471505153,-0.003576813854732286,-0.08745227433613859,0.009471793392868891,-0.036182604243904765,-0.05075657567314502
WK091722,Wijk 22 Heksenberg,2016,3.9325685877440684,-0.16969626339961683,NA,NA,NA,NA,NA
WK091722,Wijk 22 Heksenberg,2018,4.0177044877332895,-0.08456036341039613,0.014925594845950636,-0.03607027638191747,0.007871377475273935,-0.048898207008783424,-0.022388852340920144
WK091722,Wijk 22 Heksenberg,2020,4.0337440865175,-0.06852076462618459,0.017586777326451523,-0.04597262658529739,0.004807129082116597,-0.020957299984000803,-0.023984744465454767
WK091722,Wijk 22 Heksenberg,2022,3.9913205772237266,-0.11094427391995867,0.020284328320115647,-0.0890942686872749,0.010376570183370484,-0.02950021719211076,-0.023010686544059456
WK091723,Wijk 23 De Hei,2002,4.113864885320133,0.011600034176447784,NA,NA,NA,NA,NA
WK091723,Wijk 23 De Hei,2008,4.062666066850466,-0.03959878429321907,NA,NA,NA,NA,NA
WK091723,Wijk 23 De Hei,2012,4.071380157083934,-0.030884694059751458,NA,NA,NA,NA,NA
WK091723,Wijk 23 De Hei,2014,4.072869521489846,-0.029395329653838936,-0.04874763859934956,-0.0801152245745348,0.05435050443800851,-0.021124806910648754,0.06624183599268571
WK091723,Wijk 23 De Hei,2016,3.9937828644817728,-0.10848198666191228,NA,NA,NA,NA,NA
WK091723,Wijk 23 De Hei,2018,4.078202681969211,-0.024062169174473663,-0.06373340535675708,-0.006836147653167953,0.03138237127095661,-0.013683854863667386,0.02880886742816163
WK091723,Wijk 23 De Hei,2020,4.175861761821779,0.07359691067809429,-0.04788907489074899,-0.0017486347466071346,0.03796418601105846,0.01595624482563596,0.06931418947875616
WK091723,Wijk 23 De Hei,2022,4.002947976584655,-0.09931687455903075,0.0015155595117313432,-0.08751291413439002,0.01884662625531984,-0.0033530870176717827,-0.02881305917402071
WK091724,Wijk 24 Rennemig-Beersdal,2002,3.861824833066454,-0.24044001807723148,NA,NA,NA,NA,NA
WK091724,Wijk 24 Rennemig-Beersdal,2008,3.8555861582624797,-0.2466786928812054,NA,NA,NA,NA,NA
WK091724,Wijk 24 Rennemig-Beersdal,2012,3.8869529134825154,-0.21531193766117013,NA,NA,NA,NA,NA
WK091724,Wijk 24 Rennemig-Beersdal,2014,3.882807074752353,-0.21945777639133254,-0.03398592209904132,-0.11254508547877119,-0.005087242084484827,-0.032311313196454604,-0.03552821353258086
WK091724,Wijk 24 Rennemig-Beersdal,2016,3.9020267086269445,-0.20023814251674057,NA,NA,NA,NA,NA
WK091724,Wijk 24 Rennemig-Beersdal,2018,3.938899774678634,-0.1633650764650515,-0.018975550960132478,-0.0745629776461795,-0.01029963433286939,-0.04168265421375632,-0.01784425931211409
WK091724,Wijk 24 Rennemig-Beersdal,2020,3.958685353172757,-0.14357949797092856,-0.010886918221534496,-0.07343092069461554,-0.015539666084559076,-0.018534782023900465,-0.025187210946319274
WK091724,Wijk 24 Rennemig-Beersdal,2022,3.9476505144790974,-0.1546143366645874,-0.008377758707634282,-0.11511436454713662,-0.006743726207614581,-0.02128148139879281,-0.00309700580340941
WK091730,Wijk 30 Zeswegen-Nieuw Husken,2002,3.925277633988375,-0.17698721715531027,NA,NA,NA,NA,NA
WK091730,Wijk 30 Zeswegen-Nieuw Husken,2008,3.9534772270441585,-0.14878762409952673,NA,NA,NA,NA,NA
WK091730,Wijk 30 Zeswegen-Nieuw Husken,2012,3.965752883574812,-0.136511967568873,NA,NA,NA,NA,NA
WK091730,Wijk 30 Zeswegen-Nieuw Husken,2014,3.889861121299489,-0.21240372984419628,-0.020377987149798833,-0.08598200196331288,-0.025020454192215442,-0.015747941808890168,-0.065275344729979215
WK091730,Wijk 30 Zeswegen-Nieuw Husken,2016,4.004064518357533,-0.09820033278615162,NA,NA,NA,NA,NA
WK091730,Wijk 30 Zeswegen-Nieuw Husken,2018,3.9010561537090567,-0.20120869743462833,-0.00581738939584607,-0.09793501371780018,-0.026128170587190296,-0.025747640378718017,-0.04558048335507405
WK091730,Wijk 30 Zeswegen-Nieuw Husken,2020,3.894832592248598,-0.20743225889508748,0.003129372575212682,-0.14276436610414497,-0.024776319563784552,3.29302992828549e-4,-0.04335024879519949
WK091730,Wijk 30 Zeswegen-Nieuw Husken,2022,3.9649528086943837,-0.13731204244930148,-0.002499943658928207,-0.06308459772883634,-0.026627200043951856,0.002015878061127111,-0.04711617907871246
WK091731,Wijk 31 Schandelen-Grasbroek,2002,3.9413536079427622,-0.16091124320092298,NA,NA,NA,NA,NA
WK091731,Wijk 31 Schandelen-Grasbroek,2008,3.953220164828153,-0.14904468631553217,NA,NA,NA,NA,NA
WK091731,Wijk 31 Schandelen-Grasbroek,2012,3.9666642477874037,-0.13560060335628166,NA,NA,NA,NA,NA
WK091731,Wijk 31 Schandelen-Grasbroek,2014,3.9167084732727533,-0.18555637787093165,-0.021747401695474882,-0.14575467733216158,-0.028025429699126723,0.06705702371246233,-0.057085892856631106
WK091731,Wijk 31 Schandelen-Grasbroek,2016,3.9955844849422384,-0.10668036620144672,NA,NA,NA,NA,NA
WK091731,Wijk 31 Schandelen-Grasbroek,2018,3.9174327065744134,-0.18483214456927166,-0.01492747999517724,-0.1603178241907555,-0.033537865664154516,0.06329738184085416,-0.03934635656003883
WK091731,Wijk 31 Schandelen-Grasbroek,2020,3.8976439647258596,-0.20462088641782591,-0.007160752828424644,-0.20910555060542874,-0.030630613957579204,0.09169621566841388,-0.0494201846948075
WK091731,Wijk 31 Schandelen-Grasbroek,2022,4.030442284624103,-0.07182256651958269,-0.013198423423906994,-0.10589392283697792,-0.028367019743889055,0.0949711707208688,-0.019334371235677793
WK091732,Wijk 32 Meezenbroek-Schaesbergerveld,2002,3.930578786780278,-0.1716860643634074,NA,NA,NA,NA,NA
WK091732,Wijk 32 Meezenbroek-Schaesbergerveld,2008,3.9280836752814814,-0.17418117586220355,NA,NA,NA,NA,NA
WK091732,Wijk 32 Meezenbroek-Schaesbergerveld,2012,3.9473148826505544,-0.1549499684931307,NA,NA,NA,NA,NA
WK091732,Wijk 32 Meezenbroek-Schaesbergerveld,2014,3.9371197599762406,-0.16514509116744452,-0.015506091441989204,-0.12221991990931835,-0.030109061513362657,0.025519770837383545,-0.022829789140158135
WK091732,Wijk 32 Meezenbroek-Schaesbergerveld,2016,3.9938378673204844,-0.1084269838232008,NA,NA,NA,NA,NA
WK091732,Wijk 32 Meezenbroek-Schaesbergerveld,2018,3.9750456996481436,-0.1272191514955417,-0.004303037566081283,-0.10182736945555415,-0.026359185211163455,0.02022533792456997,-0.014954897187313028
WK091732,Wijk 32 Meezenbroek-Schaesbergerveld,2020,3.9542037622646355,-0.1480610888790495,0.003828313809509664,-0.148751675431116,-0.027243273645388144,0.047473490614752735,-0.023367944226808036
WK091732,Wijk 32 Meezenbroek-Schaesbergerveld,2022,4.043822300471885,-0.058442550671799556,0.013769479369815749,-0.08043423214124278,-0.02589485281278141,0.046330850152229555,-0.012213795239820965
WK091733,Wijk 33 Heerlen-Centrum,2002,4.103546753138749,0.001281901995063916,NA,NA,NA,NA,NA
WK091733,Wijk 33 Heerlen-Centrum,2008,4.137737674948031,0.03547282380434612,NA,NA,NA,NA,NA
WK091733,Wijk 33 Heerlen-Centrum,2012,4.150728298578352,0.04846344743466742,NA,NA,NA,NA,NA
WK091733,Wijk 33 Heerlen-Centrum,2014,4.061329675752876,-0.04093517539080941,-0.0370734273931267,-0.10414658984269985,-0.04198062295058039,0.1528288135055015,-0.010563348709904209
WK091733,Wijk 33 Heerlen-Centrum,2016,4.098112753001707,-0.004152098141978501,NA,NA,NA,NA,NA
WK091733,Wijk 33 Heerlen-Centrum,2018,4.054420808925008,-0.047844042218677094,-0.025456403926343303,-0.12949513482628083,-0.04102462922016005,0.14531216889417684,0.002819956859929946
WK091733,Wijk 33 Heerlen-Centrum,2020,4.0584135783184445,-0.04385127282524021,-0.0076745868489393135,-0.14325430584477142,-0.038113518110417785,0.1689396491201774,-0.02374851114128933
WK091733,Wijk 33 Heerlen-Centrum,2022,4.105719037454448,0.0034541863107626454,-0.017558213080057745,-0.08124808729030145,-0.037876388904354,0.17099630180842115,-0.03085942622294565
WK091734,Wijk 34 Eikenderveld,2002,3.8847129835076446,-0.2175518676360407,NA,NA,NA,NA,NA
WK091734,Wijk 34 Eikenderveld,2008,3.925420298937771,-0.17684455220591447,NA,NA,NA,NA,NA
WK091734,Wijk 34 Eikenderveld,2012,3.9534925905741494,-0.14877226056953574,NA,NA,NA,NA,NA
WK091734,Wijk 34 Eikenderveld,2014,3.9091106950193137,-0.19315415612437115,-0.05461660326348167,-0.10097819781786924,-0.05033262918543567,0.06330778982468223,-0.05053451568226706
WK091734,Wijk 34 Eikenderveld,2016,3.8945145507228114,-0.20775030042087383,NA,NA,NA,NA,NA
WK091734,Wijk 34 Eikenderveld,2018,3.8287120836806063,-0.273552767463079,-0.040793324835392074,-0.17615607141523146,-0.05272730735735788,0.04280623385846495,-0.046682297713562845
WK091734,Wijk 34 Eikenderveld,2020,3.8496576747068034,-0.25260717643688185,-0.03081048771539087,-0.1935762955716499,-0.0501908479534161,0.06907020782848441,-0.04709975302490967
WK091734,Wijk 34 Eikenderveld,2022,3.9056755847249236,-0.19658926641876168,-0.03727333527530364,-0.13464534100915568,-0.04910835459200208,0.07197940276105504,-0.047541638303355636
WK091735,Wijk 35 Woonboulevard-Ten Esschen,2002,4.384382421235947,0.28211757009226185,NA,NA,NA,NA,NA
WK091735,Wijk 35 Woonboulevard-Ten Esschen,2008,4.402488068528103,0.3002232173844177,NA,NA,NA,NA,NA
WK091735,Wijk 35 Woonboulevard-Ten Esschen,2012,4.38890904372354,0.2866441925798551,NA,NA,NA,NA,NA
WK091735,Wijk 35 Woonboulevard-Ten Esschen,2014,4.285872787038626,0.18360793589494057,-0.05944977423149386,0.08157388296270303,0.10048964830397511,-0.06678879272907755,0.1277829715888337
WK091735,Wijk 35 Woonboulevard-Ten Esschen,2016,4.345763834771676,0.24349898362799002,NA,NA,NA,NA,NA
WK091735,Wijk 35 Woonboulevard-Ten Esschen,2018,4.278946524686511,0.17668167354282557,-0.04461410081724187,0.06741516137559356,0.10108820400141282,-0.07395221982225184,0.12674462880531273
WK091735,Wijk 35 Woonboulevard-Ten Esschen,2020,4.281341366779701,0.1790765156360158,-0.031250500617618436,0.04369108420444191,0.09636034471897957,-0.06068336214836566,0.13095894947857836
WK091735,Wijk 35 Woonboulevard-Ten Esschen,2022,4.296636256146891,0.19437140500320516,-0.03024036084963864,0.057376461267338974,0.08377589164690966,-0.05190670666043627,0.1353661195990311
WK091736,Wijk 36 Welten-Benzenrade,2002,4.187312046452772,0.08504719530908615,NA,NA,NA,NA,NA
WK091736,Wijk 36 Welten-Benzenrade,2008,4.163496852989852,0.0612320018461671,NA,NA,NA,NA,NA
WK091736,Wijk 36 Welten-Benzenrade,2012,4.158553616643951,0.0562887655002661,NA,NA,NA,NA,NA
WK091736,Wijk 36 Welten-Benzenrade,2014,4.1940823314663,0.09181748032261425,-0.030080581822513178,0.022120667414787767,0.04635197837038249,0.035416516734188754,0.01800889962576813
WK091736,Wijk 36 Welten-Benzenrade,2016,4.189967977884144,0.08770312674045883,NA,NA,NA,NA,NA
WK091736,Wijk 36 Welten-Benzenrade,2018,4.210012533490952,0.1077476823472667,-0.010364034623444998,0.02510376691780928,0.040445062497165986,0.03795240138944692,0.014610486166289233
WK091736,Wijk 36 Welten-Benzenrade,2020,4.209988298422684,0.10772344727899924,-0.0038590279550504017,0.0019119730586839333,0.036994367114543396,0.056675380122820564,0.016000754938001512
WK091736,Wijk 36 Welten-Benzenrade,2022,4.230015097489743,0.12775024634605786,0.0015502126210163504,0.013010154400466729,0.04208743399935352,0.05243922702111917,0.018663218304101833
WK091737,Wijk 37 Bekkerveld,2002,4.14364161788153,0.04137676673784402,NA,NA,NA,NA,NA
WK091737,Wijk 37 Bekkerveld,2008,4.13436181884022,0.03209696769653487,NA,NA,NA,NA,NA
WK091737,Wijk 37 Bekkerveld,2012,4.125560595927194,0.023295744783508113,NA,NA,NA,NA,NA
WK091737,Wijk 37 Bekkerveld,2014,4.100815305239141,-0.0014495459045436897,-0.043869678622407454,-0.02799437018582464,-0.013365272738890054,0.06998327436973059,0.013796501272847622
WK091737,Wijk 37 Bekkerveld,2016,4.157516622689724,0.05525177154603921,NA,NA,NA,NA,NA
WK091737,Wijk 37 Bekkerveld,2018,4.161153003229913,0.0588881520862272,-0.013260040913993867,-0.017723183864044888,-0.013425311502316496,0.08162740385448793,0.02166928451209425
WK091737,Wijk 37 Bekkerveld,2020,4.185245098372823,0.08298024722913826,-0.006241472291361586,-0.025692199355217184,-0.011561857418285127,0.11388331749996479,0.012592458794037078
WK091737,Wijk 37 Bekkerveld,2022,4.21889906223913,0.11663421109544439,-0.0032015432068459963,-0.007797610304186299,-0.011711642325586299,0.11018223303387187,0.02916277389819084
WK091738,Wijk 38 Caumerveld-Douve Weien,2002,4.079433493984918,-0.022831357158767593,NA,NA,NA,NA,NA
WK091738,Wijk 38 Caumerveld-Douve Weien,2008,4.114349371199457,0.012084520055771033,NA,NA,NA,NA,NA
WK091738,Wijk 38 Caumerveld-Douve Weien,2012,4.114899287283706,0.012634436140019991,NA,NA,NA,NA,NA
WK091738,Wijk 38 Caumerveld-Douve Weien,2014,4.125307639751267,0.02304278860758279,-0.03466057886820365,0.03275612340816553,-0.002487882661867225,0.023019901053493174,0.004415225675994713
WK091738,Wijk 38 Caumerveld-Douve Weien,2016,4.1230604462711655,0.020795595127479798,NA,NA,NA,NA,NA
WK091738,Wijk 38 Caumerveld-Douve Weien,2018,4.164034252378856,0.06176940123517049,-0.006616302670933703,0.03714204929450991,-0.00604000016728253,0.032554466297870566,0.004729188481006006
WK091738,Wijk 38 Caumerveld-Douve Weien,2020,4.176931140518844,0.07466628937515883,0.001401502936445191,0.025229299074539125,-0.008991413786965276,0.05497439129354589,0.0020525098575935995
WK091738,Wijk 38 Caumerveld-Douve Weien,2022,4.181870059212374,0.07960520806868829,1.1344859432380809e-4,0.02926060083252486,-0.010818843776181804,0.05466125552946503,0.006388746888556102
WK091739,Wijk 39 Molenberg,2002,3.9138780309022834,-0.18838682024140244,NA,NA,NA,NA,NA
WK091739,Wijk 39 Molenberg,2008,3.9155340023853666,-0.1867308487583185,NA,NA,NA,NA,NA
WK091739,Wijk 39 Molenberg,2012,3.963270399385959,-0.138994451757726,NA,NA,NA,NA,NA
WK091739,Wijk 39 Molenberg,2014,4.005254920840477,-0.0970099303032091,-0.017706137172280933,-0.07706850690644937,-0.016510639596655757,0.015209308980527475,-9.339556083508415e-4
WK091739,Wijk 39 Molenberg,2016,3.976750715102969,-0.12551413604071604,NA,NA,NA,NA,NA
WK091739,Wijk 39 Molenberg,2018,4.008000759692249,-0.09426409145143705,0.0033336253205721246,-0.08938463259729033,-0.023176935368414333,0.013843620858389303,0.0011202303353059005
WK091739,Wijk 39 Molenberg,2020,4.0320408177527565,-0.07022403339092934,0.00778121978331397,-0.09740235783586548,-0.021757470396804347,0.03239667705449021,0.008757898003936044
WK091739,Wijk 39 Molenberg,2022,4.0379521139752885,-0.06431273716839647,0.009778737435015825,-0.08164427506271349,-0.024668514982108175,0.031945478394252824,2.758370471563001e-4
WK091740,Wijk 40 Heerlerbaan-Centrum,2002,3.861545080994794,-0.24071977014889132,NA,NA,NA,NA,NA
WK091740,Wijk 40 Heerlerbaan-Centrum,2008,3.8323651188918224,-0.26989973225186265,NA,NA,NA,NA,NA
WK091740,Wijk 40 Heerlerbaan-Centrum,2012,3.8433820821845823,-0.25888276895910245,NA,NA,NA,NA,NA
WK091740,Wijk 40 Heerlerbaan-Centrum,2014,3.8836075569645896,-0.21865729417909568,-0.03462193194257787,-0.08562388415200066,-0.05369648718009677,-0.021821853777862707,-0.02289313712655794
WK091740,Wijk 40 Heerlerbaan-Centrum,2016,3.8833772585201922,-0.2188875926234933,NA,NA,NA,NA,NA
WK091740,Wijk 40 Heerlerbaan-Centrum,2018,3.9075544916583125,-0.1947103594853727,-0.01704975412487821,-0.08705426571097478,-0.050733856783018436,-0.019636077661433656,-0.0202364052050679
WK091740,Wijk 40 Heerlerbaan-Centrum,2020,3.920685099391538,-0.18157975175214752,-0.006713997618241446,-0.1003674627349807,-0.05263669426406631,-0.004150018196971869,-0.017711578937887478
WK091740,Wijk 40 Heerlerbaan-Centrum,2022,3.9334613427862175,-0.1688035083574676,-0.016364667574477836,-0.07778896585023656,-0.04768410301570218,-0.006922132126460512,-0.020043639790590817
WK091741,Wijk 41 Heerlerbaan-Schil,2002,4.074536211299442,-0.027728639844242956,NA,NA,NA,NA,NA
WK091741,Wijk 41 Heerlerbaan-Schil,2008,4.060351995860567,-0.041912855283118305,NA,NA,NA,NA,NA
WK091741,Wijk 41 Heerlerbaan-Schil,2012,4.0748644625602335,-0.027400388583452066,NA,NA,NA,NA,NA
WK091741,Wijk 41 Heerlerbaan-Schil,2014,4.094255992851493,-0.008008858292191934,-0.021628947822420055,0.005403277352284959,0.024244740923396867,-0.032261125150662144,0.016233196405208133
WK091741,Wijk 41 Heerlerbaan-Schil,2016,4.09847427234637,-0.0037905787973155146,NA,NA,NA,NA,NA
WK091741,Wijk 41 Heerlerbaan-Schil,2018,4.115077528022414,0.012812676878728026,-0.00462687006240659,-0.001186883560081043,0.02320913664532471,-0.025593994326728382,0.021011288182619124
WK091741,Wijk 41 Heerlerbaan-Schil,2020,4.123935120093163,0.021670268949477597,0.0039683695355078414,-0.016192616328438478,0.01831264871650868,-0.006048311046012908,0.02163017807191222
WK091741,Wijk 41 Heerlerbaan-Schil,2022,4.127909596731485,0.025644745587799833,0.001311476182382589,-0.010927796899607087,0.02261599653740449,-0.0075043379699540605,0.020149407737573566
WK091742,Wijk 42 De Beitel,2002,3.933219047837453,-0.16904580330623198,NA,NA,NA,NA,NA
WK091742,Wijk 42 De Beitel,2008,3.898194892271011,-0.20406995887267407,NA,NA,NA,NA,NA
WK091742,Wijk 42 De Beitel,2012,3.8946177277431135,-0.2076471234005719,NA,NA,NA,NA,NA
WK091742,Wijk 42 De Beitel,2014,4.001729498579163,-0.10053535256452209,-0.19366024889620487,0.08476586990716092,0.1053176698172746,-0.10269599979301235,0.005737356400259321
WK091742,Wijk 42 De Beitel,2016,4.010740756732402,-0.0915240944112828,NA,NA,NA,NA,NA
WK091742,Wijk 42 De Beitel,2018,3.9762919181534593,-0.12597293299022563,-0.19838637600062134,0.03482154621432114,0.11863442244736372,-0.09707812532848498,0.0160355996771955
WK091742,Wijk 42 De Beitel,2020,4.094749460869128,-0.007515390274557016,-0.2059512650810446,4.0574976617900436e-4,0.11907703686891372,-0.08472885012563197,0.16368193829702643
WK091742,Wijk 42 De Beitel,2022,4.179759207072259,0.0774943559285736,-0.22439878459271134,0.08620478532366466,0.15016977077178004,-0.09292111054989648,0.15843969497573657
WK092800,Wijk 00 Kerkrade-West,2002,3.9373751811486795,-0.1648896699950059,NA,NA,NA,NA,NA
WK092800,Wijk 00 Kerkrade-West,2008,3.921265933282356,-0.18099891786132913,NA,NA,NA,NA,NA
WK092800,Wijk 00 Kerkrade-West,2012,3.921410073938799,-0.1808547772048862,NA,NA,NA,NA,NA
WK092800,Wijk 00 Kerkrade-West,2014,3.9455489904510355,-0.15671586069264973,-0.042225128053673566,-0.06301679791176895,-0.00385810504593121,-0.046516449537629116,-0.001099380143647184
WK092800,Wijk 00 Kerkrade-West,2016,3.965147593863278,-0.1371172572804072,NA,NA,NA,NA,NA
WK092800,Wijk 00 Kerkrade-West,2018,3.9691643835775694,-0.1331004675661159,-0.028722705594588244,-0.05578047903085724,-0.005933985977230025,-0.0452082021028603,0.002544905139419628
WK092800,Wijk 00 Kerkrade-West,2020,3.9826411436449636,-0.11962370749872203,-0.014622491707045574,-0.057069542847344945,-0.0046553018866351764,-0.036614422683694775,-0.006661948374001844
WK092800,Wijk 00 Kerkrade-West,2022,4.004138570666668,-0.09812628047701721,-0.018957122645247668,-0.04526631431696411,-0.009598843391855143,-0.03167817101848156,0.0073741708955309924
WK092801,Wijk 01 Kerkrade-Oost,2002,3.903028690474681,-0.199236160669004,NA,NA,NA,NA,NA
WK092801,Wijk 01 Kerkrade-Oost,2008,3.8864011607352484,-0.21586369040843667,NA,NA,NA,NA,NA
WK092801,Wijk 01 Kerkrade-Oost,2012,3.882330796273441,-0.2199340548702438,NA,NA,NA,NA,NA
WK092801,Wijk 01 Kerkrade-Oost,2014,3.8944179899308144,-0.20784686121287058,-0.027691664596411796,-0.0982615680719475,-0.021967566679532383,-0.04302646551306908,-0.0168995963519101
WK092801,Wijk 01 Kerkrade-Oost,2016,3.921427169242511,-0.1808376819011742,NA,NA,NA,NA,NA
WK092801,Wijk 01 Kerkrade-Oost,2018,3.892363476716123,-0.2099013744275622,-0.01667548869602437,-0.1048708049469044,-0.025895437084179098,-0.055060166661918285,-0.00739947703853633
WK092801,Wijk 01 Kerkrade-Oost,2020,3.9206432123911883,-0.18162163875249723,-0.001350830601464628,-0.11551084177868658,-0.02800639759175478,-0.02975039651389636,-0.007003172266695131
WK092801,Wijk 01 Kerkrade-Oost,2022,3.935239197575557,-0.16702565356812824,-0.006948933251012952,-0.11058163520948248,-0.023877267113383966,-0.018655854406054658,-0.006961963588194487
WK092802,Wijk 02 Kerkrade-Noord,2002,3.9612307236949436,-0.14103412744874155,NA,NA,NA,NA,NA
WK092802,Wijk 02 Kerkrade-Noord,2008,3.9759064558283734,-0.12635839531531193,NA,NA,NA,NA,NA
WK092802,Wijk 02 Kerkrade-Noord,2012,3.973613025216409,-0.12865182592727675,NA,NA,NA,NA,NA
WK092802,Wijk 02 Kerkrade-Noord,2014,3.998345860867679,-0.10391899027600619,-0.020440780341650887,-0.035072128484871345,0.00833071883406595,-0.06003569626377424,0.003298895980224033
WK092802,Wijk 02 Kerkrade-Noord,2016,3.99845867746036,-0.10380617368332516,NA,NA,NA,NA,NA
WK092802,Wijk 02 Kerkrade-Noord,2018,4.0005581781759485,-0.10170667296773694,-0.004493733434943018,-0.04326232898721137,0.003693044396351362,-0.06364317713675362,0.005999522194819428
WK092802,Wijk 02 Kerkrade-Noord,2020,4.015611446809499,-0.08665340433418572,0.007655210728800425,-0.05798308029386583,3.294002333286972e-4,-0.05149434018487717,0.014839405182427875
WK092802,Wijk 02 Kerkrade-Noord,2022,4.030243189984703,-0.07202166115898163,0.007299642935411674,-0.04951907679287002,0.0029032334272512577,-0.04840866684909721,0.0157032061203224
WK093500,Wijk 00 Centrum,2002,4.039048905043995,-0.0632159460996907,NA,NA,NA,NA,NA
WK093500,Wijk 00 Centrum,2008,4.052486119712266,-0.049778731431419664,NA,NA,NA,NA,NA
WK093500,Wijk 00 Centrum,2012,4.074819433235731,-0.02744541790795456,NA,NA,NA,NA,NA
WK093500,Wijk 00 Centrum,2014,4.016974485397388,-0.08529036574629649,-0.01349927177253757,-0.14800609585255206,-0.036473920917273715,0.10369435782913554,0.008994564966931047
WK093500,Wijk 00 Centrum,2016,4.073171546787136,-0.0290933043565493,NA,NA,NA,NA,NA
WK093500,Wijk 00 Centrum,2018,4.14224457554118,0.03997972439749425,4.5591134718361094e-4,-0.10907868765993205,-0.03306330278942282,0.17037060998454479,0.011295193515120422
WK093500,Wijk 00 Centrum,2020,4.178364929735748,0.07610007859206326,0.012701063382308609,-0.09581816182700187,-0.03610745673453737,0.183338864446575,0.011985769324718629
WK093500,Wijk 00 Centrum,2022,4.193698172269599,0.09143332112591357,0.011020746289503969,-0.07579805265623037,-0.035271793205190714,0.180347996599779,0.011134424098051423
WK093501,Wijk 01 Buitenwijk Zuidwest,2002,4.159265399047279,0.05700054790359387,NA,NA,NA,NA,NA
WK093501,Wijk 01 Buitenwijk Zuidwest,2008,4.173889229063826,0.07162437792014076,NA,NA,NA,NA,NA
WK093501,Wijk 01 Buitenwijk Zuidwest,2012,4.170887360351454,0.06862250920776952,NA,NA,NA,NA,NA
WK093501,Wijk 01 Buitenwijk Zuidwest,2014,4.162370251787034,0.06010540064334888,-0.009229167877101433,0.01518903741090887,0.018842259890844502,-0.02184035051677041,0.057143621735467054
WK093501,Wijk 01 Buitenwijk Zuidwest,2016,4.202847340006185,0.10058248886250061,NA,NA,NA,NA,NA
WK093501,Wijk 01 Buitenwijk Zuidwest,2018,4.221468615495862,0.11920376435217639,0.002270966051716874,0.03373238186035799,0.01327764117845006,0.015328015657795138,0.054594759603856055
WK093501,Wijk 01 Buitenwijk Zuidwest,2020,4.2395360176058645,0.137271166462179,0.007650827565070361,0.03950977917802946,0.01742523882095402,0.02351672690139309,0.049168593996731756
WK093501,Wijk 01 Buitenwijk Zuidwest,2022,4.245808382745139,0.1435435316014541,0.007460399544161278,0.046333781698047354,0.019823133959830676,0.022070666270097957,0.04785555012931657
WK093502,Wijk 02 Buitenwijk West,2002,3.9031791532291167,-0.19908569791456837,NA,NA,NA,NA,NA
WK093502,Wijk 02 Buitenwijk West,2008,3.8711775965878177,-0.23108725455586718,NA,NA,NA,NA,NA
WK093502,Wijk 02 Buitenwijk West,2012,3.8993993935096407,-0.20286545763404454,NA,NA,NA,NA,NA
WK093502,Wijk 02 Buitenwijk West,2014,3.8754549362605752,-0.22680991488310998,-0.009584835082020219,-0.12296450960203098,-0.039424700440631004,-0.03533379058958924,-0.019502079168838823
WK093502,Wijk 02 Buitenwijk West,2016,3.9054486402479642,-0.19681621089572135,NA,NA,NA,NA,NA
WK093502,Wijk 02 Buitenwijk West,2018,3.9697163187022513,-0.13254853244143414,-6.711721422578282e-4,-0.08479764781928656,-0.04021548399677759,0.006164059485870057,-0.01302828796898248
WK093502,Wijk 02 Buitenwijk West,2020,3.9967574717607808,-0.10550737938290475,0.004023368526647297,-0.07604339556200315,-0.03922466767015608,0.0173734246826212,-0.011636109360014317
WK093502,Wijk 02 Buitenwijk West,2022,4.003388485473751,-0.0988763656699343,0.005483780079102849,-0.06374377245671542,-0.03706309061320892,0.007986602054410997,-0.011539884733524068
WK093503,Wijk 03 Buitenwijk Noordwest,2002,3.9610171060215937,-0.1412477451220918,NA,NA,NA,NA,NA
WK093503,Wijk 03 Buitenwijk Noordwest,2008,3.943091783630972,-0.15917306751271337,NA,NA,NA,NA,NA
WK093503,Wijk 03 Buitenwijk Noordwest,2012,3.97125598699199,-0.1310088641516949,NA,NA,NA,NA,NA
WK093503,Wijk 03 Buitenwijk Noordwest,2014,3.9868762901455974,-0.11538856099808789,-0.017008839365573337,-0.07704259456981881,-0.008743724563021004,-0.031037271392158387,0.018443868892483384
WK093503,Wijk 03 Buitenwijk Noordwest,2016,4.015750733681048,-0.08651411746263714,NA,NA,NA,NA,NA
WK093503,Wijk 03 Buitenwijk Noordwest,2018,4.0671405362641835,-0.035124314879501864,-0.0036922272647480743,-0.05757009467502968,-0.010570852542207396,0.028398474087050044,0.008310385515432955
WK093503,Wijk 03 Buitenwijk Noordwest,2020,4.113244641858714,0.010979790715027905,8.829672953883118e-4,-0.035483160161815235,-0.013233707561775675,0.0335912737397458,0.025222417403484472
WK093503,Wijk 03 Buitenwijk Noordwest,2022,4.106928677869774,0.004663826726088191,-0.004055274721420935,-0.03187981335650957,-0.012075611300375414,0.033376890286609985,0.019297635817783907
WK093504,Wijk 04 Buitenwijk Oost,2002,3.9237398280280056,-0.17852502311568,NA,NA,NA,NA,NA
WK093504,Wijk 04 Buitenwijk Oost,2008,3.8870346066332044,-0.21523024451048045,NA,NA,NA,NA,NA
WK093504,Wijk 04 Buitenwijk Oost,2012,3.905935808213739,-0.19632904292994652,NA,NA,NA,NA,NA
WK093504,Wijk 04 Buitenwijk Oost,2014,3.9151859639306483,-0.18707888721303664,-0.03509640301982151,-0.11197124079430111,-0.028784146308316216,0.004946544016494818,-0.016173641107092886
WK093504,Wijk 04 Buitenwijk Oost,2016,3.936891781552252,-0.1653730695914332,NA,NA,NA,NA,NA
WK093504,Wijk 04 Buitenwijk Oost,2018,3.999751328029457,-0.1025135231142282,-0.01855877962514877,-0.08497878227266165,-0.03291726502591944,0.0483510461896801,-0.014409742380178742
WK093504,Wijk 04 Buitenwijk Oost,2020,4.039499772521094,-0.06276507862259037,-0.011877559825378211,-0.08115777569241726,-0.033974391351280914,0.06388749946703835,3.571487794473915e-4
WK093504,Wijk 04 Buitenwijk Oost,2022,4.041874327658717,-0.06039052348496853,-0.012554746101443214,-0.07242935343450312,-0.033165310211381596,0.05839202681506858,-6.331405527094601e-4
WK093505,Wijk 05 Buitenwijk Noordoost,2002,3.9523502021873087,-0.14991464895637685,NA,NA,NA,NA,NA
WK093505,Wijk 05 Buitenwijk Noordoost,2008,3.9082343033208744,-0.1940305478228105,NA,NA,NA,NA,NA
WK093505,Wijk 05 Buitenwijk Noordoost,2012,3.934210874700501,-0.1680539764431843,NA,NA,NA,NA,NA
WK093505,Wijk 05 Buitenwijk Noordoost,2014,3.98747107705238,-0.11479377409130563,-0.038166163442362865,-0.0010794651983093066,0.03768750845213264,-0.16233111655153162,0.04909546264876526
WK093505,Wijk 05 Buitenwijk Noordoost,2016,3.9771621270615136,-0.12510272408217138,NA,NA,NA,NA,NA
WK093505,Wijk 05 Buitenwijk Noordoost,2018,4.018745801533932,-0.08351904960975352,-0.01850817008525445,0.013223457619585134,0.035788414914752424,-0.16171422057898505,0.04769146852014811
WK093505,Wijk 05 Buitenwijk Noordoost,2020,4.026846233778662,-0.07541861736502314,-0.011370679006314005,0.018149273287682382,0.03295099819694951,-0.15508323445280991,0.039935024609468586
WK093505,Wijk 05 Buitenwijk Noordoost,2022,4.089276259994627,-0.012988591149058348,0.0023765123503083417,0.054406286218746526,0.03583682097053954,-0.15591164282347586,0.05030343213482281
WK093506,Wijk 06 Buitenwijk Zuidoost,2002,3.972136727045178,-0.13012812409850735,NA,NA,NA,NA,NA
WK093506,Wijk 06 Buitenwijk Zuidoost,2008,3.987737949724035,-0.1145269014196506,NA,NA,NA,NA,NA
WK093506,Wijk 06 Buitenwijk Zuidoost,2012,3.983722612779846,-0.11854223836383897,NA,NA,NA,NA,NA
WK093506,Wijk 06 Buitenwijk Zuidoost,2014,3.979207159846202,-0.12305769129748298,-0.013906837950325206,-0.06097205380165123,-0.02536561563116515,-0.020932826958065184,-0.0018803569562765023
WK093506,Wijk 06 Buitenwijk Zuidoost,2016,4.01377049177674,-0.08849435936694464,NA,NA,NA,NA,NA
WK093506,Wijk 06 Buitenwijk Zuidoost,2018,4.053539193170186,-0.048725657973498725,-0.005413656068500061,-0.03448692185963157,-0.026097874575909848,0.012604629599836442,0.004668164930706037
WK093506,Wijk 06 Buitenwijk Zuidoost,2020,4.084149042536028,-0.018115808607657304,-0.00250335129685247,-0.018907593117139382,-0.02498825624590616,0.022456420541826193,0.005826971510414236
WK093506,Wijk 06 Buitenwijk Zuidoost,2022,4.1043038991632725,0.002039048019587716,0.0067903804897035906,-0.001757870721814637,-0.02440462458063552,0.017074901493957805,0.004336261338376207
WK093800,Wijk 00 Meerssen,2002,4.089836636569977,-0.012428214573708353,NA,NA,NA,NA,NA
WK093800,Wijk 00 Meerssen,2008,4.057464705776576,-0.0448001453671094,NA,NA,NA,NA,NA
WK093800,Wijk 00 Meerssen,2012,4.0928644688506735,-0.009400382293011702,NA,NA,NA,NA,NA
WK093800,Wijk 00 Meerssen,2014,4.069338802675457,-0.03292604846822836,-0.03809191371887365,0.002012559064358282,0.008230318258334727,-0.04383172205356142,0.038754709981513424
WK093800,Wijk 00 Meerssen,2016,4.0941790031739576,-0.008085847969727474,NA,NA,NA,NA,NA
WK093800,Wijk 00 Meerssen,2018,4.125501813959223,0.023236962815537946,-0.02081773952840181,0.02137931863777857,0.007721157871818576,-0.02384553434513046,0.038799760179472814
WK093800,Wijk 00 Meerssen,2020,4.152571645005438,0.050306793861753116,-0.0155507748387017,0.02145547714869353,0.005881629351454749,-0.0014660752320674825,0.039986537432373716
WK093800,Wijk 00 Meerssen,2022,4.1978231622305024,0.09555831108681695,-0.014709084829988625,0.05551112072046301,0.017300790930602862,-0.008088034654705993,0.045543518920445406
WK093801,Wijk 01 Ulestraten,2002,4.10958363212517,0.0073187809814842875,NA,NA,NA,NA,NA
WK093801,Wijk 01 Ulestraten,2008,4.101697130488037,-5.677206556484054e-4,NA,NA,NA,NA,NA
WK093801,Wijk 01 Ulestraten,2012,4.128272565134838,0.02600771399115344,NA,NA,NA,NA,NA
WK093801,Wijk 01 Ulestraten,2014,4.122424570434573,0.020159719290887213,-0.018762334477757714,0.06621194344748756,0.060380044335351435,-0.12958516397815578,0.04191522996396142
WK093801,Wijk 01 Ulestraten,2016,4.124525415223739,0.022260564080053995,NA,NA,NA,NA,NA
WK093801,Wijk 01 Ulestraten,2018,4.182832068168209,0.08056721702452334,-0.008974547005277014,0.10378741693746518,0.058421200448015666,-0.11718609150561878,0.044519238149937995
WK093801,Wijk 01 Ulestraten,2020,4.2039070199433,0.10164216879961464,0.003416338210621387,0.09531890706426169,0.05448475623399549,-0.09728981995289741,0.0457119872436332
WK093801,Wijk 01 Ulestraten,2022,4.198998997534839,0.09673414639115366,0.0011529050380698082,0.09397740963399216,0.05734562768519215,-0.10457822608312795,0.048836430117027214
WK093802,Wijk 02 Bunde - Geulle,2002,4.147845116071525,0.045580264927839884,NA,NA,NA,NA,NA
WK093802,Wijk 02 Bunde - Geulle,2008,4.11349108274286,0.011226231599175513,NA,NA,NA,NA,NA
WK093802,Wijk 02 Bunde - Geulle,2012,4.117352688687257,0.015087837543571526,NA,NA,NA,NA,NA
WK093802,Wijk 02 Bunde - Geulle,2014,4.09590871846414,-0.006356132679545041,-0.024987107300190013,0.0322856096815331,0.05735088049633247,-0.11074252868317061,0.03973701312594976
WK093802,Wijk 02 Bunde - Geulle,2016,4.137728747967189,0.035463896823503656,NA,NA,NA,NA,NA
WK093802,Wijk 02 Bunde - Geulle,2018,4.149765020225494,0.047500169081808555,-0.01284546759770083,0.055791973949406305,0.060007922553791226,-0.09765688978962611,0.04220262996593769
WK093802,Wijk 02 Bunde - Geulle,2020,4.166585579892772,0.0643207287490862,-0.0030677757884275173,0.05169919392121415,0.05434459784430442,-0.08143664927254235,0.04278136204453726
WK093802,Wijk 02 Bunde - Geulle,2022,4.180574245333218,0.07830939418953202,-1.1765065236470176e-4,0.07122123636197625,0.05020304347283862,-0.09157690775325684,0.048579672760338366
WK094400,Wijk 00 Mook,2002,4.120206070000331,0.017941218856646613,NA,NA,NA,NA,NA
WK094400,Wijk 00 Mook,2008,4.126937530985287,0.024672679841601722,NA,NA,NA,NA,NA
WK094400,Wijk 00 Mook,2012,4.144104371277915,0.04183952013422893,NA,NA,NA,NA,NA
WK094400,Wijk 00 Mook,2014,4.17706625157095,0.0748014004272647,0.0075033597506874135,0.06608980872822681,0.043114745572501945,-0.07902252453983573,0.037116010915684026
WK094400,Wijk 00 Mook,2016,4.200714307393854,0.09844945625016938,NA,NA,NA,NA,NA
WK094400,Wijk 00 Mook,2018,4.1973009107910935,0.09503605964740754,0.009141057050927734,0.07381654089125746,0.03953988123478728,-0.06692112594637736,0.03945970641681217
WK094400,Wijk 00 Mook,2020,4.198452997692627,0.09618814654894134,0.013938915118463253,0.0574647830919306,0.035369973311756044,-0.051602803876670794,0.04101727890346197
WK094400,Wijk 00 Mook,2022,4.222633251492921,0.12036840034923543,0.016991513051997288,0.0846970378141317,0.036952783160722105,-0.05528024004862872,0.03700730637101276
WK094401,Wijk 01 Middelaar,2002,4.159986369169007,0.057721518025322195,NA,NA,NA,NA,NA
WK094401,Wijk 01 Middelaar,2008,4.156198229929146,0.0539333787854599,NA,NA,NA,NA,NA
WK094401,Wijk 01 Middelaar,2012,4.190362981664629,0.08809813052094394,NA,NA,NA,NA,NA
WK094401,Wijk 01 Middelaar,2014,4.203960505781425,0.10169565463774002,0.031239690429387564,0.11147044563866083,0.09442220218211066,-0.197244403754442,0.061807720142022626
WK094401,Wijk 01 Middelaar,2016,4.219960263068625,0.11769541192493989,NA,NA,NA,NA,NA
WK094401,Wijk 01 Middelaar,2018,4.237026383725306,0.13476153258162035,0.017818286495352043,0.11807631799052357,0.0994884838406929,-0.16310514423686132,0.06248358849191287
WK094401,Wijk 01 Middelaar,2020,4.220561753206246,0.11829690206256066,0.015034865150510323,0.11876928652605871,0.08588382895866732,-0.157100512859777,0.05570943428710097
WK094401,Wijk 01 Middelaar,2022,4.20033984085476,0.0980749897110746,0.01772676179248919,0.10301818760521367,0.08153866987800226,-0.15283505780885318,0.048626428244222364
WK094601,Wijk 01 Nederweert,2002,4.127498334081178,0.025233482937493185,NA,NA,NA,NA,NA
WK094601,Wijk 01 Nederweert,2008,4.138745122463579,0.03648027131989427,NA,NA,NA,NA,NA
WK094601,Wijk 01 Nederweert,2012,4.158366027743916,0.056101176600230944,NA,NA,NA,NA,NA
WK094601,Wijk 01 Nederweert,2014,4.156343689911567,0.05407883876788113,-0.03618593865403035,0.0701368059064046,0.04281123622452907,-0.06555728886729006,0.042874024158267625
WK094601,Wijk 01 Nederweert,2016,4.182284049663557,0.0800191985198719,NA,NA,NA,NA,NA
WK094601,Wijk 01 Nederweert,2018,4.187834254413867,0.08556940327018192,-0.024607298281974433,0.07698277986077164,0.04184635175468579,-0.0538923414839465,0.04523991142064516
WK094601,Wijk 01 Nederweert,2020,4.191157347780671,0.08889249663698617,-0.023341089834880605,0.0802232945661905,0.03685665476608466,-0.05003546764672029,0.045189104786311586
WK094601,Wijk 01 Nederweert,2022,4.1978034790724585,0.09553862792877324,-0.01795155472725759,0.06826140803339782,0.0324513720076794,-0.033711281395939006,0.046488684010892345
WK094602,Wijk 02 Budschop,2002,4.0709882023810025,-0.03127664876268281,NA,NA,NA,NA,NA
WK094602,Wijk 02 Budschop,2008,4.1007432079829575,-0.0015216431607276975,NA,NA,NA,NA,NA
WK094602,Wijk 02 Budschop,2012,4.131769805482605,0.029504954338920725,NA,NA,NA,NA,NA
WK094602,Wijk 02 Budschop,2014,4.145753286058176,0.04348843491449103,-0.06016435481506108,0.08475943495577026,0.06424643172533812,-0.08528841206172037,0.03993533511016385
WK094602,Wijk 02 Budschop,2016,4.155638982466861,0.05337413132317643,NA,NA,NA,NA,NA
WK094602,Wijk 02 Budschop,2018,4.174639705441314,0.0723748542976286,-0.04949316085195876,0.08517803308311868,0.06053454182308361,-0.07142439808000663,0.04757983832339146
WK094602,Wijk 02 Budschop,2020,4.189439440627024,0.08717458948333864,-0.04673686063625597,0.0966493827448242,0.06042944470193112,-0.06444801919087778,0.04128064186371687
WK094602,Wijk 02 Budschop,2022,4.183357197475361,0.08109234633167593,-0.045014465232052964,0.07978846422264547,0.05534397214136575,-0.05038926103343326,0.04136363623315074
WK094603,Wijk 03 Ospel,2002,4.187920720653478,0.08565586950979322,NA,NA,NA,NA,NA
WK094603,Wijk 03 Ospel,2008,4.184250395243285,0.08198554409959938,NA,NA,NA,NA,NA
WK094603,Wijk 03 Ospel,2012,4.202779016630419,0.10051416548673392,NA,NA,NA,NA,NA
WK094603,Wijk 03 Ospel,2014,4.173309985166612,0.07104513402292648,-0.046254994209976585,0.1016402443143773,0.08444640789424003,-0.12541198992396113,0.05662546594824663
WK094603,Wijk 03 Ospel,2016,4.171275527129703,0.06901067598601765,NA,NA,NA,NA,NA
WK094603,Wijk 03 Ospel,2018,4.173558205417817,0.0712933542741318,-0.041821696213772505,0.10564323416974825,0.08044437722767618,-0.1275389703311125,0.05456640942159211
WK094603,Wijk 03 Ospel,2020,4.178985169012294,0.07672031786860842,-0.042751902793896124,0.11366708755747412,0.07527001440893813,-0.12648491182361,0.057020030519701996
WK094603,Wijk 03 Ospel,2022,4.1630344811061315,0.060769629962446864,-0.035641069541033236,0.08200834681090491,0.0685745354741253,-0.11158191935048505,0.057409736568934645
WK094604,Wijk 04 Nederweert-Eind,2002,4.161943148794867,0.059678297651181274,NA,NA,NA,NA,NA
WK094604,Wijk 04 Nederweert-Eind,2008,4.164746872612892,0.06248202146920743,NA,NA,NA,NA,NA
WK094604,Wijk 04 Nederweert-Eind,2012,4.195219408398286,0.09295455725460063,NA,NA,NA,NA,NA
WK094604,Wijk 04 Nederweert-Eind,2014,4.196479110504378,0.09421425936069334,-0.0319361438794524,0.1164900416965751,0.09047096024256197,-0.14055726518289635,0.05974666648390477
WK094604,Wijk 04 Nederweert-Eind,2016,4.188794745678481,0.08652989453479625,NA,NA,NA,NA,NA
WK094604,Wijk 04 Nederweert-Eind,2018,4.206198847639804,0.10393399649611848,-0.011909407097496764,0.0998505047941846,0.08574025572747915,-0.12846779451899173,0.058720437590942975
WK094604,Wijk 04 Nederweert-Eind,2020,4.222016305915372,0.11975145477168732,-0.01362326038297849,0.11563926749717009,0.0804768339613647,-0.12208616351322404,0.059344777209354826
WK094604,Wijk 04 Nederweert-Eind,2022,4.2231957081032805,0.12093085695959546,-0.011917118133759128,0.10726070767280879,0.07564229145855578,-0.11343050017307561,0.0633754761350653
WK094605,Wijk 05 Leveroy,2002,4.074743438789661,-0.027521412354023864,NA,NA,NA,NA,NA
WK094605,Wijk 05 Leveroy,2008,4.040284520402294,-0.06198033074139134,NA,NA,NA,NA,NA
WK094605,Wijk 05 Leveroy,2012,4.114052059748097,0.011787208604411938,NA,NA,NA,NA,NA
WK094605,Wijk 05 Leveroy,2014,4.128341020051292,0.026076168907606743,-0.03974010608345311,0.10568185830007537,0.08551711914586764,-0.19671141118740915,0.0713287087325257
WK094605,Wijk 05 Leveroy,2016,4.1246439176393865,0.022379066495701552,NA,NA,NA,NA,NA
WK094605,Wijk 05 Leveroy,2018,4.183738425138723,0.08147357399503809,-0.027485421469687233,0.1276312383924864,0.08854381017338588,-0.17882329281920434,0.07160723971805712
WK094605,Wijk 05 Leveroy,2020,4.1769004235035725,0.07463557235988776,-0.025857728440611377,0.12122355066083504,0.08546650693349252,-0.172738535493158,0.06654177869932934
WK094605,Wijk 05 Leveroy,2022,4.161048092956458,0.05878324181277269,-0.022436721327452853,0.10480567723375767,0.07864430218444013,-0.17213480035791776,0.06990478407994534
WK095700,Wijk 00 Centrum,2002,4.082580205961501,-0.019684645182183498,NA,NA,NA,NA,NA
WK095700,Wijk 00 Centrum,2008,4.075175921061317,-0.027088930082368526,NA,NA,NA,NA,NA
WK095700,Wijk 00 Centrum,2012,4.117882261861878,0.015617410718192571,NA,NA,NA,NA,NA
WK095700,Wijk 00 Centrum,2014,4.072459006143887,-0.02980584499979847,-0.018655488857889313,-0.052516791128380674,-0.014043661816997153,0.02418182194693877,0.031228274856529632
WK095700,Wijk 00 Centrum,2016,4.152659460851068,0.050394609707382645,NA,NA,NA,NA,NA
WK095700,Wijk 00 Centrum,2018,4.17413922236131,0.07187437121762433,-0.010002627687260766,-0.050475617761731206,-0.018608201041577288,0.11694075856545215,0.03402005914274116
WK095700,Wijk 00 Centrum,2020,4.1841871732275315,0.08192232208384641,0.0026713028118059384,-0.04860852948345751,-0.018695568711884384,0.11221123099880613,0.03434388646857594
WK095700,Wijk 00 Centrum,2022,4.183332954801112,0.08106810365742621,-9.906393168851702e-4,-0.04925130737590229,-0.019973634267014605,0.13188344911285968,0.019400235504368334
WK095701,Wijk 01 Roermond-Oost,2002,3.813687683255795,-0.28857716788789034,NA,NA,NA,NA,NA
WK095701,Wijk 01 Roermond-Oost,2008,3.8095873282003945,-0.292677522943291,NA,NA,NA,NA,NA
WK095701,Wijk 01 Roermond-Oost,2012,3.9036761118785543,-0.19858873926513101,NA,NA,NA,NA,NA
WK095701,Wijk 01 Roermond-Oost,2014,3.890752471044528,-0.21151238009915738,-0.0311138894980838,-0.1266556126993512,-0.04656410221205335,0.002273395431762371,-0.0094521711214317055
WK095701,Wijk 01 Roermond-Oost,2016,3.9467782626935684,-0.15548658845011698,NA,NA,NA,NA,NA
WK095701,Wijk 01 Roermond-Oost,2018,3.998614056441953,-0.10365079470173265,-0.017357228200595976,-0.1061305006359525,-0.04374655986676788,0.0714904241141435,-0.007906930112560051
WK095701,Wijk 01 Roermond-Oost,2020,4.029357436722173,-0.07290741442151212,-0.007272589032586071,-0.10443268488142224,-0.04062429491316886,0.07997822032549116,-5.560659198264446e-4
WK095701,Wijk 01 Roermond-Oost,2022,4.0354076140300865,-0.06685723711359887,-0.002143831275406157,-0.10768904384595483,-0.036990238043800645,0.0850310337231993,-0.00506515767163679
WK095702,Wijk 02 Roermond-Zuid,2002,3.894178620058517,-0.20808623108516797,NA,NA,NA,NA,NA
WK095702,Wijk 02 Roermond-Zuid,2008,3.8940554405480943,-0.2082094105955908,NA,NA,NA,NA,NA
WK095702,Wijk 02 Roermond-Zuid,2012,3.9760357068308014,-0.12622914431288368,NA,NA,NA,NA,NA
WK095702,Wijk 02 Roermond-Zuid,2014,3.9192446869880815,-0.18302016415560424,-0.03024003185111129,-0.08183234746798686,-0.006806314496776636,-0.05050526953137076,-0.013636200808358995
WK095702,Wijk 02 Roermond-Zuid,2016,3.983129879491904,-0.11913497165178105,NA,NA,NA,NA,NA
WK095702,Wijk 02 Roermond-Zuid,2018,4.05455262996212,-0.04771222118156544,-0.015516594602192601,-0.0322246209180113,-0.006726919960826423,0.002111248362793405,0.00464466593667119
WK095702,Wijk 02 Roermond-Zuid,2020,4.063182198398187,-0.03908265274549843,-0.006546186637555138,-0.04341704031490042,-0.005993688614751076,0.014986572735159987,0.0018876900865479765
WK095702,Wijk 02 Roermond-Zuid,2022,4.082639077434419,-0.019625773709265774,-7.433806659678999e-4,-0.03304817490187251,-0.0064748560980292455,0.01739321979567821,0.0032474181609254043
WK095703,Wijk 03 Maasniel,2002,4.030884594171725,-0.07138025697196079,NA,NA,NA,NA,NA
WK095703,Wijk 03 Maasniel,2008,4.018570451559873,-0.08369439958381254,NA,NA,NA,NA,NA
WK095703,Wijk 03 Maasniel,2012,4.063582665997773,-0.03868218514591316,NA,NA,NA,NA,NA
WK095703,Wijk 03 Maasniel,2014,4.063770013886745,-0.038494837256940216,-0.021878108403947646,-0.013496519909199688,0.010789046841676437,-0.03519376327210335,0.021284507486633738
WK095703,Wijk 03 Maasniel,2016,4.10784000774722,0.005575156603534726,NA,NA,NA,NA,NA
WK095703,Wijk 03 Maasniel,2018,4.129461170223446,0.02719631907976107,-0.012878474184699435,-0.014099495735107,0.009972471613277592,0.017909036057685363,0.02629278132860428
WK095703,Wijk 03 Maasniel,2020,4.1302817734838655,0.028016922340180227,-0.0025797147010000448,-0.018871431500787548,0.009883848798191262,0.014447238514131157,0.025136981229645135
WK095703,Wijk 03 Maasniel,2022,4.145250927034556,0.042986075890871,0.0014955831091785095,-0.004397218549189201,0.004922174431745317,0.012003425692552023,0.02896211120658411
WK095704,Wijk 04 Donderberg,2002,3.7437732326331097,-0.35849161851057576,NA,NA,NA,NA,NA
WK095704,Wijk 04 Donderberg,2008,3.719730845555018,-0.3825340055886669,NA,NA,NA,NA,NA
WK095704,Wijk 04 Donderberg,2012,3.770987232896403,-0.33127761824728225,NA,NA,NA,NA,NA
WK095704,Wijk 04 Donderberg,2014,3.761806118654274,-0.34045873248941144,-0.016177773855204098,-0.177836585989991,-0.03711909692366598,-0.03843387013131858,-0.070891405589232
WK095704,Wijk 04 Donderberg,2016,3.818324077470549,-0.28394077367313636,NA,NA,NA,NA,NA
WK095704,Wijk 04 Donderberg,2018,3.861099853812303,-0.24116499733138272,-0.0031821608388468226,-0.13920088998526733,-0.03710099700534248,0.014214604505026728,-0.07589555400695314
WK095704,Wijk 04 Donderberg,2020,3.8791970042030406,-0.2230678469406449,0.003199118231555759,-0.13611394728144577,-0.04008326785394011,0.01783140159258001,-0.06790115162939504
WK095704,Wijk 04 Donderberg,2022,3.865120670390056,-0.2371441807536294,0.007493071344595804,-0.1670629871264941,-0.0405373041917467,0.020700994023397482,-0.057737954803382174
WK095705,Wijk 05 Hoogvonderen,2002,3.895493165100075,-0.20677168604361038,NA,NA,NA,NA,NA
WK095705,Wijk 05 Hoogvonderen,2008,3.885513208253838,-0.216751642889847,NA,NA,NA,NA,NA
WK095705,Wijk 05 Hoogvonderen,2012,3.929612868324432,-0.17265198281925281,NA,NA,NA,NA,NA
WK095705,Wijk 05 Hoogvonderen,2014,3.9149182132414815,-0.1873466379022042,-0.023745618364756436,-0.05584381317814423,-0.001327150406379084,-0.0749365148310087,-0.03149354112191605
WK095705,Wijk 05 Hoogvonderen,2016,3.9921000961257915,-0.11016475501789369,NA,NA,NA,NA,NA
WK095705,Wijk 05 Hoogvonderen,2018,4.027234119976061,-0.07503073116762388,-0.016961966648435755,-0.01801223461381574,-9.535448468555442e-4,-0.03271915162508288,-0.006383833433434256
WK095705,Wijk 05 Hoogvonderen,2020,4.029357982460283,-0.07290686868340267,-0.009232439411144131,-0.022623653664184274,-0.0032934386906336524,-0.023927727369807156,-0.01382960954763368
WK095705,Wijk 05 Hoogvonderen,2022,4.0418297231814275,-0.060435127962257806,-0.0026662074047577463,-0.031526678192369276,-0.0013810941457408367,-0.0234819888531893,-0.0013791593662009125
WK095706,Wijk 06 Asenray,2002,4.181432848767081,0.07916799762339531,NA,NA,NA,NA,NA
WK095706,Wijk 06 Asenray,2008,4.136088644454854,0.03382379331116926,NA,NA,NA,NA,NA
WK095706,Wijk 06 Asenray,2012,4.1667694675762625,0.06450461643257739,NA,NA,NA,NA,NA
WK095706,Wijk 06 Asenray,2014,4.161024629961728,0.05875977881804358,-0.010754561564512535,0.046951385565236495,0.07315786683920766,-0.13202682119097353,0.08143190916908521
WK095706,Wijk 06 Asenray,2016,4.193765504502655,0.09150065335896988,NA,NA,NA,NA,NA
WK095706,Wijk 06 Asenray,2018,4.200149122552156,0.0978842714084708,8.401228803667267e-5,0.0577925015981707,0.07641237828399357,-0.11596004780788818,0.07955542704615777
WK095706,Wijk 06 Asenray,2020,4.199814900212282,0.09755004906859716,0.006265416582130809,0.05695606972804943,0.07063634597422598,-0.1130072746964568,0.07669949148064743
WK095706,Wijk 06 Asenray,2022,4.203178806683031,0.10091395553934554,0.010566457306737194,0.07449116948381272,0.06511996618196768,-0.11743511246477634,0.06817147503160409
WK095707,Wijk 07 Herten,2002,4.115434450628685,0.013169599484999512,NA,NA,NA,NA,NA
WK095707,Wijk 07 Herten,2008,4.130688307465099,0.028423456321414055,NA,NA,NA,NA,NA
WK095707,Wijk 07 Herten,2012,4.174975093629449,0.0727102424857634,NA,NA,NA,NA,NA
WK095707,Wijk 07 Herten,2014,4.128269068789096,0.02600421764541039,-0.015020933580987347,0.04925739294111813,0.04237978332009374,-0.07854338758904825,0.027931362554233865
WK095707,Wijk 07 Herten,2016,4.158058733939556,0.055793882795871004,NA,NA,NA,NA,NA
WK095707,Wijk 07 Herten,2018,4.221177273770942,0.11891242262725703,0.0035683718457365835,0.06484291060254628,0.04456198192358916,-0.037173242159186215,0.04311240041457087
WK095707,Wijk 07 Herten,2020,4.2163208479879994,0.11405599684431371,0.011419858680373684,0.0590784385196737,0.03987403639846916,-0.035326388209996874,0.03901005145579373
WK095707,Wijk 07 Herten,2022,4.226535695414741,0.12427084427105595,0.01848940005723737,0.06404628455484264,0.04448685492086747,-0.04266850709270853,0.03991681183081669
WK095708,Wijk 08 Swalmen,2002,4.086583262880349,-0.015681588263336203,NA,NA,NA,NA,NA
WK095708,Wijk 08 Swalmen,2008,4.038392174605976,-0.06387267653770921,NA,NA,NA,NA,NA
WK095708,Wijk 08 Swalmen,2012,4.090047717951019,-0.012217133192666344,NA,NA,NA,NA,NA
WK095708,Wijk 08 Swalmen,2014,4.104256856778676,0.001992005634990987,-0.003233432067249407,0.0489134139626029,0.0330286441903347,-0.11905815050686827,0.04234153005617079
WK095708,Wijk 08 Swalmen,2016,4.147489803074053,0.045224951930367616,NA,NA,NA,NA,NA
WK095708,Wijk 08 Swalmen,2018,4.131887326809147,0.029622475665461768,-0.001213810908304938,0.050150224213773215,0.03249972731905965,-0.09937962788764426,0.04756596292857783
WK095708,Wijk 08 Swalmen,2020,4.135057475419294,0.03279262427560888,0.007262448340350488,0.04552698817597658,0.0295030956820629,-0.09589782409931841,0.04639791617653705
WK095708,Wijk 08 Swalmen,2022,4.1326026474808915,0.030337796337206523,0.0072225757406777225,0.05925047749203673,0.029258047035849683,-0.10754073802496288,0.042147434093605
WK095709,Wijk 09 Maasplassen,2002,4.361363754414294,0.25909890327060764,NA,NA,NA,NA,NA
WK095709,Wijk 09 Maasplassen,2008,4.356239639233756,0.25397478809007057,NA,NA,NA,NA,NA
WK095709,Wijk 09 Maasplassen,2012,4.40585234653846,0.30358749539477403,NA,NA,NA,NA,NA
WK095709,Wijk 09 Maasplassen,2014,4.4563166779998165,0.3540518268561313,0.051025191191592295,0.1044234290336217,0.15208561548297492,-0.10421536985697659,0.1507329610049188
WK095709,Wijk 09 Maasplassen,2016,4.527774394568464,0.4255095434247794,NA,NA,NA,NA,NA
WK095709,Wijk 09 Maasplassen,2018,4.480119069516661,0.37785421837297584,0.06220084580880652,0.10145891899374693,0.1369669613736334,-0.06603971983578655,0.14326721203257525
WK095709,Wijk 09 Maasplassen,2020,4.364490707182083,0.2622258560383973,0.07013911889865107,0.05271174478189663,0.06303311873082856,-0.05999719267492338,0.13633906630194437
WK095709,Wijk 09 Maasplassen,2022,4.284313964192672,0.1820491130489873,0.06774008211943872,0.026770934383542437,0.02693985495167866,-0.06424253045784963,0.12484077205217699
WK096500,Wijk 00 Simpelveld,2002,4.079955760292476,-0.022309090851209377,NA,NA,NA,NA,NA
WK096500,Wijk 00 Simpelveld,2008,4.070017313692544,-0.03224753745114149,NA,NA,NA,NA,NA
WK096500,Wijk 00 Simpelveld,2012,4.102117125076863,-1.4772606682224233e-4,NA,NA,NA,NA,NA
WK096500,Wijk 00 Simpelveld,2014,4.1201993375626005,0.017934486418914923,-0.018913766523134617,0.04477161096214622,0.03659649277156625,-0.0847191253435373,0.04019927455187407
WK096500,Wijk 00 Simpelveld,2016,4.120472866067484,0.018208014923798116,NA,NA,NA,NA,NA
WK096500,Wijk 00 Simpelveld,2018,4.162995769983967,0.06073091884028156,0.006746856536456662,0.058357838350007865,0.028763468211009464,-0.08278474767561239,0.04964750341841968
WK096500,Wijk 00 Simpelveld,2020,4.148921817001705,0.04665696585801968,0.007748655272235146,0.04113994474117888,0.025253929577196983,-0.07494100801015681,0.04745544427756524
WK096500,Wijk 00 Simpelveld,2022,4.194606532912663,0.09234168176897757,0.007226750086946326,0.08067894806750671,0.028805916074344313,-0.07510083561633944,0.05073090315651935
WK096501,Wijk 01 Bocholtz,2002,4.040553191094987,-0.06171166004869878,NA,NA,NA,NA,NA
WK096501,Wijk 01 Bocholtz,2008,4.030777557298353,-0.07148729384533216,NA,NA,NA,NA,NA
WK096501,Wijk 01 Bocholtz,2012,4.068380142832391,-0.0338847083112953,NA,NA,NA,NA,NA
WK096501,Wijk 01 Bocholtz,2014,4.09126830627158,-0.01099654487210524,-0.02074510262363015,0.06758554871032449,0.038299349066593484,-0.1182363000732907,0.022099960047897358
WK096501,Wijk 01 Bocholtz,2016,4.066478569322747,-0.03578628182093797,NA,NA,NA,NA,NA
WK096501,Wijk 01 Bocholtz,2018,4.0743779938470785,-0.027886857296606903,-8.214508864386445e-4,0.057677819629137296,0.035621560529295535,-0.14227842699147655,0.021913640422875198
WK096501,Wijk 01 Bocholtz,2020,4.090525939389046,-0.011738911754639236,0.0061291901521907,0.057872845311514536,0.031469251000880494,-0.13195320605520536,0.024743007835980102
WK096501,Wijk 01 Bocholtz,2022,4.080904991253123,-0.021359859890562438,-0.02278011611056003,0.0781061077460507,0.03319429703267041,-0.13673114050594978,0.02685099194722596
WK097100,Wijk 00 Stein,2002,4.049786125979535,-0.052478725164149934,NA,NA,NA,NA,NA
WK097100,Wijk 00 Stein,2008,4.060529909893177,-0.0417349412505086,NA,NA,NA,NA,NA
WK097100,Wijk 00 Stein,2012,4.090512879481241,-0.011751971662444119,NA,NA,NA,NA,NA
WK097100,Wijk 00 Stein,2014,4.1164192264478086,0.014154375304123107,-0.015722385787729817,0.0359661547533893,0.02431516699813831,-0.06079382807066911,0.030389267410994143
WK097100,Wijk 00 Stein,2016,4.130556217580365,0.02829136643667926,NA,NA,NA,NA,NA
WK097100,Wijk 00 Stein,2018,4.1103190784695025,0.008054227325817027,-6.475294030714294e-4,0.019357851069116753,0.016120292756149814,-0.05912566015713117,0.03234927306075276
WK097100,Wijk 00 Stein,2020,4.095844883196512,-0.006419967947173204,0.0035130520363006084,-0.008292191739145874,0.010107942815261768,-0.041772844710631536,0.03002407365104157
WK097100,Wijk 00 Stein,2022,4.073524729401706,-0.028740121741979294,0.0028023067453176783,-0.03448799244103902,0.01948514407559827,-0.04806184903325832,0.03152226891140187
WK097101,Wijk 01 Elsloo,2002,4.168274777044485,0.0660099259007998,NA,NA,NA,NA,NA
WK097101,Wijk 01 Elsloo,2008,4.1710875220661645,0.06882267092247903,NA,NA,NA,NA,NA
WK097101,Wijk 01 Elsloo,2012,4.178103667582931,0.07583881643924634,NA,NA,NA,NA,NA
WK097101,Wijk 01 Elsloo,2014,4.150514020677418,0.048249169533732726,-0.015858732105860005,0.061268743506749865,0.039399521249722416,-0.060571069923546106,0.024010706806666296
WK097101,Wijk 01 Elsloo,2016,4.166430132216051,0.06416528107236523,NA,NA,NA,NA,NA
WK097101,Wijk 01 Elsloo,2018,4.152014715672125,0.049749864528440296,0.002088736826419169,0.03438686377303233,0.03595043610566215,-0.059413146948525404,0.036736974771851796
WK097101,Wijk 01 Elsloo,2020,4.157733742868546,0.05546889172486037,0.004101231153245456,0.03740542041035318,0.03618517317137708,-0.05865319795209045,0.036430264941974794
WK097101,Wijk 01 Elsloo,2022,4.18457249280054,0.08230764165685521,0.004046170335404702,0.07787677322873299,0.02704012612706631,-0.06509371082584639,0.038438282791497344
WK097102,Wijk 02 Urmond,2002,4.061563504204119,-0.04070134693956677,NA,NA,NA,NA,NA
WK097102,Wijk 02 Urmond,2008,4.0751228692755035,-0.027141981868181814,NA,NA,NA,NA,NA
WK097102,Wijk 02 Urmond,2012,4.0946805736704945,-0.0075842774731901515,NA,NA,NA,NA,NA
WK097102,Wijk 02 Urmond,2014,4.090567346957406,-0.01169750418627946,-0.015189982934272218,0.0388384219226618,0.03307164933970633,-0.09719109403397704,0.028773501519601452
WK097102,Wijk 02 Urmond,2016,4.142110248703963,0.03984539756027705,NA,NA,NA,NA,NA
WK097102,Wijk 02 Urmond,2018,4.114212727012727,0.011947875869041823,0.0018311678995471378,0.04463480860985619,0.024793370892252156,-0.09400137764552821,0.03468990611291428
WK097102,Wijk 02 Urmond,2020,4.075243334036362,-0.027021517107324044,0.004088867877252698,0.006982325218743303,0.01772453315365011,-0.09169149984123616,0.035874256484265676
WK097102,Wijk 02 Urmond,2022,4.067204810012356,-0.03506004113132855,0.012746975644168473,-0.01015569610865555,0.025952199986548366,-0.09778463006926474,0.03418110941587464
WK098100,Wijk 00 Vijlen-Lemiers,2002,4.104644452739364,0.002379601595678848,NA,NA,NA,NA,NA
WK098100,Wijk 00 Vijlen-Lemiers,2008,4.082287394200235,-0.01997745694345046,NA,NA,NA,NA,NA
WK098100,Wijk 00 Vijlen-Lemiers,2012,4.125049114311196,0.022784263167510255,NA,NA,NA,NA,NA
WK098100,Wijk 00 Vijlen-Lemiers,2014,4.116670339069891,0.014405487926206299,0.013516016149829347,0.07834079218738589,0.07355321886410728,-0.1798441934564559,0.02883965418133938
WK098100,Wijk 00 Vijlen-Lemiers,2016,4.131509529655041,0.029244678511355718,NA,NA,NA,NA,NA
WK098100,Wijk 00 Vijlen-Lemiers,2018,4.128090695940838,0.02582584479715211,0.029061509065485377,0.07431151083609125,0.06716826399481257,-0.1764019392939728,0.03168650019473548
WK098100,Wijk 00 Vijlen-Lemiers,2020,4.1335340155562905,0.03126916441260601,0.032470373756288924,0.07233436949914503,0.06373016158989735,-0.17518933803665268,0.037923597603927134
WK098100,Wijk 00 Vijlen-Lemiers,2022,4.197619116231304,0.09535426508761903,0.03791674767129974,0.10626709892790197,0.0655441600448131,-0.17640788283822917,0.062034141281833065
WK098101,Wijk 01 Vaals,2002,3.8543948732533444,-0.24786997789034054,NA,NA,NA,NA,NA
WK098101,Wijk 01 Vaals,2008,3.8615244302576053,-0.24074042088608028,NA,NA,NA,NA,NA
WK098101,Wijk 01 Vaals,2012,3.900189623884362,-0.20207522725932284,NA,NA,NA,NA,NA
WK098101,Wijk 01 Vaals,2014,3.9377448409404923,-0.16452001020319265,-4.05113002934671e-5,0.0019541635913117128,-0.0015671975125836576,-0.13117542417419728,-0.03369104080743025
WK098101,Wijk 01 Vaals,2016,3.9355809484745055,-0.16668390266917976,NA,NA,NA,NA,NA
WK098101,Wijk 01 Vaals,2018,3.9470821518198345,-0.15518269932385065,0.008323845087209602,7.583819737418258e-4,0.011679735367057208,-0.13341481492899254,-0.042529846822867
WK098101,Wijk 01 Vaals,2020,3.9477206338185744,-0.15454421732511092,0.022087457253429692,-0.019341915497334203,0.009411775378204937,-0.12853001954857513,-0.038171514910836514
WK098101,Wijk 01 Vaals,2022,3.999606757201644,-0.10265809394204103,0.021654279671479572,0.026070168556917402,0.004456285439465979,-0.1332721323393733,-0.021566695270531
WK098311,Wijk 11 Venlo-Centrum,2002,4.00347610263315,-0.09878874851053497,NA,NA,NA,NA,NA
WK098311,Wijk 11 Venlo-Centrum,2008,3.9912974871028775,-0.1109673640408076,NA,NA,NA,NA,NA
WK098311,Wijk 11 Venlo-Centrum,2012,4.000899361661598,-0.1013654894820877,NA,NA,NA,NA,NA
WK098311,Wijk 11 Venlo-Centrum,2014,3.9719621188607115,-0.13030273228297326,-0.021240805351480666,-0.1670813019347595,-0.0314792513970446,0.12402200378282503,-0.03452337738251374
WK098311,Wijk 11 Venlo-Centrum,2016,4.017497877511724,-0.08476697363196109,NA,NA,NA,NA,NA
WK098311,Wijk 11 Venlo-Centrum,2018,4.033088513317604,-0.06917633782608164,-0.014097452184812672,-0.1538253589775744,-0.03212076641913605,0.1438578076618136,-0.012990567906372437
WK098311,Wijk 11 Venlo-Centrum,2020,4.0110994339437065,-0.09116541719997874,-0.001335856907831281,-0.15305032064887888,-0.038188645419006136,0.1478593935903167,-0.04644998781457946
WK098311,Wijk 11 Venlo-Centrum,2022,4.049243360460501,-0.053021490683184035,0.0013010227656909635,-0.14709774351211646,-0.03822668523587105,0.13679736660245623,-0.005795451303344016
WK098312,Wijk 12 Venlo-Zuid,2002,3.977052709525938,-0.12521214161774705,NA,NA,NA,NA,NA
WK098312,Wijk 12 Venlo-Zuid,2008,3.9849418548426643,-0.11732299630102083,NA,NA,NA,NA,NA
WK098312,Wijk 12 Venlo-Zuid,2012,3.998396424620797,-0.10386842652288848,NA,NA,NA,NA,NA
WK098312,Wijk 12 Venlo-Zuid,2014,3.979147760708085,-0.12311709043559979,-0.04360810067823902,-0.0778498660331436,-0.022401110971125557,0.05485461086633365,-0.03411262361942555
WK098312,Wijk 12 Venlo-Zuid,2016,4.000822786658991,-0.10144206448469431,NA,NA,NA,NA,NA
WK098312,Wijk 12 Venlo-Zuid,2018,4.017222134272268,-0.08504271687141651,-0.0330922590534482,-0.06554228766356802,-0.022276368767562692,0.05646522666779662,-0.020597028054634512
WK098312,Wijk 12 Venlo-Zuid,2020,4.0172182826001865,-0.0850465685434989,-0.021431606816968714,-0.07078267416862914,-0.027137987613096642,0.06488249502120802,-0.030576794966012736
WK098312,Wijk 12 Venlo-Zuid,2022,4.012986166234595,-0.08927868490909097,-0.018627220420691946,-0.09518045195252248,-0.028198559325202453,0.05675774448448916,-0.004030197695163505
WK098313,Wijk 13 Venlo-Oost-Noord,2002,4.19294252039501,0.09067766925132455,NA,NA,NA,NA,NA
WK098313,Wijk 13 Venlo-Oost-Noord,2008,4.183136747111835,0.08087189596814932,NA,NA,NA,NA,NA
WK098313,Wijk 13 Venlo-Oost-Noord,2012,4.183036724518472,0.0807718733747868,NA,NA,NA,NA,NA
WK098313,Wijk 13 Venlo-Oost-Noord,2014,4.155187114921469,0.05292226377778408,-0.0239970328837769,0.03200919866129098,0.011715291630598139,0.03434378937657967,-0.001148983006908087
WK098313,Wijk 13 Venlo-Oost-Noord,2016,4.170919628335722,0.06865477719203592,NA,NA,NA,NA,NA
WK098313,Wijk 13 Venlo-Oost-Noord,2018,4.1873850975708775,0.08512024642719224,-0.017089381286906957,0.04500498510448255,0.011580369045500423,0.028613332957968463,0.01701094060614745
WK098313,Wijk 13 Venlo-Oost-Noord,2020,4.187497517567258,0.08523266642357236,-0.005284259614128424,0.046526261603020064,0.010285544901282721,0.033364548092161814,3.4057144123584286e-4
WK098313,Wijk 13 Venlo-Oost-Noord,2022,4.205640546575677,0.10337569543199163,-0.004173333041054491,0.04946826103299405,0.011474299301857449,0.029458608185891612,0.017147859952302773
WK098314,Wijk 14 Venlo-Noord,2002,4.029209320837201,-0.07305553030648437,NA,NA,NA,NA,NA
WK098314,Wijk 14 Venlo-Noord,2008,4.003908483020683,-0.0983563681230021,NA,NA,NA,NA,NA
WK098314,Wijk 14 Venlo-Noord,2012,4.048184621453219,-0.05408022969046596,NA,NA,NA,NA,NA
WK098314,Wijk 14 Venlo-Noord,2014,4.003914845956082,-0.09835000518760352,-0.028257933655299425,-0.06137587372635659,-0.026876053398888107,0.03878404551911907,-0.020624189926178746
WK098314,Wijk 14 Venlo-Noord,2016,4.052819659668455,-0.04944519147522951,NA,NA,NA,NA,NA
WK098314,Wijk 14 Venlo-Noord,2018,4.029161939723085,-0.07310291142059999,-0.020635175643777263,-0.06163819530963566,-0.02636690209782073,0.04532324600311564,-0.009785884372482246
WK098314,Wijk 14 Venlo-Noord,2020,4.056844975387222,-0.04541987575646323,-0.008359700728549092,-0.0419171199217223,-0.028152221316591446,0.047657757207974785,-0.014648590997575395
WK098314,Wijk 14 Venlo-Noord,2022,4.0370781703742935,-0.0651866807693914,-0.008159355532361827,-0.06671195002399566,-0.024663924978728526,0.043290736324340565,-0.008942186558646247
WK098315,Wijk 15 Venlo-Oost-Zuid,2002,3.8947163068798014,-0.20754854426388375,NA,NA,NA,NA,NA
WK098315,Wijk 15 Venlo-Oost-Zuid,2008,3.9344052976088237,-0.1678595535348619,NA,NA,NA,NA,NA
WK098315,Wijk 15 Venlo-Oost-Zuid,2012,3.9674533321556122,-0.13481151898807295,NA,NA,NA,NA,NA
WK098315,Wijk 15 Venlo-Oost-Zuid,2014,3.9885087983846623,-0.11375605275902301,-0.02237200001233602,-0.10075627041002815,-0.006491413570512613,0.01534669604449276,5.169351893607476e-4
WK098315,Wijk 15 Venlo-Oost-Zuid,2016,3.905960358033755,-0.19630449310993037,NA,NA,NA,NA,NA
WK098315,Wijk 15 Venlo-Oost-Zuid,2018,3.9623402376398307,-0.1399246135038544,-0.019885240455031372,-0.11507661750315899,-0.007717897654428722,8.453096043924325e-5,0.0026706111483251337
WK098315,Wijk 15 Venlo-Oost-Zuid,2020,3.987028514924229,-0.1152363362194562,-0.0076597169469961495,-0.11269040352298947,-0.007028176189113442,0.004065684797164347,0.008076275642478255
WK098315,Wijk 15 Venlo-Oost-Zuid,2022,3.9832717624684415,-0.11899308867524361,-0.004447249498159523,-0.10260833902407006,-0.004035447786580106,-0.0188405413445297,0.010938488978095491
WK098316,Wijk 16 Het Ven,2002,4.176134319263202,0.07386946811951646,NA,NA,NA,NA,NA
WK098316,Wijk 16 Het Ven,2008,4.168551972846764,0.0662871217030786,NA,NA,NA,NA,NA
WK098316,Wijk 16 Het Ven,2012,4.215192064690376,0.11292721354669076,NA,NA,NA,NA,NA
WK098316,Wijk 16 Het Ven,2014,4.219080022843385,0.11681517169969972,-0.03830274127470037,0.05005664649783838,0.0916075304953563,-0.04172502892396126,0.05517876490516641
WK098316,Wijk 16 Het Ven,2016,4.214240256949073,0.1119754058053881,NA,NA,NA,NA,NA
WK098316,Wijk 16 Het Ven,2018,4.24840591300849,0.14614106186480455,-0.027993453740472997,0.06954061326762502,0.08865866296614726,-0.04180651708440118,0.057741756455906255
WK098316,Wijk 16 Het Ven,2020,4.275942043610865,0.17367719246717944,-0.0154090698943945,0.08914550904050238,0.08291155293615529,-0.04023412613491142,0.057263326519827386
WK098316,Wijk 16 Het Ven,2022,4.282832562957794,0.1805677118141089,-0.01924642999322177,0.09635891592509029,0.08553664878940036,-0.04483893278641749,0.06275750987925724
WK098321,Wijk 21 Blerick-Midden,2002,3.920838367283573,-0.18142648386011243,NA,NA,NA,NA,NA
WK098321,Wijk 21 Blerick-Midden,2008,3.9380100488373744,-0.16425480230631126,NA,NA,NA,NA,NA
WK098321,Wijk 21 Blerick-Midden,2012,3.973482239577642,-0.12878261156604326,NA,NA,NA,NA,NA
WK098321,Wijk 21 Blerick-Midden,2014,3.9589545000151403,-0.14331035112854473,-0.0246217895890021,-0.10804878949790911,-0.026535710019197422,0.024485749809256285,-0.008589811831692632
WK098321,Wijk 21 Blerick-Midden,2016,4.007336273608623,-0.09492857753506145,NA,NA,NA,NA,NA
WK098321,Wijk 21 Blerick-Midden,2018,3.979973719503568,-0.12229113164011732,-0.022664574995575438,-0.10415263447669856,-0.02788267926818961,0.029750710957669724,0.002658046142676299
WK098321,Wijk 21 Blerick-Midden,2020,4.016656278776929,-0.085608572366756,-0.006455327846853898,-0.09274029973251126,-0.027222486929126995,0.0449218235653696,-0.004112281423633723
WK098321,Wijk 21 Blerick-Midden,2022,4.0328102557086565,-0.06945459543502842,-0.007062349594412799,-0.07815094403272524,-0.02867023136624181,0.03509867690330045,0.009330252655050697
WK098322,Wijk 22 Blerick-Noord,2002,3.8771750223537524,-0.22508982878993294,NA,NA,NA,NA,NA
WK098322,Wijk 22 Blerick-Noord,2008,3.884542780377169,-0.21772207076651648,NA,NA,NA,NA,NA
WK098322,Wijk 22 Blerick-Noord,2012,3.907035683934311,-0.19522916720937436,NA,NA,NA,NA,NA
WK098322,Wijk 22 Blerick-Noord,2014,3.8293476562453743,-0.2729171948983111,-0.04650830952863677,-0.13150041202200805,-0.024792941030602495,0.004867148372360706,-0.07498268068942475
WK098322,Wijk 22 Blerick-Noord,2016,3.897492777768045,-0.2047720733756408,NA,NA,NA,NA,NA
WK098322,Wijk 22 Blerick-Noord,2018,3.8723123818132397,-0.2299524693304459,-0.0222557488995931,-0.12967981177456486,-0.027973389219393997,0.005430044617059477,-0.05547356405395371
WK098322,Wijk 22 Blerick-Noord,2020,3.8848088893615316,-0.21745596178215335,-0.01167380922619286,-0.12377489666096424,-0.025462858328003105,0.016008197274138526,-0.0725525948411319
WK098322,Wijk 22 Blerick-Noord,2022,3.901403942533217,-0.20086090861046796,-0.015646464106246743,-0.11687909993961229,-0.027626489625791024,0.009688240523962329,-0.0503970954627805
WK098323,Wijk 23 Blerick-Zuid,2002,3.8763106406483083,-0.22595421049537703,NA,NA,NA,NA,NA
WK098323,Wijk 23 Blerick-Zuid,2008,3.884842612412678,-0.21742223873100755,NA,NA,NA,NA,NA
WK098323,Wijk 23 Blerick-Zuid,2012,3.9076118695885023,-0.19465298155518296,NA,NA,NA,NA,NA
WK098323,Wijk 23 Blerick-Zuid,2014,3.8798260299286484,-0.2224388212150371,-0.03012499636193761,-0.10969015006758003,-0.053134614660215705,-0.00863517793217428,-0.020853882193129746
WK098323,Wijk 23 Blerick-Zuid,2016,3.9089621046502825,-0.19330274649340298,NA,NA,NA,NA,NA
WK098323,Wijk 23 Blerick-Zuid,2018,3.933702121187747,-0.16856272995593782,-0.01289907024755618,-0.07539170077990402,-0.047246926525268206,-0.012918340929557601,-0.020106691473652103
WK098323,Wijk 23 Blerick-Zuid,2020,3.958945555361171,-0.1433192957825141,-0.0045826888123399545,-0.06420641751011741,-0.04809186236795615,-0.006415150245754909,-0.02002317684634592
WK098323,Wijk 23 Blerick-Zuid,2022,3.9819364367683003,-0.1203284143753853,-7.779421930193117e-4,-0.04126563859829325,-0.04907872945697582,-0.011403319665706011,-0.017802784461391136
WK098324,Wijk 24 Vossener,2002,3.9928201632520475,-0.10944468789163796,NA,NA,NA,NA,NA
WK098324,Wijk 24 Vossener,2008,3.9848522004997253,-0.11741265064395949,NA,NA,NA,NA,NA
WK098324,Wijk 24 Vossener,2012,4.006478795013385,-0.09578605613029942,NA,NA,NA,NA,NA
WK098324,Wijk 24 Vossener,2014,3.9175499470102477,-0.18471490413343764,-0.027893157180528632,-0.06691610110825805,0.009129814584163422,-0.031150232772184375,-0.06788522765663023
WK098324,Wijk 24 Vossener,2016,3.9693773222050375,-0.13288752893864805,NA,NA,NA,NA,NA
WK098324,Wijk 24 Vossener,2018,3.9600922449812583,-0.14217260616242688,-0.027051056896348177,-0.039645418630626636,0.006459776645930389,-0.02894273616112207,-0.052993171120260696
WK098324,Wijk 24 Vossener,2020,3.9705111484068967,-0.13175370273678877,-0.020185459317155034,-0.04073256473062077,0.005115331787290344,-0.02489005307026654,-0.051060957406037034
WK098324,Wijk 24 Vossener,2022,3.984116289924592,-0.11814856121909303,-0.014452119525628502,-0.05180185894865302,0.003636343173857879,-0.024545755699034673,-0.030985170219634976
WK098325,Wijk 25 Klingerberg,2002,3.903995012326565,-0.1982698388171198,NA,NA,NA,NA,NA
WK098325,Wijk 25 Klingerberg,2008,3.8847610638347363,-0.217503787308949,NA,NA,NA,NA,NA
WK098325,Wijk 25 Klingerberg,2012,3.8982784351967594,-0.2039864159469255,NA,NA,NA,NA,NA
WK098325,Wijk 25 Klingerberg,2014,3.853832773910145,-0.24843207723354008,-0.04630248721424032,-0.10464094380151978,-0.004944015785408742,-0.034617797540419826,-0.057926832891951656
WK098325,Wijk 25 Klingerberg,2016,3.924644929006256,-0.17761992213742914,NA,NA,NA,NA,NA
WK098325,Wijk 25 Klingerberg,2018,3.8850770153418566,-0.21718783580182857,-0.04023646033150667,-0.09613309147278226,-0.009289663447101104,-0.035579275892155454,-0.03594934465828337
WK098325,Wijk 25 Klingerberg,2020,3.9052159544829164,-0.1970488966607688,-0.03456350039336313,-0.08524441876446079,-0.01217969572749156,-0.03355178713951658,-0.03150949463593701
WK098325,Wijk 25 Klingerberg,2022,3.8881025262339577,-0.21416232490972753,-0.04127490975636232,-0.09570197719493824,-0.011144188390694736,-0.030287384494617445,-0.03575386507311509
WK098326,Wijk 26 Hout-Blerick,2002,4.217450113338419,0.1151852621947343,NA,NA,NA,NA,NA
WK098326,Wijk 26 Hout-Blerick,2008,4.207845067483203,0.10558021633951817,NA,NA,NA,NA,NA
WK098326,Wijk 26 Hout-Blerick,2012,4.242312367876701,0.14004751673301552,NA,NA,NA,NA,NA
WK098326,Wijk 26 Hout-Blerick,2014,4.25063534082287,0.14837048967918542,-0.028800978930412294,0.07754179967212503,0.08588621627933737,-0.05070269723666287,0.0644461498947979
WK098326,Wijk 26 Hout-Blerick,2016,4.267361368316272,0.16509651717258683,NA,NA,NA,NA,NA
WK098326,Wijk 26 Hout-Blerick,2018,4.268012063224283,0.16574721208059826,-0.01921055902060734,0.08739215651107937,0.08647389438637426,-0.05254899704668366,0.06364071725043527
WK098326,Wijk 26 Hout-Blerick,2020,4.277285819819546,0.17502096867586095,-0.01239034278380009,0.09251955578600006,0.079713503261667,-0.04653461845207938,0.06171287086407311
WK098326,Wijk 26 Hout-Blerick,2022,4.276300073349376,0.17403522220569076,-0.007165560567391048,0.08814657793064862,0.07677837284649867,-0.049282799245269064,0.06555863124120324
WK098327,Wijk 27 Boekend,2002,4.249012992258127,0.146748141114441,NA,NA,NA,NA,NA
WK098327,Wijk 27 Boekend,2008,4.20938526992994,0.10712041878625458,NA,NA,NA,NA,NA
WK098327,Wijk 27 Boekend,2012,4.227412921161083,0.12514807001739794,NA,NA,NA,NA,NA
WK098327,Wijk 27 Boekend,2014,4.254009033811817,0.1517441826681321,-0.017789868235967114,0.07327861132704616,0.11116598572148821,-0.07945851958934572,0.06454797344491023
WK098327,Wijk 27 Boekend,2016,4.228790894903299,0.12652604375961438,NA,NA,NA,NA,NA
WK098327,Wijk 27 Boekend,2018,4.2712208412740225,0.1689559901303372,-0.01136413303930119,0.10149063612749969,0.11067277348150655,-0.09154128606898332,0.05969799962961523
WK098327,Wijk 27 Boekend,2020,4.244655423776776,0.14239057263309055,-0.003612760736264573,0.09599971067789732,0.07939757858125748,-0.08907598236891824,0.05968202647911834
WK098327,Wijk 27 Boekend,2022,4.241064500580589,0.13879964943690346,-0.016799095091643342,0.09841075371409184,0.0811833599481953,-0.09033409884737617,0.06633872971363548
WK098328,Wijk 28 Trade-Port,2002,4.185159917043811,0.08289506590012616,NA,NA,NA,NA,NA
WK098328,Wijk 28 Trade-Port,2008,4.191050320641292,0.08878546949760706,NA,NA,NA,NA,NA
WK098328,Wijk 28 Trade-Port,2012,4.233476832517153,0.13121198137346687,NA,NA,NA,NA,NA
WK098328,Wijk 28 Trade-Port,2014,4.217269359169464,0.11500450802577876,-0.07078254008390804,0.060593256304777854,0.1160924863322651,-0.06431449551889239,0.07341580099153601
WK098328,Wijk 28 Trade-Port,2016,4.215769133812978,0.11350428266929326,NA,NA,NA,NA,NA
WK098328,Wijk 28 Trade-Port,2018,4.182205650907686,0.07994079976400033,-0.06335528592363324,0.030966417923556,0.10511115005121753,-0.059464663497815574,0.06668318121067537
WK098328,Wijk 28 Trade-Port,2020,4.20885634835023,0.10659149720654532,-0.05222790599631605,0.05327353850732052,0.08917960409740504,-0.05719147227806855,0.07355773287620401
WK098328,Wijk 28 Trade-Port,2022,4.163151170471929,0.06088631932824428,-0.05774178042294009,0.033943195028325775,0.08030036573219694,-0.06107860439756536,0.06546314338822673
WK098331,Wijk 31 Tegelen-Centrum,2002,4.035243097058003,-0.06702175408568231,NA,NA,NA,NA,NA
WK098331,Wijk 31 Tegelen-Centrum,2008,4.0748762891516614,-0.027388561992023476,NA,NA,NA,NA,NA
WK098331,Wijk 31 Tegelen-Centrum,2012,4.093224744556227,-0.00904010658745857,NA,NA,NA,NA,NA
WK098331,Wijk 31 Tegelen-Centrum,2014,4.053555254985333,-0.04870959615835285,-0.026845423896080266,-0.013812718120662197,0.009736125367863691,-0.012751145740269176,-0.0050364337692051855
WK098331,Wijk 31 Tegelen-Centrum,2016,4.083388571746769,-0.01887627939691617,NA,NA,NA,NA,NA
WK098331,Wijk 31 Tegelen-Centrum,2018,4.09661138545262,-0.0056534656910655024,-0.020535286418410296,-0.013011575890177207,0.008047618473947015,0.004223499938817913,0.015622278204756795
WK098331,Wijk 31 Tegelen-Centrum,2020,4.103892260292789,0.0016274091491036999,-0.01265642153401646,-0.006089226309677798,0.0042795220775791185,0.01314085071679378,0.0029526841984247754
WK098331,Wijk 31 Tegelen-Centrum,2022,4.113663904659255,0.01139905351556941,-0.0063494505783768486,5.6122344417135114e-5,0.0033270908001476495,-0.00491267078771531,0.0192779617370965
WK098332,Wijk 32 Op de Hei,2002,3.973575757617965,-0.12868909352571978,NA,NA,NA,NA,NA
WK098332,Wijk 32 Op de Hei,2008,3.9503025332582355,-0.15196231788544934,NA,NA,NA,NA,NA
WK098332,Wijk 32 Op de Hei,2012,3.9887409467334027,-0.11352390441028282,NA,NA,NA,NA,NA
WK098332,Wijk 32 Op de Hei,2014,3.916861198737102,-0.1854036524065832,-0.01970821036618394,-0.05028450546375342,0.0022611790191899793,-0.07345678311402148,-0.04421533248181459
WK098332,Wijk 32 Op de Hei,2016,3.9433984995163627,-0.15886635162732277,NA,NA,NA,NA,NA
WK098332,Wijk 32 Op de Hei,2018,3.9624264137700718,-0.13983843737361357,4.133185143435839e-4,-0.0366228975446285,7.393331942845093e-4,-0.07667154633773977,-0.02769664519987371
WK098332,Wijk 32 Op de Hei,2020,3.9813681697149432,-0.12089668142874183,0.009468329746183161,-0.03872608260410564,-0.0035059877484930253,-0.06329773547539819,-0.024835205346928433
WK098332,Wijk 32 Op de Hei,2022,4.018151149120432,-0.0841137020232533,0.010541151861071392,0.004493932684913247,9.619212077679023e-4,-0.06692143608557861,-0.0331892716914275
WK098335,Wijk 35 Steyl,2002,4.026159661074106,-0.0761051900695787,NA,NA,NA,NA,NA
WK098335,Wijk 35 Steyl,2008,4.03066361073842,-0.0716012404052651,NA,NA,NA,NA,NA
WK098335,Wijk 35 Steyl,2012,4.0514024867038065,-0.05086236443987914,NA,NA,NA,NA,NA
WK098335,Wijk 35 Steyl,2014,4.022942771871191,-0.079322079272494,-0.016204544825219575,-0.037491837290921835,0.009615527559217482,-0.049842174096512745,0.014600949380942427
WK098335,Wijk 35 Steyl,2016,4.034631902520598,-0.0676329486230868,NA,NA,NA,NA,NA
WK098335,Wijk 35 Steyl,2018,4.0597637667124475,-0.042501084431237485,-0.0017905526010466644,-0.026313822076132372,0.011741882803056,-0.04949740802114341,0.023358815464028675
WK098335,Wijk 35 Steyl,2020,4.074329303502553,-0.02793554764113155,0.0026073213397321358,-0.019307752847036428,0.007475902960133937,-0.04064163108486412,0.021930611990902633
WK098335,Wijk 35 Steyl,2022,4.096155145748459,-0.006109705395226794,0.0016882318526232575,-0.0018124354944338468,0.007900376197905592,-0.04335881517639132,0.029472937225069294
WK098341,Wijk 41 Velden,2002,4.135902449123415,0.033637597979729324,NA,NA,NA,NA,NA
WK098341,Wijk 41 Velden,2008,4.151122893667377,0.04885804252369239,NA,NA,NA,NA,NA
WK098341,Wijk 41 Velden,2012,4.181957636726483,0.07969278558279806,NA,NA,NA,NA,NA
WK098341,Wijk 41 Velden,2014,4.15564261977289,0.053377768629205194,-0.017571690716128338,0.04444709518433759,0.060800175814911886,-0.06774067199847524,0.03344286034455903
WK098341,Wijk 41 Velden,2016,4.210954086345266,0.10868923520158096,NA,NA,NA,NA,NA
WK098341,Wijk 41 Velden,2018,4.204985664915335,0.1027208137716493,-0.011376117396721699,0.07097909022499951,0.05881472312431735,-0.0633029605446347,0.0476060783636886
WK098341,Wijk 41 Velden,2020,4.206361030878578,0.10409617973489313,-0.0029283437262228595,0.07633353159008463,0.05111673781664216,-0.06076542854529888,0.04033968259968775
WK098341,Wijk 41 Velden,2022,4.205387724654825,0.10312287351113997,-0.0052304936125080114,0.07773430297662974,0.04881150689875723,-0.06239182308293393,0.04419938033119471
WK098343,Wijk 43 Lomm,2002,4.114954070846978,0.012689219703292638,NA,NA,NA,NA,NA
WK098343,Wijk 43 Lomm,2008,4.110444705934851,0.008179854791165826,NA,NA,NA,NA,NA
WK098343,Wijk 43 Lomm,2012,4.099809288787353,-0.0024555623563322815,NA,NA,NA,NA,NA
WK098343,Wijk 43 Lomm,2014,4.095909368533582,-0.006355482610103285,-0.012317464042700415,0.07164750059647687,0.07471008038437087,-0.18207081109124532,0.0416752115429944
WK098343,Wijk 43 Lomm,2016,4.131909660787857,0.02964480964417211,NA,NA,NA,NA,NA
WK098343,Wijk 43 Lomm,2018,4.0996989702445035,-0.0025658808991821124,0.009464917677596642,0.04868009816331204,0.07028619400329175,-0.1783477155196691,0.04735062477628623
WK098343,Wijk 43 Lomm,2020,4.156096668321467,0.05383181717778197,0.011509841865233432,0.10003847231612634,0.06556357986360897,-0.16732550163844367,0.044045424771256586
WK098343,Wijk 43 Lomm,2022,4.123240273093744,0.020975421950059057,4.2337813061728085e-4,0.0888011498865185,0.058007124429074644,-0.17412439314096045,0.04786816264480873
WK098344,Wijk 44 Arcen,2002,4.157927851312443,0.0556630001687575,NA,NA,NA,NA,NA
WK098344,Wijk 44 Arcen,2008,4.199100901588073,0.09683605044438785,NA,NA,NA,NA,NA
WK098344,Wijk 44 Arcen,2012,4.187861537016093,0.08559668587240706,NA,NA,NA,NA,NA
WK098344,Wijk 44 Arcen,2014,4.182159046324519,0.07989419518083395,0.02760167292225835,0.07828002394108753,0.07044120802509429,-0.14216831569089974,0.04573960598329332
WK098344,Wijk 44 Arcen,2016,4.2046997098237755,0.10243485868009035,NA,NA,NA,NA,NA
WK098344,Wijk 44 Arcen,2018,4.1948215182202775,0.09255666707659209,0.03607559871951309,0.083215317277037,0.06794464685205207,-0.13963143456291632,0.04495253879090594
WK098344,Wijk 44 Arcen,2020,4.198985676934723,0.09672082579103744,0.04376963283753442,0.08298730381003072,0.06824112806010461,-0.14007888072486394,0.04180164180823145
WK098344,Wijk 44 Arcen,2022,4.212898801604613,0.11063395046092768,0.05807154235074803,0.087349715245734,0.06370121497516124,-0.14689948703135844,0.04841096492064257
WK098351,Wijk 51 Belfeld,2002,4.040222187495054,-0.062042663648631,NA,NA,NA,NA,NA
WK098351,Wijk 51 Belfeld,2008,4.0658054389727045,-0.03645941217098114,NA,NA,NA,NA,NA
WK098351,Wijk 51 Belfeld,2012,4.077424495120325,-0.0248403560233602,NA,NA,NA,NA,NA
WK098351,Wijk 51 Belfeld,2014,4.070999856657279,-0.031264994486406274,-0.024935502855347527,0.02194324337728749,0.02422406138184377,-0.08713494418552406,0.034638147795333835
WK098351,Wijk 51 Belfeld,2016,4.071857151689807,-0.030407699453877616,NA,NA,NA,NA,NA
WK098351,Wijk 51 Belfeld,2018,4.071629708085385,-0.030635143058300483,-0.01643077912080143,0.014673708287859242,0.021499498775646483,-0.08412375670098901,0.033746185699983965
WK098351,Wijk 51 Belfeld,2020,4.08486472673902,-0.017400124404665946,-0.007064515410949619,0.011100127389588377,0.018353172932423976,-0.07827627288976508,0.038487363574036065
WK098351,Wijk 51 Belfeld,2022,4.087146663294795,-0.015118187848890186,-0.00957537817754982,0.02117392971731023,0.018653609488435047,-0.08238171399235274,0.03701136511526683
WK098401,Heide,2002,4.081282170972134,-0.0209826801715508,NA,NA,NA,NA,NA
WK098401,Heide,2008,4.109753985264217,0.00748913412053223,NA,NA,NA,NA,NA
WK098401,Heide,2012,4.12454521106629,0.022280359922605096,NA,NA,NA,NA,NA
WK098401,Heide,2014,4.160442876367697,0.05817802522401214,-0.10719473736919084,0.1206003069165885,0.12334371509931288,-0.17570168051523152,0.09713042109253292
WK098401,Heide,2016,4.1842845389427605,0.08201968779907565,NA,NA,NA,NA,NA
WK098401,Heide,2018,4.169137463117176,0.0668726119734908,-0.07326469419124543,0.09935543941728545,0.10651861728594599,-0.1577742443928882,0.09203749385439275
WK098401,Heide,2020,4.1462350369228504,0.043970185779165394,-0.0878628488409884,0.10746931139729052,0.09076789657325818,-0.15564923983643178,0.08924506648603663
WK098401,Heide,2022,4.113946614576551,0.01168176343286552,-0.0794348932885068,0.09059209012296082,0.0790752793425085,-0.15761490441065207,0.07906419166655472
WK098402,Ysselsteyn,2002,4.052795626212216,-0.049469224931469304,NA,NA,NA,NA,NA
WK098402,Ysselsteyn,2008,4.060743115582675,-0.04152173556101012,NA,NA,NA,NA,NA
WK098402,Ysselsteyn,2012,4.087407373957241,-0.014857477186443825,NA,NA,NA,NA,NA
WK098402,Ysselsteyn,2014,4.057131311481938,-0.045133539661747456,-0.11582763202800324,0.10064385829091942,0.09220276145956556,-0.1930893472025007,0.07093681981827121
WK098402,Ysselsteyn,2016,4.070834533556902,-0.031430317586782754,NA,NA,NA,NA,NA
WK098402,Ysselsteyn,2018,4.085212366549983,-0.01705248459370238,-0.0804907267013779,0.09362277684678366,0.09455423412612456,-0.18508298083579594,0.06034421197056294
WK098402,Ysselsteyn,2020,4.102116832325418,-1.4801881826749142e-4,-0.09404358003236489,0.10266307434848602,0.09162425480302576,-0.16976448330665098,0.06937271536923631
WK098402,Ysselsteyn,2022,4.058101440759003,-0.04416341038468143,-0.08987103478905423,0.08555883680299978,0.07888082428064641,-0.18564781892274035,0.0669157822434667
WK098403,Merselo,2002,4.16043936711575,0.05817451597206415,NA,NA,NA,NA,NA
WK098403,Merselo,2008,4.175954008302711,0.07368915715902616,NA,NA,NA,NA,NA
WK098403,Merselo,2012,4.209578222217331,0.10731337107364564,NA,NA,NA,NA,NA
WK098403,Merselo,2014,4.137999939517647,0.03573508837396253,-0.0498375690669801,0.105583497008582,0.10228988424343965,-0.18708679490700908,0.06478607109592975
WK098403,Merselo,2016,4.175129771572576,0.0728649204288909,NA,NA,NA,NA,NA
WK098403,Merselo,2018,4.218014513831509,0.11574966268782357,-0.03271986572916587,0.12930506945971507,0.12049984103116955,-0.16943524900579102,0.06809986693189551
WK098403,Merselo,2020,4.18920219242058,0.08693734127689437,-0.038144382981881796,0.12810593645312673,0.09625639240727021,-0.16669481084334203,0.06741420624172106
WK098403,Merselo,2022,4.150728075426745,0.0484632242830592,-0.027280455710793988,0.09217636315287923,0.08497256121079627,-0.1728477090986209,0.07144246472879831
WK098404,Vredepeel,2002,3.889445083086059,-0.21281976805762615,NA,NA,NA,NA,NA
WK098404,Vredepeel,2008,3.855108433751922,-0.247156417391763,NA,NA,NA,NA,NA
WK098404,Vredepeel,2012,3.8840499260201016,-0.21821492512358379,NA,NA,NA,NA,NA
WK098404,Vredepeel,2014,4.005359365385037,-0.09690548575864802,-0.11071791688948107,0.11792670420794679,0.10167876072428154,-0.26933732895564566,0.06354429515425003
WK098404,Vredepeel,2016,3.9048843647143223,-0.19738048642936265,NA,NA,NA,NA,NA
WK098404,Vredepeel,2018,4.065036926273688,-0.03722792486999744,-0.08736509947158462,0.10369652324525945,0.1379402326644335,-0.25763113942228116,0.06613155811417525
WK098404,Vredepeel,2020,4.064204035865214,-0.03806081527847087,-0.10518637404652594,0.11210984944515268,0.14212361756849537,-0.2554044625477392,0.06829655430214578
WK098404,Vredepeel,2022,4.036880664466396,-0.06538418667728958,-0.09673975718341682,0.07361350681740146,0.13716056934128915,-0.2582861928932206,0.07886768724065703
WK098405,Smakt,2002,4.145054953138641,0.04279010199495571,NA,NA,NA,NA,NA
WK098405,Smakt,2008,4.130536915117995,0.028272063974310375,NA,NA,NA,NA,NA
WK098405,Smakt,2012,4.127920639267778,0.025655788124093092,NA,NA,NA,NA,NA
WK098405,Smakt,2014,4.204052840552482,0.10178798940879595,-0.039232561215588664,0.13123062765313517,0.10121185908090294,-0.1828866917592044,0.09146475564955048
WK098405,Smakt,2016,4.19565655601757,0.09339170487388472,NA,NA,NA,NA,NA
WK098405,Smakt,2018,4.1902714799813365,0.0880066288376516,-0.024176987231789484,0.08475874721687904,0.09873845839614909,-0.16415283965856492,0.09283925011497773
WK098405,Smakt,2020,4.18264861369254,0.08038376254885414,-0.032189962395366985,0.09025442599181754,0.09510862157479516,-0.16321042475766886,0.09042110213527724
WK098405,Smakt,2022,4.161980241583139,0.05971539043945308,-0.02721765055710375,0.07519988132756016,0.09172284528796074,-0.16541529287603274,0.08542560725706838
WK098406,Oostrum,2002,4.038240543022487,-0.06402430812119857,NA,NA,NA,NA,NA
WK098406,Oostrum,2008,4.047942698156318,-0.05432215298736746,NA,NA,NA,NA,NA
WK098406,Oostrum,2012,4.081728627215281,-0.02053622392840481,NA,NA,NA,NA,NA
WK098406,Oostrum,2014,4.099703250560329,-0.0025616005833559974,-0.024046312214758104,0.09004688550457973,0.06399139657661174,-0.15808625611484453,0.025532685665054837
WK098406,Oostrum,2016,4.147821998795779,0.04555714765209392,NA,NA,NA,NA,NA
WK098406,Oostrum,2018,4.19651430877755,0.09424945763386451,-0.017602538323233774,0.1291023259753055,0.07010636986360574,-0.1334765802001929,0.0461198803183797
WK098406,Oostrum,2020,4.196412845464022,0.09414799432033648,-0.014349384843680668,0.1228767266361707,0.06973534591403471,-0.127251484699205,0.043136791313016364
WK098406,Oostrum,2022,4.156991158054976,0.05472630691129072,-0.012741157751293298,0.09438629339798565,0.061044919066597106,-0.13270102138194928,0.04473727357995018
WK098407,Oirlo,2002,4.024619421891174,-0.07764542925251115,NA,NA,NA,NA,NA
WK098407,Oirlo,2008,4.022775694754636,-0.0794891563890492,NA,NA,NA,NA,NA
WK098407,Oirlo,2012,4.018666276779731,-0.08359857436395429,NA,NA,NA,NA,NA
WK098407,Oirlo,2014,4.047128748944566,-0.05513610219911939,-0.0963982329952965,0.09144818104474846,0.08184279452460155,-0.19270100942403712,0.06067216465086388
WK098407,Oirlo,2016,4.090826358816888,-0.011438492326797736,NA,NA,NA,NA,NA
WK098407,Oirlo,2018,4.1342875389775875,0.03202268783390294,-0.06913673633801679,0.11726162994101103,0.09225613198509262,-0.16840037394123014,0.06004203618704586
WK098407,Oirlo,2020,4.0998981348687815,-0.0023667162749034807,-0.0846310553643698,0.12084172537863515,0.07455879984964016,-0.1656147949968919,0.052478608858082636
WK098407,Oirlo,2022,4.06458866710492,-0.037676184038764146,-0.0741719316965532,0.09133340270485782,0.07192366278170637,-0.1689010901954277,0.04213977236665224
WK098408,Castenray,2002,4.061967520578581,-0.04029733056510408,NA,NA,NA,NA,NA
WK098408,Castenray,2008,4.075055203152519,-0.02720964799116644,NA,NA,NA,NA,NA
WK098408,Castenray,2012,4.112160727780193,0.009895876636507695,NA,NA,NA,NA,NA
WK098408,Castenray,2014,4.074076212537645,-0.028188638606039526,-0.1110133201802962,0.09814955286763284,0.08750748984444195,-0.18828521756786332,0.08545285643004494
WK098408,Castenray,2016,4.084136467092031,-0.018128384051654033,NA,NA,NA,NA,NA
WK098408,Castenray,2018,4.145992050083993,0.04372719894030755,-0.0765128298117474,0.12189029062635012,0.09036394637978726,-0.1768937246834767,0.08487951642939394
WK098408,Castenray,2020,4.143403150985593,0.0411382998419077,-0.08864561030469831,0.12959259754343558,0.09102291698783262,-0.17245961012702896,0.08162800574236652
WK098408,Castenray,2022,4.1219371315120075,0.019672280368322036,-0.07644596991543122,0.09865552454460992,0.09139196878202824,-0.17591241387432088,0.08198317083143573
WK098409,Veulen,2002,4.153999823859955,0.05173497271626993,NA,NA,NA,NA,NA
WK098409,Veulen,2008,4.1820849185213564,0.07982006737767113,NA,NA,NA,NA,NA
WK098409,Veulen,2012,4.128636201477309,0.026371350333623436,NA,NA,NA,NA,NA
WK098409,Veulen,2014,4.083252728580837,-0.01901212256284821,-0.10805941913438177,0.11183417125961137,0.1196944819553652,-0.22935492542452215,0.08687356878107899
WK098409,Veulen,2016,4.16860855351007,0.06634370236638416,NA,NA,NA,NA,NA
WK098409,Veulen,2018,4.105088329981659,0.002823478837973584,-0.08422240699347228,0.1230410364268153,0.10998477776964612,-0.218802500605276,0.07282257224026013
WK098409,Veulen,2020,4.114711136613077,0.01244628546939134,-0.09660049422794721,0.11678878956767393,0.11445163991784983,-0.20748766707361685,0.08529401728543132
WK098409,Veulen,2022,4.0670145409111065,-0.03525031023257908,-0.09250172972984275,0.09285971281133817,0.10415334188710941,-0.21172339538775126,0.07196176018656714
WK098410,Leunen,2002,4.042890383943917,-0.05937446719976772,NA,NA,NA,NA,NA
WK098410,Leunen,2008,4.114764900773167,0.012500049629482056,NA,NA,NA,NA,NA
WK098410,Leunen,2012,4.1121360680453165,0.009871216901631188,NA,NA,NA,NA,NA
WK098410,Leunen,2014,4.110692524782973,0.008427673639287085,-0.05437665571024646,0.08071587727039753,0.06702645893360884,-0.12985273920858406,0.04491473235411094
WK098410,Leunen,2016,4.161568293829873,0.05930344268618771,NA,NA,NA,NA,NA
WK098410,Leunen,2018,4.182858292282259,0.08059344113857392,-0.040866463359653354,0.11514068404940794,0.06888638113020318,-0.11223201098853343,0.049664850307149296
WK098410,Leunen,2020,4.189885801293376,0.08762095014969075,-0.0414055108584151,0.11381191645234506,0.07057422408330027,-0.10648694888708098,0.05112726935954121
WK098410,Leunen,2022,4.168434593459145,0.06616974231546019,-0.03699539254521619,0.08361251855733641,0.06340949035349676,-0.10194223099723917,0.058085356947082105
WK098411,Centrum,2002,4.051278621058263,-0.050986230085421726,NA,NA,NA,NA,NA
WK098411,Centrum,2008,4.041167797436219,-0.06109705370746632,NA,NA,NA,NA,NA
WK098411,Centrum,2012,4.009171243392168,-0.09309360775151715,NA,NA,NA,NA,NA
WK098411,Centrum,2014,4.029114992813099,-0.07314985833058633,0.009619210475346775,-0.030883425652555807,-0.008377596453838336,-0.03387347573621924,-0.00963457096331999
WK098411,Centrum,2016,4.07302355093505,-0.029241300208635298,NA,NA,NA,NA,NA
WK098411,Centrum,2018,4.0863208087684555,-0.01594404237522978,0.008606403835279483,-0.023685830903361578,-0.011132218811381805,-0.006113734231125721,0.01638133773535956
WK098411,Centrum,2020,4.083323239725561,-0.018941611418123748,0.016789933577000097,-0.010997942166468818,-0.006165289640451558,0.0012003689036491484,-0.01976868209185286
WK098411,Centrum,2022,4.098662284352391,-0.003602566791293637,0.022938440386001558,-0.03444012559709182,-0.010942589473353038,3.6993509498692913e-4,0.018471772798162506
WK098412,Oost,2002,4.044068270816414,-0.05819658032727108,NA,NA,NA,NA,NA
WK098412,Oost,2008,4.047149408252416,-0.05511544289126911,NA,NA,NA,NA,NA
WK098412,Oost,2012,4.0775883941061615,-0.024676457037524125,NA,NA,NA,NA,NA
WK098412,Oost,2014,4.058956837077711,-0.04330801406597386,-0.0159600147110952,-0.007997113015991097,0.0050261015774919204,-0.042521212646917175,0.01814422473053747
WK098412,Oost,2016,4.076598899742293,-0.025665951401392297,NA,NA,NA,NA,NA
WK098412,Oost,2018,4.108269158681128,0.0060043075374424165,-0.012173588754911662,0.0013166834966284262,0.008906283217729008,-0.01419988842782698,0.02215481800582335
WK098412,Oost,2020,4.12340440445875,0.021139553315065136,-0.004393903168516234,6.754384884939728e-4,0.01608680863523262,-0.01053190591289989,0.01930311527275435
WK098412,Oost,2022,4.1730423318456,0.07077748070191456,-0.0011739491959086093,0.03502418437025091,0.014722830916081283,-0.008780566879741875,0.03098498149123258
WK098413,West,2002,4.012409788930794,-0.08985506221289079,NA,NA,NA,NA,NA
WK098413,West,2008,3.9838417704461095,-0.11842308069757557,NA,NA,NA,NA,NA
WK098413,West,2012,3.9677278281646715,-0.1345370229790137,NA,NA,NA,NA,NA
WK098413,West,2014,3.991690495837377,-0.11057435530630846,-0.00834077067382568,-0.020695632751071006,-0.017641946054567263,-0.06226129744331946,-0.0016347083835252885
WK098413,West,2016,4.041717091540659,-0.060547759603026094,NA,NA,NA,NA,NA
WK098413,West,2018,4.040839095873445,-0.061425755270239836,-0.007064327218632344,-0.01437973038325103,-0.017051790188547893,-0.03013312906036951,0.007203221580560612
WK098413,West,2020,4.047547506590166,-0.05471734455351904,-0.003789625140143091,-0.007859722097046799,-0.01182370273387388,-0.028656189478211774,-0.0025881051042437597
WK098413,West,2022,4.036604983196045,-0.06565986794764019,0.0018927204257828572,-0.02037108502649092,-0.01966174097009143,-0.030579425448790453,0.0030596630719494635
WK098414,Vlakwater,2002,4.220930849674548,0.11866599853086236,NA,NA,NA,NA,NA
WK098414,Vlakwater,2008,4.224342292299115,0.12207744115542962,NA,NA,NA,NA,NA
WK098414,Vlakwater,2012,4.223405432363812,0.12114058122012672,NA,NA,NA,NA,NA
WK098414,Vlakwater,2014,4.26134590765845,0.1590810565147645,0.031148625752495107,0.0879554402870953,0.08988823894470532,-0.10595301099285467,0.05604176252332312
WK098414,Vlakwater,2016,4.280031876106466,0.17776702496278066,NA,NA,NA,NA,NA
WK098414,Vlakwater,2018,4.288466374396599,0.18620152325291314,0.037992941408692776,0.08141749549197956,0.09146361786476978,-0.08280036065055722,0.058127829138028046
WK098414,Vlakwater,2020,4.298703857067831,0.19643900592414537,0.04300482986136907,0.07844257263390353,0.0926955769400757,-0.08246817646151827,0.06476420295031501
WK098414,Vlakwater,2022,4.276254282469899,0.17398943132621367,0.04826713476529781,0.06325170723214497,0.0860891843115254,-0.08870605612231805,0.06508746113956322
WK098415,Veltum,2002,4.053374604281037,-0.04889024686264882,NA,NA,NA,NA,NA
WK098415,Veltum,2008,4.048322251939367,-0.05394259920431787,NA,NA,NA,NA,NA
WK098415,Veltum,2012,4.054946794697607,-0.04731805644607821,NA,NA,NA,NA,NA
WK098415,Veltum,2014,4.056082286717573,-0.04618256442611185,0.0061136370976875055,0.02687471172209617,0.011584149311503379,-0.10550159967930041,0.014746537121901167
WK098415,Veltum,2016,4.098139698428643,-0.0041251527150426,NA,NA,NA,NA,NA
WK098415,Veltum,2018,4.080108497388116,-0.022156353755569378,0.005286522490986606,0.026351263106929142,0.01033311689890345,-0.07931870046924089,0.015191444216852002
WK098415,Veltum,2020,4.095705966540625,-0.006558884603060672,0.008449347318715016,0.029784409329837405,0.012389751308950236,-0.07651607229679554,0.019333679736231894
WK098415,Veltum,2022,4.077044207592229,-0.025220643551456864,0.011217579077123244,0.008031563431147408,0.008176365085432008,-0.07966033150380354,0.027014180358643766
WK098416,Brukske,2002,3.8733185079784658,-0.22894634316521978,NA,NA,NA,NA,NA
WK098416,Brukske,2008,3.8332580213325347,-0.26900682981115065,NA,NA,NA,NA,NA
WK098416,Brukske,2012,3.8410060649620856,-0.2612587861815994,NA,NA,NA,NA,NA
WK098416,Brukske,2014,3.7685312492059,-0.33373360193778523,-0.03346232668993515,-0.1291906921269644,-0.03623663452431934,-0.10892654484873344,-0.025917403747833172
WK098416,Brukske,2016,3.844668990410238,-0.25759586073344715,NA,NA,NA,NA,NA
WK098416,Brukske,2018,3.837350988468223,-0.26491386267546213,-0.032608926513771744,-0.10043595978736673,-0.03195166319351154,-0.09093998714257306,-0.008977326038239355
WK098416,Brukske,2020,3.857903146294929,-0.24436170484875655,-0.01955543726978145,-0.09934158988460234,-0.02600811467738716,-0.08820685102512538,-0.011249711991860537
WK098416,Brukske,2022,3.9088436677845566,-0.19342118335912842,-0.015002691656710542,-0.05962672237094913,-0.02644652641565239,-0.09027706593538513,-0.002068176980431486
WK098417,Landweert,2002,3.9543392847211307,-0.14792556642255475,NA,NA,NA,NA,NA
WK098417,Landweert,2008,3.903501047387004,-0.19876380375668076,NA,NA,NA,NA,NA
WK098417,Landweert,2012,3.909412272676751,-0.1928525784669339,NA,NA,NA,NA,NA
WK098417,Landweert,2014,3.9437480196485226,-0.1585168314951625,-0.026287030203726504,-0.020775734983583673,-0.002400879555707601,-0.10074019927120653,-0.00831298748093849
WK098417,Landweert,2016,3.966866983807122,-0.13539786733656298,NA,NA,NA,NA,NA
WK098417,Landweert,2018,3.9808020659224495,-0.12146278522123578,-0.022910245821700835,-0.019281513765512875,-0.0023961283738364175,-0.08003451182750308,0.003159614567317125
WK098417,Landweert,2020,4.003594579630591,-0.0986702715130941,-0.01627059012709967,-0.005537241930482627,-0.0016262745094479608,-0.07315735074614033,-0.002078814199923785
WK098417,Landweert,2022,4.029844045645186,-0.07242080549849911,-0.019832302705776746,0.0133465754454345,0.0011079628948283979,-0.07743655628720726,0.010393515154221737
WK098418,Smakterheide,2002,4.093803805236426,-0.00846104590725908,NA,NA,NA,NA,NA
WK098418,Smakterheide,2008,4.106212322300799,0.0039474711571128585,NA,NA,NA,NA,NA
WK098418,Smakterheide,2012,4.130322886593108,0.028058035449422127,NA,NA,NA,NA,NA
WK098418,Smakterheide,2014,4.136416063952379,0.03415121280869345,-0.02482424574180621,0.06164954189233444,0.05117442661719444,-0.09617152778525229,0.04232301782622287
WK098418,Smakterheide,2016,4.139487235253645,0.03722238410995991,NA,NA,NA,NA,NA
WK098418,Smakterheide,2018,4.167059797783604,0.06479494663991839,-0.00955735999004512,0.059511569025127976,0.044599581040371414,-0.0742080302327175,0.04444918679718144
WK098418,Smakterheide,2020,4.184446574626471,0.08218172348278557,-0.006904774902735923,0.0634345773614938,0.04472975872590213,-0.06347663980795722,0.044398802106082415
WK098418,Smakterheide,2022,4.1893829021713165,0.087118051027631635,0.010130909406713452,0.05345392110760545,0.04490567238683679,-0.07530177912674418,0.05392932725321982
WK098419,Brabander,2002,4.028086044652333,-0.07417880649135147,NA,NA,NA,NA,NA
WK098419,Brabander,2008,4.140343600763366,0.03807874961968076,NA,NA,NA,NA,NA
WK098419,Brabander,2012,4.21681991036266,0.11455505921897427,NA,NA,NA,NA,NA
WK098419,Brabander,2014,4.20231291707768,0.10004806593399417,-0.012432173624589085,0.0896582639129914,0.0992628062405335,-0.12428339416627161,0.04784256357132968
WK098419,Brabander,2016,4.148920532357853,0.04665568121416759,NA,NA,NA,NA,NA
WK098419,Brabander,2018,4.201429624839383,0.09916477369569814,-0.0028045172450063714,0.08476998309666116,0.0774347120717663,-0.10192020381928382,0.04168479959156066
WK098419,Brabander,2020,4.209521730800656,0.1072568796569715,-0.001690934509216459,0.102210752420724,0.06962350639824262,-0.10553969007722083,0.04265324542444196
WK098419,Brabander,2022,4.189395002952934,0.08713015180924863,0.004551673966448381,0.08324269239590441,0.0633694677812265,-0.10926383527396726,0.04523015293963632
WK098420,St. Antoniusveld,2002,3.9380286808923204,-0.16423617025136492,NA,NA,NA,NA,NA
WK098420,St. Antoniusveld,2008,3.94088184102378,-0.16138301011990516,NA,NA,NA,NA,NA
WK098420,St. Antoniusveld,2012,3.955460447806146,-0.14680440333753944,NA,NA,NA,NA,NA
WK098420,St. Antoniusveld,2014,3.9622254889619843,-0.14003936218170104,-0.0068560945018319485,-0.04450090378400372,0.023998692502308693,-0.10724108497144684,-0.0054399714267275604
WK098420,St. Antoniusveld,2016,4.0151695324543315,-0.08709531868935416,NA,NA,NA,NA,NA
WK098420,St. Antoniusveld,2018,4.0074854557524535,-0.09477939539123152,-0.00337822463613493,-0.05513559197404379,0.021967572037018806,-0.08666416540733125,0.028431014589259253
WK098420,St. Antoniusveld,2020,3.999863873520938,-0.10240097762274689,0.001528768370420842,-0.04578996514408556,0.021580056990055406,-0.08228193901209381,0.002562101172955981
WK098420,St. Antoniusveld,2022,4.12470790417592,0.022443053032233953,0.0011664337958302872,0.0382853653493598,0.028299471539794296,-0.08707795154956362,0.04176973389681291
WK098421,Wanssum,2002,4.1312454735267945,0.02898062238310915,NA,NA,NA,NA,NA
WK098421,Wanssum,2008,4.114886097663682,0.012621246519996746,NA,NA,NA,NA,NA
WK098421,Wanssum,2012,4.125920061328021,0.023655210184335546,NA,NA,NA,NA,NA
WK098421,Wanssum,2014,4.136705401374988,0.034440550231303525,-0.021236781821449113,0.10630636939130268,0.07916507118901585,-0.17898141045382013,0.0491873019262539
WK098421,Wanssum,2016,4.1150048945212765,0.012740043377591442,NA,NA,NA,NA,NA
WK098421,Wanssum,2018,4.13580450464073,0.03353965349704523,-0.029871011792053967,0.1080994726214366,0.07699016193616595,-0.17264786462691883,0.050968895358415214
WK098421,Wanssum,2020,4.126371088577405,0.02410623743372004,-0.02608338236756474,0.09926788484321006,0.06365413757725734,-0.1638452938027164,0.05111289118353346
WK098421,Wanssum,2022,4.1010165693968395,-0.0012482817468456142,-0.02315772449525242,0.08779490765629551,0.0653439033808643,-0.1863923264030381,0.05516295811428481
WK098422,Geijsteren,2002,4.238417559435543,0.1361527082918582,NA,NA,NA,NA,NA
WK098422,Geijsteren,2008,4.179772930622413,0.07750807947872738,NA,NA,NA,NA,NA
WK098422,Geijsteren,2012,4.201360865610404,0.0990960144667191,NA,NA,NA,NA,NA
WK098422,Geijsteren,2014,4.186255184444407,0.0839903333007223,0.005594135923476048,0.11970486655931255,0.09717700889284321,-0.2210783711285629,0.08259269305365322
WK098422,Geijsteren,2016,4.140249103340112,0.03798425219642662,NA,NA,NA,NA,NA
WK098422,Geijsteren,2018,4.199502084804061,0.09723723366037597,0.0159188129927934,0.12463399917839317,0.08242216312331951,-0.2078913792779217,0.08215363764379131
WK098422,Geijsteren,2020,4.189909210809731,0.0876443596660452,0.02125345898940866,0.1117582788458963,0.08007605897885885,-0.20311571382426055,0.07767227667614161
WK098422,Geijsteren,2022,4.180397813250135,0.0781329621064502,0.02840125135244233,0.10983576428749418,0.07760757979036823,-0.21126576698905059,0.07355413366519559
WK098423,Blitterswijck,2002,4.166855175577618,0.06459032443393319,NA,NA,NA,NA,NA
WK098423,Blitterswijck,2008,4.190376410995576,0.08811155985189126,NA,NA,NA,NA,NA
WK098423,Blitterswijck,2012,4.1865218047026485,0.0842569535589632,NA,NA,NA,NA,NA
WK098423,Blitterswijck,2014,4.1329226471619664,0.030657796018280815,0.022268168186622618,0.1088611355792247,0.07471228436529974,-0.21810693225332184,0.04292314014045523
WK098423,Blitterswijck,2016,4.124687605755103,0.022422754611417163,NA,NA,NA,NA,NA
WK098423,Blitterswijck,2018,4.0539416498789524,-0.04832320126473318,0.030013827764210098,0.05458225819107725,0.06372517129527784,-0.21426414565520976,0.017619687139911095
WK098423,Blitterswijck,2020,4.084314860167624,-0.017949990976061467,0.035942054896668144,0.07455081509437653,0.07620582621341962,-0.21259206455283441,0.007943377372308373
WK098423,Blitterswijck,2022,4.092320965125744,-0.009943886017941182,0.03160771085689645,0.07978325973942703,0.061836834654775824,-0.210543770265924,0.027372078996883258
WK098601,Wijk 01 Voerendaal,2002,4.126996728514388,0.024731877370702638,NA,NA,NA,NA,NA
WK098601,Wijk 01 Voerendaal,2008,4.105098603818215,0.002833752674529739,NA,NA,NA,NA,NA
WK098601,Wijk 01 Voerendaal,2012,4.152448577455416,0.05018372631173025,NA,NA,NA,NA,NA
WK098601,Wijk 01 Voerendaal,2014,4.127192419943639,0.02492756879995344,2.48901616478638e-4,0.02942962902850107,0.010659960127714007,-0.04786471726225136,0.032453795289510805
WK098601,Wijk 01 Voerendaal,2016,4.193570031214731,0.0913051800710457,NA,NA,NA,NA,NA
WK098601,Wijk 01 Voerendaal,2018,4.157639923430942,0.05537507228725711,0.020129070690077116,0.03438288438304826,0.01627395888784273,-0.04639940217923634,0.030988560505525044
WK098601,Wijk 01 Voerendaal,2020,4.171150555920774,0.06888570477708934,0.025359112750585715,0.02616015214296622,0.011211729589180399,-0.02674220411722139,0.03289691441157807
WK098601,Wijk 01 Voerendaal,2022,4.183628222810689,0.08136337166700407,0.030084421156378903,0.039674844439824414,0.012031681367739381,-0.03694201310554132,0.03651443780860239
WK098602,Wijk02 Kunrade,2002,4.154968556212228,0.052703705068542564,NA,NA,NA,NA,NA
WK098602,Wijk02 Kunrade,2008,4.12782978956055,0.025564938416864635,NA,NA,NA,NA,NA
WK098602,Wijk02 Kunrade,2012,4.172026216715152,0.06976136557146671,NA,NA,NA,NA,NA
WK098602,Wijk02 Kunrade,2014,4.184052077367653,0.08178722622396836,-0.02791576441105559,0.06337529612082315,0.03688508828828187,-0.03178066731800177,0.04122327354392039
WK098602,Wijk02 Kunrade,2016,4.240153320663433,0.1378884695197479,NA,NA,NA,NA,NA
WK098602,Wijk02 Kunrade,2018,4.193222472732717,0.09095762158903227,-0.008499525731166952,0.05048228045686491,0.03395106649228769,-0.029023806136663277,0.0440476065077096
WK098602,Wijk02 Kunrade,2020,4.208091369752105,0.10582651860841938,-0.0034279889480324562,0.048906167140229044,0.027000126232080934,-0.0116712831851473,0.04501949736928884
WK098602,Wijk02 Kunrade,2022,4.228419423960039,0.12615457281635345,0.001331212044089596,0.06701985909273639,0.029414590436909017,-0.018902866757608126,0.04729177800022624
WK098603,Wijk 03 Ubachsberg,2002,4.123788705650586,0.02152385450690052,NA,NA,NA,NA,NA
WK098603,Wijk 03 Ubachsberg,2008,4.082294121729773,-0.019970729413912463,NA,NA,NA,NA,NA
WK098603,Wijk 03 Ubachsberg,2012,4.129930789677427,0.027665938533742145,NA,NA,NA,NA,NA
WK098603,Wijk 03 Ubachsberg,2014,4.163281047370284,0.06101619622659905,-0.028343899426534938,0.07843679316988436,0.047518058000535705,-0.08841105207009244,0.0518162965528061
WK098603,Wijk 03 Ubachsberg,2016,4.163649754357904,0.0613849032142183,NA,NA,NA,NA,NA
WK098603,Wijk 03 Ubachsberg,2018,4.181579577310604,0.0793147261669186,-0.008653023738738165,0.0751815557866254,0.04597822671977377,-0.08707812018428923,0.05388608758354663
WK098603,Wijk 03 Ubachsberg,2020,4.183952539775318,0.08168768863163305,-0.003249312299096078,0.059904412625426263,0.03993317122396088,-0.0647819327239868,0.049881349805328476
WK098603,Wijk 03 Ubachsberg,2022,4.188217327089668,0.0859524759459832,7.26648165590988e-4,0.06213443294903687,0.04050726669881056,-0.07467478384398184,0.05725891197652635
WK098604,Wijk 04 Klimmen,2002,4.169571852335569,0.0673070011918834,NA,NA,NA,NA,NA
WK098604,Wijk 04 Klimmen,2008,4.16876481565647,0.06649996451278466,NA,NA,NA,NA,NA
WK098604,Wijk 04 Klimmen,2012,4.192003098250725,0.08973824710703958,NA,NA,NA,NA,NA
WK098604,Wijk 04 Klimmen,2014,4.195399168429934,0.09313431728624896,-0.027762497097837787,0.07665685830207813,0.05497936646990547,-0.06438435462219533,0.053644944234298206
WK098604,Wijk 04 Klimmen,2016,4.2165284927295845,0.11426364158589958,NA,NA,NA,NA,NA
WK098604,Wijk 04 Klimmen,2018,4.215781202217571,0.11351635107388583,-0.009863786339747795,0.08561949998865101,0.056402956558270226,-0.07571971664510908,0.05707739751182123
WK098604,Wijk 04 Klimmen,2020,4.206698921979654,0.10443407083596831,-0.0073229261650696546,0.06632093771552994,0.055272118632164996,-0.06526777381628349,0.05543171446962622
WK098604,Wijk 04 Klimmen,2022,4.217358274647063,0.1150934235033783,-0.00404592618643936,0.07300067177076314,0.0547620766100646,-0.06522530078892518,0.056601902097914825
WK098605,Wijk 05 Ransdaal,2002,4.1825586593501125,0.08029380820642763,NA,NA,NA,NA,NA
WK098605,Wijk 05 Ransdaal,2008,4.203548233769629,0.10128338262594383,NA,NA,NA,NA,NA
WK098605,Wijk 05 Ransdaal,2012,4.220398010400921,0.118133159257236,NA,NA,NA,NA,NA
WK098605,Wijk 05 Ransdaal,2014,4.182007206537848,0.07974235539416256,-0.03222991445300175,0.07668199020420809,0.06812445136515577,-0.08899019495666997,0.05615602323447019
WK098605,Wijk 05 Ransdaal,2016,4.209654804560767,0.10738995341708159,NA,NA,NA,NA,NA
WK098605,Wijk 05 Ransdaal,2018,4.216937432408587,0.11467258126490157,-0.02085415321557065,0.08817267114690439,0.06843037973119119,-0.0815366870094324,0.06046037061180867
WK098605,Wijk 05 Ransdaal,2020,4.172976596766562,0.07071174562287647,-0.020507745625426493,0.06524038669634398,0.06306267994347851,-0.09661055064162088,0.059526975250100964
WK098605,Wijk 05 Ransdaal,2022,4.195017695214706,0.09275284407102091,-0.02965745714370763,0.08638564306479518,0.06054021491134354,-0.09451440702776003,0.06999885026634961
WK098609,Wijk 09 Verspreide huizen Voerendaal,2002,4.243806346596298,0.1415414954526123,NA,NA,NA,NA,NA
WK098609,Wijk 09 Verspreide huizen Voerendaal,2008,4.234830575427377,0.13256572428369232,NA,NA,NA,NA,NA
WK098609,Wijk 09 Verspreide huizen Voerendaal,2012,4.276594448812854,0.1743295976691684,NA,NA,NA,NA,NA
WK098609,Wijk 09 Verspreide huizen Voerendaal,2014,4.243764835835948,0.14149998469226216,-0.04260667845763685,0.08033881982348648,0.08904561729693175,-0.08730212535945385,0.10202435138893426
WK098609,Wijk 09 Verspreide huizen Voerendaal,2016,4.27936800778498,0.17710315664129483,NA,NA,NA,NA,NA
WK098609,Wijk 09 Verspreide huizen Voerendaal,2018,4.280376968067881,0.17811211692419576,-0.01563423946583594,0.11134913677377185,0.08716210385615598,-0.08687122289701713,0.0821063386571208
WK098609,Wijk 09 Verspreide huizen Voerendaal,2020,4.275615753228406,0.1733509020847213,-0.013436182330214666,0.09279110778953464,0.08268753801183294,-0.08460169446616778,0.09591013307973585
WK098609,Wijk 09 Verspreide huizen Voerendaal,2022,4.280838182565488,0.17857333142180343,-0.009021628306552676,0.07790710780280292,0.0874612242953589,-0.07798878056872878,0.10021540819892263
WK098801,Wijk 01 Boshoven,2002,3.9497051252029456,-0.15255972594073933,NA,NA,NA,NA,NA
WK098801,Wijk 01 Boshoven,2008,4.029992148404538,-0.07227270273914788,NA,NA,NA,NA,NA
WK098801,Wijk 01 Boshoven,2012,4.051297745571918,-0.05096710557176719,NA,NA,NA,NA,NA
WK098801,Wijk 01 Boshoven,2014,4.060099034216258,-0.042165816927426984,-0.02412531769144698,0.004367013194873947,0.03862632233051302,-0.0759298681209146,0.014896033359547374
WK098801,Wijk 01 Boshoven,2016,4.088328776253992,-0.013936074889692666,NA,NA,NA,NA,NA
WK098801,Wijk 01 Boshoven,2018,4.122306641825627,0.020041790681942142,-0.009196407568777008,0.04785944212376185,0.03667208096293459,-0.07547958285636565,0.020186258020388065
WK098801,Wijk 01 Boshoven,2020,4.147373105020209,0.04510825387652388,-0.009388352463979207,0.06604509345158349,0.035820026550240705,-0.07412319046865902,0.02675467680733763
WK098801,Wijk 01 Boshoven,2022,4.205842246534924,0.10357739539123838,-0.010051560287926085,0.06986563845377758,0.03708086530688197,-0.02059648827584882,0.027278940194353448
WK098802,Wijk 02 Laar en Hushoven,2002,4.219055381879964,0.1167905307362789,NA,NA,NA,NA,NA
WK098802,Wijk 02 Laar en Hushoven,2008,4.1885305161596165,0.08626566501593101,NA,NA,NA,NA,NA
WK098802,Wijk 02 Laar en Hushoven,2012,4.213868420326096,0.11160356918241102,NA,NA,NA,NA,NA
WK098802,Wijk 02 Laar en Hushoven,2014,4.1761058592248155,0.07384100808113021,-0.04413116579900875,0.06718724686216804,0.0809621230724811,-0.0771226752631795,0.046945479208669066
WK098802,Wijk 02 Laar en Hushoven,2016,4.2165218133188995,0.11425696217521464,NA,NA,NA,NA,NA
WK098802,Wijk 02 Laar en Hushoven,2018,4.23666972586283,0.13440487471914497,-0.02447184645535046,0.09814881564987182,0.08173048981993535,-0.0692981746684325,0.048295590373120506
WK098802,Wijk 02 Laar en Hushoven,2020,4.227299833502488,0.12503498235880245,-0.03167961818601452,0.09811462424453302,0.07669985395533283,-0.06159476492784365,0.04349488727279444
WK098802,Wijk 02 Laar en Hushoven,2022,4.265255719037731,0.16299086789404615,-0.032129040354012615,0.08990105308127701,0.06728394155555664,-0.01857113345898493,0.05650604707020982
WK098803,Wijk 03 Molenakker en Kampershoek,2002,4.1950401081915984,0.09277525704791283,NA,NA,NA,NA,NA
WK098803,Wijk 03 Molenakker en Kampershoek,2008,4.188771514373687,0.08650666323000211,NA,NA,NA,NA,NA
WK098803,Wijk 03 Molenakker en Kampershoek,2012,4.205896101857345,0.10363125071366022,NA,NA,NA,NA,NA
WK098803,Wijk 03 Molenakker en Kampershoek,2014,4.2061230616326695,0.10385821048898426,-0.016311097147752657,0.05833412449755038,0.05936431200978945,-0.03804707825580609,0.040517949385202916
WK098803,Wijk 03 Molenakker en Kampershoek,2016,4.219229931503065,0.11696508035937964,NA,NA,NA,NA,NA
WK098803,Wijk 03 Molenakker en Kampershoek,2018,4.2275721620867515,0.125307310943066,-0.007620889992116593,0.06594807844359896,0.05273880730951638,-0.028947648980256153,0.043188964162323144
WK098803,Wijk 03 Molenakker en Kampershoek,2020,4.226760557304399,0.1244957061607137,-0.00427978432988595,0.0601532970966149,0.05140903881495204,-0.026107324041754813,0.04332047862078721
WK098803,Wijk 03 Molenakker en Kampershoek,2022,4.302516168081244,0.20025131693755802,-0.008197907096947708,0.08777470781628659,0.0489121490593072,0.026272030694336042,0.045490336464575606
WK098811,Wijk 11 Weert-Centrum,2002,4.002019305501904,-0.10024554564178151,NA,NA,NA,NA,NA
WK098811,Wijk 11 Weert-Centrum,2008,4.024028501005607,-0.07823635013807806,NA,NA,NA,NA,NA
WK098811,Wijk 11 Weert-Centrum,2012,4.046509826711507,-0.05575502443217894,NA,NA,NA,NA,NA
WK098811,Wijk 11 Weert-Centrum,2014,4.0561017173137035,-0.04616313382998171,-0.019966560029286345,-0.047027061336547875,-0.011023174785432244,0.021902164472790846,0.009951497848493607
WK098811,Wijk 11 Weert-Centrum,2016,4.083838833006353,-0.018426018137332342,NA,NA,NA,NA,NA
WK098811,Wijk 11 Weert-Centrum,2018,4.091265477024005,-0.010999374119679717,-0.018447922532859852,-0.02476105586993877,-0.01623605290798577,0.032553640157989686,0.015892017033114776
WK098811,Wijk 11 Weert-Centrum,2020,4.105705620004473,0.0034407688607877695,-0.009206644810707248,-0.013017613777279832,-0.019002985124724033,0.03868152205470155,0.005986490518797033
WK098811,Wijk 11 Weert-Centrum,2022,4.1875733384112515,0.08530848726756625,-0.010344336426471272,-0.012466346120279305,-0.018291699081974915,0.1127745019170264,0.01363636697926506
WK098812,Wijk 12 Biest,2002,4.017461260416162,-0.08480359072752283,NA,NA,NA,NA,NA
WK098812,Wijk 12 Biest,2008,3.999767111424205,-0.10249773971948054,NA,NA,NA,NA,NA
WK098812,Wijk 12 Biest,2012,4.053991384248435,-0.048273466895250555,NA,NA,NA,NA,NA
WK098812,Wijk 12 Biest,2014,4.061986966046206,-0.04027788509747888,-0.02122841652829237,-0.011069421957681735,0.008086478784865982,-0.017503980763597046,0.0014374553672260421
WK098812,Wijk 12 Biest,2016,4.093454924713902,-0.008809926429783272,NA,NA,NA,NA,NA
WK098812,Wijk 12 Biest,2018,4.083227288268887,-0.019037562874798696,-0.013399213538536316,-2.6828507913818515e-4,0.008788865588417058,-0.001295141453458995,-0.01286378839208255
WK098812,Wijk 12 Biest,2020,4.124123519291019,0.021858668147333477,-0.011358049740941298,0.02797244089824777,0.00772263896649803,0.00896914831662829,-0.011447510293099565
WK098812,Wijk 12 Biest,2022,4.181746292373568,0.0794814412298839,-0.010913421726242056,0.0155084835905416,0.005254469847222855,0.060748405410618544,0.008883504107742699
WK098813,Wijk 13 Groenewoud,2002,4.023124952749792,-0.07913989839389296,NA,NA,NA,NA,NA
WK098813,Wijk 13 Groenewoud,2008,4.005910760419528,-0.09635409072415677,NA,NA,NA,NA,NA
WK098813,Wijk 13 Groenewoud,2012,4.054452133814161,-0.04781271732952374,NA,NA,NA,NA,NA
WK098813,Wijk 13 Groenewoud,2014,4.006665220746982,-0.09559963039670281,-0.027068393518910962,-0.004117965733296748,-0.010356984506461319,-0.030860341872651822,-0.023195944765382295
WK098813,Wijk 13 Groenewoud,2016,4.049912695049073,-0.052352156094611725,NA,NA,NA,NA,NA
WK098813,Wijk 13 Groenewoud,2018,4.0289996974008435,-0.07326515374284197,-0.018905288137157854,-0.014243004306793539,-0.004450888160106284,-0.019329128839216447,-0.016336844299568148
WK098813,Wijk 13 Groenewoud,2020,4.043776070265653,-0.05848878087803258,-0.01410250835222268,-0.023310629561123012,-0.0022318304282156268,-0.014658702629797871,-0.004185109906673678
WK098813,Wijk 13 Groenewoud,2022,4.108186885357708,0.005922034214022532,-0.016666776401442214,0.006677838371606019,-0.009508006392955676,0.029717289874239796,-0.004298311237425717
WK098814,Wijk 14 Fatima,2002,3.9359251464035814,-0.16633970474010368,NA,NA,NA,NA,NA
WK098814,Wijk 14 Fatima,2008,3.956365468038913,-0.14589938310477224,NA,NA,NA,NA,NA
WK098814,Wijk 14 Fatima,2012,3.98381504907474,-0.11844980206894519,NA,NA,NA,NA,NA
WK098814,Wijk 14 Fatima,2014,4.005225254860078,-0.09703959628360713,-0.04296800698721784,-0.03496331284780334,-0.012393679612088267,-0.0027541552438011927,-0.003960441592696763
WK098814,Wijk 14 Fatima,2016,4.030574416371692,-0.07169043477199312,NA,NA,NA,NA,NA
WK098814,Wijk 14 Fatima,2018,4.064416428493514,-0.03784842265017088,-0.03428744926701636,-0.011199379988804093,-0.012905690835311286,0.00674633482287115,0.013797762618089357
WK098814,Wijk 14 Fatima,2020,4.089393681565769,-0.012871169577915474,-0.0340801711053484,0.026992773438009286,-0.013263382978324415,-8.771072950713024e-4,0.008356718362819102
WK098814,Wijk 14 Fatima,2022,4.163081238260416,0.06081638711673095,-0.0350226474398601,0.03040738977660672,-0.018798066515235582,0.07672783739509809,0.007501873900121577
WK098821,Wijk 21 Keent,2002,3.873153894936558,-0.22911095620712754,NA,NA,NA,NA,NA
WK098821,Wijk 21 Keent,2008,3.9124214952917966,-0.18984335585188908,NA,NA,NA,NA,NA
WK098821,Wijk 21 Keent,2012,3.9768336353519502,-0.12543121579173486,NA,NA,NA,NA,NA
WK098821,Wijk 21 Keent,2014,3.9473268330891043,-0.154938018054581,-0.029349211335193644,-0.041989263578374375,-0.02195545866173841,-0.03825853798015893,-0.023385546499115905
WK098821,Wijk 21 Keent,2016,3.9966463936938874,-0.1056184574497978,NA,NA,NA,NA,NA
WK098821,Wijk 21 Keent,2018,3.9970123851032984,-0.10525246604038715,-0.016996062963509025,-0.029531325631613297,-0.017060971526950262,-0.031580960031862865,-0.010083145886451962
WK098821,Wijk 21 Keent,2020,3.9849195586471433,-0.11734529249654173,-0.015589505640033826,-0.04314363853066064,-0.022623493948467913,-0.024685198358169246,-0.011303456019210359
WK098821,Wijk 21 Keent,2022,4.067343068787318,-0.034921782356366844,-0.020902590227418142,-0.008223986685165562,-0.011361198188359161,0.02259120318844689,-0.017025210443871123
WK098822,Wijk 22 Moesel,2002,4.002322215494467,-0.09994263564921776,NA,NA,NA,NA,NA
WK098822,Wijk 22 Moesel,2008,4.0028976288523355,-0.09936722229134977,NA,NA,NA,NA,NA
WK098822,Wijk 22 Moesel,2012,4.033142522434906,-0.06912232870877903,NA,NA,NA,NA,NA
WK098822,Wijk 22 Moesel,2014,4.0171140792729645,-0.08515077187072027,-0.021525814895576464,0.0039324147281634405,0.003914606723186843,-0.049767524407508174,-0.021704454018986217
WK098822,Wijk 22 Moesel,2016,4.0829064096812395,-0.01935844146244548,NA,NA,NA,NA,NA
WK098822,Wijk 22 Moesel,2018,4.033637639541954,-0.06862721160173106,-0.0030524001337012214,-0.01549058377839833,0.005462750749805556,-0.04180269173710821,-0.013744286702329087
WK098822,Wijk 22 Moesel,2020,4.044404272540875,-0.057860578602809444,-0.0033847388743495697,-0.015843226375918434,0.0014936132235315966,-0.03648688518714474,-0.0036393413889285737
WK098822,Wijk 22 Moesel,2022,4.104828421237859,0.0025635700941741735,-0.01235577734544402,0.0035388481448083214,0.010596920422870271,0.0011062776660034188,-3.226987940640391e-4
WK098823,Wijk 23 Graswinkel,2002,3.9213712850044518,-0.18089356613923369,NA,NA,NA,NA,NA
WK098823,Wijk 23 Graswinkel,2008,3.919341370345958,-0.1829234807977272,NA,NA,NA,NA,NA
WK098823,Wijk 23 Graswinkel,2012,3.9983869925220454,-0.10387785862164009,NA,NA,NA,NA,NA
WK098823,Wijk 23 Graswinkel,2014,4.012164113638462,-0.09010073750522356,-0.025604331831547596,-0.012719626044442092,0.018594457702124534,-0.08163307805709093,0.011261840725732187
WK098823,Wijk 23 Graswinkel,2016,4.025386290115769,-0.0768785610279168,NA,NA,NA,NA,NA
WK098823,Wijk 23 Graswinkel,2018,4.053110248145581,-0.04915460299810451,0.0020662721401893767,0.004364990784979638,0.00872247063284959,-0.07505173424866723,0.010743397692543835
WK098823,Wijk 23 Graswinkel,2020,4.0888699845424314,-0.01339486660125382,0.0048153123436209975,0.01840000796696325,0.01932857329923503,-0.07215168426390417,0.016212924052830768
WK098823,Wijk 23 Graswinkel,2022,4.146149261959772,0.04388441081608713,0.006193280283038254,0.0452785212740915,0.015105893123537472,-0.03580660200379594,0.013113318139215603
WK098824,Wijk 24 Leuken,2002,4.039982362938882,-0.06228248820480352,NA,NA,NA,NA,NA
WK098824,Wijk 24 Leuken,2008,4.035411111350902,-0.0668537397927837,NA,NA,NA,NA,NA
WK098824,Wijk 24 Leuken,2012,4.089471099485784,-0.012793751657901524,NA,NA,NA,NA,NA
WK098824,Wijk 24 Leuken,2014,4.0584112666552805,-0.04385358448840455,-0.04617267489443166,0.026132011655521332,0.026060619896128186,-0.07145804624930159,0.021584505103678927
WK098824,Wijk 24 Leuken,2016,4.122215182034605,0.019950330890919642,NA,NA,NA,NA,NA
WK098824,Wijk 24 Leuken,2018,4.090218896158777,-0.012045954984908937,-0.03496670185181807,0.026603677354523594,0.03406467699226021,-0.06650878521134174,0.02876117773146682
WK098824,Wijk 24 Leuken,2020,4.105019699118631,0.002754847974945995,-0.02859806432679648,0.021522464682118703,0.03460955235068014,-0.05443593930755801,0.029656834576501336
WK098824,Wijk 24 Leuken,2022,4.135845215957761,0.033580364814075364,-0.022535436195692576,0.02634316075326565,0.024912859736164517,-0.02278031875961953,0.02764009927995703
WK098825,Wijk 25 Kazernelaan,2002,4.171136707530644,0.06887185638695881,NA,NA,NA,NA,NA
WK098825,Wijk 25 Kazernelaan,2008,4.202451909147184,0.1001870580034991,NA,NA,NA,NA,NA
WK098825,Wijk 25 Kazernelaan,2012,4.227461784160207,0.12519693301652132,NA,NA,NA,NA,NA
WK098825,Wijk 25 Kazernelaan,2014,4.243552360995957,0.1412875098522719,-0.006967144390392744,0.0806504765273504,0.08725174777732708,-0.08621780952032419,0.066570239458311
WK098825,Wijk 25 Kazernelaan,2016,4.262530609106154,0.16026575796246928,NA,NA,NA,NA,NA
WK098825,Wijk 25 Kazernelaan,2018,4.237878761752171,0.13561391060848535,0.0020399985334481003,0.06244857446640245,0.08516287558220341,-0.08107439273019823,0.06703685475662936
WK098825,Wijk 25 Kazernelaan,2020,4.222145239997635,0.1198803888539497,0.0072359178742373445,0.058701655486165745,0.06601908975508888,-0.07570533050536579,0.06362905624382324
WK098825,Wijk 25 Kazernelaan,2022,4.307209783832518,0.20494493268883304,0.007483394880333404,0.08801336001008772,0.08148160084348514,-0.03918035133258389,0.0671469282875104
WK098831,Wijk 31 Altweerterheide,2002,4.152905719907412,0.050640868763727274,NA,NA,NA,NA,NA
WK098831,Wijk 31 Altweerterheide,2008,4.142050779591751,0.03978592844806635,NA,NA,NA,NA,NA
WK098831,Wijk 31 Altweerterheide,2012,4.1574338851661645,0.05516903402247903,NA,NA,NA,NA,NA
WK098831,Wijk 31 Altweerterheide,2014,4.142444236921144,0.04017938577745879,0.018035822109212483,0.0632509738481254,0.0885953222614398,-0.17462516882624582,0.04492243638492674
WK098831,Wijk 31 Altweerterheide,2016,4.192970637726673,0.09070578658298739,NA,NA,NA,NA,NA
WK098831,Wijk 31 Altweerterheide,2018,4.176229853947068,0.073965002803383,0.03301623338218878,0.07942515579727057,0.08225769747363927,-0.16531810759591323,0.044584023746197306
WK098831,Wijk 31 Altweerterheide,2020,4.157075612825045,0.05481076168135983,0.031333818528513566,0.07254686096565212,0.07312941177466205,-0.16208873948828817,0.03988940990081999
WK098831,Wijk 31 Altweerterheide,2022,4.250123305672921,0.14785845452923535,0.031091485341337616,0.1011551326590364,0.08615725448377251,-0.13287506166455365,0.0623296437096422
WK098832,Wijk 32 Tungelroy,2002,4.086054549018539,-0.01621030212514622,NA,NA,NA,NA,NA
WK098832,Wijk 32 Tungelroy,2008,4.073948013313536,-0.02831683783014922,NA,NA,NA,NA,NA
WK098832,Wijk 32 Tungelroy,2012,4.122950823592652,0.020685972448966805,NA,NA,NA,NA,NA
WK098832,Wijk 32 Tungelroy,2014,4.123736173692111,0.021471322548426052,-0.02336887959541032,0.09729940266681618,0.09112854171395522,-0.1901491521781556,0.046561409941220204
WK098832,Wijk 32 Tungelroy,2016,4.1220349117381225,0.01977006059443702,NA,NA,NA,NA,NA
WK098832,Wijk 32 Tungelroy,2018,4.143366456354353,0.041101605210668274,0.003059223969005509,0.08960828482732094,0.08156756006858168,-0.17985773763244237,0.04672427397820217
WK098832,Wijk 32 Tungelroy,2020,4.136866029015707,0.03460117787202151,0.0034952124465540205,0.08635254971938185,0.07483992240439173,-0.1739612734443631,0.04387476674605672
WK098832,Wijk 32 Tungelroy,2022,4.188579188303265,0.08631433715957981,0.0061771071852821605,0.11052104432406325,0.06786903152033137,-0.1577635677641162,0.05951072189401911
WK098833,Wijk 33 Swartbroek,2002,4.079167603530871,-0.02309724761281506,NA,NA,NA,NA,NA
WK098833,Wijk 33 Swartbroek,2008,4.097919710383686,-0.004345140759999012,NA,NA,NA,NA,NA
WK098833,Wijk 33 Swartbroek,2012,4.099148484640584,-0.0031163665031008502,NA,NA,NA,NA,NA
WK098833,Wijk 33 Swartbroek,2014,4.127303500115038,0.02503864897135236,-0.019278992551487777,0.08812817482287702,0.09127731527492325,-0.18777982322911477,0.05269197465415437
WK098833,Wijk 33 Swartbroek,2016,4.11092193921431,0.008657088070625412,NA,NA,NA,NA,NA
WK098833,Wijk 33 Swartbroek,2018,4.171380964981024,0.06911611383733945,0.003181543505455425,0.0986555420515176,0.09012616138194007,-0.17301785291972802,0.050170719818154116
WK098833,Wijk 33 Swartbroek,2020,4.174304039996605,0.07203918885292038,0.0035731800774946756,0.09880481752000517,0.08640958066496332,-0.16336630288908907,0.046617913479546046
WK098833,Wijk 33 Swartbroek,2022,4.1823404433041,0.08007559216041518,0.004731323583050134,0.11252507444751401,0.0761482589656733,-0.16221384529287355,0.04888478045705102
WK098834,Wijk 34 Stramproy,2002,4.065240259896674,-0.03702459124701067,NA,NA,NA,NA,NA
WK098834,Wijk 34 Stramproy,2008,4.055229181501655,-0.047035669642029716,NA,NA,NA,NA,NA
WK098834,Wijk 34 Stramproy,2012,4.063170998152978,-0.039093852990707265,NA,NA,NA,NA,NA
WK098834,Wijk 34 Stramproy,2014,4.064023721965585,-0.03824112917810025,-0.019814110946411473,0.05798711104124943,0.05991667251603669,-0.1786623782960127,0.042331576507037505
WK098834,Wijk 34 Stramproy,2016,4.096057109825012,-0.006207741318673427,NA,NA,NA,NA,NA
WK098834,Wijk 34 Stramproy,2018,4.0958943920579305,-0.0063704590857545694,-0.010011082104150045,0.07784692913794176,0.05351156677171246,-0.16809189065837205,0.04037401776711302
WK098834,Wijk 34 Stramproy,2020,4.1221320837008655,0.019867232557180398,-0.0039971006252888346,0.07564941128418194,0.055476826049288365,-0.15289043355474624,0.04562852940374493
WK098834,Wijk 34 Stramproy,2022,4.117380608351702,0.015115757208016748,-0.005305047382064383,0.08526460098248931,0.04785237828960927,-0.15136037771211122,0.0386642030300935
WK099400,Wijk 00: Valkenburg,2002,4.027002600631722,-0.07526225051196397,NA,NA,NA,NA,NA
WK099400,Wijk 00: Valkenburg,2008,4.049590260942758,-0.05267459020092708,NA,NA,NA,NA,NA
WK099400,Wijk 00: Valkenburg,2012,4.0901013145124585,-0.012163536631226813,NA,NA,NA,NA,NA
WK099400,Wijk 00: Valkenburg,2014,4.090737669242097,-0.011527181901588046,-0.018565354618970735,-0.010940524131134086,0.006112149527458212,0.0018309646215688223,0.010035582699489454
WK099400,Wijk 00: Valkenburg,2016,4.115217006210621,0.012952155066935898,NA,NA,NA,NA,NA
WK099400,Wijk 00: Valkenburg,2018,4.14244739482958,0.040182543685894474,0.0019397732656548116,0.004182206846423043,0.007088744082268481,0.006738847669305411,0.0202329718222425
WK099400,Wijk 00: Valkenburg,2020,4.142699990699157,0.04043513955547147,0.010730957561218288,-7.293733227334955e-4,0.003501869294164524,0.01208312577926888,0.01484856024355301
WK099400,Wijk 00: Valkenburg,2022,4.197143713507277,0.0948788623635914,0.013328031664464007,0.03695277465054603,0.009644527238561573,0.008529714310149348,0.026423814499870114
WK099401,Wijk 01: Houthem - Sint Gerlach,2002,4.122329364779765,0.02006451363607983,NA,NA,NA,NA,NA
WK099401,Wijk 01: Houthem - Sint Gerlach,2008,4.115340879856676,0.013076028712991466,NA,NA,NA,NA,NA
WK099401,Wijk 01: Houthem - Sint Gerlach,2012,4.156857722074904,0.054592870931219124,NA,NA,NA,NA,NA
WK099401,Wijk 01: Houthem - Sint Gerlach,2014,4.143084310934023,0.04081945979033846,-0.04278692263022772,0.05767642878811764,0.050067779914120286,-0.07285073510781462,0.04871290882614261
WK099401,Wijk 01: Houthem - Sint Gerlach,2016,4.153183945826734,0.050919094683048644,NA,NA,NA,NA,NA
WK099401,Wijk 01: Houthem - Sint Gerlach,2018,4.162026061798529,0.059761210654843924,-0.02400061098616874,0.05689610477818645,0.05186227733119541,-0.06864848599149136,0.043651925523121915
WK099401,Wijk 01: Houthem - Sint Gerlach,2020,4.170410739869702,0.06814588872601628,-0.021982550882564438,0.05434818247518339,0.047534921748005665,-0.06485512867899834,0.05310046406438976
WK099401,Wijk 01: Houthem - Sint Gerlach,2022,4.199775083839336,0.09751023269565032,-0.015027453507014085,0.07738914499153673,0.05132818937255901,-0.06428072988872666,0.04810108172729503
WK099402,Wijk 02: Schin op Geul - Oud-Valkenburg,2002,4.15404835502577,0.05178350388208458,NA,NA,NA,NA,NA
WK099402,Wijk 02: Schin op Geul - Oud-Valkenburg,2008,4.16284621519123,0.060581364047545216,NA,NA,NA,NA,NA
WK099402,Wijk 02: Schin op Geul - Oud-Valkenburg,2012,4.178727757061278,0.07646290591759296,NA,NA,NA,NA,NA
WK099402,Wijk 02: Schin op Geul - Oud-Valkenburg,2014,4.2012892742810175,0.09902442313733209,-0.02405709081409558,0.0788208040209781,0.06602779958559905,-0.07428981565682888,0.05252272600167906
WK099402,Wijk 02: Schin op Geul - Oud-Valkenburg,2016,4.188901799845594,0.08663694870190869,NA,NA,NA,NA,NA
WK099402,Wijk 02: Schin op Geul - Oud-Valkenburg,2018,4.229009241265414,0.12674439012172922,-0.0019688307202116403,0.0818039861586993,0.06931099920866005,-0.07588756243691992,0.05348579791150108
WK099402,Wijk 02: Schin op Geul - Oud-Valkenburg,2020,4.196021231291062,0.09375638014737678,-0.004376440081444038,0.07314478208198597,0.05586030489992473,-0.08570886749185389,0.054836600738763785
WK099402,Wijk 02: Schin op Geul - Oud-Valkenburg,2022,4.22010588076404,0.11784102962035432,-0.0016582808671114805,0.09345010384681422,0.06068372519259977,-0.08996772143275138,0.05533320288080288
WK099403,Wijk 03: Sibbe - IJzeren,2002,4.1315672985705065,0.02930244742682163,NA,NA,NA,NA,NA
WK099403,Wijk 03: Sibbe - IJzeren,2008,4.139970128999563,0.03770527785587791,NA,NA,NA,NA,NA
WK099403,Wijk 03: Sibbe - IJzeren,2012,4.169861410770608,0.06759655962692251,NA,NA,NA,NA,NA
WK099403,Wijk 03: Sibbe - IJzeren,2014,4.115110261417765,0.012845410274080692,-0.027813046215990542,0.05510614461609985,0.05508612432223281,-0.1177851634065223,0.048251350958260636
WK099403,Wijk 03: Sibbe - IJzeren,2016,4.12536812037353,0.023103269229844105,NA,NA,NA,NA,NA
WK099403,Wijk 03: Sibbe - IJzeren,2018,4.147531767842763,0.045266916699077196,-0.006514499003173269,0.060550163617627564,0.049705963273842045,-0.11066122123860841,0.052186510049389075
WK099403,Wijk 03: Sibbe - IJzeren,2020,4.1347680394715045,0.03250318832781973,-0.005497930194697398,0.06345585453688285,0.046709745390875516,-0.12487028774119029,0.0527058063359488
WK099403,Wijk 03: Sibbe - IJzeren,2022,4.174083046587176,0.0718181954434913,-0.0023135493297834217,0.08982762239011949,0.05495229169353831,-0.12702089625531057,0.05637272694492714
WK099404,Wijk 04: Berg en Terblijt - Vilt,2002,4.140724578299471,0.03845972715578597,NA,NA,NA,NA,NA
WK099404,Wijk 04: Berg en Terblijt - Vilt,2008,4.152662818427831,0.05039796728414556,NA,NA,NA,NA,NA
WK099404,Wijk 04: Berg en Terblijt - Vilt,2012,4.171929682986366,0.06966483184268048,NA,NA,NA,NA,NA
WK099404,Wijk 04: Berg en Terblijt - Vilt,2014,4.173200345782796,0.07093549463911042,-0.013793612220421927,0.0679861396247443,0.0483628412767717,-0.06986873943347878,0.03824886539149483
WK099404,Wijk 04: Berg en Terblijt - Vilt,2016,4.209924004752561,0.10765915360887567,NA,NA,NA,NA,NA
WK099404,Wijk 04: Berg en Terblijt - Vilt,2018,4.222653061068033,0.12038820992434757,0.006087192175876495,0.07883156488928567,0.04638828386695658,-0.05333647792506251,0.04241764691729111
WK099404,Wijk 04: Berg en Terblijt - Vilt,2020,4.204127025231428,0.10186217408774255,0.00769023459844223,0.06552187918118012,0.03782056190428077,-0.04896058882524035,0.03979008722907945
WK099404,Wijk 04: Berg en Terblijt - Vilt,2022,4.234684313509119,0.1324194623654336,0.015041461946506842,0.07694507993727487,0.045005936977744375,-0.053684123859566536,0.049111107363473835
WK099405,Wijk 05: Walem,2002,4.142352800352616,0.04008794920893136,NA,NA,NA,NA,NA
WK099405,Wijk 05: Walem,2008,4.2070073359824,0.10474248483871455,NA,NA,NA,NA,NA
WK099405,Wijk 05: Walem,2012,4.220096787481202,0.11783193633751703,NA,NA,NA,NA,NA
WK099405,Wijk 05: Walem,2014,4.22373250818718,0.12146765704349456,-0.01602203768087005,0.061770045953383895,0.07783133594186838,-0.1067786340829593,0.10466694691207108
WK099405,Wijk 05: Walem,2016,4.25054476494268,0.1482799137989946,NA,NA,NA,NA,NA
WK099405,Wijk 05: Walem,2018,4.24295576695545,0.14069091581176413,0.013431629686143967,0.03618771271210881,0.08940595644159803,-0.10676554264424473,0.10843115961615811
WK099405,Wijk 05: Walem,2020,4.227759380017951,0.1254945288742664,0.010398045408356147,0.03723288144036081,0.07423416302933682,-0.10328283613631549,0.10691227513252785
WK099405,Wijk 05: Walem,2022,4.299453001004977,0.19718814986129246,0.0077508886100540455,0.08478656679936332,0.09235575425477752,-0.10201603659665448,0.1143109767937522
WK099501,Zuiderzeewijk,2002,3.946773747515933,-0.15549110362775231,NA,NA,NA,NA,NA
WK099501,Zuiderzeewijk,2008,3.986903528557671,-0.11536132258601423,NA,NA,NA,NA,NA
WK099501,Zuiderzeewijk,2012,3.956186720693553,-0.14607813045013213,NA,NA,NA,NA,NA
WK099501,Zuiderzeewijk,2014,4.021045726052919,-0.08121912509076615,0.050041288880250105,-0.032283897834667105,0.004267630549388337,-0.021652497056158355,-0.08159164962957942
WK099501,Zuiderzeewijk,2016,3.9911101916427687,-0.11115465950091619,NA,NA,NA,NA,NA
WK099501,Zuiderzeewijk,2018,3.952770272406511,-0.14949457873717423,0.044589562422407324,-0.05141589379317816,-0.009844001551298722,-0.06817658444453936,-0.06464766137056562
WK099501,Zuiderzeewijk,2020,3.9556525055815825,-0.14661234556210276,0.046168343609138955,-0.06099156168467957,-0.01172599557772499,-0.05959118817938356,-0.06047194372945393
WK099501,Zuiderzeewijk,2022,3.9806232382358866,-0.1216416129077985,0.049804707499885414,-0.030824450325708807,-0.008311473548337821,-0.08015651467904977,-0.05215388185458779
WK099502,Atolwijk,2002,3.973997004420775,-0.1282678467229101,NA,NA,NA,NA,NA
WK099502,Atolwijk,2008,4.003873478290791,-0.09839137285289394,NA,NA,NA,NA,NA
WK099502,Atolwijk,2012,3.99198066691464,-0.11028418422904505,NA,NA,NA,NA,NA
WK099502,Atolwijk,2014,4.0389846707056325,-0.0632801804380527,0.04011994422905652,-0.0191217398055245,0.0030009074566571784,-0.02134555867662161,-0.0659337336416206
WK099502,Atolwijk,2016,4.020063187536835,-0.08220166360685019,NA,NA,NA,NA,NA
WK099502,Atolwijk,2018,3.9853391007218373,-0.11692575042184844,0.026542143279591996,-0.011257211584445925,0.0010351323384744612,-0.0765005554885217,-0.056745258966947563
WK099502,Atolwijk,2020,3.9948163181398524,-0.1074485330038327,0.026095304670482062,-0.012185444407744479,-0.0013026813114202973,-0.06859035969098294,-0.05146535226416732
WK099502,Atolwijk,2022,4.03057020255258,-0.07169464859110523,0.028597538310592453,0.0034232472716968724,-0.0034692199443358334,-0.08133777625432487,-0.018908437974734158
WK099503,Boswijk,2002,3.998667651884964,-0.10359719925872103,NA,NA,NA,NA,NA
WK099503,Boswijk,2008,4.032004334829058,-0.07026051631462671,NA,NA,NA,NA,NA
WK099503,Boswijk,2012,4.015108260175375,-0.08715659096830977,NA,NA,NA,NA,NA
WK099503,Boswijk,2014,4.041701649641956,-0.06056320150172993,0.031536787596548925,-0.04353189407403912,-0.004156640755493837,-0.0010987119058225622,-0.0433127423629236
WK099503,Boswijk,2016,4.032652921955586,-0.06961192918809905,NA,NA,NA,NA,NA
WK099503,Boswijk,2018,3.993141564904481,-0.10912328623920378,0.029048753576990452,-0.045064461590066246,-0.007158699832582876,-0.05254054012854497,-0.03340833826500043
WK099503,Boswijk,2020,3.9986589925030307,-0.10360585864065422,0.027029753676041483,-0.04929836759698416,-0.009154917786900193,-0.0356351203251046,-0.03654720660770705
WK099503,Boswijk,2022,4.010522222102186,-0.09174262904149845,0.03419568589202463,-0.05368051573764755,-0.017087407392218555,-0.043317828648189755,-0.011852563155467481
WK099504,Waterwijk-Landerijen,2002,3.889976429568296,-0.2122884215753895,NA,NA,NA,NA,NA
WK099504,Waterwijk-Landerijen,2008,4.048446913241932,-0.05381793790175294,NA,NA,NA,NA,NA
WK099504,Waterwijk-Landerijen,2012,4.0319787634087385,-0.07028608773494617,NA,NA,NA,NA,NA
WK099504,Waterwijk-Landerijen,2014,4.051480432837442,-0.05078441830624318,0.028974491244676312,-0.00966753811523945,0.014415386057483739,-0.038963609501507776,-0.04554314799165629
WK099504,Waterwijk-Landerijen,2016,4.066773273728557,-0.03549157741512825,NA,NA,NA,NA,NA
WK099504,Waterwijk-Landerijen,2018,4.014829125028734,-0.08743572611495119,0.022350701416477468,-0.019004246563551336,0.008796070555477058,-0.07264564406220327,-0.026932607461151354
WK099504,Waterwijk-Landerijen,2020,4.014412244321914,-0.08785260682177184,0.021320491811695163,-0.024937372738298075,0.006033814746111221,-0.05575735547104165,-0.03451218517023878
WK099504,Waterwijk-Landerijen,2022,4.044574405233461,-0.05769044591022412,0.025450273901340227,-0.013531647230623844,0.005539173762618394,-0.061304194674864816,-0.013844051668694362
WK099505,Bolder,2002,3.9563255517961013,-0.14593929934758396,NA,NA,NA,NA,NA
WK099505,Bolder,2008,3.9690639044715237,-0.13320094667216156,NA,NA,NA,NA,NA
WK099505,Bolder,2012,4.018144469540257,-0.08412038160342808,NA,NA,NA,NA,NA
WK099505,Bolder,2014,4.047429234195851,-0.05483561694783413,0.0297251473124344,-0.034823152800081934,-0.020666835610718918,-0.002156882484870203,-0.026913893364597773
WK099505,Bolder,2016,4.019787232348091,-0.0824776187955945,NA,NA,NA,NA,NA
WK099505,Bolder,2018,3.999967314825864,-0.10229753631782146,0.02472308715375893,-0.03486903413453275,-0.02453823379696239,-0.059065536756140194,-0.00854781878394534
WK099505,Bolder,2020,3.997948958256635,-0.10431589288705026,0.025813551704849978,-0.02752301431471613,-0.026861070509983986,-0.05170150856993212,-0.024043851197268293
WK099505,Bolder,2022,4.020473134082072,-0.08179171706161324,0.027370817770565714,-0.025213437593066282,-0.025270609340691523,-0.05892668246208294,2.481945636615399e-4
WK099506,Kustwijk,2002,4.039852240941015,-0.06241261020266928,NA,NA,NA,NA,NA
WK099506,Kustwijk,2008,4.064935397015423,-0.037329454128261774,NA,NA,NA,NA,NA
WK099506,Kustwijk,2012,4.0885070681163365,-0.013757783027348586,NA,NA,NA,NA,NA
WK099506,Kustwijk,2014,4.102212347100138,-5.250404354744574e-5,0.0391797032015922,0.026342806017379893,0.02563685193391846,-0.06889785055741124,-0.02231401463902703
WK099506,Kustwijk,2016,4.081204633553549,-0.021060217590136352,NA,NA,NA,NA,NA
WK099506,Kustwijk,2018,4.056651681703644,-0.04561316944004152,0.03333818044936289,0.02235357581597864,0.017443462345041568,-0.11288393336173458,-0.005864454688690341
WK099506,Kustwijk,2020,4.062901610842687,-0.039363240300998054,0.03659967450671857,0.023126543823593783,0.012635040688530635,-0.10386931340538844,-0.007855185914452898
WK099506,Kustwijk,2022,4.119139832314619,0.016874981170933417,0.039900749914190486,0.05840215460413204,0.013514760513967244,-0.11510100067231134,0.02015831681095471
WK099507,Havendiep,2002,4.061488717018902,-0.0407761341247833,NA,NA,NA,NA,NA
WK099507,Havendiep,2008,4.101594460936907,-6.703902067784952e-4,NA,NA,NA,NA,NA
WK099507,Havendiep,2012,4.089043987890815,-0.013220863252871157,NA,NA,NA,NA,NA
WK099507,Havendiep,2014,4.141830062206919,0.03956521106323445,0.02484957111375258,0.02909895058541621,0.013187403881569594,-0.012108506559450918,-0.01546220795805329
WK099507,Havendiep,2016,4.101644435533671,-6.20415610014636e-4,NA,NA,NA,NA,NA
WK099507,Havendiep,2018,4.085726178330254,-0.016538672813431427,0.02064828237326574,0.02794458125003696,0.00867162862484108,-0.06719407155234867,-0.006609093509226775
WK099507,Havendiep,2020,4.071238314645699,-0.03102653649798615,0.02078882411185749,0.015647962972685378,0.00706106773144489,-0.05868154642063525,-0.015842844893338967
WK099507,Havendiep,2022,4.119167081142429,0.01690222999874409,0.024182035694485512,0.033516586151667284,0.01296831551151663,-0.060961381603159205,0.007196674244233619
WK099508,Lelystad-Haven,2002,3.896778140767909,-0.20548671037577604,NA,NA,NA,NA,NA
WK099508,Lelystad-Haven,2008,4.03627827903319,-0.0659865721104961,NA,NA,NA,NA,NA
WK099508,Lelystad-Haven,2012,4.055511667022617,-0.04675318412106853,NA,NA,NA,NA,NA
WK099508,Lelystad-Haven,2014,4.041719890149697,-0.0605449609939885,0.04270747692101134,0.017901152645206767,0.033683053296527286,-0.10943484732744467,-0.045401796529289475
WK099508,Lelystad-Haven,2016,4.055405335753578,-0.04685951539010707,NA,NA,NA,NA,NA
WK099508,Lelystad-Haven,2018,4.05107194472339,-0.05119290642029559,0.04128236784623326,0.0476824721462696,0.02884513043028205,-0.14638739431372746,-0.02261548252935328
WK099508,Lelystad-Haven,2020,4.058817245646111,-0.04344760549757403,0.04009911803982794,0.047449967525859796,0.025592040168348734,-0.1348836584922417,-0.02170507273936903
WK099508,Lelystad-Haven,2022,4.105182488793716,0.0029176376500308658,0.041351431183252414,0.06002270322918568,0.027886026767363715,-0.1331231304206699,0.006780606890898665
WK099509,Stadshart,2002,4.049671432937417,-0.05259341820626822,NA,NA,NA,NA,NA
WK099509,Stadshart,2008,4.026958967364934,-0.07530588377875118,NA,NA,NA,NA,NA
WK099509,Stadshart,2012,4.016165318049263,-0.08609953309442195,NA,NA,NA,NA,NA
WK099509,Stadshart,2014,4.039392679060517,-0.06287217208316874,0.037077998606327156,-0.16270695738823904,-0.04912080759537192,0.11556522562239918,-0.0036876313282845083
WK099509,Stadshart,2016,3.967091695674822,-0.13517315546886294,NA,NA,NA,NA,NA
WK099509,Stadshart,2018,3.8938710351914194,-0.2083938159522658,0.03387606271878692,-0.18998609202390104,-0.05926908194087931,0.024326802065669687,-0.017341506771942336
WK099509,Stadshart,2020,3.9368706708056473,-0.16539418033803804,0.03737741802567625,-0.18374169125082931,-0.05422902781946033,0.04761520225083454,-0.012416081544259472
WK099509,Stadshart,2022,3.9295120220078723,-0.17275282913581294,0.038675841341452126,-0.174173926438145,-0.054284915237229225,0.026708083716239568,-0.009677912518130657
WK099510,Buitengebied,2002,4.290923839274202,0.18865898813051732,NA,NA,NA,NA,NA
WK099510,Buitengebied,2008,4.177398019220984,0.07513316807729946,NA,NA,NA,NA,NA
WK099510,Buitengebied,2012,4.201560099480336,0.09929524833665071,NA,NA,NA,NA,NA
WK099510,Buitengebied,2014,4.288395736916028,0.1861308857723432,0.057248560386978446,0.11776303118224918,0.1420931546609286,-0.21039587952593852,0.07942201906812543
WK099510,Buitengebied,2016,4.15549314761557,0.05322829647188505,NA,NA,NA,NA,NA
WK099510,Buitengebied,2018,4.144681711818813,0.04241686067512784,-0.021874981990294622,0.09953455320875661,0.11058872772381963,-0.2083387276373975,0.06250728937024357
WK099510,Buitengebied,2020,4.109987214996393,0.0077223638527076565,-0.04992081561088735,0.10161714182247998,0.09439055707109631,-0.19922430455187135,0.06085978512188991
WK099510,Buitengebied,2022,4.078010456089456,-0.02425439505422953,-0.06862174216295933,0.09597326007553224,0.0914389252057972,-0.20131982150802483,0.0582749833354248
WK099511,Warande,2002,4.072912235754254,-0.029352615389431236,NA,NA,NA,NA,NA
WK099511,Warande,2008,4.108992284065086,0.006727432921400687,NA,NA,NA,NA,NA
WK099511,Warande,2012,3.996412803456686,-0.10585204768699981,NA,NA,NA,NA,NA
WK099511,Warande,2014,4.065990818058038,-0.03627403308564675,-0.01283670740296677,0.0451382256803001,0.028288363765881175,-0.11241175947030087,0.015547844341439396
WK099511,Warande,2016,4.025893933298279,-0.07637091784540659,NA,NA,NA,NA,NA
WK099511,Warande,2018,4.06312045745052,-0.03914439369316477,0.003237536773558891,0.031104068602601637,0.05582099200380535,-0.14448070071284416,0.01517370963971319
WK099511,Warande,2020,4.082582006030922,-0.01968284511276289,0.0014805900068387298,0.0710230306293355,0.042978949497017034,-0.11978226042419972,-0.01538315482175471
WK099511,Warande,2022,4.026243121262091,-0.07602172988159411,0.016978078605446506,0.0530711488244702,0.024338006410733186,-0.1166597619806315,-0.053749201741612775
WK150700,Wijk 00 Griendtsveen,2002,4.06761768026925,-0.034647170874435,NA,NA,NA,NA,NA
WK150700,Wijk 00 Griendtsveen,2008,4.1246844070788296,0.02241955593514418,NA,NA,NA,NA,NA
WK150700,Wijk 00 Griendtsveen,2012,4.182839393498604,0.08057454235491865,NA,NA,NA,NA,NA
WK150700,Wijk 00 Griendtsveen,2014,4.151815013246862,0.0495501621031772,-0.004484127662761993,0.10632131032341655,0.08921913857225477,-0.20117441735060815,0.05966825822087569
WK150700,Wijk 00 Griendtsveen,2016,4.1830268739666705,0.08076202282298492,NA,NA,NA,NA,NA
WK150700,Wijk 00 Griendtsveen,2018,4.154971089869226,0.05270623872553996,0.016255091982529564,0.11265237013738458,0.0934440930725771,-0.22969057772331586,0.06004526125636423
WK150700,Wijk 00 Griendtsveen,2020,4.168345955707965,0.06608110456427975,0.01608792476037631,0.12220012212801254,0.08960491501519594,-0.22351979565858762,0.06170793831928245
WK150700,Wijk 00 Griendtsveen,2022,4.1556425610436705,0.05337770989998541,0.018941247172092782,0.1175139977149324,0.08119588720952123,-0.22937245687543967,0.06509903467887841
WK150701,Wijk 01 America,2002,4.058207115610099,-0.0440577355335864,NA,NA,NA,NA,NA
WK150701,Wijk 01 America,2008,4.065338263653225,-0.03692658749045953,NA,NA,NA,NA,NA
WK150701,Wijk 01 America,2012,4.07295765401506,-0.029307197128625652,NA,NA,NA,NA,NA
WK150701,Wijk 01 America,2014,4.085411608917908,-0.016853242225777904,-0.04237390208584738,0.09185071911188047,0.07445178912919315,-0.18921078173759368,0.048428933356589286
WK150701,Wijk 01 America,2016,4.132142518486037,0.029877667342352206,NA,NA,NA,NA,NA
WK150701,Wijk 01 America,2018,4.1193805977483,0.01711574660461532,-0.025884864156112936,0.09985472078099811,0.07793762125654725,-0.18223076290439927,0.04743903162758186
WK150701,Wijk 01 America,2020,4.071546447895566,-0.030718403248119287,-0.035045906206169465,0.08829525508825875,0.06395045205313443,-0.18861536496168615,0.04069716077834291
WK150701,Wijk 01 America,2022,4.084461797710802,-0.017803053432882514,-0.02492958246257289,0.08874463080956893,0.06126193700146263,-0.19776789643090872,0.054887857649567245
WK150702,Wijk 02 Meterik,2002,4.192405009940774,0.09014015879708882,NA,NA,NA,NA,NA
WK150702,Wijk 02 Meterik,2008,4.199771318191572,0.09750646704788704,NA,NA,NA,NA,NA
WK150702,Wijk 02 Meterik,2012,4.196862444850208,0.09459759370652328,NA,NA,NA,NA,NA
WK150702,Wijk 02 Meterik,2014,4.2217396553497,0.11947480420601482,-0.03948955264996957,0.1131952700208322,0.11443995856492971,-0.1374278773328107,0.06875700560303302
WK150702,Wijk 02 Meterik,2016,4.249882537072685,0.14761768592900043,NA,NA,NA,NA,NA
WK150702,Wijk 02 Meterik,2018,4.21641813775532,0.11415328661163467,-0.024901676896421674,0.10895772902386783,0.09652103419498821,-0.12984445827590316,0.06342065856510323
WK150702,Wijk 02 Meterik,2020,4.19076517109842,0.0885003199547346,-0.024849499305783992,0.09786510678212061,0.07636276609102398,-0.12600258480566603,0.06512453119303968
WK150702,Wijk 02 Meterik,2022,4.163375951783945,0.061111100640259965,-0.026710774499750685,0.08735078975771059,0.07279173254989148,-0.14006081530701098,0.0677401681394193
WK150703,Wijk 03 Hegelsom,2002,4.1604934013025625,0.058228550158877485,NA,NA,NA,NA,NA
WK150703,Wijk 03 Hegelsom,2008,4.1776635074934765,0.07539865634979086,NA,NA,NA,NA,NA
WK150703,Wijk 03 Hegelsom,2012,4.179915756742651,0.07765090559896634,NA,NA,NA,NA,NA
WK150703,Wijk 03 Hegelsom,2014,4.155515490040974,0.05325063889728925,-0.04690754163576733,0.08890753944818144,0.08491547434877116,-0.12433570273014431,0.05067086946624802
WK150703,Wijk 03 Hegelsom,2016,4.185187511399694,0.08292266025600893,NA,NA,NA,NA,NA
WK150703,Wijk 03 Hegelsom,2018,4.172709440608571,0.07044458946488653,-0.035162658424739646,0.09680939674312511,0.07832301407855964,-0.1169517480981493,0.047426585166090454
WK150703,Wijk 03 Hegelsom,2020,4.167990851238339,0.0657260000946538,-0.027826404946565804,0.08892141223391271,0.07149224359808787,-0.11722667647562798,0.05036542568484678
WK150703,Wijk 03 Hegelsom,2022,4.14299718697778,0.040732335834094954,-0.025308999535254714,0.07778739690479138,0.06479556977016446,-0.12615732744295605,0.04961569613734962
WK150704,Wijk 04 Horst,2002,4.089898157024866,-0.012366694118819428,NA,NA,NA,NA,NA
WK150704,Wijk 04 Horst,2008,4.109594567606307,0.007329716462621742,NA,NA,NA,NA,NA
WK150704,Wijk 04 Horst,2012,4.1328294250482305,0.030564573904545412,NA,NA,NA,NA,NA
WK150704,Wijk 04 Horst,2014,4.114508321932052,0.012243470788367333,-0.021483582959983847,0.043648337824510136,0.030214366636861244,-0.06755778490966262,0.027422134196642124
WK150704,Wijk 04 Horst,2016,4.137887180110878,0.03562232896719275,NA,NA,NA,NA,NA
WK150704,Wijk 04 Horst,2018,4.120004512843726,0.01773966170004126,-0.01774486181679473,0.044243334596546294,0.02918274913415981,-0.06782282962444622,0.02988126941057577
WK150704,Wijk 04 Horst,2020,4.131642441529339,0.029377590385652925,-0.010413517830611752,0.05055621462940447,0.02691280212052676,-0.06445955424817582,0.026781645714508997
WK150704,Wijk 04 Horst,2022,4.129958475656734,0.027693624513048447,-0.008024937896779003,0.05022389035279471,0.023749226049433435,-0.07502768012244339,0.03677312613004246
WK150705,Wijk 05 Melderslo,2002,4.1683198872255005,0.06605503608181536,NA,NA,NA,NA,NA
WK150705,Wijk 05 Melderslo,2008,4.170571730148553,0.06830687900486748,NA,NA,NA,NA,NA
WK150705,Wijk 05 Melderslo,2012,4.176626149317136,0.0743612981734513,NA,NA,NA,NA,NA
WK150705,Wijk 05 Melderslo,2014,4.154570066420815,0.052305215277129793,-0.04111524970679017,0.09625663520778335,0.09273744290227379,-0.14756273510441326,0.05198912197827586
WK150705,Wijk 05 Melderslo,2016,4.161912486920613,0.05964763577692837,NA,NA,NA,NA,NA
WK150705,Wijk 05 Melderslo,2018,4.151449810914037,0.04918495977035102,-0.03123927985784335,0.09003142457519837,0.08680582182428691,-0.14510522658047764,0.04869221980918638
WK150705,Wijk 05 Melderslo,2020,4.1683873954907105,0.06612254434702491,-0.02505415685905915,0.09509257585405352,0.08641949363424353,-0.13988513285575999,0.04954976457354669
WK150705,Wijk 05 Melderslo,2022,4.151947242886549,0.049682391742863374,-0.025328487417596104,0.08968797735640935,0.07661830587116472,-0.14562825517654204,0.05433285110942712
WK150706,Wijk 06 Broekhuizen,2002,4.206223473398849,0.10395862225516374,NA,NA,NA,NA,NA
WK150706,Wijk 06 Broekhuizen,2008,4.206597787556095,0.10433293641241015,NA,NA,NA,NA,NA
WK150706,Wijk 06 Broekhuizen,2012,4.198691346243057,0.09642649509937137,NA,NA,NA,NA,NA
WK150706,Wijk 06 Broekhuizen,2014,4.144633658794775,0.04236880765108946,-0.013891858107362997,0.10940723205258047,0.0870117562744518,-0.19655965536699943,0.056401332798419225
WK150706,Wijk 06 Broekhuizen,2016,4.091110368592212,-0.01115448255147251,NA,NA,NA,NA,NA
WK150706,Wijk 06 Broekhuizen,2018,4.162213055943843,0.05994820480015791,-0.0010177433755125588,0.1144644127792021,0.08065684631723574,-0.1925402547874299,0.05838494386666234
WK150706,Wijk 06 Broekhuizen,2020,4.1175172154955595,0.015252364351873897,-0.0025111525044522872,0.09728044292673589,0.0741197430264151,-0.2102358242748027,0.056599155177977596
WK150706,Wijk 06 Broekhuizen,2022,4.125090402851366,0.02282555170768031,0.011172153465947604,0.09260631017545863,0.067289316035737,-0.21294941261358474,0.06470718464412159
WK150707,Wijk 07 Lottum,2002,4.088930071354109,-0.013334779789576492,NA,NA,NA,NA,NA
WK150707,Wijk 07 Lottum,2008,4.09405787210189,-0.008206979041795855,NA,NA,NA,NA,NA
WK150707,Wijk 07 Lottum,2012,4.1214389359732975,0.019174084829612345,NA,NA,NA,NA,NA
WK150707,Wijk 07 Lottum,2014,4.139434312656462,0.037169461512776246,-0.02200655042049818,0.12248027929093183,0.09290329780483286,-0.20597221493087453,0.049764649768384024
WK150707,Wijk 07 Lottum,2016,4.13981450028404,0.03754964914035515,NA,NA,NA,NA,NA
WK150707,Wijk 07 Lottum,2018,4.137531564824544,0.03526671368085825,-0.008540705041835355,0.10619990482630029,0.09537149763790159,-0.2078486801830367,0.05008469644152819
WK150707,Wijk 07 Lottum,2020,4.148619159142118,0.046354307998433444,-0.0028403024917622124,0.11453196870454149,0.08076381414114471,-0.1993629437483367,0.053261771392845936
WK150707,Wijk 07 Lottum,2022,4.130389417295513,0.02812456615182787,-0.001437663773115117,0.0999863442372342,0.07661177659478474,-0.20695359626422885,0.05991770535715257
WK150708,Wijk 08 Grubbenvorst,2002,4.107705795795693,0.005440944652007164,NA,NA,NA,NA,NA
WK150708,Wijk 08 Grubbenvorst,2008,4.13851063860438,0.03624578746069546,NA,NA,NA,NA,NA
WK150708,Wijk 08 Grubbenvorst,2012,4.1421807008138325,0.03991584967014694,NA,NA,NA,NA,NA
WK150708,Wijk 08 Grubbenvorst,2014,4.119731384587556,0.0174665334438711,-0.003574091872368923,0.07158118492642773,0.057115930139580544,-0.11860388866252561,0.010947398912757065
WK150708,Wijk 08 Grubbenvorst,2016,4.139250937268607,0.03698608612492136,NA,NA,NA,NA,NA
WK150708,Wijk 08 Grubbenvorst,2018,4.118429033606526,0.016164182462841337,-0.0010009548147804507,0.07801925029699212,0.05435788518710374,-0.13485192450063302,0.019639926294158692
WK150708,Wijk 08 Grubbenvorst,2020,4.12796940552508,0.025704554381394712,0.0071534593165241646,0.07925046319396781,0.05027712514223176,-0.1278055991845766,0.016829105913247273
WK150708,Wijk 08 Grubbenvorst,2022,4.154650850561484,0.05238599941779836,0.006961665435776832,0.07821582710368376,0.04813337149231172,-0.11872473549143282,0.03779987087745864
WK150709,Wijk 09 Broekhuizen,2002,4.206271284150821,0.10400643300713562,NA,NA,NA,NA,NA
WK150709,Wijk 09 Broekhuizen,2008,4.17954690473291,0.07728205358922484,NA,NA,NA,NA,NA
WK150709,Wijk 09 Broekhuizen,2012,4.160523330632277,0.05825847948859123,NA,NA,NA,NA,NA
WK150709,Wijk 09 Broekhuizen,2014,4.14268548526796,0.04042063412427496,-0.004661048153352299,0.10636760184097035,0.06823881924595745,-0.17130124376761008,0.0417765049583093
WK150709,Wijk 09 Broekhuizen,2016,4.153903015949976,0.05163816480629111,NA,NA,NA,NA,NA
WK150709,Wijk 09 Broekhuizen,2018,4.137470860066488,0.03520600892280251,-0.007725916708924442,0.09520380305713778,0.06743526359426115,-0.16693425776937137,0.04722711674969926
WK150709,Wijk 09 Broekhuizen,2020,4.1314437392929575,0.02917888814927249,0.007401068992515277,0.09108765044397539,0.06783485194038272,-0.175550803457554,0.03840612022995285
WK150709,Wijk 09 Broekhuizen,2022,4.142594180801627,0.04032932965794152,0.005847817392901031,0.0916502953542845,0.06516767182751707,-0.17900616422824414,0.056669709311482734
WK150710,Wijk 10 Sevenum,2002,4.108830955244879,0.006566104101193808,NA,NA,NA,NA,NA
WK150710,Wijk 10 Sevenum,2008,4.144950152927686,0.04268530178400085,NA,NA,NA,NA,NA
WK150710,Wijk 10 Sevenum,2012,4.16608335371647,0.06381850257278442,NA,NA,NA,NA,NA
WK150710,Wijk 10 Sevenum,2014,4.13359287732463,0.031328026180944823,-0.019928668843633042,0.08192382977798417,0.06704181981985766,-0.14151762885405725,0.04380867428079299
WK150710,Wijk 10 Sevenum,2016,4.171602707351081,0.06933785620739571,NA,NA,NA,NA,NA
WK150710,Wijk 10 Sevenum,2018,4.148697584009481,0.046432732865796175,-0.012890921306489087,0.08636652951919653,0.06530733731904372,-0.13701094320307866,0.04466073053712342
WK150710,Wijk 10 Sevenum,2020,4.173370804087458,0.07110595294377327,-0.008309457620103721,0.09928262084105134,0.05725172690556231,-0.12446554486315976,0.04734660768042281
WK150710,Wijk 10 Sevenum,2022,4.144348648333869,0.04208379719018376,-0.005949775196053014,0.08124954125035469,0.05150766794035252,-0.13712355962256192,0.05239992281809124
WK150711,Wijk 11 Kronenberg,2002,4.145168625224312,0.04290377408062701,NA,NA,NA,NA,NA
WK150711,Wijk 11 Kronenberg,2008,4.180582607409328,0.07831775626564307,NA,NA,NA,NA,NA
WK150711,Wijk 11 Kronenberg,2012,4.183651070216896,0.08138621907320993,NA,NA,NA,NA,NA
WK150711,Wijk 11 Kronenberg,2014,4.160105955059844,0.05784110391615896,-0.012495837630637727,0.1094649756173292,0.10036672084421427,-0.18976223097736683,0.050267476062619776
WK150711,Wijk 11 Kronenberg,2016,4.1856563002441,0.08339144910041468,NA,NA,NA,NA,NA
WK150711,Wijk 11 Kronenberg,2018,4.181194010629335,0.07892915948565012,0.0012245385332473355,0.11043760204655734,0.10271391723172801,-0.18737658418916064,0.05192968586327787
WK150711,Wijk 11 Kronenberg,2020,4.179570768648052,0.07730591750436716,-0.002527017205521281,0.1116606629877118,0.09073697421855713,-0.17749489438118585,0.054930191884805114
WK150711,Wijk 11 Kronenberg,2022,4.161302664384956,0.05903781324127044,0.004506158407127792,0.09700652883821859,0.08602453529611619,-0.18578009494546355,0.05728068564527112
WK150712,Wijk 12 Evertsoord,2002,4.107479996167994,0.0052151450243090374,NA,NA,NA,NA,NA
WK150712,Wijk 12 Evertsoord,2008,4.021031233539055,-0.0812336176046313,NA,NA,NA,NA,NA
WK150712,Wijk 12 Evertsoord,2012,4.049391115388978,-0.05287373575470671,NA,NA,NA,NA,NA
WK150712,Wijk 12 Evertsoord,2014,4.0870310763276665,-0.015233774816018833,-0.10100580378917326,0.10844111972484208,0.1147464700416229,-0.23441172199722343,0.09699616120391263
WK150712,Wijk 12 Evertsoord,2016,4.223729965993839,0.12146511485015403,NA,NA,NA,NA,NA
WK150712,Wijk 12 Evertsoord,2018,4.146098162591299,0.04383331144761343,-0.06369404980622938,0.11224349020118574,0.12210693374092205,-0.23302276273905223,0.10619970005078683
WK150712,Wijk 12 Evertsoord,2020,4.1180463852010005,0.01578153405731524,-0.08834181569723784,0.10745441316818873,0.11325082233790845,-0.22639269862790176,0.10981081287635737
WK150712,Wijk 12 Evertsoord,2022,4.1045075752881335,0.0022427241444480115,-0.08875544597174112,0.09521285113987735,0.11400957716274315,-0.22531176321992907,0.10708750503349747
WK150713,Wijk 13 Meerlo,2002,4.11357707126457,0.011312220120883936,NA,NA,NA,NA,NA
WK150713,Wijk 13 Meerlo,2008,4.095736985075815,-0.006527866067869805,NA,NA,NA,NA,NA
WK150713,Wijk 13 Meerlo,2012,4.13764539878866,0.03538054764497486,NA,NA,NA,NA,NA
WK150713,Wijk 13 Meerlo,2014,4.10146006892029,-8.04782223394809e-4,-0.029432026721329992,0.09662818574707281,0.07536550105386179,-0.18916338516946143,0.045796942866461715
WK150713,Wijk 13 Meerlo,2016,4.127224480261405,0.02495962911771975,NA,NA,NA,NA,NA
WK150713,Wijk 13 Meerlo,2018,4.146287429632854,0.0440225784891687,-0.01752164292010814,0.09953604389585505,0.06979437911886359,-0.15450097128259568,0.046714769677153566
WK150713,Wijk 13 Meerlo,2020,4.132544467266723,0.030279616123037704,-0.007702656752647496,0.0817240838845519,0.062087931354602346,-0.15549959316995948,0.049669850806490175
WK150713,Wijk 13 Meerlo,2022,4.150391343231303,0.0481264920876172,-0.0042685060579111846,0.08981311609562313,0.06476268072283337,-0.1567994766815625,0.05461867800863414
WK150714,Wijk 14 Tienray,2002,4.058425788062404,-0.043839063081281236,NA,NA,NA,NA,NA
WK150714,Wijk 14 Tienray,2008,4.063724443340811,-0.03854040780287406,NA,NA,NA,NA,NA
WK150714,Wijk 14 Tienray,2012,4.069245079324845,-0.03301977181884022,NA,NA,NA,NA,NA
WK150714,Wijk 14 Tienray,2014,4.110777407030893,0.008512555887208374,-0.03313639284703781,0.08481750600907291,0.06278737416247811,-0.1511713943579601,0.04521546292065497
WK150714,Wijk 14 Tienray,2016,4.103507126063606,0.0012422749199208945,NA,NA,NA,NA,NA
WK150714,Wijk 14 Tienray,2018,4.094414134782023,-0.007850716361661332,-0.0351795678690088,0.060275194474401425,0.054200062354836376,-0.13322774572569748,0.04608134040380689
WK150714,Wijk 14 Tienray,2020,4.118570747066976,0.01630589592329109,-0.021612050892264,0.07035660385854957,0.052956906202360585,-0.1317258307661442,0.04633026752078889
WK150714,Wijk 14 Tienray,2022,4.138720303283969,0.03645545214028354,-0.020403155076112615,0.07899778649934022,0.057565822218206227,-0.1341474382906712,0.05444243678952072
WK150715,Wijk 15 Swolgen,2002,4.203430836789367,0.10116598564568112,NA,NA,NA,NA,NA
WK150715,Wijk 15 Swolgen,2008,4.166535614067116,0.06427076292343038,NA,NA,NA,NA,NA
WK150715,Wijk 15 Swolgen,2012,4.129301361714522,0.027036510570837533,NA,NA,NA,NA,NA
WK150715,Wijk 15 Swolgen,2014,4.1635219377074355,0.06125708656375036,-3.942900201105095e-5,0.09714331412229113,0.09816905285736043,-0.1895143077963343,0.05549845638244398
WK150715,Wijk 15 Swolgen,2016,4.135319078436326,0.03305422729264053,NA,NA,NA,NA,NA
WK150715,Wijk 15 Swolgen,2018,4.164475458702752,0.06221060755906617,0.009611449968661952,0.09230126802479974,0.09516323888478026,-0.19541197477896147,0.0605466254597854
WK150715,Wijk 15 Swolgen,2020,4.153294752721054,0.051029901577369134,0.012596085463585675,0.07560888664423038,0.08782706887521591,-0.1901443029422395,0.06514216353657643
WK150715,Wijk 15 Swolgen,2022,4.1620921605959635,0.05982730945227799,0.011414074291862473,0.08813924856698097,0.084676673256136,-0.19358030202342044,0.06917761536071866
WK150900,Wijk 00 Ulft-Etten,2002,3.976951376920117,-0.12531347422356817,NA,NA,NA,NA,NA
WK150900,Wijk 00 Ulft-Etten,2008,3.9800123567131287,-0.1222524944305568,NA,NA,NA,NA,NA
WK150900,Wijk 00 Ulft-Etten,2012,4.010334573317406,-0.09193027782627886,NA,NA,NA,NA,NA
WK150900,Wijk 00 Ulft-Etten,2014,4.044775243210238,-0.057489607933446846,-0.007350618641312339,0.044823890941190866,0.04146639316476585,-0.1585004264974625,0.022071153099370987
WK150900,Wijk 00 Ulft-Etten,2016,4.059980545255818,-0.042284305887867905,NA,NA,NA,NA,NA
WK150900,Wijk 00 Ulft-Etten,2018,4.067543628467862,-0.03472122267582267,-0.006967266812131914,0.056846498843691674,0.036366250557414444,-0.1511130978040613,0.030146392539264117
WK150900,Wijk 00 Ulft-Etten,2020,4.099466757563792,-0.0027980935798939165,9.045751276955672e-4,0.07515532839759843,0.03378676078971304,-0.14045795706148292,0.02781319916658171
WK150900,Wijk 00 Ulft-Etten,2022,4.084049698564183,-0.018215152579502663,0.0013982412128378749,0.06991601534875572,0.028580415544270897,-0.1521671463051521,0.034057321619784676
WK150901,Wijk 01 Overig Gendringen,2002,3.9938949006760316,-0.10836995046765353,NA,NA,NA,NA,NA
WK150901,Wijk 01 Overig Gendringen,2008,4.013718851419347,-0.0885459997243381,NA,NA,NA,NA,NA
WK150901,Wijk 01 Overig Gendringen,2012,4.034564994054104,-0.06769985708958103,NA,NA,NA,NA,NA
WK150901,Wijk 01 Overig Gendringen,2014,4.080202116877056,-0.022062734266629188,-0.00642699134318829,0.08658940783610733,0.057083341154464506,-0.20880100088193196,0.04949250896791892
WK150901,Wijk 01 Overig Gendringen,2016,4.097128422454926,-0.005136428688758863,NA,NA,NA,NA,NA
WK150901,Wijk 01 Overig Gendringen,2018,4.100145588817756,-0.002119262325929466,-0.0035716760042318607,0.09290163798424006,0.059788053368560745,-0.2017640001638321,0.05052672248933339
WK150901,Wijk 01 Overig Gendringen,2020,4.1058861804366735,0.0036213292929882187,0.0011412080903281164,0.0888050087086104,0.05379670735634098,-0.19018421234201466,0.05006261747972311
WK150901,Wijk 01 Overig Gendringen,2022,4.097637046529094,-0.004627804614591254,-0.006480448038373198,0.09903425939359085,0.04827279453060703,-0.20446335549529965,0.05900894499488335
WK150902,Wijk 02 Silvolde-Terborg,2002,4.010043907120456,-0.092220944023228807,NA,NA,NA,NA,NA
WK150902,Wijk 02 Silvolde-Terborg,2008,4.013430647581584,-0.08883420356210109,NA,NA,NA,NA,NA
WK150902,Wijk 02 Silvolde-Terborg,2012,4.041276319531594,-0.06098853161209139,NA,NA,NA,NA,NA
WK150902,Wijk 02 Silvolde-Terborg,2014,4.075241718400998,-0.027023132742687382,-0.005369838873840911,0.04419018133951673,0.03930382445176189,-0.1275215579069912,0.022374258246865827
WK150902,Wijk 02 Silvolde-Terborg,2016,4.083490723159998,-0.01877412798368708,NA,NA,NA,NA,NA
WK150902,Wijk 02 Silvolde-Terborg,2018,4.091715570268467,-0.010549280875218609,-0.0025309004778406264,0.05534565178068571,0.03429543373103313,-0.1227992959330811,0.02513983002398397
WK150902,Wijk 02 Silvolde-Terborg,2020,4.105574604389613,0.0033097532459271353,0.0038583460196022295,0.056363740562227746,0.03143572444703508,-0.11294329506863382,0.024595237285695605
WK150902,Wijk 02 Silvolde-Terborg,2022,4.0927947920641286,-0.009470059079557246,0.010915479544780417,0.041122904419234954,0.027216870886429063,-0.11979712141551607,0.03107180748551416
WK150903,Wijk 03 Varsseveld,2002,4.065314351358887,-0.03695049978479821,NA,NA,NA,NA,NA
WK150903,Wijk 03 Varsseveld,2008,4.063633827381215,-0.03863102376246968,NA,NA,NA,NA,NA
WK150903,Wijk 03 Varsseveld,2012,4.094974800660811,-0.007290050482873994,NA,NA,NA,NA,NA
WK150903,Wijk 03 Varsseveld,2014,4.122424361459795,0.020159510316109647,-0.004338229078174569,0.08362880291806984,0.07597401193910183,-0.19456046939245247,0.05945539392956475
WK150903,Wijk 03 Varsseveld,2016,4.144300364277132,0.04203551313344732,NA,NA,NA,NA,NA
WK150903,Wijk 03 Varsseveld,2018,4.144249191410671,0.041984340266985325,8.978051546849564e-4,0.08976673257419891,0.07046002111064223,-0.1779169603357114,0.05877674176317032
WK150903,Wijk 03 Varsseveld,2020,4.162825746238347,0.06056089509466199,0.002909896505194385,0.09437578587075261,0.06106414796231064,-0.15767392835772925,0.05988499311413329
WK150903,Wijk 03 Varsseveld,2022,4.166079967462816,0.06381511631913113,0.007158195857232563,0.09692151943188108,0.05685252035774896,-0.16119427615781962,0.06407715683008787
WK152501,Voorhout Oude Dorp,2002,4.05186479771439,-0.05040005342929501,NA,NA,NA,NA,NA
WK152501,Voorhout Oude Dorp,2008,4.0835262171440405,-0.01873863399964495,NA,NA,NA,NA,NA
WK152501,Voorhout Oude Dorp,2012,4.108788657097084,0.006523805953398925,NA,NA,NA,NA,NA
WK152501,Voorhout Oude Dorp,2014,4.175498889560311,0.07323403841662542,0.0023091679227455852,0.05220828494965624,0.005790989736599822,0.01638803877138716,-0.0034624429637636718
WK152501,Voorhout Oude Dorp,2016,4.210122310865478,0.1078574597217933,NA,NA,NA,NA,NA
WK152501,Voorhout Oude Dorp,2018,4.178738635009122,0.07647378386543698,-0.009372977854089411,0.05875397923225266,0.0010950007290894258,0.01974622198328845,0.006251559774895587
WK152501,Voorhout Oude Dorp,2020,4.177810667980981,0.07554581683729618,-0.004493269493530174,0.05276873945554214,2.9830350402410016e-4,0.022864710142383712,0.004107333228876103
WK152501,Voorhout Oude Dorp,2022,4.183343434445308,0.08107858330162254,-0.00416693891776818,0.050923227491999304,0.003100368985186039,0.022379508141866927,0.00884241760033817
WK152502,Voorhout Oosthout,2002,4.084809651783133,-0.017455199360551503,NA,NA,NA,NA,NA
WK152502,Voorhout Oosthout,2008,4.107225780654784,0.004960929511098681,NA,NA,NA,NA,NA
WK152502,Voorhout Oosthout,2012,4.116298182779306,0.014033331635621092,NA,NA,NA,NA,NA
WK152502,Voorhout Oosthout,2014,4.177163291711419,0.07489844056773383,2.4208820436452737e-4,0.06183939186786194,0.027342286456957927,-0.013407901315024853,-0.0011174246464259576
WK152502,Voorhout Oosthout,2016,4.167052901768886,0.06478805062520115,NA,NA,NA,NA,NA
WK152502,Voorhout Oosthout,2018,4.177207071667412,0.07494222052372665,-0.013787255786158048,0.07524346919463512,0.01797117526873513,-0.01529201277763238,0.010806844624146597
WK152502,Voorhout Oosthout,2020,4.184646794271906,0.08238194312822081,-0.006106713457164215,0.07147450540230688,0.018703725603876325,-0.010373279661262077,0.008683705240463626
WK152502,Voorhout Oosthout,2022,4.198381367508954,0.09611651636526931,-0.004388749050584557,0.07196602133152778,0.022119256912208694,-0.010094333696299706,0.01651432086841682
WK152503,Voorhout Hooghkamer,2002,4.069895674791446,-0.03236917635223951,NA,NA,NA,NA,NA
WK152503,Voorhout Hooghkamer,2008,4.151647437753604,0.04938258660991838,NA,NA,NA,NA,NA
WK152503,Voorhout Hooghkamer,2012,4.134151774884245,0.031886923740559486,NA,NA,NA,NA,NA
WK152503,Voorhout Hooghkamer,2014,4.19239047356197,0.09012562241828452,-2.951699062058679e-4,0.06345105390463532,0.025528641094664115,-0.014776844328012741,0.016217941653203474
WK152503,Voorhout Hooghkamer,2016,4.252738495314791,0.1504736441711055,NA,NA,NA,NA,NA
WK152503,Voorhout Hooghkamer,2018,4.173696341743028,0.07143149059934269,-0.02064202468388894,0.06849574929582829,0.021926186297319024,-0.025327838430880087,0.026979418120964126
WK152503,Voorhout Hooghkamer,2020,4.187776023874436,0.08551117273075091,-0.016411975403658585,0.08509736461343578,0.014013278351243823,-0.02573355812944505,0.02854606329917466
WK152503,Voorhout Hooghkamer,2022,4.192517766622855,0.0902529154791694,-0.010229108945620824,0.07625634204634486,0.024692014837855065,-0.028902315910090744,0.028435983450680758
WK152504,Voorhout Buiten,2002,4.191481993752692,0.08921714260900708,NA,NA,NA,NA,NA
WK152504,Voorhout Buiten,2008,4.20735764044017,0.10509278929648457,NA,NA,NA,NA,NA
WK152504,Voorhout Buiten,2012,4.215701894721801,0.11343704357811536,NA,NA,NA,NA,NA
WK152504,Voorhout Buiten,2014,4.280530808939713,0.1782659577960277,-0.030664677395544883,0.1064691464118479,0.0944550374621839,-0.03583806093873914,0.04384451225627959
WK152504,Voorhout Buiten,2016,4.291800150406909,0.18953529926322385,NA,NA,NA,NA,NA
WK152504,Voorhout Buiten,2018,4.248265237292043,0.14600038614835703,-0.04773749732113293,0.11101518849987381,0.08125464929643839,-0.03544354123913437,0.03691158691231188
WK152504,Voorhout Buiten,2020,4.255789708313115,0.1535248571694301,-0.0417148254571618,0.10712937981951932,0.07214536157805213,-0.02631239506117126,0.04227733629019132
WK152504,Voorhout Buiten,2022,4.260381582034031,0.1581167308903458,-0.03874346184589493,0.10871433050988495,0.0756232247103061,-0.030255636925603527,0.042778274441653046
WK152511,Sassenheim Midden,2002,4.05372708021512,-0.04853777092856531,NA,NA,NA,NA,NA
WK152511,Sassenheim Midden,2008,4.082476123391302,-0.01978872775238285,NA,NA,NA,NA,NA
WK152511,Sassenheim Midden,2012,4.078408124599566,-0.02385672654411957,NA,NA,NA,NA,NA
WK152511,Sassenheim Midden,2014,4.099766270252809,-0.0024985808908754912,-0.013001184931265912,0.0094566640109161,-0.005681820532169866,0.003304907940828078,0.003422852620815892
WK152511,Sassenheim Midden,2016,4.0957461414274015,-0.006518709716283925,NA,NA,NA,NA,NA
WK152511,Sassenheim Midden,2018,4.115094785409511,0.01282993426582554,-0.020007132615345712,0.035285327297540484,-0.013368936391404492,0.005177180410943122,0.0057434955640918
WK152511,Sassenheim Midden,2020,4.13188394069635,0.029619089552664672,-0.01712946468182512,0.037610916647942104,-0.014614134779664056,0.0124733331442915,0.01127843922191995
WK152511,Sassenheim Midden,2022,4.145696154559299,0.0434313034156139,-0.017694078163083563,0.060629982194643606,-0.018076902095920836,0.009421746178156616,0.009150555301817775
WK152512,Sassenheim Oost,2002,4.046997169294751,-0.055267681848934526,NA,NA,NA,NA,NA
WK152512,Sassenheim Oost,2008,4.076416772378313,-0.025848078765371943,NA,NA,NA,NA,NA
WK152512,Sassenheim Oost,2012,4.1045286481361565,0.0022637969924712946,NA,NA,NA,NA,NA
WK152512,Sassenheim Oost,2014,4.105464906505559,0.003200055361873728,-0.01345556260053489,0.0367406574228429,-0.016190825848582373,0.01432631394631159,-0.018220527558163762
WK152512,Sassenheim Oost,2016,4.157759065288325,0.05549421414464042,NA,NA,NA,NA,NA
WK152512,Sassenheim Oost,2018,4.119028893754033,0.016764042610346693,-0.025346526218182366,0.051544867846340235,-0.012899840862860196,0.014261551197062582,-0.010796009352013808
WK152512,Sassenheim Oost,2020,4.139686386900576,0.03742153575689036,-0.017894205911110087,0.04341002196903319,-0.0079409994765864,0.02593668914468194,-0.006089969969128527
WK152512,Sassenheim Oost,2022,4.162340639636452,0.06007578849276671,-0.017911365227344295,0.07718296574035642,-0.009750846681197096,0.017461842237765497,-0.006906807576814105
WK152513,Sassenheim Zuid,2002,4.146303566613311,0.04403871546962546,NA,NA,NA,NA,NA
WK152513,Sassenheim Zuid,2008,4.172126211952752,0.069861360809067,NA,NA,NA,NA,NA
WK152513,Sassenheim Zuid,2012,4.183431680579234,0.08116682943554906,NA,NA,NA,NA,NA
WK152513,Sassenheim Zuid,2014,4.244300115336176,0.14203526419249113,-0.09784472064462209,0.07186184077599482,0.09940837421063291,-0.013683913612856813,0.08229368346334204
WK152513,Sassenheim Zuid,2016,4.263311301843333,0.16104645069964862,NA,NA,NA,NA,NA
WK152513,Sassenheim Zuid,2018,4.262379495564254,0.16011464442056886,-0.10021442383950932,0.08874201818992856,0.1021348292393688,-0.014483327721000737,0.08393554855178122
WK152513,Sassenheim Zuid,2020,4.245382599894759,0.14311774875107414,-0.0944435309585956,0.07352157878765678,0.08817226996939684,-0.01044593234856839,0.08631336330118419
WK152513,Sassenheim Zuid,2022,4.237773099315846,0.13550824817216084,-0.09415526890022298,0.07970463836651633,0.07507811623638304,-0.008801349240306466,0.08368211170979058
WK152514,Sassenheim West,2002,4.063538245943626,-0.038726605200059355,NA,NA,NA,NA,NA
WK152514,Sassenheim West,2008,4.099382517508858,-0.002882333634827338,NA,NA,NA,NA,NA
WK152514,Sassenheim West,2012,4.12501822387934,0.022753372735654673,NA,NA,NA,NA,NA
WK152514,Sassenheim West,2014,4.160163863792324,0.057899012648638976,0.0031200429334999353,0.032508607627550944,0.0046228091355908565,0.013051839182078251,0.004595713769918719
WK152514,Sassenheim West,2016,4.1724967355165745,0.07023188437288887,NA,NA,NA,NA,NA
WK152514,Sassenheim West,2018,4.1677605723675955,0.06549572122391023,-0.01468976058354078,0.05368131582563469,0.0045338541551934565,0.01587690719482708,0.006093404631795476
WK152514,Sassenheim West,2020,4.209089409777641,0.1068245586339551,-0.005350596210393334,0.05106330432678756,0.006125551529059721,0.04242236708496954,0.01256393190353134
WK152514,Sassenheim West,2022,4.192354718462376,0.09008986731869108,-0.00636732336681772,0.05158880270324692,0.0029759425559244173,0.030988054221470808,0.010904391204866363
WK152515,Sassenheim buiten,2002,4.109663654594742,0.007398803451056679,NA,NA,NA,NA,NA
WK152515,Sassenheim buiten,2008,4.074597447334035,-0.027667403809649736,NA,NA,NA,NA,NA
WK152515,Sassenheim buiten,2012,4.0883919776076,-0.013872873536085174,NA,NA,NA,NA,NA
WK152515,Sassenheim buiten,2014,4.194294127051169,0.09202927590748396,-0.05897846978724339,-0.007421320941906783,0.045035082503744106,-0.04332012710128976,0.15671411123417917
WK152515,Sassenheim buiten,2016,4.23509538145154,0.1328305303078546,NA,NA,NA,NA,NA
WK152515,Sassenheim buiten,2018,4.1778160595192695,0.07555120837558398,-0.07179309760598428,-0.028914943691418046,0.06825105232283994,-0.046242733456132556,0.15425093080627872
WK152515,Sassenheim buiten,2020,4.345072870397847,0.2428080192541621,-0.027825702627277824,0.06443680658241095,0.08511836865510958,-0.01989379166956543,0.14097233831348446
WK152515,Sassenheim buiten,2022,4.162002081925912,0.05973723078222607,-0.054174011680734054,-0.015130903522308546,0.046343424049545216,-0.03361328308819015,0.11631200502391331
WK152521,Warmond,2002,4.1310067285582015,0.02874187741451614,NA,NA,NA,NA,NA
WK152521,Warmond,2008,4.141196958248584,0.03893210710489949,NA,NA,NA,NA,NA
WK152521,Warmond,2012,4.142639442259551,0.04037459111586535,NA,NA,NA,NA,NA
WK152521,Warmond,2014,4.214596172390424,0.1123313212467394,0.023211993113619333,0.03730402653149014,0.014349397109692881,0.0048884861430692145,0.03257741834886756
WK152521,Warmond,2016,4.205101347053109,0.10283649590942351,NA,NA,NA,NA,NA
WK152521,Warmond,2018,4.21109189069053,0.1088270395468442,0.010589163532494816,0.05152936176686628,0.015197723969500386,-0.006199294407607634,0.03771008468559013
WK152521,Warmond,2020,4.231243751263751,0.1289789001200653,0.015953653288850043,0.05538675782442392,0.01712309217653757,-4.955045695642843e-4,0.04101090139981777
WK152521,Warmond,2022,4.220203776860834,0.11793892571714808,0.010834338647358138,0.07367082081819144,0.005554969367340786,-0.006592581094187578,0.03447137797844505
WK152522,Warmond buiten,2002,4.3596273010849265,0.25736244994124163,NA,NA,NA,NA,NA
WK152522,Warmond buiten,2008,4.376450251509259,0.2741854003655735,NA,NA,NA,NA,NA
WK152522,Warmond buiten,2012,4.3250472250152265,0.22278237387154134,NA,NA,NA,NA,NA
WK152522,Warmond buiten,2014,4.389143388380445,0.2868785372367602,0.04138904628598787,0.10583817862010085,0.11026486449900949,-0.06328257729776049,0.09266902512942218
WK152522,Warmond buiten,2016,4.40096181934032,0.29869696819663416,NA,NA,NA,NA,NA
WK152522,Warmond buiten,2018,4.372933521455378,0.27066867031169306,0.02590185253824728,0.1042414990092949,0.12048857804346735,-0.06892484312231299,0.08896158384299628
WK152522,Warmond buiten,2020,4.382564314312896,0.28029946316921067,0.03339647586275483,0.09916680707924212,0.1224949837711334,-0.06535628862754897,0.090597485083629
WK152522,Warmond buiten,2022,4.365400590350993,0.26313573920730793,0.029494871295904435,0.11998358193065169,0.09241253965895946,-0.06966251907261815,0.09090726539441024
WK158100,Doorn,2002,4.180501859255411,0.07823700811172576,NA,NA,NA,NA,NA
WK158100,Doorn,2008,4.188055615142102,0.08579076399841704,NA,NA,NA,NA,NA
WK158100,Doorn,2012,4.14203738095201,0.03977252980832457,NA,NA,NA,NA,NA
WK158100,Doorn,2014,4.167276268387784,0.06501141724409895,0.04740588678737765,0.013174884003089903,0.044934776291579645,-0.05105734014642571,0.01055321030847716
WK158100,Doorn,2016,4.147311918817586,0.04504706767390006,NA,NA,NA,NA,NA
WK158100,Doorn,2018,4.179867982822376,0.07760313167869043,0.03862483033666592,0.05579146603451213,0.036218093866960094,-0.05076054406831585,-0.0022707144911321437
WK158100,Doorn,2020,4.211291859925366,0.10902700878168001,0.04104160463569419,0.06664033030314832,0.03477507608071575,-0.0369947075477058,0.0035647053098272438
WK158100,Doorn,2022,4.22916819130514,0.12690334016145466,0.048518861332923956,0.07234366628563717,0.030536672215028506,-0.040622253050633425,0.016126393378498183
WK158101,Driebergen,2002,4.170934466331946,0.06866961518826106,NA,NA,NA,NA,NA
WK158101,Driebergen,2008,4.167706991534542,0.06544214039085756,NA,NA,NA,NA,NA
WK158101,Driebergen,2012,4.17284372457318,0.070578873429495,NA,NA,NA,NA,NA
WK158101,Driebergen,2014,4.209892778667224,0.10762792752353852,0.01400653261749542,0.062369589917310855,0.020824103310090148,-0.0048480402248392085,0.015275741903481015
WK158101,Driebergen,2016,4.178845797243857,0.07658094610017158,NA,NA,NA,NA,NA
WK158101,Driebergen,2018,4.203655164160297,0.10139031301661228,0.0076867414452973,0.06607633189141238,0.023047207663835022,-0.016139392813220414,0.02071942482928773
WK158101,Driebergen,2020,4.222159443540179,0.11989459239649422,0.010991036995540554,0.06882789686200486,0.024057057548074155,-0.0047448749743469725,0.020763475965221382
WK158101,Driebergen,2022,4.202425019753149,0.10016016860946353,0.016156618825462224,0.04877430381332794,0.01968335597849765,-0.008730004899759935,0.024275894891935358
WK158102,Leersum,2002,4.101351418639344,-9.134325043412592e-4,NA,NA,NA,NA,NA
WK158102,Leersum,2008,4.088265902907832,-0.013998948235853454,NA,NA,NA,NA,NA
WK158102,Leersum,2012,4.107323059993059,0.00505820884937306,NA,NA,NA,NA,NA
WK158102,Leersum,2014,4.104874179633745,0.002609328490059978,0.021304591791505394,0.03364872575053713,0.030623116022593346,-0.10381800388645762,0.020850898811881426
WK158102,Leersum,2016,4.146280133139269,0.044015281995584105,NA,NA,NA,NA,NA
WK158102,Leersum,2018,4.116919902940956,0.014655051797270618,0.02198243897910486,0.048532906995814355,0.033717658876565394,-0.10163103407258804,0.01205308101837377
WK158102,Leersum,2020,4.155902604629024,0.05363775348533866,0.024015550972775787,0.07407312070608435,0.036274514889071005,-0.0981042378849901,0.017378804802397334
WK158102,Leersum,2022,4.134941562275082,0.03267671113139697,0.02840263500159368,0.0408519804537198,0.03156716602885187,-0.09671352780307499,0.028568457450306298
WK158103,Amerongen,2002,4.10575593099639,0.003491079852704032,NA,NA,NA,NA,NA
WK158103,Amerongen,2008,4.091382595138467,-0.01088225600521806,NA,NA,NA,NA,NA
WK158103,Amerongen,2012,4.116305388844866,0.014040537701180689,NA,NA,NA,NA,NA
WK158103,Amerongen,2014,4.115297248021779,0.01303239687809437,0.010147760771761292,0.04918135689361107,0.043051810826918974,-0.10253566123700679,0.013187129622809624
WK158103,Amerongen,2016,4.154387450065835,0.05212259892214982,NA,NA,NA,NA,NA
WK158103,Amerongen,2018,4.137058343330896,0.03479349218721121,0.0018755666271966008,0.07311648284632585,0.0398471940564413,-0.10066323420764865,0.020617482864895825
WK158103,Amerongen,2020,4.151132289120333,0.04886743797664749,7.023532194075337e-4,0.08792247705493297,0.0370016230887224,-0.09720239224993045,0.020443376863514752
WK158103,Amerongen,2022,4.131498625768596,0.02923377462491001,0.0063683922727194465,0.06171083305713439,0.03122989660439567,-0.0981118891335148,0.028036541824175015
WK158104,Maarn,2002,4.142087401995568,0.03982255085188235,NA,NA,NA,NA,NA
WK158104,Maarn,2008,4.14183600366647,0.03957115252278495,NA,NA,NA,NA,NA
WK158104,Maarn,2012,4.149271286015095,0.04700643487141026,NA,NA,NA,NA,NA
WK158104,Maarn,2014,4.181006962112596,0.07874211096891044,0.019067989115542222,0.06849693821425412,0.05558741929023739,-0.09317234981100732,0.028762114159883754
WK158104,Maarn,2016,4.175450767645619,0.07318591650193375,NA,NA,NA,NA,NA
WK158104,Maarn,2018,4.175626309296736,0.07336145815305063,0.008327110088617546,0.07568585324056211,0.054823704758988866,-0.09224790243395628,0.026772692498838162
WK158104,Maarn,2020,4.187688795732287,0.08542394458860197,0.008055192872120831,0.08194537999138989,0.05198116160966562,-0.08658065701555571,0.03002286713098108
WK158104,Maarn,2022,4.204413098951257,0.10214824780757199,0.014688403661181968,0.09773220850733053,0.050685215990176335,-0.09480096145094825,0.03384338109983114
WK158601,Wijk 01 Lichtenvoorde,2002,4.053640012083461,-0.048624839060223635,NA,NA,NA,NA,NA
WK158601,Wijk 01 Lichtenvoorde,2008,4.089428762569979,-0.012836088573706935,NA,NA,NA,NA,NA
WK158601,Wijk 01 Lichtenvoorde,2012,4.1092796469064075,0.007014795762721539,NA,NA,NA,NA,NA
WK158601,Wijk 01 Lichtenvoorde,2014,4.1241479672733075,0.021883116129622612,0.0013782496777076558,0.06962580702751284,0.04790128759005976,-0.11280269248202143,0.01578046431636354
WK158601,Wijk 01 Lichtenvoorde,2016,4.130346517195047,0.028081666051361837,NA,NA,NA,NA,NA
WK158601,Wijk 01 Lichtenvoorde,2018,4.1343314768667865,0.03206662572310189,0.00558937888827971,0.07635217349079204,0.048325660901920045,-0.12116399171857878,0.022963404160688608
WK158601,Wijk 01 Lichtenvoorde,2020,4.148551736596199,0.046286885452513034,0.010964552701814772,0.08218944929626394,0.04746851920940729,-0.11381080071555252,0.019475164960579255
WK158601,Wijk 01 Lichtenvoorde,2022,4.150559300026945,0.0482944488832598,0.009324938246201665,0.07978764572417689,0.04745622078063375,-0.11349405544471146,0.025219699576958684
WK158602,Wijk 02 Harreveld,2002,4.108939169950045,0.0066743188063598385,NA,NA,NA,NA,NA
WK158602,Wijk 02 Harreveld,2008,4.115350586311026,0.013085735167339779,NA,NA,NA,NA,NA
WK158602,Wijk 02 Harreveld,2012,4.117583477224326,0.015318626080640297,NA,NA,NA,NA,NA
WK158602,Wijk 02 Harreveld,2014,4.148423498033661,0.04615864688997524,-0.020503878660992684,0.10803413411478775,0.11026610847649745,-0.21777544764192514,0.06613773060160766
WK158602,Wijk 02 Harreveld,2016,4.143352375805924,0.04108752466223882,NA,NA,NA,NA,NA
WK158602,Wijk 02 Harreveld,2018,4.137385162292141,0.035120311148455874,-0.010455466402354213,0.0947646308495189,0.10443195742231862,-0.2177236251952878,0.06410281447426
WK158602,Wijk 02 Harreveld,2020,4.140603142627518,0.03833829148383275,-0.010833185283548456,0.09848477604190944,0.09836502689294907,-0.21523925160517893,0.0675609254377013
WK158602,Wijk 02 Harreveld,2022,4.13776012852585,0.03549527738216463,-0.008841240479478022,0.09131443359448788,0.10043098232775917,-0.21515151620998554,0.06774261814938089
WK158603,Wijk 03 Zieuwewnt,2002,4.188637397763807,0.08637254662012131,NA,NA,NA,NA,NA
WK158603,Wijk 03 Zieuwewnt,2008,4.217988670652154,0.11572381950846893,NA,NA,NA,NA,NA
WK158603,Wijk 03 Zieuwewnt,2012,4.188024018595415,0.08575916745172993,NA,NA,NA,NA,NA
WK158603,Wijk 03 Zieuwewnt,2014,4.22893016289715,0.12666531175346538,-0.007450645169856957,0.14171237452968474,0.1101722642079633,-0.18719579335603387,0.06942711154170789
WK158603,Wijk 03 Zieuwewnt,2016,4.219416719457685,0.11715186831400028,NA,NA,NA,NA,NA
WK158603,Wijk 03 Zieuwewnt,2018,4.204384460962115,0.10211960981842967,0.0016515627536376396,0.12717021908345258,0.09910669569441334,-0.1965240831157693,0.07071521540269507
WK158603,Wijk 03 Zieuwewnt,2020,4.216615443424496,0.11435059228081133,-0.004691928580349801,0.1259697178537267,0.11709234991407289,-0.19612147187128046,0.07210192496464178
WK158603,Wijk 03 Zieuwewnt,2022,4.213652257608886,0.1113874064652007,-1.8769579482944793e-4,0.12390453739492092,0.1163690803584997,-0.1968216218609681,0.06812310636757736
WK158604,Wijk 04 Lievelde,2002,4.226246626398386,0.12398177525470067,NA,NA,NA,NA,NA
WK158604,Wijk 04 Lievelde,2008,4.230257169900741,0.12799231875705647,NA,NA,NA,NA,NA
WK158604,Wijk 04 Lievelde,2012,4.202364201569769,0.10009935042608335,NA,NA,NA,NA,NA
WK158604,Wijk 04 Lievelde,2014,4.215552660892211,0.11328780974852506,-0.018173128635287743,0.12738089907303835,0.10497756156948251,-0.16385310107829407,0.06295557881958573
WK158604,Wijk 04 Lievelde,2016,4.230760948533551,0.1284960973898661,NA,NA,NA,NA,NA
WK158604,Wijk 04 Lievelde,2018,4.216641241222921,0.11437639007923599,-7.684485273671853e-4,0.10496525385646241,0.11325724147842052,-0.1636097622085146,0.060532105480234535
WK158604,Wijk 04 Lievelde,2020,4.211922991728444,0.10965814058475803,-0.0020512747339292863,0.10520891448178933,0.1042975177835697,-0.16227986079893722,0.06448284385226531
WK158604,Wijk 04 Lievelde,2022,4.222583986887529,0.1203191357438438,5.27315424558898e-4,0.11295368127237625,0.10442668666594294,-0.16084282728314964,0.06325427966411504
WK158605,Wijk 05 Vragender,2002,4.2229336160099455,0.12066876486626057,NA,NA,NA,NA,NA
WK158605,Wijk 05 Vragender,2008,4.209036279704214,0.10677142856052853,NA,NA,NA,NA,NA
WK158605,Wijk 05 Vragender,2012,4.18796951427096,0.08570466312727439,NA,NA,NA,NA,NA
WK158605,Wijk 05 Vragender,2014,4.208310981690472,0.10604613054678712,-0.02669820657103348,0.12232258202148384,0.12188200499388922,-0.19143819692391087,0.07997794702635816
WK158605,Wijk 05 Vragender,2016,4.178299692258692,0.07603484111500733,NA,NA,NA,NA,NA
WK158605,Wijk 05 Vragender,2018,4.209789830236352,0.10752497909266764,-0.015448031180408687,0.12201092242648545,0.11700254355725301,-0.19603227005302196,0.0799918143423596
WK158605,Wijk 05 Vragender,2020,4.194495757426458,0.09223090628277267,-0.021023850459978434,0.12086409255064315,0.11140323764608907,-0.18413437977610558,0.06512180632212412
WK158605,Wijk 05 Vragender,2022,4.190376301698474,0.08811145055478868,-0.022513692569820432,0.11984379163938795,0.10792675873104393,-0.18658720898136866,0.06944180173554554
WK158606,Wijk 06 Groenlo,2002,4.0892202199791265,-0.013044631164558897,NA,NA,NA,NA,NA
WK158606,Wijk 06 Groenlo,2008,4.123797594480724,0.02153274333703911,NA,NA,NA,NA,NA
WK158606,Wijk 06 Groenlo,2012,4.137497966751878,0.03523311560819273,NA,NA,NA,NA,NA
WK158606,Wijk 06 Groenlo,2014,4.151834721589039,0.049569870445354304,-0.0022059410659031418,0.07968049142190876,0.06006445414468732,-0.10321445973736734,0.015245325682028424
WK158606,Wijk 06 Groenlo,2016,4.142944710028647,0.0406798588849622,NA,NA,NA,NA,NA
WK158606,Wijk 06 Groenlo,2018,4.156552752792225,0.05428790164853914,0.0012792719779909614,0.07321676025102487,0.061565510230097965,-0.1025430558920644,0.02076941508148946
WK158606,Wijk 06 Groenlo,2020,4.169754144876919,0.06748929373323345,0.007115604171579363,0.08213726640879149,0.05516011030212865,-0.09353408906105155,0.01661040191178522
WK158606,Wijk 06 Groenlo,2022,4.177762075656597,0.07549722451291177,0.009123345105347963,0.08334420810362518,0.05472710670587794,-0.0963797046796898,0.02468226927775022
WK158607,Wijk 07 Marienvelde,2002,4.099222085706059,-0.0030427654376266413,NA,NA,NA,NA,NA
WK158607,Wijk 07 Marienvelde,2008,4.12313203609585,0.020867184952164868,NA,NA,NA,NA,NA
WK158607,Wijk 07 Marienvelde,2012,4.144040933687633,0.0417760825439477,NA,NA,NA,NA,NA
WK158607,Wijk 07 Marienvelde,2014,4.163347897642805,0.061083046499119734,-0.014041123252611776,0.13416427375891754,0.12876279305573746,-0.26069292035077946,0.07289002328785565
WK158607,Wijk 07 Marienvelde,2016,4.1673242626780125,0.06505941153432751,NA,NA,NA,NA,NA
WK158607,Wijk 07 Marienvelde,2018,4.16582340343918,0.06355855229549515,0.002608462246494588,0.13254110132650332,0.1253952657184122,-0.26642153915491923,0.06943526215900407
WK158607,Wijk 07 Marienvelde,2020,4.149850366442726,0.04758551529904111,-0.0051947050608914195,0.11206226419548532,0.1251851260314185,-0.26077096060970595,0.07630379074273441
WK158607,Wijk 07 Marienvelde,2022,4.167937377555913,0.06567252641222814,-0.007288161976328292,0.1311958110817364,0.12535767146265447,-0.25805376000259167,0.07446096584675704
WK159801,Obdam,2002,4.00388836671391,-0.09837648442977533,NA,NA,NA,NA,NA
WK159801,Obdam,2008,4.049789643972591,-0.052475207171094,NA,NA,NA,NA,NA
WK159801,Obdam,2012,4.065884405598937,-0.036380445544748403,NA,NA,NA,NA,NA
WK159801,Obdam,2014,4.079420637460235,-0.022844213683450722,5.486585524268506e-4,0.04435968046746897,0.04098653592429421,-0.14444972532608888,0.0357106366984479
WK159801,Obdam,2016,4.1028754444443924,6.105933007068571e-4,NA,NA,NA,NA,NA
WK159801,Obdam,2018,4.103280133139943,0.0010152819962583907,-0.004521481932783688,0.06470335214778199,0.04080134675255219,-0.1394476678494365,0.0394797328781441
WK159801,Obdam,2020,4.127794271769002,0.02552942062531611,-9.213457849328278e-4,0.0759979146388494,0.03788438581070421,-0.12498399181029438,0.0375524577709894
WK159801,Obdam,2022,4.081716388641957,-0.02054846250172825,-0.00846915490665896,0.05513834498306955,0.0357211507529481,-0.13859196035879154,0.03565315702770436
WK159802,Hensbroek,2002,4.059530924197844,-0.04273392694584178,NA,NA,NA,NA,NA
WK159802,Hensbroek,2008,4.041848049630872,-0.060416801512813416,NA,NA,NA,NA,NA
WK159802,Hensbroek,2012,4.062528455089166,-0.0397363960545197,NA,NA,NA,NA,NA
WK159802,Hensbroek,2014,4.1334880058193635,0.031223154675678554,-0.006492643101765001,0.06567710985105174,0.07950515387424971,-0.16402350060858242,0.05655703466072423
WK159802,Hensbroek,2016,4.12741904619352,0.02515419504983427,NA,NA,NA,NA,NA
WK159802,Hensbroek,2018,4.13987544113365,0.037610589989963805,-0.010050718198713369,0.10086753105178599,0.07072303046712736,-0.17623316689798174,0.052303913567745254
WK159802,Hensbroek,2020,4.150383569887745,0.04811871874405878,-0.014871595804819438,0.10708753388377021,0.07345410665235493,-0.17809880723915839,0.060547481251911096
WK159802,Hensbroek,2022,4.136588957574881,0.03432410643119618,-0.010228654354182501,0.09000498154623708,0.07049318452861225,-0.17785621330618842,0.06191080801671746
WK159803,Spierdijk,2002,4.119604849930813,0.01733999878712747,NA,NA,NA,NA,NA
WK159803,Spierdijk,2008,4.044842035860164,-0.05742281528352118,NA,NA,NA,NA,NA
WK159803,Spierdijk,2012,4.064041017351015,-0.0382238337926693,NA,NA,NA,NA,NA
WK159803,Spierdijk,2014,4.090797597477538,-0.011467253666146716,0.0010849753010958463,0.06845032230128059,0.07015268792097373,-0.18654584073911187,0.03539060154961465
WK159803,Spierdijk,2016,4.114085928562451,0.011821077418766306,NA,NA,NA,NA,NA
WK159803,Spierdijk,2018,4.093372968294638,-0.008891882849047227,-0.012941991117818038,0.07184157301211853,0.06875369421693134,-0.18304085201245218,0.04649569305217281
WK159803,Spierdijk,2020,4.087220270113495,-0.015044581030189984,-0.009263383617987314,0.07515784731085937,0.06271383829185047,-0.17291446041851388,0.0292615774036011
WK159803,Spierdijk,2022,4.11072616210573,0.008461310962044397,-0.004146913843430941,0.06676747088420115,0.058149928199835395,-0.1660589251690769,0.053749750890515376
WK159804,Zuidermeer,2002,4.114971205381543,0.012706354237857284,NA,NA,NA,NA,NA
WK159804,Zuidermeer,2008,4.037460838557866,-0.06480401258581929,NA,NA,NA,NA,NA
WK159804,Zuidermeer,2012,4.104295130403945,0.0020302792602597953,NA,NA,NA,NA,NA
WK159804,Zuidermeer,2014,4.146105749759536,0.04384089861585032,0.0018159598786020334,0.0930159516730165,0.10657887395078867,-0.21545666094077312,0.05788677405421596
WK159804,Zuidermeer,2016,4.180447584845143,0.07818273370145776,NA,NA,NA,NA,NA
WK159804,Zuidermeer,2018,4.170143497705294,0.06787864656160919,0.005277785324091111,0.10175921595528696,0.09538523861524925,-0.2013553608746866,0.0668117675416682
WK159804,Zuidermeer,2020,4.182933038390301,0.08066818724661567,0.005780774765448727,0.09143825517478396,0.11711207201689927,-0.19912858205192172,0.06546566734140528
WK159804,Zuidermeer,2022,4.190207127483061,0.08794227633937517,0.002131724672760126,0.09749925630647453,0.1148775246035848,-0.19986554833530057,0.07329931909185589
WK159805,Berkhout,2002,4.132572214273022,0.030307363129336535,NA,NA,NA,NA,NA
WK159805,Berkhout,2008,4.105382546939661,0.0031176957959758223,NA,NA,NA,NA,NA
WK159805,Berkhout,2012,4.122073543984656,0.019808692840970612,NA,NA,NA,NA,NA
WK159805,Berkhout,2014,4.175477182942715,0.0732123317990303,-0.009933173833233926,0.08920025804161166,0.09010483779892663,-0.13378565273247725,0.03762606252420294
WK159805,Berkhout,2016,4.1990062623790685,0.09674141123538366,NA,NA,NA,NA,NA
WK159805,Berkhout,2018,4.205791363247684,0.10352651210399927,-0.013436211465455136,0.08567972346633924,0.08585613094251485,-0.1079452408489013,0.053372110009501345
WK159805,Berkhout,2020,4.1796096311056035,0.07734477996191777,-0.020094089526539106,0.08954485021334242,0.07205480706491556,-0.10788907208115009,0.04372828429134875
WK159805,Berkhout,2022,4.1901929887471505,0.08792813760346525,-0.02322546303077235,0.0945807226521404,0.0699076826508917,-0.11071485160993406,0.05738004694113928
WK159806,Ursem,2002,4.105257928093199,0.0029930769495133424,NA,NA,NA,NA,NA
WK159806,Ursem,2008,4.073495447753408,-0.028769403390277053,NA,NA,NA,NA,NA
WK159806,Ursem,2012,4.078846811113189,-0.02341804003049673,NA,NA,NA,NA,NA
WK159806,Ursem,2014,4.1234895804634215,0.02122472931973694,0.023526997315985884,0.08398840554984087,0.06724046823565591,-0.15759997753436958,0.004068835752623597
WK159806,Ursem,2016,4.12172734266416,0.019462491520474814,NA,NA,NA,NA,NA
WK159806,Ursem,2018,4.140667843542525,0.0384029923988402,0.008212823102942517,0.08472235433697367,0.06350685467267293,-0.1466436621097742,0.028604622396024963
WK159806,Ursem,2020,4.117193772032484,0.014928920888798467,0.012430019674855217,0.08518119186766919,0.05523492965571307,-0.146623697376747,0.008706477067307657
WK159806,Ursem,2022,4.142729681296282,0.040464830152596824,0.013262539002874022,0.08234955415355369,0.05546083924331177,-0.15015461918877923,0.0395465169416363
WK159807,De Goorn,2002,4.0175021198383245,-0.08476273130536088,NA,NA,NA,NA,NA
WK159807,De Goorn,2008,3.9860027622584595,-0.11626208888522578,NA,NA,NA,NA,NA
WK159807,De Goorn,2012,4.0187278373597906,-0.0835370137838953,NA,NA,NA,NA,NA
WK159807,De Goorn,2014,4.082337797983661,-0.01992705316002373,0.023903980730145477,0.0500679855452071,0.03804304737293205,-0.12343002827780178,-0.008512038530506846
WK159807,De Goorn,2016,4.079543209462159,-0.022721641681526312,NA,NA,NA,NA,NA
WK159807,De Goorn,2018,4.0967786289407195,-0.005486222202965362,0.011151611940765832,0.04565797645099506,0.04140995578856043,-0.12264726598908869,0.018941499605801725
WK159807,De Goorn,2020,4.093536557803788,-0.008728293339896427,0.011864985445371293,0.059263810182719534,0.03895623883226582,-0.11559073943471783,-0.0032225883655354866
WK159807,De Goorn,2022,4.1207027761304875,0.01843792498680235,0.011596891932133447,0.057282516342753345,0.03939847001555824,-0.11456585134879659,0.024725898045153603
WK159808,Avenhorn,2002,4.093225481925106,-0.009039369218578584,NA,NA,NA,NA,NA
WK159808,Avenhorn,2008,4.087361908015417,-0.0149029431282676,NA,NA,NA,NA,NA
WK159808,Avenhorn,2012,4.098681374076714,-0.0035834770669719604,NA,NA,NA,NA,NA
WK159808,Avenhorn,2014,4.119903640098608,0.017638788954923136,0.013036219456882717,0.040007871318660376,0.05619178894371378,-0.1064654808446375,0.014868390080303408
WK159808,Avenhorn,2016,4.148224097384063,0.04595924624037818,NA,NA,NA,NA,NA
WK159808,Avenhorn,2018,4.154001794757945,0.05173694361425971,0.00932475728046781,0.05112841479893317,0.0569220463487042,-0.10064126635389337,0.03500299154004761
WK159808,Avenhorn,2020,4.134435914872466,0.032171063728780036,0.005479125476282124,0.05508303768298313,0.05135224934237695,-0.09862587708915145,0.018882528316289074
WK159808,Avenhorn,2022,4.151808485427112,0.04954363428342719,0.004928970006978588,0.055919268720626726,0.05097910032340245,-0.10091924844795573,0.0386355436803749
WK159809,Scharwoude,2002,3.998767843561374,-0.10349700758231099,NA,NA,NA,NA,NA
WK159809,Scharwoude,2008,3.8952254948777805,-0.2070393562659045,NA,NA,NA,NA,NA
WK159809,Scharwoude,2012,3.9864540755439624,-0.11581077559972267,NA,NA,NA,NA,NA
WK159809,Scharwoude,2014,4.00899323854818,-0.09327161259550544,-0.03267731043707541,0.028181473633063926,0.06278648613140643,-0.13961940346720894,-0.011942858455691716
WK159809,Scharwoude,2016,4.094403404958002,-0.007861446185682968,NA,NA,NA,NA,NA
WK159809,Scharwoude,2018,4.107985655245464,0.005720804101779309,-0.02303478478810215,0.06629924696726823,0.058098702509694525,-0.12393720227814324,0.028294841691061615
WK159809,Scharwoude,2020,4.066137576031779,-0.03612727511190607,-0.027793814908808778,0.06745175402726082,0.0500720386263954,-0.12152840363219987,-0.004328849224553744
WK159809,Scharwoude,2022,4.101740131249679,-5.247198940057677e-4,-0.03997165008651419,0.06523319127531284,0.05985252131728991,-0.12166229639024727,0.03602351399015254
WK159810,Oudendijk,2002,4.146357603803227,0.044092752659541455,NA,NA,NA,NA,NA
WK159810,Oudendijk,2008,4.07926332287347,-0.02300152827021493,NA,NA,NA,NA,NA
WK159810,Oudendijk,2012,4.123940486312711,0.021675635169025882,NA,NA,NA,NA,NA
WK159810,Oudendijk,2014,4.1173187906151645,0.015053939471479087,-0.012339803534345986,0.04988221195155343,0.0941929052960997,-0.17173171846079427,0.055050344218965895
WK159810,Oudendijk,2016,4.158207516705051,0.05594266556136613,NA,NA,NA,NA,NA
WK159810,Oudendijk,2018,4.174170375777259,0.07190552463357401,-0.016817459254732818,0.10269010176791908,0.09064392366517592,-0.1666765735090881,0.06206553196429949
WK159810,Oudendijk,2020,4.178705306772102,0.07644045562841716,-0.016101499573298955,0.10806555602972923,0.08888172024826557,-0.16438120916838905,0.05997588809211011
WK159810,Oudendijk,2022,4.176516920403339,0.0742520692596536,-0.025432140369532886,0.10586685181365088,0.08332102074258156,-0.16520552399540286,0.07570186106835668
WK162111,Wijk 11 Bergschenhoek,2002,4.065648578111864,-0.03661627303182218,NA,NA,NA,NA,NA
WK162111,Wijk 11 Bergschenhoek,2008,4.036922105992768,-0.06534274515091701,NA,NA,NA,NA,NA
WK162111,Wijk 11 Bergschenhoek,2012,4.049129016765217,-0.053135834378467264,NA,NA,NA,NA,NA
WK162111,Wijk 11 Bergschenhoek,2014,4.081463000974301,-0.020801850169384527,-0.004101609757023025,0.008758181500940853,0.005354950774298508,-0.028189690751302815,-0.0026236819362983215
WK162111,Wijk 11 Bergschenhoek,2016,4.106513679282556,0.004248828138870361,NA,NA,NA,NA,NA
WK162111,Wijk 11 Bergschenhoek,2018,4.08673100200842,-0.015533849135264642,-0.012985260225735634,6.546490799188419e-4,0.00876308869909297,-0.016460018745775774,0.004493692057234727
WK162111,Wijk 11 Bergschenhoek,2020,4.113808961029409,0.01154410988572337,-0.004131123862266069,0.016043400613996967,0.0016624129284698555,-0.00215887106920448,1.2829127472682253e-4
WK162111,Wijk 11 Bergschenhoek,2022,4.121098346818048,0.01883349567436266,-0.005550899184877626,0.02314100592364754,0.006240661774738545,-0.011161859950981979,0.006164587111835897
WK162112,Wijk 12 De Ackers,2002,4.103577826455986,0.001312975312300154,NA,NA,NA,NA,NA
WK162112,Wijk 12 De Ackers,2008,4.098000823797712,-0.004264027345973204,NA,NA,NA,NA,NA
WK162112,Wijk 12 De Ackers,2012,4.087879321683781,-0.014385529459904369,NA,NA,NA,NA,NA
WK162112,Wijk 12 De Ackers,2014,4.10784415918092,0.005579308037234378,0.0019004515251000594,0.02079347039414408,0.03355921976668058,-0.06479497562578203,0.014121141977091379
WK162112,Wijk 12 De Ackers,2016,4.10097546124944,-0.0012893898942457293,NA,NA,NA,NA,NA
WK162112,Wijk 12 De Ackers,2018,4.130111461828817,0.027846610685132663,-0.0013352177765691134,0.03283705693374731,0.02819400857610051,-0.04997393361511342,0.018124696566967087
WK162112,Wijk 12 De Ackers,2020,4.131942029164303,0.029677178020618783,0.005674912532211326,0.03224301170809359,0.02152671383938782,-0.045225807094654354,0.0154583470355801
WK162112,Wijk 12 De Ackers,2022,4.1395981511673,0.03733330002361503,0.003553598837205717,0.03932241357242392,0.0252955062599162,-0.05415506685893246,0.023316848213001364
WK162113,Wijk 13 Boterdorp,2002,3.9831217759941047,-0.11914307514958061,NA,NA,NA,NA,NA
WK162113,Wijk 13 Boterdorp,2008,4.08205720288439,-0.02020764825929556,NA,NA,NA,NA,NA
WK162113,Wijk 13 Boterdorp,2012,4.0801022490852565,-0.02216260205842795,NA,NA,NA,NA,NA
WK162113,Wijk 13 Boterdorp,2014,4.055696247430307,-0.046568603713378585,-0.01593990645393559,0.015759981985335056,0.009921612207527294,-0.04544501956915418,-0.010865271883151428
WK162113,Wijk 13 Boterdorp,2016,4.08167303961722,-0.020591811526465047,NA,NA,NA,NA,NA
WK162113,Wijk 13 Boterdorp,2018,4.0913850995695,-0.01087975157418501,-0.018707695875922376,0.022196145921240723,0.010969505446232748,-0.03496978125161686,0.0096320741858805
WK162113,Wijk 13 Boterdorp,2020,4.1090313632305255,0.006766512086840685,-0.013419049776986637,0.030591430283896697,0.01509967829887754,-0.025201550484747533,-3.0399623419960763e-4
WK162113,Wijk 13 Boterdorp,2022,4.129226312961686,0.02696146181800046,-0.009996283034117646,0.034129320595995355,0.020706544850144424,-0.03294338209984296,0.015065261505820975
WK162114,Wijk 14 Wilderszijde,2002,4.0744602077417955,-0.02780464340189006,NA,NA,NA,NA,NA
WK162114,Wijk 14 Wilderszijde,2008,4.119470353204638,0.01720550206095227,NA,NA,NA,NA,NA
WK162114,Wijk 14 Wilderszijde,2012,4.160881271928557,0.0586164207848715,NA,NA,NA,NA,NA
WK162114,Wijk 14 Wilderszijde,2014,4.202877284037214,0.10061243289352895,-0.11767475791313203,0.0991079763991988,0.08791853480893701,-0.04056436139127874,0.07182504098980351
WK162114,Wijk 14 Wilderszijde,2016,4.228351637565117,0.12608678642143223,NA,NA,NA,NA,NA
WK162114,Wijk 14 Wilderszijde,2018,4.213554549787891,0.11128969864420503,-0.07894437174063366,0.08850614874254836,0.07157161161030372,-0.041280677043765854,0.07143698707575227
WK162114,Wijk 14 Wilderszijde,2020,4.311100890479913,0.2088360393362276,-0.022856856822111343,0.08421720492866372,0.1003967995505277,-0.02732872294565832,0.07440761462480548
WK162114,Wijk 14 Wilderszijde,2022,4.327193160190195,0.22492830904650937,0.022922548452078688,0.10906589010675714,0.09574562318490429,-0.06920959115409729,0.06640383845686625
WK162115,Wijk 15 Oosteindsche Polder,2002,4.165164614646843,0.06289976350315733,NA,NA,NA,NA,NA
WK162115,Wijk 15 Oosteindsche Polder,2008,4.185751623233268,0.08348677208958331,NA,NA,NA,NA,NA
WK162115,Wijk 15 Oosteindsche Polder,2012,4.201666669998631,0.0994018188549456,NA,NA,NA,NA,NA
WK162115,Wijk 15 Oosteindsche Polder,2014,4.220269700742298,0.11800484959861307,-0.010323012726748387,0.07622330728779693,0.08323540971668024,-0.06473323290795306,0.03360237822883709
WK162115,Wijk 15 Oosteindsche Polder,2016,4.259931835568976,0.1576669844252905,NA,NA,NA,NA,NA
WK162115,Wijk 15 Oosteindsche Polder,2018,4.222984275703646,0.12071942455996104,-0.021685200325297093,0.08068459594508937,0.09052888901728229,-0.057564206294515446,0.028755346217401667
WK162115,Wijk 15 Oosteindsche Polder,2020,4.230269592573576,0.1280047414298904,-0.01083127042322194,0.07773297313834751,0.06589873732296049,-0.04808899163236927,0.04329329302417328
WK162115,Wijk 15 Oosteindsche Polder,2022,4.209472354080792,0.10720750293710658,-0.012759959878378035,0.07636310685902106,0.06990318684827286,-0.052395754831191944,0.026096923939382292
WK162121,Wijk 21 Berkel,2002,4.005448566951923,-0.09681628419176204,NA,NA,NA,NA,NA
WK162121,Wijk 21 Berkel,2008,4.0308238739553,-0.07144097718838509,NA,NA,NA,NA,NA
WK162121,Wijk 21 Berkel,2012,4.06653091373848,-0.03573393740520592,NA,NA,NA,NA,NA
WK162121,Wijk 21 Berkel,2014,4.087743450615122,-0.014521400528563393,0.005063562551608062,0.014854650006628271,-0.002393290644126135,-0.008611362287355867,-0.02343496015531803
WK162121,Wijk 21 Berkel,2016,4.1034117167664785,0.0011468656227929621,NA,NA,NA,NA,NA
WK162121,Wijk 21 Berkel,2018,4.085276390154148,-0.016988460989537758,-4.2669635953351934e-4,-0.0063029264795376894,-0.006396253275497454,-0.0020178499518040175,-0.001844734923165389
WK162121,Wijk 21 Berkel,2020,4.131447184028615,0.029182332884929805,0.00893905990735992,-0.0032522911308071503,0.0024795955405100528,0.025538456814427037,-0.004522488246560321
WK162121,Wijk 21 Berkel,2022,4.140031889476021,0.037767038332336196,0.017620551178589815,0.016429203720137956,0.0010265886503610395,0.006534136764619978,-0.003843441981372854
WK162122,Wijk 22 Noordpolder,2002,4.072856727583726,-0.029408123559958494,NA,NA,NA,NA,NA
WK162122,Wijk 22 Noordpolder,2008,4.069389797708627,-0.032875053435057484,NA,NA,NA,NA,NA
WK162122,Wijk 22 Noordpolder,2012,4.099402075400213,-0.0028627757434716806,NA,NA,NA,NA,NA
WK162122,Wijk 22 Noordpolder,2014,4.089824908061136,-0.012439943082549212,0.007517747577425068,0.026126755880798314,0.013571158323698599,-0.06617293001886487,0.006517325154393412
WK162122,Wijk 22 Noordpolder,2016,4.114424098556108,0.012159247412422969,NA,NA,NA,NA,NA
WK162122,Wijk 22 Noordpolder,2018,4.09399161207349,-0.008273239070195651,-3.640365149507282e-4,0.03745998077991613,0.010788152843957765,-0.06359013998104114,0.007432803801922033
WK162122,Wijk 22 Noordpolder,2020,4.119734749528841,0.017469898385155183,0.007134442033125345,0.047072151944645216,0.019115170636451406,-0.05589285707364883,4.099084458175171e-5
WK162122,Wijk 22 Noordpolder,2022,4.122055046384693,0.019790195241007724,0.008567321815192883,0.05488750004759161,0.016931827533348705,-0.06544189532749453,0.004845441172368769
WK162123,Wijk 23 Meerpolder,2002,4.097780585113444,-0.00448426603024111,NA,NA,NA,NA,NA
WK162123,Wijk 23 Meerpolder,2008,4.059611663455823,-0.042653187687862755,NA,NA,NA,NA,NA
WK162123,Wijk 23 Meerpolder,2012,4.116690032788847,0.014425181645161725,NA,NA,NA,NA,NA
WK162123,Wijk 23 Meerpolder,2014,4.1015100361439165,-7.548149997688859e-4,-0.013470756855742404,0.0365630240139499,0.02466091708990356,-0.04666426572850846,-0.0018437335193717435
WK162123,Wijk 23 Meerpolder,2016,4.151492723503807,0.049227872360121334,NA,NA,NA,NA,NA
WK162123,Wijk 23 Meerpolder,2018,4.118155952424286,0.015891101280600253,-0.018180835370707107,0.045820923825030585,0.028449125993980185,-0.04279146835830331,0.0025933551905996137
WK162123,Wijk 23 Meerpolder,2020,4.161837502488435,0.05957265134475011,-0.00829611262623608,0.04848047083968025,0.03103863305903557,-0.02519280814683334,0.01354246821910342
WK162123,Wijk 23 Meerpolder,2022,4.177157832221821,0.07489298107813527,0.0018299009950191597,0.0628648828565948,0.027715764898889512,-0.0340129796659002,0.016495411993531717
WK162124,Wijk 24 Noordeinde,2002,4.140345202559057,0.038080351415371076,NA,NA,NA,NA,NA
WK162124,Wijk 24 Noordeinde,2008,4.120337420252758,0.018072569109072394,NA,NA,NA,NA,NA
WK162124,Wijk 24 Noordeinde,2012,4.171690372080457,0.06942552093677136,NA,NA,NA,NA,NA
WK162124,Wijk 24 Noordeinde,2014,4.1964866730120605,0.09422182186837515,-0.07039155509694464,0.09963564646566178,0.10891404935482323,-0.09623978640599629,0.052303467550830776
WK162124,Wijk 24 Noordeinde,2016,4.175585406069999,0.07332055492631329,NA,NA,NA,NA,NA
WK162124,Wijk 24 Noordeinde,2018,4.182188056128256,0.07992320498457034,-0.065754970290289,0.08695941134030742,0.0926873028248017,-0.09265086133159256,0.05868232244134248
WK162124,Wijk 24 Noordeinde,2020,4.20194590424906,0.09968105310537537,-0.06087256499915896,0.09681030847254893,0.0919435313780024,-0.08793186064493771,0.0597316388989206
WK162124,Wijk 24 Noordeinde,2022,4.22257133732737,0.1203064861836852,-0.045453105559410505,0.10420718128749566,0.09139405923591196,-0.09099711570567846,0.06115546692536621
WK162125,Wijk 25 Zuidpolder,2002,4.1211286881331874,0.018863836989502704,NA,NA,NA,NA,NA
WK162125,Wijk 25 Zuidpolder,2008,4.074886396886421,-0.027378454257264494,NA,NA,NA,NA,NA
WK162125,Wijk 25 Zuidpolder,2012,4.086773095781342,-0.015491755362342968,NA,NA,NA,NA,NA
WK162125,Wijk 25 Zuidpolder,2014,4.124723242483315,0.022458391339629246,-0.0017254632305899183,0.04894434819452205,0.024175078518058543,-0.04284506995690583,-0.006090502185455868
WK162125,Wijk 25 Zuidpolder,2016,4.113331189300301,0.011066338156616048,NA,NA,NA,NA,NA
WK162125,Wijk 25 Zuidpolder,2018,4.117746221070088,0.015481369926402908,-0.014723914368135393,0.045868661489662475,0.017987391398050792,-0.03950778731891019,0.005857018725734965
WK162125,Wijk 25 Zuidpolder,2020,4.136975480359478,0.03471062921579252,-0.007895646248281006,0.03552576120703147,0.02034014623599532,-0.021539471025057755,0.008279839046104147
WK162125,Wijk 25 Zuidpolder,2022,4.13790324807289,0.03563839692920427,-0.005909155015780129,0.046234496571914724,0.017041186857844358,-0.03593096538190058,0.014202833897125594
WK162126,Wijk 26 De Wadden,2002,4.0798203031634275,-0.02244454798025829,NA,NA,NA,NA,NA
WK162126,Wijk 26 De Wadden,2008,4.066067858211094,-0.036196992932590814,NA,NA,NA,NA,NA
WK162126,Wijk 26 De Wadden,2012,4.181226157084937,0.07896130594125138,NA,NA,NA,NA,NA
WK162126,Wijk 26 De Wadden,2014,4.223409937958818,0.12114508681513304,-0.012696887415346548,0.055712280546915086,0.08113684992268244,-0.03529056015723629,0.03228340391811808
WK162126,Wijk 26 De Wadden,2016,4.222488598774434,0.1202237476307486,NA,NA,NA,NA,NA
WK162126,Wijk 26 De Wadden,2018,4.21028898011185,0.10802412896816445,-0.01595012398467967,0.05936410684026528,0.06696570543755256,-0.03239380702667491,0.03003824770170098
WK162126,Wijk 26 De Wadden,2020,4.241189877138668,0.13892502599498277,-0.016674313879242286,0.06343303546917313,0.07354416724058513,-0.014646636148619632,0.033268773313086156
WK162126,Wijk 26 De Wadden,2022,4.243761371106235,0.14149651996254953,0.0035753976767082802,0.07327241188732903,0.06051053168406027,-0.03172224345259586,0.03586042216704747
WK162127,Wijk 27 Westpolder,2002,4.124780786289504,0.02251593514581909,NA,NA,NA,NA,NA
WK162127,Wijk 27 Westpolder,2008,4.056403157966215,-0.045861693177470936,NA,NA,NA,NA,NA
WK162127,Wijk 27 Westpolder,2012,4.166144144945824,0.06387929380213876,NA,NA,NA,NA,NA
WK162127,Wijk 27 Westpolder,2014,4.158842743387518,0.05657789224383263,-0.006189879395105779,0.035046809034170866,0.05280730767968965,-0.04730229511253224,0.02221595003760996
WK162127,Wijk 27 Westpolder,2016,4.174954707485419,0.07268985634173426,NA,NA,NA,NA,NA
WK162127,Wijk 27 Westpolder,2018,4.158486886641159,0.056222035497473025,-0.022334177264348345,0.039089325092529055,0.0490130318216949,-0.03375468550176512,0.024208541349362282
WK162127,Wijk 27 Westpolder,2020,4.203231150652307,0.10096629950862157,-0.013881350169686136,0.0384368058215548,0.06836783833272125,-0.014962831819694062,0.023005837343725452
WK162127,Wijk 27 Westpolder,2022,4.233437668798623,0.13117281765493785,-0.009492664025405089,0.0748178391239438,0.07105912700541774,-0.030729663936910102,0.025518179487891243
WK162128,Wijk 28 Rodenrijs,2002,4.22714209581594,0.1248772446722547,NA,NA,NA,NA,NA
WK162128,Wijk 28 Rodenrijs,2008,4.1569769159931305,0.05471206484944548,NA,NA,NA,NA,NA
WK162128,Wijk 28 Rodenrijs,2012,4.185808720042578,0.08354386889889236,NA,NA,NA,NA,NA
WK162128,Wijk 28 Rodenrijs,2014,4.240689837398413,0.13842498625472854,-0.02005525868113361,0.09189586711484611,0.08429426744302547,-0.0656613016449101,0.04795141202290044
WK162128,Wijk 28 Rodenrijs,2016,4.225680973515962,0.12341612237227712,NA,NA,NA,NA,NA
WK162128,Wijk 28 Rodenrijs,2018,4.236482381412205,0.13421753026851949,-0.023698817814321923,0.08063780482989806,0.09633341385346392,-0.06172296430761627,0.04266809370709538
WK162128,Wijk 28 Rodenrijs,2020,4.239223983267828,0.1369591321241427,-0.013644311131309109,0.07446146307438516,0.08721451027561881,-0.04653547729675475,0.035462947202202305
WK162128,Wijk 28 Rodenrijs,2022,4.232915825442354,0.13065097429866884,-0.017265070698435515,0.08359214313654631,0.07498788960596321,-0.05119042198778392,0.040526434242378506
WK162131,Wijk 31 Bleiswijk,2002,3.9924186080956763,-0.10984624304800895,NA,NA,NA,NA,NA
WK162131,Wijk 31 Bleiswijk,2008,4.002698735226089,-0.09956611591759608,NA,NA,NA,NA,NA
WK162131,Wijk 31 Bleiswijk,2012,4.042366929038932,-0.059897922104752685,NA,NA,NA,NA,NA
WK162131,Wijk 31 Bleiswijk,2014,4.041390032960242,-0.06087481818344253,-0.014915334033219369,-0.0028792941356019447,0.019256562335366254,-0.06746340829685848,0.00512665594687068
WK162131,Wijk 31 Bleiswijk,2016,4.108418195535009,0.0061533443913236565,NA,NA,NA,NA,NA
WK162131,Wijk 31 Bleiswijk,2018,4.114384872174019,0.012120021030333494,-0.011403244843957272,0.04700932005508209,0.02090911725225003,-0.05963839144477923,0.015243220011737614
WK162131,Wijk 31 Bleiswijk,2020,4.1290081497868965,0.026743298643211164,-0.0036690346431947894,0.04783872385617625,0.0205813970283212,-0.051672881178771,0.013665093580679152
WK162131,Wijk 31 Bleiswijk,2022,4.11544692485046,0.013182073706774006,-0.005875092153935075,0.041955451082488236,0.014963694794336055,-0.05963216110133325,0.021770181085217766
WK162132,Wijk 32 Hoekeindse Zoom,2002,3.9784500039827173,-0.12381484716096773,NA,NA,NA,NA,NA
WK162132,Wijk 32 Hoekeindse Zoom,2008,3.9516691390555367,-0.1505957120881486,NA,NA,NA,NA,NA
WK162132,Wijk 32 Hoekeindse Zoom,2012,3.9636405455894668,-0.1386243055542184,NA,NA,NA,NA,NA
WK162132,Wijk 32 Hoekeindse Zoom,2014,4.004902637254339,-0.09736221388934677,0.0013047525585245102,-0.015393171605796277,0.013043138873147158,-0.1028714939102782,0.006554560195055717
WK162132,Wijk 32 Hoekeindse Zoom,2016,4.061319318819921,-0.04094553232376438,NA,NA,NA,NA,NA
WK162132,Wijk 32 Hoekeindse Zoom,2018,4.047998198768901,-0.05426665237478424,0.00626596563657565,0.015888195538727497,0.013447064427630747,-0.09527901624416528,0.005411138266446877
WK162132,Wijk 32 Hoekeindse Zoom,2020,4.081878697324842,-0.020386153818843688,0.011715396993020271,0.03593444383906565,0.014011917101993754,-0.08891036278148055,0.0068624510285569245
WK162132,Wijk 32 Hoekeindse Zoom,2022,4.0863921350284365,-0.01587271611524879,0.015075693391059389,0.04131135369151213,0.008541908274268345,-0.09316658419914986,0.012364912727060903
WK162133,Wijk 33 Bleiswijk Buiten,2002,4.148599493327591,0.04633464218390615,NA,NA,NA,NA,NA
WK162133,Wijk 33 Bleiswijk Buiten,2008,4.095791555957361,-0.0064732951863234614,NA,NA,NA,NA,NA
WK162133,Wijk 33 Bleiswijk Buiten,2012,4.095197766285241,-0.0070670848584437115,NA,NA,NA,NA,NA
WK162133,Wijk 33 Bleiswijk Buiten,2014,4.13548110007338,0.03321624892969529,-0.07400695387577208,0.05180724550891711,0.1104376308710811,-0.11114082411195322,0.05611915053742213
WK162133,Wijk 33 Bleiswijk Buiten,2016,4.148720260005848,0.04645540886216323,NA,NA,NA,NA,NA
WK162133,Wijk 33 Bleiswijk Buiten,2018,4.185259981880154,0.08299513073646897,-0.06856209114848724,0.08432755173547887,0.12486127380696423,-0.11079494384366455,0.05316334018617739
WK162133,Wijk 33 Bleiswijk Buiten,2020,4.1944950610925655,0.09223020994888037,-0.06655299261763112,0.09597992365362026,0.11106297603912693,-0.10023097210876267,0.05197127498252671
WK162133,Wijk 33 Bleiswijk Buiten,2022,4.169759827142258,0.06749497599857211,-0.07034291140035843,0.08703626834707334,0.10034101914119636,-0.103354868531246,0.053815468441906565
WK164000,Heythuysen,2002,4.0861148884602,-0.016149962683484894,NA,NA,NA,NA,NA
WK164000,Heythuysen,2008,4.129945163779723,0.027680312636038235,NA,NA,NA,NA,NA
WK164000,Heythuysen,2012,4.140937222168798,0.038672371025112826,NA,NA,NA,NA,NA
WK164000,Heythuysen,2014,4.1508514071173535,0.048586555973668386,-0.017100868902858744,0.07366149841374262,0.06366210074240883,-0.10395824837559717,0.032322074095972576
WK164000,Heythuysen,2016,4.139807734371958,0.03754288322827228,NA,NA,NA,NA,NA
WK164000,Heythuysen,2018,4.151611134119768,0.0493462829760822,-0.005420607584265075,0.054537917667040255,0.05649101751537115,-0.08791500310155728,0.03165295847949281
WK164000,Heythuysen,2020,4.2002529296847655,0.09798807854108048,0.0027514542780496445,0.07507885620190397,0.05722270167701128,-0.0700248211786991,0.03295988756281441
WK164000,Heythuysen,2022,4.193135793750453,0.09087094260676767,0.0031818442414465933,0.07381915341884694,0.05178017387041862,-0.07088511032678013,0.032974881402835415
WK164001,Heibloem,2002,4.052023830667866,-0.05024102047581906,NA,NA,NA,NA,NA
WK164001,Heibloem,2008,4.056425260053724,-0.04583959108996105,NA,NA,NA,NA,NA
WK164001,Heibloem,2012,4.090453154879768,-0.011811696263918068,NA,NA,NA,NA,NA
WK164001,Heibloem,2014,4.115852831678763,0.013587980535077622,0.010541350228917884,0.06813432032047702,0.08034473184900018,-0.1922541821879111,0.04682176032459339
WK164001,Heibloem,2016,4.108812578993202,0.006547727849516951,NA,NA,NA,NA,NA
WK164001,Heibloem,2018,4.1274434907341115,0.025178639590425902,0.021467600585200308,0.0630886801047348,0.07390405718962974,-0.1810441099652815,0.04776241167614234
WK164001,Heibloem,2020,4.099815937560087,-0.002448913583598409,-0.0022656250585552946,0.0521735367505919,0.0683736899309157,-0.16911439528248198,0.04838388007593099
WK164001,Heibloem,2022,4.097269058678216,-0.004995792465469463,-0.002955253073618731,0.06402176168139204,0.06650517022371784,-0.18980640443035346,0.05723893313339251
WK164002,Roggel,2002,4.15353762948617,0.051272778342484705,NA,NA,NA,NA,NA
WK164002,Roggel,2008,4.14411953702413,0.041854685880444796,NA,NA,NA,NA,NA
WK164002,Roggel,2012,4.159303296930999,0.05703844578731422,NA,NA,NA,NA,NA
WK164002,Roggel,2014,4.149576753878821,0.047311902735136184,-0.020541543066221725,0.06173571174452253,0.06773568981554466,-0.10894793605330926,0.04732998029459969
WK164002,Roggel,2016,4.151448434239021,0.04918358309533571,NA,NA,NA,NA,NA
WK164002,Roggel,2018,4.165606330291847,0.0633414791481616,-0.0071428935013054685,0.06340184736709904,0.0601184397778951,-0.0995101102987513,0.046474195803224004
WK164002,Roggel,2020,4.161992107781698,0.059727256638012614,-0.004195041053197031,0.051880369871639326,0.05278741328822736,-0.08620035821107722,0.04545487274241992
WK164002,Roggel,2022,4.188988892105647,0.08672404096196226,-0.00217515120170523,0.06929674518419744,0.04962219287471695,-0.08446354936129148,0.05444380346604435
WK164003,Neer,2002,4.0820499220510795,-0.020214929092605728,NA,NA,NA,NA,NA
WK164003,Neer,2008,4.083781437964809,-0.018483413178875665,NA,NA,NA,NA,NA
WK164003,Neer,2012,4.100757747476834,-0.0015071036668509276,NA,NA,NA,NA,NA
WK164003,Neer,2014,4.093750978390859,-0.008513872752825504,-0.038842542457144545,0.08113401977054226,0.0714054970759932,-0.16741045707880328,0.04519960993658657
WK164003,Neer,2016,4.101071779105273,-0.0011930720384124268,NA,NA,NA,NA,NA
WK164003,Neer,2018,4.1023008019191725,3.595077548690336e-5,-0.022053531059581147,0.06050000974216192,0.06703031345876166,-0.15427342814412368,0.04883258677826791
WK164003,Neer,2020,4.111222677321514,0.008957826177829194,-0.01821629284475316,0.06389473784728182,0.05462326541609594,-0.13947447157367474,0.04813058733287912
WK164003,Neer,2022,4.136243657222178,0.03397880607849301,-0.013160226313196735,0.08214852867985091,0.05655496494923695,-0.15072789924629562,0.059163438008897194
WK164004,Nunhem,2002,4.168930801804652,0.06666595066096667,NA,NA,NA,NA,NA
WK164004,Nunhem,2008,4.227204426436363,0.12493957529267813,NA,NA,NA,NA,NA
WK164004,Nunhem,2012,4.257461053810841,0.15519620266715534,NA,NA,NA,NA,NA
WK164004,Nunhem,2014,4.208580277893861,0.10631542675017579,0.017731313641746516,0.08214116073539897,0.07355623443111957,-0.10797281454343767,0.04085953248534809
WK164004,Nunhem,2016,4.19378480530553,0.09151995416184501,NA,NA,NA,NA,NA
WK164004,Nunhem,2018,4.19768566043384,0.0954208092901544,0.022187410787467034,0.06291672140978213,0.060630619238743945,-0.09287839490845479,0.04256445276261577
WK164004,Nunhem,2020,4.1938961336540395,0.09163128251035378,0.02726283305384179,0.058645483530401187,0.049128688912142525,-0.0920986906343052,0.0486929676482733
WK164004,Nunhem,2022,4.219477297755854,0.11721244661216844,0.02546927607895447,0.07501614144223062,0.051876070521712676,-0.0898656895152599,0.05471664808453037
WK164005,Haelen,2002,4.095828955446448,-0.006435895697237095,NA,NA,NA,NA,NA
WK164005,Haelen,2008,4.112472463560727,0.010207612417041784,NA,NA,NA,NA,NA
WK164005,Haelen,2012,4.127634516957197,0.02536966581351201,NA,NA,NA,NA,NA
WK164005,Haelen,2014,4.11973299960047,0.017468148456785054,-0.011639836703094993,0.0554372233949078,0.056381029026941656,-0.11469469446999397,0.03198442720802428
WK164005,Haelen,2016,4.1222219169592185,0.01995706581553318,NA,NA,NA,NA,NA
WK164005,Haelen,2018,4.149193226388406,0.04692837524472076,5.330280617286055e-4,0.060663062133947274,0.05274429590079557,-0.09896684220106776,0.03195483134931681
WK164005,Haelen,2020,4.142046822914741,0.03978197177105608,0.012367708870490634,0.039341878239948204,0.0470264121985669,-0.09257301071751393,0.03361898317956394
WK164005,Haelen,2022,4.1583830151614976,0.05611816401781215,0.011547981468933852,0.052022629914994935,0.0452419698523851,-0.09295447352424865,0.0402600563057466
WK164006,Buggenum,2002,4.165100396961414,0.06283554581772798,NA,NA,NA,NA,NA
WK164006,Buggenum,2008,4.131386420231832,0.029121569088146088,NA,NA,NA,NA,NA
WK164006,Buggenum,2012,4.16795675869149,0.06569190754780518,NA,NA,NA,NA,NA
WK164006,Buggenum,2014,4.157281315381744,0.055016464238058824,-0.02996324372389621,0.0743869539456493,0.08129661836015502,-0.13204584543572614,0.061341981091876566
WK164006,Buggenum,2016,4.170674153984546,0.06840930284086091,NA,NA,NA,NA,NA
WK164006,Buggenum,2018,4.160251972800881,0.057987121657195884,-0.0158843573424379,0.05532080407998215,0.06976500491662246,-0.11387478587631171,0.06266045587934056
WK164006,Buggenum,2020,4.147930651604817,0.04566580046113182,-0.019598342802960456,0.06380382736128717,0.053873016793659856,-0.11470989271799979,0.0622971918271447
WK164006,Buggenum,2022,4.181395329939717,0.07913047879603151,-0.009228157340986368,0.07696913013177899,0.05516360519959263,-0.11621252620176722,0.07243842700741318
WK164007,Horn,2002,4.15177599700791,0.04951114586422483,NA,NA,NA,NA,NA
WK164007,Horn,2008,4.1578985046301025,0.055633653486417675,NA,NA,NA,NA,NA
WK164007,Horn,2012,4.183608946502561,0.08134409535887584,NA,NA,NA,NA,NA
WK164007,Horn,2014,4.187302174656923,0.0850373235132376,-0.011353098560459044,0.06412179521778472,0.06508266911064976,-0.06649842191282945,0.033684379658091304
WK164007,Horn,2016,4.180845800830688,0.07858094968700237,NA,NA,NA,NA,NA
WK164007,Horn,2018,4.188559643920442,0.08629479277675677,0.002199031346395052,0.040803134632961556,0.05663828483393856,-0.037634175702241125,0.024288517665702468
WK164007,Horn,2020,4.204123550101217,0.10185869895753176,0.0012205984538570856,0.0463926664627223,0.04786134828499882,-0.036265604383207174,0.04264969013916044
WK164007,Horn,2022,4.216926066179343,0.11466121503565768,0.011136067083914965,0.054614924848718244,0.04660600331818406,-0.032534759490999966,0.03483897927584008
WK164008,Baexem,2002,4.060868012925515,-0.04139683821816988,NA,NA,NA,NA,NA
WK164008,Baexem,2008,4.104845067249326,0.0025802161056414775,NA,NA,NA,NA,NA
WK164008,Baexem,2012,4.1050822207693844,0.0028173696256996628,NA,NA,NA,NA,NA
WK164008,Baexem,2014,4.099676885873311,-0.0025879652703743234,-0.05321374623483946,0.06790783745728227,0.06551056199841565,-0.13224129951836744,0.049448681027134365
WK164008,Baexem,2016,4.1258636860336475,0.02359883488996219,NA,NA,NA,NA,NA
WK164008,Baexem,2018,4.119380100408501,0.01711524926481483,-0.038492586150283274,0.05507155605560108,0.05879312593345973,-0.11210283811991843,0.05384599154595544
WK164008,Baexem,2020,4.149640607115225,0.047375755971539854,-0.031498769862670487,0.07283885559469709,0.057319124611028886,-0.10428305196712687,0.052999597595610994
WK164008,Baexem,2022,4.15379057707354,0.05152572592985429,-0.030323571765371763,0.08173946164433293,0.050793898651514444,-0.10685666134234814,0.05617259874172655
WK164009,Kelpen-Oler,2002,4.074924738625932,-0.027340112517752837,NA,NA,NA,NA,NA
WK164009,Kelpen-Oler,2008,4.041650548343681,-0.06061430280000332,NA,NA,NA,NA,NA
WK164009,Kelpen-Oler,2012,4.0597023031371755,-0.042562548006509486,NA,NA,NA,NA,NA
WK164009,Kelpen-Oler,2014,4.082415704931512,-0.019849146212172923,-0.08165019763692825,0.09142144748207245,0.08572842708029274,-0.172495315303638,0.05714649216602792
WK164009,Kelpen-Oler,2016,4.066163348470963,-0.03610150267272287,NA,NA,NA,NA,NA
WK164009,Kelpen-Oler,2018,4.0760587211838555,-0.02620612995982944,-0.06384254204820823,0.065008237261698,0.07307940615752143,-0.158751150142585,0.05829991881174404
WK164009,Kelpen-Oler,2020,4.105381813158567,0.0031169620148816047,-0.06984971668850035,0.0887336063240199,0.08207714722067623,-0.15065846514473216,0.05281439030341773
WK164009,Kelpen-Oler,2022,4.135113726190713,0.032848875047028145,-0.06496761897484343,0.11379730876653449,0.0767318571940799,-0.16066967398342322,0.06795700204468022
WK164010,Grathem,2002,4.138196491375496,0.03593164023181044,NA,NA,NA,NA,NA
WK164010,Grathem,2008,4.1565871373167536,0.05432228617306825,NA,NA,NA,NA,NA
WK164010,Grathem,2012,4.173200319450532,0.07093546830684727,NA,NA,NA,NA,NA
WK164010,Grathem,2014,4.153530475356601,0.05126562421291538,-0.031355270634265076,0.08505031928742636,0.07236116759337446,-0.1316174350332292,0.0568268429996085
WK164010,Grathem,2016,4.232864049970751,0.13059919882706625,NA,NA,NA,NA,NA
WK164010,Grathem,2018,4.179302864829399,0.0770380136857141,-0.011339350992372947,0.06489776840791568,0.06865103858974744,-0.10227931975270005,0.057107877433123705
WK164010,Grathem,2020,4.183768273813504,0.08150342266981893,-0.009419531274562106,0.07894446387628795,0.06061362674433514,-0.10065652622921088,0.05202138955296857
WK164010,Grathem,2022,4.200352372960728,0.0980875218170426,-0.0031232698676772583,0.08939332977314132,0.05596434222470345,-0.10518572150506428,0.0610388411919391
WK164011,Ell,2002,4.129259130351166,0.026994279207480446,NA,NA,NA,NA,NA
WK164011,Ell,2008,4.136464608809836,0.0341997576661505,NA,NA,NA,NA,NA
WK164011,Ell,2012,4.142316736811218,0.04005188566753282,NA,NA,NA,NA,NA
WK164011,Ell,2014,4.1370893472518375,0.03482449610815252,-0.04003481401748244,0.1038258219771982,0.08651744200431877,-0.1608241134291065,0.0453401595732242
WK164011,Ell,2016,4.159939171837506,0.05767432069381999,NA,NA,NA,NA,NA
WK164011,Ell,2018,4.143123605096583,0.04085875395289721,-0.021833042405187013,0.08079798860267018,0.07931044773108681,-0.14499424800615857,0.04757760803048551
WK164011,Ell,2020,4.1569455233719195,0.0546806722282337,-0.02347381901861345,0.07790005441025098,0.07905236159734388,-0.13079776232049622,0.05199983755974826
WK164011,Ell,2022,4.172717726541313,0.07045287539762779,-0.023272774017337235,0.10955576495322242,0.07196605152329326,-0.14743698098581393,0.05964081392426294
WK164012,Haler,2002,4.200348285121611,0.09808343397792532,NA,NA,NA,NA,NA
WK164012,Haler,2008,4.169533393945539,0.06726854280185321,NA,NA,NA,NA,NA
WK164012,Haler,2012,4.136615462792909,0.03435061164922352,NA,NA,NA,NA,NA
WK164012,Haler,2014,4.106990904213993,0.004726053070308367,-0.04386489015287057,0.10509895269808012,0.11075130466331976,-0.23388980037109128,0.0666304862328701
WK164012,Haler,2016,4.134910937515924,0.03264608637223899,NA,NA,NA,NA,NA
WK164012,Haler,2018,4.137959494210669,0.035694643066983923,-0.030561422826555135,0.10814447044041396,0.11256488351031468,-0.2213947968365359,0.06694150877934596
WK164012,Haler,2020,4.1184408380628765,0.01617598691919102,-0.03464517162343319,0.10413221758578223,0.09832761863071468,-0.21779176364021355,0.06615308596634051
WK164012,Haler,2022,4.142292487790086,0.0400276366464008,-0.03466088208099345,0.11552125065174253,0.0956761650674292,-0.2159740227744039,0.07946512578262604
WK164013,Hunsel,2002,4.15307001439522,0.05080516325153435,NA,NA,NA,NA,NA
WK164013,Hunsel,2008,4.115467786871187,0.013202935727501317,NA,NA,NA,NA,NA
WK164013,Hunsel,2012,4.147852083965689,0.04558723282200359,NA,NA,NA,NA,NA
WK164013,Hunsel,2014,4.125569114994144,0.023304263850458813,-0.02581072124025939,0.11114138671173183,0.0863039594470398,-0.20271005706061357,0.054379695992559846
WK164013,Hunsel,2016,4.146921176761824,0.04465632561813808,NA,NA,NA,NA,NA
WK164013,Hunsel,2018,4.136064391999649,0.03379954085596426,-0.01733074018767756,0.09522834607037078,0.08178860223542578,-0.1815550479096779,0.05566838064752292
WK164013,Hunsel,2020,4.131655998673159,0.02939114752947393,-0.013984827254292571,0.09888588595267972,0.07117422659268575,-0.180997739402083,0.054313601640483766
WK164013,Hunsel,2022,4.123609459699328,0.021344608555642585,-0.012085767304662825,0.09918212793138055,0.059251323741245726,-0.18425571882954395,0.05925264301722285
WK164014,Neeritter,2002,3.969618293749833,-0.1326465573938525,NA,NA,NA,NA,NA
WK164014,Neeritter,2008,3.996914451166437,-0.105350399977248,NA,NA,NA,NA,NA
WK164014,Neeritter,2012,4.011025179739275,-0.091239671404409875,NA,NA,NA,NA,NA
WK164014,Neeritter,2014,4.073071541802914,-0.029193309340770957,-0.004286321903550375,0.06924374670874986,0.058539333995462434,-0.16796435319576467,0.01527428505433156
WK164014,Neeritter,2016,4.079782479697636,-0.022482371446048983,NA,NA,NA,NA,NA
WK164014,Neeritter,2018,4.095323069633386,-0.006941781510298975,0.010508826728209703,0.037591255833387203,0.05587775173824088,-0.16051170342115287,0.049592087611015814
WK164014,Neeritter,2020,4.109212538043164,0.006947686899479021,0.012586309486151873,0.06781580238700896,0.049722674265416864,-0.14606626943120354,0.022889170192104662
WK164014,Neeritter,2022,4.124133311098686,0.021868459955000783,0.008795964564140446,0.07744152408907544,0.04747010297756086,-0.17052130813786198,0.058682176462085754
WK164015,Ittervoort,2002,4.056741135740386,-0.04552371540329974,NA,NA,NA,NA,NA
WK164015,Ittervoort,2008,4.088090414359878,-0.014174436783807032,NA,NA,NA,NA,NA
WK164015,Ittervoort,2012,4.0920633516890055,-0.010201499454680088,NA,NA,NA,NA,NA
WK164015,Ittervoort,2014,4.125947468977572,0.02368261783388714,-0.024383522289612318,0.07620256904504769,0.06794757528350735,-0.14217482779733975,0.04609082359228388
WK164015,Ittervoort,2016,4.147622868201185,0.04535801705749976,NA,NA,NA,NA,NA
WK164015,Ittervoort,2018,4.135101544424923,0.032836693281237186,-0.0109612153003072,0.05820307071434773,0.06443337080249333,-0.1277096233530744,0.04887109041777752
WK164015,Ittervoort,2020,4.155277154302733,0.05301230315904768,-0.004363648035559135,0.0722168903061595,0.05563433142357857,-0.11888108302259207,0.04840581248746055
WK164015,Ittervoort,2022,4.162497382101859,0.060232530958173984,-2.572788829235643e-4,0.08067928529662534,0.05271814872860859,-0.12736572990851738,0.0544581057243807
WK164100,Wijk 00 Maasbracht,2002,4.0766430823101345,-0.025621768833550954,NA,NA,NA,NA,NA
WK164100,Wijk 00 Maasbracht,2008,4.0812059378184715,-0.02105891332521347,NA,NA,NA,NA,NA
WK164100,Wijk 00 Maasbracht,2012,4.100221625129202,-0.002043226014483,NA,NA,NA,NA,NA
WK164100,Wijk 00 Maasbracht,2014,4.103311968776846,0.0010471176331611908,-0.01976756058903207,0.04757468335706215,0.029540618110173316,-0.08095731237421791,0.024656689129175426
WK164100,Wijk 00 Maasbracht,2016,4.14240971450549,0.040144863361805005,NA,NA,NA,NA,NA
WK164100,Wijk 00 Maasbracht,2018,4.124760152292393,0.022495301148707975,-0.00938138283111512,0.0444505361185736,0.02650954791611448,-0.06266776109308841,0.023584361038223194
WK164100,Wijk 00 Maasbracht,2020,4.157730835944463,0.05546598480077811,-0.0030759585253323633,0.05438698071041054,0.027531541093046563,-0.05363212324650902,0.030255544769162118
WK164100,Wijk 00 Maasbracht,2022,4.146517911803162,0.044253060659476574,-0.0022928040475628177,0.05092180702319945,0.0245781012638359,-0.05912720451869727,0.03017316093870103
WK164101,Wijk 01 Linne,2002,4.117543347004216,0.015278495860530884,NA,NA,NA,NA,NA
WK164101,Wijk 01 Linne,2008,4.114537784607314,0.012272933463628639,NA,NA,NA,NA,NA
WK164101,Wijk 01 Linne,2012,4.119411879166967,0.017147028023282267,NA,NA,NA,NA,NA
WK164101,Wijk 01 Linne,2014,4.146463859629141,0.044199008485455514,-0.020069454288106005,0.06517278272687817,0.044383493287084796,-0.08959781046586107,0.04430999722545936
WK164101,Wijk 01 Linne,2016,4.175192466072824,0.07292761492913898,NA,NA,NA,NA,NA
WK164101,Wijk 01 Linne,2018,4.166931147088581,0.06466629594489617,-0.011565592593855895,0.05735724654284272,0.04525954978804809,-0.0665399949043466,0.04015508711220759
WK164101,Wijk 01 Linne,2020,4.194128926022257,0.09186407487857146,-0.006997334547727018,0.07030715857425619,0.04238980281095866,-0.061873745936228436,0.048038193977311794
WK164101,Wijk 01 Linne,2022,4.187690924404698,0.08542607326101231,8.631776132374744e-4,0.06378665809736864,0.03488921451834834,-0.06414811760505659,0.05003514063711414
WK164102,Wijk 02 Stevensweert,2002,4.1067685927249125,0.00450374158122705,NA,NA,NA,NA,NA
WK164102,Wijk 02 Stevensweert,2008,4.128203282827796,0.025938431684111123,NA,NA,NA,NA,NA
WK164102,Wijk 02 Stevensweert,2012,4.138683982673854,0.036419131530168715,NA,NA,NA,NA,NA
WK164102,Wijk 02 Stevensweert,2014,4.1649116211676995,0.06264677002401443,-0.004665193675851773,0.07676896305143059,0.06427298908108521,-0.14220613540861476,0.06847614697596482
WK164102,Wijk 02 Stevensweert,2016,4.185756823493008,0.0834919723493226,NA,NA,NA,NA,NA
WK164102,Wijk 02 Stevensweert,2018,4.162971978910773,0.06070712776708716,-0.0010956344458861117,0.0799025000795608,0.055684436609777156,-0.14151522756266993,0.0677310530863049
WK164102,Wijk 02 Stevensweert,2020,4.206882658094226,0.10461780695054029,0.008909285750720747,0.1073139085282558,0.057017962932804145,-0.1389050982151652,0.07028174795392449
WK164102,Wijk 02 Stevensweert,2022,4.186418196128485,0.08415334498479976,0.01943457604220627,0.08497485232397284,0.05687204836917898,-0.14898701765042524,0.07185888589986662
WK164103,Wijk 03 Ohé en Laak,2002,4.131848264157925,0.029583413014239068,NA,NA,NA,NA,NA
WK164103,Wijk 03 Ohé en Laak,2008,4.102153793779492,-1.1105736419321388e-4,NA,NA,NA,NA,NA
WK164103,Wijk 03 Ohé en Laak,2012,4.137705163599784,0.03544031245609868,NA,NA,NA,NA,NA
WK164103,Wijk 03 Ohé en Laak,2014,4.198832520154305,0.09656766901061971,-0.00758132473287732,0.08216008930150517,0.09422275998969881,-0.14966872713741783,0.07743487158971066
WK164103,Wijk 03 Ohé en Laak,2016,4.232867041814853,0.13060219067116688,NA,NA,NA,NA,NA
WK164103,Wijk 03 Ohé en Laak,2018,4.23354274306927,0.1312778919255845,0.004941576333712367,0.09836592034804881,0.09430528945705004,-0.14340337048402427,0.07706847627079734
WK164103,Wijk 03 Ohé en Laak,2020,4.232609928599302,0.13034507745561738,0.011436233245649925,0.11252855716919907,0.07236256898296799,-0.14193464333917036,0.07595236139697052
WK164103,Wijk 03 Ohé en Laak,2022,4.218934518927626,0.11666966778394144,0.017472217489032108,0.08986949513122246,0.06408622915583065,-0.14350892556288772,0.08875065157074365
WK164104,Wijk 04 Thorn,2002,4.093478271459653,-0.008786579684032523,NA,NA,NA,NA,NA
WK164104,Wijk 04 Thorn,2008,4.087314021028199,-0.014950830115487007,NA,NA,NA,NA,NA
WK164104,Wijk 04 Thorn,2012,4.111852335719915,0.00958748457622969,NA,NA,NA,NA,NA
WK164104,Wijk 04 Thorn,2014,4.148348938231457,0.04608408708777213,-0.008557041177201135,0.07417364491752979,0.04334214976740574,-0.11254888606678627,0.049674219646823635
WK164104,Wijk 04 Thorn,2016,4.184343665966472,0.08207881482278695,NA,NA,NA,NA,NA
WK164104,Wijk 04 Thorn,2018,4.17859654113489,0.07633168999120517,0.011421548877672594,0.06442002516020165,0.04231796527905525,-0.10116624790930598,0.05933839858358148
WK164104,Wijk 04 Thorn,2020,4.197808351847088,0.09554350070340281,0.018348822996964765,0.08147762083314884,0.03843531108220954,-0.10213155381918992,0.05941329961026936
WK164104,Wijk 04 Thorn,2022,4.189492801645262,0.08722795050157706,0.02039526786222575,0.0721884065856942,0.03449576529651476,-0.10300523532024668,0.06315374607738872
WK164105,Wijk 05 Heel,2002,4.1609152933442095,0.05865044220052444,NA,NA,NA,NA,NA
WK164105,Wijk 05 Heel,2008,4.154374275135829,0.052109423992143085,NA,NA,NA,NA,NA
WK164105,Wijk 05 Heel,2012,4.182116700808861,0.0798518496651761,NA,NA,NA,NA,NA
WK164105,Wijk 05 Heel,2014,4.205954976221406,0.10369012507772049,0.023296062285421547,0.07788338589584431,0.06948306965692543,-0.10492244352624404,0.03795005076577295
WK164105,Wijk 05 Heel,2016,4.252704051982665,0.15043920083898008,NA,NA,NA,NA,NA
WK164105,Wijk 05 Heel,2018,4.23056976092964,0.12830490978595527,0.024277538335276436,0.07768145940182038,0.06393366568619668,-0.08414277366823515,0.04655502003089664
WK164105,Wijk 05 Heel,2020,4.245407435709271,0.14314258456558496,0.031357790038688355,0.0865285447819899,0.05849753515537641,-0.08161286427441083,0.04837157886394089
WK164105,Wijk 05 Heel,2022,4.248242328045563,0.1459774769018776,0.034094400806460694,0.08934758642840519,0.053944765902894876,-0.08183323561726336,0.050423959381379904
WK164106,Wijk 06 Beegden,2002,4.15832385021688,0.056058999073195045,NA,NA,NA,NA,NA
WK164106,Wijk 06 Beegden,2008,4.1320280679454635,0.02976321680177853,NA,NA,NA,NA,NA
WK164106,Wijk 06 Beegden,2012,4.173217203110177,0.07095235196649102,NA,NA,NA,NA,NA
WK164106,Wijk 06 Beegden,2014,4.153646832651555,0.05138198150786932,-0.009519606635983101,0.07055961836695739,0.06780697041353854,-0.13182791908633243,0.054362918449688616
WK164106,Wijk 06 Beegden,2016,4.202257012104066,0.09999216096038024,NA,NA,NA,NA,NA
WK164106,Wijk 06 Beegden,2018,4.193221066436648,0.09095621529296172,0.005769688494444847,0.07117975989515264,0.06563687499388379,-0.10635330783873657,0.05472319974821669
WK164106,Wijk 06 Beegden,2020,4.236931926071445,0.13466707492775964,0.010458138116702717,0.10532613469662545,0.06407350296901061,-0.09975443148855942,0.05456373063398004
WK164106,Wijk 06 Beegden,2022,4.227957153367962,0.1256923022242765,0.015918197314011655,0.09396547199109927,0.058927734567145174,-0.1022484971743553,0.05912939552637542
WK164107,Wijk 07 Wessem,2002,4.085388509808677,-0.016876341335007882,NA,NA,NA,NA,NA
WK164107,Wijk 07 Wessem,2008,4.101118107950928,-0.0011467431927573877,NA,NA,NA,NA,NA
WK164107,Wijk 07 Wessem,2012,4.113977776534732,0.011712925391046985,NA,NA,NA,NA,NA
WK164107,Wijk 07 Wessem,2014,4.1210126937025,0.01874784255881557,-0.0029186375977233183,0.06210307862333236,0.042318576689217964,-0.1201785836425941,0.037423408486582405
WK164107,Wijk 07 Wessem,2016,4.1995641555140315,0.09729930437034685,NA,NA,NA,NA,NA
WK164107,Wijk 07 Wessem,2018,4.145930170455685,0.043665319311999906,-0.0024128459269878635,0.07143054021607674,0.042501777049753116,-0.12016990132859744,0.052315749301755025
WK164107,Wijk 07 Wessem,2020,4.166898532803188,0.06463368165950285,0.010005098672460614,0.06910318114607061,0.04081858915418531,-0.10787089285092462,0.05257770553771071
WK164107,Wijk 07 Wessem,2022,4.144332476821979,0.04206762567829327,0.012196934641984786,0.061033674649164024,0.03520974823567047,-0.1269514814164234,0.060578749567897154
WK165200,Wijk 00 Gemert,2002,4.080808092853569,-0.021456758290116198,NA,NA,NA,NA,NA
WK165200,Wijk 00 Gemert,2008,4.102730235696592,4.653845529072687e-4,NA,NA,NA,NA,NA
WK165200,Wijk 00 Gemert,2012,4.1256189094695275,0.023354058325842263,NA,NA,NA,NA,NA
WK165200,Wijk 00 Gemert,2014,4.10723772440203,0.004972873258345526,-0.005189402221899337,0.029754352979668327,0.02139077629814777,-0.06064098312588411,0.0196581293283126
WK165200,Wijk 00 Gemert,2016,4.1308446394692,0.028579788325514447,NA,NA,NA,NA,NA
WK165200,Wijk 00 Gemert,2018,4.128836352779291,0.026571501635605878,-8.892567780060196e-4,0.03781279862884895,0.019183204986329562,-0.056368406191798615,0.02683316099023173
WK165200,Wijk 00 Gemert,2020,4.149602546828497,0.047337695684812095,0.0017565081922256915,0.04698592493607906,0.015944502431414796,-0.045008889771338864,0.02765964989643114
WK165200,Wijk 00 Gemert,2022,4.130077366807559,0.027812515663874732,0.005104965911861859,0.037413853277406886,0.01758019483120829,-0.06119659212852251,0.028910093771919915
WK165201,Wijk 01 Handel,2002,4.19733468298176,0.0950698318380746,NA,NA,NA,NA,NA
WK165201,Wijk 01 Handel,2008,4.199952895349086,0.09768804420540061,NA,NA,NA,NA,NA
WK165201,Wijk 01 Handel,2012,4.214797891781615,0.11253304063792925,NA,NA,NA,NA,NA
WK165201,Wijk 01 Handel,2014,4.205063681551682,0.10279883040799626,0.03235921614418644,0.07876107563100165,0.06495470734843826,-0.10607983500816622,0.03280366629253585
WK165201,Wijk 01 Handel,2016,4.216601802464337,0.11433695132065151,NA,NA,NA,NA,NA
WK165201,Wijk 01 Handel,2018,4.202627369072944,0.10036251792925867,0.032443430110534674,0.06851631824531615,0.06077135385814669,-0.08992886854554338,0.028560284260804175
WK165201,Wijk 01 Handel,2020,4.231896905800992,0.12963205465730718,0.033360936873167685,0.08489495461982108,0.05464907515430547,-0.08556740747381697,0.04229449548382968
WK165201,Wijk 01 Handel,2022,4.210263804916184,0.10799895377249893,0.03090346634048739,0.08891266941961448,0.045897218573992496,-0.09944443651930049,0.04173003595770473
WK165202,Wijk 02 De Mortel,2002,4.17579322809311,0.07352837694942455,NA,NA,NA,NA,NA
WK165202,Wijk 02 De Mortel,2008,4.17886333502058,0.07659848387689547,NA,NA,NA,NA,NA
WK165202,Wijk 02 De Mortel,2012,4.168672626820991,0.0664077756773051,NA,NA,NA,NA,NA
WK165202,Wijk 02 De Mortel,2014,4.167502445646356,0.06523759450267103,-0.03941062618442095,0.09419797385324466,0.08922138128949318,-0.14327812865242728,0.06450699419678103
WK165202,Wijk 02 De Mortel,2016,4.220583245891021,0.1183183947473357,NA,NA,NA,NA,NA
WK165202,Wijk 02 De Mortel,2018,4.191017599338755,0.08875274819507015,-0.021047753362123042,0.08628606356833224,0.09725114752288286,-0.1405112851147739,0.06677457558075178
WK165202,Wijk 02 De Mortel,2020,4.1925439053433875,0.09027905419970292,-0.02745325811436891,0.08371067250949309,0.10231142532485828,-0.131457385508255,0.06316759998797516
WK165202,Wijk 02 De Mortel,2022,4.187184790044117,0.08491993890043131,-0.028015676949957456,0.09756801634051314,0.09177145856848873,-0.14449678119621717,0.06809292213760382
WK165203,Wijk 03 Elsendorp,2002,4.130196759088261,0.02793190794457651,NA,NA,NA,NA,NA
WK165203,Wijk 03 Elsendorp,2008,4.064577077991461,-0.0376877731522235,NA,NA,NA,NA,NA
WK165203,Wijk 03 Elsendorp,2012,4.129965378951454,0.027700527807768452,NA,NA,NA,NA,NA
WK165203,Wijk 03 Elsendorp,2014,4.029655119960924,-0.07260973118276158,-0.06482372129545445,0.058122988059812225,0.07987331595528002,-0.19965588780598706,0.05387357390358743
WK165203,Wijk 03 Elsendorp,2016,4.044138932847893,-0.058125918295791744,NA,NA,NA,NA,NA
WK165203,Wijk 03 Elsendorp,2018,4.115920403400544,0.013655552256858678,-0.04936001479612752,0.08455222435180285,0.08995629907808027,-0.1675923987312595,0.05609944235436233
WK165203,Wijk 03 Elsendorp,2020,4.119619956494279,0.017355105350593324,-0.05521716377113041,0.08916869831978189,0.09183350673901411,-0.1715548436185516,0.06312490768147895
WK165203,Wijk 03 Elsendorp,2022,4.127886324277903,0.025621473134218083,-0.0478750011233566,0.09062321274324892,0.08089689692078902,-0.17108895761867357,0.07306532221220996
WK165204,Wijk 04 Bakel,2002,4.088893961695859,-0.013370889447827303,NA,NA,NA,NA,NA
WK165204,Wijk 04 Bakel,2008,4.099410268313066,-0.002854582830619789,NA,NA,NA,NA,NA
WK165204,Wijk 04 Bakel,2012,4.137982121180898,0.03571727003721299,NA,NA,NA,NA,NA
WK165204,Wijk 04 Bakel,2014,4.1310983176195135,0.02883346647582797,-0.0010439290883221119,0.06499334335364726,0.06946059287231134,-0.12335886762282951,0.018782326961020668
WK165204,Wijk 04 Bakel,2016,4.104858490486833,0.002593639343147457,NA,NA,NA,NA,NA
WK165204,Wijk 04 Bakel,2018,4.119642014709208,0.017377163565523303,0.0018070621521918925,0.059360933646027486,0.06513074644341219,-0.11859332376556261,0.009671745089454006
WK165204,Wijk 04 Bakel,2020,4.1904166366507605,0.08815178550707486,-0.002465595325984706,0.08067207603003812,0.07326521243352767,-0.10608552771501038,0.04276562008450389
WK165204,Wijk 04 Bakel,2022,4.161325976753256,0.05906112560957067,3.8391337872547936e-4,0.08749936216765541,0.06416044308149266,-0.13989512565633475,0.04691253263803162
WK165205,Wijk 05 Milheeze,2002,4.12099689700799,0.01873204586430559,NA,NA,NA,NA,NA
WK165205,Wijk 05 Milheeze,2008,4.12330844929526,0.021043598151574913,NA,NA,NA,NA,NA
WK165205,Wijk 05 Milheeze,2012,4.126476049940954,0.024211198797268584,NA,NA,NA,NA,NA
WK165205,Wijk 05 Milheeze,2014,4.116126076592796,0.01386122544911038,-0.03769113260720875,0.09600578935609065,0.09560891669321009,-0.1946008819148685,0.05453853392188664
WK165205,Wijk 05 Milheeze,2016,4.14517427054012,0.04290941939643454,NA,NA,NA,NA,NA
WK165205,Wijk 05 Milheeze,2018,4.158544703967079,0.05627985282339457,-0.020710809602971714,0.09912996249053745,0.09665309528146306,-0.17416104061340376,0.05536864526776931
WK165205,Wijk 05 Milheeze,2020,4.160796705770313,0.05853185462662752,-0.022078630474294713,0.10403959050936354,0.08090756675922212,-0.15872292599321144,0.054386253825547765
WK165205,Wijk 05 Milheeze,2022,4.151823110327727,0.04955825918404133,-0.01816018442243839,0.10198430310261938,0.06969596351007284,-0.16651463467949074,0.06255281167327792
WK165206,Wijk 06 De Rips,2002,4.093457630251658,-0.008807220892027786,NA,NA,NA,NA,NA
WK165206,Wijk 06 De Rips,2008,4.0920050800270795,-0.010259771116605263,NA,NA,NA,NA,NA
WK165206,Wijk 06 De Rips,2012,4.123650523944488,0.02138567280080338,NA,NA,NA,NA,NA
WK165206,Wijk 06 De Rips,2014,4.056136403860824,-0.0461284472828608,-0.01743067273910308,0.08481653186235412,0.07312423955581689,-0.2291969579549232,0.04255841199299411
WK165206,Wijk 06 De Rips,2016,4.099274508579602,-0.0029903425640831933,NA,NA,NA,NA,NA
WK165206,Wijk 06 De Rips,2018,4.073681306791168,-0.02858354435251727,-0.00952187973473956,0.08033360632952057,0.07104317382136983,-0.21375806748595705,0.04331962271728869
WK165206,Wijk 06 De Rips,2020,4.0918413195685615,-0.010423531575123875,-0.011993464636703215,0.10121634662107179,0.06375794875539494,-0.2095833925302287,0.04617903021534106
WK165206,Wijk 06 De Rips,2022,4.087692495890941,-0.014572355252743453,-0.01017596203692186,0.09518211252755089,0.05554473342938224,-0.21388271656294155,0.05875947739018655
WK165501,Wijk 01 Oud Gastel,2002,4.040091986866902,-0.06217286427678254,NA,NA,NA,NA,NA
WK165501,Wijk 01 Oud Gastel,2008,4.062918928748532,-0.0393459223951526,NA,NA,NA,NA,NA
WK165501,Wijk 01 Oud Gastel,2012,4.088815945147273,-0.013448905996412802,NA,NA,NA,NA,NA
WK165501,Wijk 01 Oud Gastel,2014,4.076910919722343,-0.025353931421341822,-0.015469519396116788,0.03978872288324579,0.047494624889680336,-0.1376837194753138,0.040515959677162344
WK165501,Wijk 01 Oud Gastel,2016,4.069097452924897,-0.03316739821878855,NA,NA,NA,NA,NA
WK165501,Wijk 01 Oud Gastel,2018,4.093139722857701,-0.00912512828598484,-0.011667290028001607,0.0545131718547414,0.04332568146112047,-0.13676657183960636,0.04146988026576103
WK165501,Wijk 01 Oud Gastel,2020,4.101630855672128,-6.339954715577623e-4,-0.010360572149705188,0.053469348703813945,0.04128681373920352,-0.12589731224896603,0.040867726484095694
WK165501,Wijk 01 Oud Gastel,2022,4.08079732790594,-0.021467523237745284,-0.009861811957454841,0.054443566683753455,0.042285414892181475,-0.14970628878139314,0.04137159592516745
WK165502,Wijk 02 Stampersgat,2002,4.0016732578691645,-0.1005915932745206,NA,NA,NA,NA,NA
WK165502,Wijk 02 Stampersgat,2008,4.044016840368267,-0.058248010775419135,NA,NA,NA,NA,NA
WK165502,Wijk 02 Stampersgat,2012,4.079046056248104,-0.023218794895581353,NA,NA,NA,NA,NA
WK165502,Wijk 02 Stampersgat,2014,4.07458412617147,-0.027680724972214653,2.2557470086665557e-4,0.06158463516833618,0.06281595585407362,-0.1896535738101281,0.03734668311463664
WK165502,Wijk 02 Stampersgat,2016,4.012085314981924,-0.0901795361617611,NA,NA,NA,NA,NA
WK165502,Wijk 02 Stampersgat,2018,4.080055887095383,-0.02220896404830304,0.005782252647779604,0.06796253056544704,0.060143350788653016,-0.19387803976594742,0.0377809417157645
WK165502,Wijk 02 Stampersgat,2020,4.05833572648824,-0.04392912465544511,0.0032306530443388807,0.06296520931206673,0.04240773375199091,-0.1914711059771539,0.03893838521331199
WK165502,Wijk 02 Stampersgat,2022,4.040678555617788,-0.06158629552589742,0.0059463955017471206,0.053641880179704865,0.04413245138244681,-0.21091586480898059,0.04560884221918415
WK165503,Wijk 03 Oudenbosch,2002,3.981523853595578,-0.12074099754810722,NA,NA,NA,NA,NA
WK165503,Wijk 03 Oudenbosch,2008,3.961850799185903,-0.14041405195778195,NA,NA,NA,NA,NA
WK165503,Wijk 03 Oudenbosch,2012,3.9792905900549194,-0.12297426108876604,NA,NA,NA,NA,NA
WK165503,Wijk 03 Oudenbosch,2014,3.993421978527538,-0.1088428726161469,-0.018324595320425505,-0.04261014344956752,1.2109916591969294e-4,-0.0637748148041439,0.01574558179207006
WK165503,Wijk 03 Oudenbosch,2016,4.003864568066421,-0.09840028307726405,NA,NA,NA,NA,NA
WK165503,Wijk 03 Oudenbosch,2018,4.028472911337742,-0.07379193980594383,-0.01561567147850816,-0.014399864488591109,1.7449347144250972e-4,-0.05905133698526559,0.015100439674978245
WK165503,Wijk 03 Oudenbosch,2020,4.031706453137298,-0.07055839800638727,-0.011096968001237722,-0.026032619946715276,0.0021942456919081324,-0.05478274641602241,0.01915969066567971
WK165503,Wijk 03 Oudenbosch,2022,4.036284196975898,-0.06598065416778713,-0.007551052785879528,-0.03526901388844551,0.004092174131788905,-0.04365831568984819,0.016405554064596903
WK165504,Wijk 04 Hoeven,2002,4.052117180568675,-0.050147670575009885,NA,NA,NA,NA,NA
WK165504,Wijk 04 Hoeven,2008,4.075034439644597,-0.027230411499088416,NA,NA,NA,NA,NA
WK165504,Wijk 04 Hoeven,2012,4.112229914634501,0.009965063490815532,NA,NA,NA,NA,NA
WK165504,Wijk 04 Hoeven,2014,4.0939124707832715,-0.008352380360414491,-0.012776223601055537,0.037245110114845666,0.055347887286156125,-0.13049854592318208,0.04232939176282105
WK165504,Wijk 04 Hoeven,2016,4.110219095120027,0.007954243976342106,NA,NA,NA,NA,NA
WK165504,Wijk 04 Hoeven,2018,4.106742121604767,0.0044772704610817554,-0.008323212693741207,0.04122290300923939,0.0522067179307654,-0.12179658851097906,0.04116745072579694
WK165504,Wijk 04 Hoeven,2020,4.127300695475663,0.025035844331978124,-0.0060125548584408,0.05367976673337332,0.04528133974203268,-0.11027958992754078,0.042366882642553415
WK165504,Wijk 04 Hoeven,2022,4.143281621601682,0.041016770457996746,3.544974692691271e-4,0.04840137476090884,0.045487991534021326,-0.09435383005126607,0.041126736745063265
WK165505,Wijk 05 Bosschenhoofd,2002,4.115902751383073,0.01363790023938775,NA,NA,NA,NA,NA
WK165505,Wijk 05 Bosschenhoofd,2008,4.136252172886816,0.0339873217431303,NA,NA,NA,NA,NA
WK165505,Wijk 05 Bosschenhoofd,2012,4.153631083063281,0.051366231919596494,NA,NA,NA,NA,NA
WK165505,Wijk 05 Bosschenhoofd,2014,4.140304852269966,0.03804000112628077,-0.0014372401446032298,0.03533334865010696,0.05686546993711249,-0.0970453563895541,0.044323779073218335
WK165505,Wijk 05 Bosschenhoofd,2016,4.163363088051452,0.06109823690776658,NA,NA,NA,NA,NA
WK165505,Wijk 05 Bosschenhoofd,2018,4.148740915147821,0.04647606400413518,0.0012468257221973154,0.043888597992756885,0.05286874958134741,-0.09472778391331725,0.04319967462115061
WK165505,Wijk 05 Bosschenhoofd,2020,4.145483568175732,0.0432187170320464,0.0026820046476494952,0.04973231880123337,0.04654438374976416,-0.09427321749699312,0.03853322733039219
WK165505,Wijk 05 Bosschenhoofd,2022,4.170605498346207,0.06834064720252157,0.012632879538883498,0.05652214212483914,0.04618040921504865,-0.09012277502536643,0.043127991349116414
WK165800,Wijk 00 Heeze,2002,4.106453121482438,0.004188270338751986,NA,NA,NA,NA,NA
WK165800,Wijk 00 Heeze,2008,4.121924434417446,0.019659583273761164,NA,NA,NA,NA,NA
WK165800,Wijk 00 Heeze,2012,4.145790013460118,0.04352516231643349,NA,NA,NA,NA,NA
WK165800,Wijk 00 Heeze,2014,4.171304505147604,0.06903965400391836,-0.015264392638571378,0.07244169649738756,0.052958210302289185,-0.08790368381163258,0.04680782365444527
WK165800,Wijk 00 Heeze,2016,4.214622377558568,0.11235752641488292,NA,NA,NA,NA,NA
WK165800,Wijk 00 Heeze,2018,4.178606375841817,0.07634152469813181,-0.00992023662431838,0.07634884013573215,0.051871163633076596,-0.08440899517681415,0.04245075273045532
WK165800,Wijk 00 Heeze,2020,4.18671562590757,0.08445077476388431,-0.007986891630482542,0.08249505643295432,0.04497235494099659,-0.08366014583586762,0.048630400856283285
WK165800,Wijk 00 Heeze,2022,4.190696772808481,0.08843192166479615,-0.004766993576665933,0.0860982693569703,0.044041629202060645,-0.08318320396095472,0.04624222064338555
WK165801,Wijk 01 Leende,2002,4.129882907593584,0.027618056449898478,NA,NA,NA,NA,NA
WK165801,Wijk 01 Leende,2008,4.119957815891836,0.017692964748151057,NA,NA,NA,NA,NA
WK165801,Wijk 01 Leende,2012,4.151751229090791,0.04948637794710575,NA,NA,NA,NA,NA
WK165801,Wijk 01 Leende,2014,4.203425594196081,0.10116074305239574,-0.013151687873433012,0.08508343741371917,0.07040808776519261,-0.09978092497399536,0.05860183072091207
WK165801,Wijk 01 Leende,2016,4.219251549087644,0.11698669794395865,NA,NA,NA,NA,NA
WK165801,Wijk 01 Leende,2018,4.222556552652681,0.12029170150899611,-0.005996327728727508,0.09502409024053096,0.06548513138372901,-0.09235246341211414,0.05813127102557753
WK165801,Wijk 01 Leende,2020,4.209634969915802,0.1073701187721169,-0.007965092806077066,0.08618425627251038,0.05891045261921432,-0.09026292056119947,0.06050342324766853
WK165801,Wijk 01 Leende,2022,4.204718128889336,0.1024532777456507,-0.0057126544832166795,0.09308125113305145,0.056514011633529836,-0.09642562003170758,0.05499628949399338
WK165802,Wijk 02 Leenderstrijp,2002,4.143593643936349,0.041328792792663036,NA,NA,NA,NA,NA
WK165802,Wijk 02 Leenderstrijp,2008,4.2011903744280215,0.09892552328433643,NA,NA,NA,NA,NA
WK165802,Wijk 02 Leenderstrijp,2012,4.223597261897641,0.12133241075395647,NA,NA,NA,NA,NA
WK165802,Wijk 02 Leenderstrijp,2014,4.241461655222041,0.13919680407835616,-0.021660470222478762,0.08163431780509167,0.13071869900040697,-0.15425792878728858,0.10276218628262451
WK165802,Wijk 02 Leenderstrijp,2016,4.248498830361741,0.14623397921805567,NA,NA,NA,NA,NA
WK165802,Wijk 02 Leenderstrijp,2018,4.283767266144058,0.18150241500037267,-9.793177119704712e-4,0.11012083183011885,0.11577624418277989,-0.14830368766123592,0.1048883443606801
WK165802,Wijk 02 Leenderstrijp,2020,4.266440280617053,0.16417542947336844,-0.008330492282367307,0.11156335209442408,0.10203430228400734,-0.1467346502249267,0.1056429176022307
WK165802,Wijk 02 Leenderstrijp,2022,4.274023994110822,0.17175914296713607,-0.012805053905701589,0.12097952629357517,0.10652391386875851,-0.14789757788918254,0.1049583345996861
WK165803,Wijk 03 Sterksel,2002,4.14386772568258,0.04160287453889447,NA,NA,NA,NA,NA
WK165803,Wijk 03 Sterksel,2008,4.1034514708347105,0.0011866196910255802,NA,NA,NA,NA,NA
WK165803,Wijk 03 Sterksel,2012,4.103383803308218,0.0011189521645332198,NA,NA,NA,NA,NA
WK165803,Wijk 03 Sterksel,2014,4.109278776091786,0.007013924948100935,-0.016879712026586547,0.08525672266482108,0.08268335297639111,-0.19915531585947183,0.05510887719294681
WK165803,Wijk 03 Sterksel,2016,4.152883566931381,0.05061871578769542,NA,NA,NA,NA,NA
WK165803,Wijk 03 Sterksel,2018,4.177925723583555,0.0756608724398703,0.024460960476879016,0.09449949030632517,0.08393985475368138,-0.18206457494700132,0.054825141849985784
WK165803,Wijk 03 Sterksel,2020,4.181018602134623,0.07875375099093727,0.015117353608997443,0.1082580817612345,0.07880219169496988,-0.17830579406716188,0.05488191799289716
WK165803,Wijk 03 Sterksel,2022,4.15608947460351,0.05382462345982437,0.001299323464054468,0.11357068394875242,0.07618715016667806,-0.19928410859170545,0.0620515744720446
WK165900,Wijk 00 Beek en Donk,2002,4.050307217731528,-0.05195763341215748,NA,NA,NA,NA,NA
WK165900,Wijk 00 Beek en Donk,2008,4.067120993063578,-0.03514385808010717,NA,NA,NA,NA,NA
WK165900,Wijk 00 Beek en Donk,2012,4.10550610439294,0.003241253249254662,NA,NA,NA,NA,NA
WK165900,Wijk 00 Beek en Donk,2014,4.087307994721513,-0.014956856422172274,-0.010955842857246089,0.04015719244106591,0.03210686734827654,-0.09838944440325904,0.02212437104899013
WK165900,Wijk 00 Beek en Donk,2016,4.129617885530592,0.027353034386906106,NA,NA,NA,NA,NA
WK165900,Wijk 00 Beek en Donk,2018,4.120075579205129,0.01781072806144423,-0.008621018920935447,0.062041834774314714,0.03122191249059278,-0.09304795111207655,0.02621595082954845
WK165900,Wijk 00 Beek en Donk,2020,4.140420768086007,0.03815591694232157,-0.00710990425204062,0.06440791052445642,0.027701830188828682,-0.07476412048632208,0.027920200967398896
WK165900,Wijk 00 Beek en Donk,2022,4.114782494154012,0.012517643010326516,-0.005117608162041456,0.058823428826421,0.02660354506606358,-0.10100467828352633,0.03321295556340946
WK165901,Wijk 01 Aarle-Rixtel,2002,4.0967731341990685,-0.005491716944616698,NA,NA,NA,NA,NA
WK165901,Wijk 01 Aarle-Rixtel,2008,4.132396340782213,0.030131489638527974,NA,NA,NA,NA,NA
WK165901,Wijk 01 Aarle-Rixtel,2012,4.144803656713731,0.04253880557004568,NA,NA,NA,NA,NA
WK165901,Wijk 01 Aarle-Rixtel,2014,4.150599338759449,0.04833448761576282,-0.010205975208057829,0.06362130642466073,0.04745869861395049,-0.08406244364902987,0.03152290143423905
WK165901,Wijk 01 Aarle-Rixtel,2016,4.170348057156598,0.068083206012913,NA,NA,NA,NA,NA
WK165901,Wijk 01 Aarle-Rixtel,2018,4.181953538304761,0.07968868716107587,-0.0032524906461497017,0.07941362056808056,0.04540254426516967,-0.07927672483838498,0.037401737812360086
WK165901,Wijk 01 Aarle-Rixtel,2020,4.185104913317409,0.08284006217372396,-7.021574042614449e-4,0.06948219052707064,0.038460221985359123,-0.060960615520852204,0.03656042258640758
WK165901,Wijk 01 Aarle-Rixtel,2022,4.176995174224146,0.07473032308046028,-0.0031115426594826878,0.0849575191958708,0.03830844595193244,-0.09278483119679787,0.0473607317889373
WK165902,Wijk 02 Lieshout,2002,4.043507768899929,-0.058757082243756635,NA,NA,NA,NA,NA
WK165902,Wijk 02 Lieshout,2008,4.098514382127963,-0.003750469015722835,NA,NA,NA,NA,NA
WK165902,Wijk 02 Lieshout,2012,4.131237560109859,0.02897270896617398,NA,NA,NA,NA,NA
WK165902,Wijk 02 Lieshout,2014,4.133816802993531,0.03155195184984526,0.008852893017903856,0.060355067473672544,0.059325902562597455,-0.1283668688605098,0.031384957656180885
WK165902,Wijk 02 Lieshout,2016,4.192302611751629,0.0900377606079436,NA,NA,NA,NA,NA
WK165902,Wijk 02 Lieshout,2018,4.167622958083181,0.06535810693949666,0.011195890974680314,0.09110637134167433,0.0597444948839449,-0.13225753817652988,0.03556888791572669
WK165902,Wijk 02 Lieshout,2020,4.186030451771483,0.08376560062779773,0.015110529192940514,0.08973346353402008,0.053708015134371165,-0.11125400961433901,0.03646760238080468
WK165902,Wijk 02 Lieshout,2022,4.1814498527283135,0.07918500158462827,0.015094977568741254,0.09440163606255403,0.054571055713409394,-0.13138919668090676,0.046506528920830105
WK165903,Wijk 03 Mariahout,2002,4.170315666370536,0.0680508152268505,NA,NA,NA,NA,NA
WK165903,Wijk 03 Mariahout,2008,4.16625954424227,0.06399469309858499,NA,NA,NA,NA,NA
WK165903,Wijk 03 Mariahout,2012,4.17952228363642,0.077257432492734,NA,NA,NA,NA,NA
WK165903,Wijk 03 Mariahout,2014,4.169041922075195,0.06677707093150953,0.01979085625452407,0.08592079031882939,0.09324091619276469,-0.1724045530113318,0.040229061176722994
WK165903,Wijk 03 Mariahout,2016,4.218824102981889,0.11655925183820423,NA,NA,NA,NA,NA
WK165903,Wijk 03 Mariahout,2018,4.21851664097754,0.11625178983385429,0.027294522765133167,0.11942230342148973,0.09966881300068965,-0.17406753893291943,0.04393368957946085
WK165903,Wijk 03 Mariahout,2020,4.2143448358861475,0.11207998474246218,0.027837729882601248,0.1149750689486509,0.08601876831463194,-0.15703779966122913,0.04028621725780694
WK165903,Wijk 03 Mariahout,2022,4.174353807442697,0.07208895629901152,0.01675361826770997,0.10076694410237842,0.08017838515504122,-0.18267355137353802,0.05706356014741962
WK166700,Wijk 00 Reusel,2002,4.1194973217678985,0.017232470624212893,NA,NA,NA,NA,NA
WK166700,Wijk 00 Reusel,2008,4.104484703433508,0.002219852289822921,NA,NA,NA,NA,NA
WK166700,Wijk 00 Reusel,2012,4.140165758307943,0.03790090716425788,NA,NA,NA,NA,NA
WK166700,Wijk 00 Reusel,2014,4.129125688022828,0.026860836879142716,0.0027580490721032013,0.051947845364806525,0.06172539153768797,-0.12853558068297105,0.03896513158751584
WK166700,Wijk 00 Reusel,2016,4.122382847797878,0.02011799665419269,NA,NA,NA,NA,NA
WK166700,Wijk 00 Reusel,2018,4.134828273665934,0.032563422522249086,0.003554492305792099,0.0497747819509007,0.06586049127540386,-0.12661612634926445,0.039989783339416565
WK166700,Wijk 00 Reusel,2020,4.132269693117947,0.030004841974261988,0.0037105922368706385,0.046693438124406704,0.06433321577692243,-0.12458634585845574,0.039853941694517635
WK166700,Wijk 00 Reusel,2022,4.147172007923969,0.044907156780284355,0.01008354333805074,0.059191003346261234,0.05808492165946205,-0.12531112519396573,0.04285881363047575
WK166701,Wijk 01 Hooge Mierde,2002,4.145043803126155,0.04277895198247033,NA,NA,NA,NA,NA
WK166701,Wijk 01 Hooge Mierde,2008,4.135916000399562,0.033651149255876915,NA,NA,NA,NA,NA
WK166701,Wijk 01 Hooge Mierde,2012,4.175602819959927,0.07333796881624208,NA,NA,NA,NA,NA
WK166701,Wijk 01 Hooge Mierde,2014,4.136608938841468,0.03434408769778373,0.00570771499811528,0.09149849346084192,0.08947134340430561,-0.21271992113907767,0.06038645697359833
WK166701,Wijk 01 Hooge Mierde,2016,4.1526098323717715,0.05034498122808618,NA,NA,NA,NA,NA
WK166701,Wijk 01 Hooge Mierde,2018,4.138395709791498,0.036130858647812424,0.0017113792981431333,0.09291230275919429,0.08237185447963655,-0.19431270815883642,0.05344803026967462
WK166701,Wijk 01 Hooge Mierde,2020,4.1458061595603954,0.04354130841671025,-4.147639667150876e-4,0.0824837406922815,0.0831940146494805,-0.18247056661661057,0.060748883658273634
WK166701,Wijk 01 Hooge Mierde,2022,4.150057809081322,0.04779295793763752,0.01135795456674253,0.09614401613790796,0.0761685892244269,-0.200383285950791,0.06450568395935083
WK166702,Wijk 02 Lage Mierde,2002,4.220280649951117,0.11801579880743203,NA,NA,NA,NA,NA
WK166702,Wijk 02 Lage Mierde,2008,4.168280241911392,0.06601539076770663,NA,NA,NA,NA,NA
WK166702,Wijk 02 Lage Mierde,2012,4.182739444419043,0.08047459327535766,NA,NA,NA,NA,NA
WK166702,Wijk 02 Lage Mierde,2014,4.160326294544468,0.05806144340078312,0.008432323370469058,0.08387288040502708,0.09245620619182758,-0.18253621102582598,0.055836244459285055
WK166702,Wijk 02 Lage Mierde,2016,4.21584996017935,0.11358510903566493,NA,NA,NA,NA,NA
WK166702,Wijk 02 Lage Mierde,2018,4.152491682033876,0.05022683089019027,0.013898541152925853,0.05906621878452426,0.08837127205596458,-0.16845241618466666,0.05734321508144197
WK166702,Wijk 02 Lage Mierde,2020,4.147778516860053,0.045513665716368126,0.011511061262331085,0.05713342060324272,0.08640156544166278,-0.16710893545299532,0.05757655386212654
WK166702,Wijk 02 Lage Mierde,2022,4.1236609613165305,0.021396110172845068,5.835523404515956e-4,0.06460585426130827,0.07894812882936503,-0.1869506418418925,0.06420921658361238
WK166703,Wijk 03 Hulsel,2002,4.117541971788233,0.015277120644548635,NA,NA,NA,NA,NA
WK166703,Wijk 03 Hulsel,2008,4.117703413735149,0.015438562591464006,NA,NA,NA,NA,NA
WK166703,Wijk 03 Hulsel,2012,4.160736823963462,0.058471972819776286,NA,NA,NA,NA,NA
WK166703,Wijk 03 Hulsel,2014,4.168983298681598,0.06671844753791278,0.0021684302495435653,0.09356455005376282,0.09767062925361891,-0.19437819942464457,0.06769303740563175
WK166703,Wijk 03 Hulsel,2016,4.196479888538259,0.09421503739457363,NA,NA,NA,NA,NA
WK166703,Wijk 03 Hulsel,2018,4.158108316349518,0.05584346520583187,0.011662318804174055,0.0794022182307261,0.08643856412568306,-0.18916725061166031,0.06750761465690878
WK166703,Wijk 03 Hulsel,2020,4.1473595153641085,0.045094664220423505,0.0094043304252481065,0.0621417665442034,0.09245940973143829,-0.18626972849957485,0.06735888601910822
WK166703,Wijk 03 Hulsel,2022,4.180802109283343,0.07853725813965844,0.014137484949459943,0.10045874797184498,0.08529556618750651,-0.19243239600445755,0.07107785503530428
WK166901,Montfort,2002,4.11807846247832,0.015813611334634863,NA,NA,NA,NA,NA
WK166901,Montfort,2008,4.1191049800306265,0.01684012888694199,NA,NA,NA,NA,NA
WK166901,Montfort,2012,4.15015335424154,0.04788850309785479,NA,NA,NA,NA,NA
WK166901,Montfort,2014,4.143317164488473,0.041052313344787365,-0.008389351900387653,0.09484910513506684,0.07362135378731897,-0.16867753563290738,0.04964874195569632
WK166901,Montfort,2016,4.161366637173767,0.059101786030082336,NA,NA,NA,NA,NA
WK166901,Montfort,2018,4.153646994537505,0.05138214339382041,-0.002052074328367284,0.0772563910593765,0.0736388973210128,-0.14996273806309837,0.0525016674048965
WK166901,Montfort,2020,4.152029386836635,0.04976453569295054,0.006933478719536258,0.06347636087285158,0.05521471790255598,-0.1286033492353984,0.05274332743340488
WK166901,Montfort,2022,4.155393899143318,0.053129047999633194,0.009922669219323154,0.07272654893067468,0.05008511297300259,-0.1380526149612306,0.0584473318378631
WK166902,Sint Odiliënberg,2002,4.103536071298823,0.001271220155137885,NA,NA,NA,NA,NA
WK166902,Sint Odiliënberg,2008,4.126488431021466,0.02422357987778008,NA,NA,NA,NA,NA
WK166902,Sint Odiliënberg,2012,4.159598194482613,0.05733334333892836,NA,NA,NA,NA,NA
WK166902,Sint Odiliënberg,2014,4.154805867783794,0.05254101664010914,0.020235066317857993,0.08596374900385086,0.04496421406340294,-0.14152016356076133,0.0428981508157584
WK166902,Sint Odiliënberg,2016,4.149053885201479,0.04678903405779318,NA,NA,NA,NA,NA
WK166902,Sint Odiliënberg,2018,4.17154923838679,0.06928438724310504,0.01797298335160265,0.07867452603840645,0.042953592594714124,-0.11431715174056305,0.04400043699894455
WK166902,Sint Odiliënberg,2020,4.169366086501255,0.06710123535757026,0.02275713076329484,0.07360728554842676,0.03372095315419492,-0.10795625022486402,0.044972116116517476
WK166902,Sint Odiliënberg,2022,4.1641000063260485,0.06183515518236318,0.02640850723257367,0.075292170547370807,0.03101722618785769,-0.11687480963709058,0.04599206085165126
WK166903,Melick,2002,4.111312215144034,0.009047364000348855,NA,NA,NA,NA,NA
WK166903,Melick,2008,4.139907276553908,0.03764242541022272,NA,NA,NA,NA,NA
WK166903,Melick,2012,4.153274937105766,0.05101008596208088,NA,NA,NA,NA,NA
WK166903,Melick,2014,4.1277502873282845,0.025485436184599114,-0.00624457019083972,0.06880962644573228,0.04329105622375306,-0.12035766491540725,0.039986988621360436
WK166903,Melick,2016,4.128344050603345,0.026079199459659804,NA,NA,NA,NA,NA
WK166903,Melick,2018,4.150734871037761,0.04847001989407613,0.004301751350294883,0.04728375999331701,0.040284591805531046,-0.08313070817545197,0.03973062492038485
WK166903,Melick,2020,4.174841623834031,0.07257677269034585,0.013692659390490244,0.04615561525842298,0.034776797128351356,-0.06333086411562794,0.04128256502870892
WK166903,Melick,2022,4.166039344604397,0.06377449346071176,0.017209438288009145,0.04926024333511596,0.03141490437556762,-0.07451029092034724,0.04040019838236597
WK166904,Posterholt,2002,4.068330695302553,-0.033934155841132616,NA,NA,NA,NA,NA
WK166904,Posterholt,2008,4.058139530296116,-0.04412532084756874,NA,NA,NA,NA,NA
WK166904,Posterholt,2012,4.101937562139659,-3.2728900402604797e-4,NA,NA,NA,NA,NA
WK166904,Posterholt,2014,4.096617995279342,-0.0056468558643431544,-0.017698758350836757,0.07223751404286315,0.04893606405316502,-0.14456785126708666,0.035446175657551766
WK166904,Posterholt,2016,4.104254465952016,0.0019896148083305048,NA,NA,NA,NA,NA
WK166904,Posterholt,2018,4.098786063392664,-0.0034787877510210506,-0.012447013017755018,0.05226423044605899,0.04782431794280848,-0.13059972556007104,0.039479402437937204
WK166904,Posterholt,2020,4.1097236872078415,0.007458836064156832,4.88577263806124e-5,0.049419388609964685,0.043761169847890496,-0.12647097605600338,0.04070039593592414
WK166904,Posterholt,2022,4.120216193052341,0.017951341908655993,0.013265763363884056,0.051497919819516826,0.036612412881627955,-0.128296117719228,0.04487136356285478
WK166905,Herkenbosch,2002,4.054390881686121,-0.04787396945756397,NA,NA,NA,NA,NA
WK166905,Herkenbosch,2008,4.067148959023655,-0.03511589212003102,NA,NA,NA,NA,NA
WK166905,Herkenbosch,2012,4.086512865912023,-0.015751985231661752,NA,NA,NA,NA,NA
WK166905,Herkenbosch,2014,4.098082150119028,-0.004182701024657636,-0.009325418101999232,0.06302922910821554,0.043364189449805246,-0.12631130647970906,0.025060604999029547
WK166905,Herkenbosch,2016,4.1046399823504345,0.0023751312067486745,NA,NA,NA,NA,NA
WK166905,Herkenbosch,2018,4.129945387759059,0.027680536615373518,0.003880071171816395,0.06303911649157666,0.03888285994726375,-0.10895267177695252,0.03083116078166895
WK166905,Herkenbosch,2020,4.130477786685782,0.028212935542096834,0.014339833263298869,0.05827173920958207,0.03246845416387944,-0.10687244455589424,0.030005353461230427
WK166905,Herkenbosch,2022,4.128769249537825,0.026504398394140247,0.018119659906409662,0.051792094026435725,0.028821751350335614,-0.10887072393166015,0.03664161704261908
WK166906,Vlodrop,2002,4.056389635733566,-0.04587521541011932,NA,NA,NA,NA,NA
WK166906,Vlodrop,2008,4.075268318396896,-0.026996532746789648,NA,NA,NA,NA,NA
WK166906,Vlodrop,2012,4.105930922097179,0.0036660709534933203,NA,NA,NA,NA,NA
WK166906,Vlodrop,2014,4.0788093456796455,-0.023455505464039843,-0.0036870422320313323,0.05789660070452417,0.04508818727921347,-0.16792441813160555,0.04517116691585916
WK166906,Vlodrop,2016,4.058550958952883,-0.043713892190803114,NA,NA,NA,NA,NA
WK166906,Vlodrop,2018,4.0882529042213624,-0.014011946922322433,0.009352583365023792,0.05127146987330053,0.04692075461354363,-0.16220451852555737,0.04064776375136667
WK166906,Vlodrop,2020,4.110422736385445,0.00815788524175983,0.020350254270513898,0.055716659869043124,0.03648003984602653,-0.14946090584035898,0.04507183709653505
WK166906,Vlodrop,2022,4.105121309849369,0.002856458705683166,0.026613888206224987,0.051254126863973654,0.03089039051000598,-0.15487152196809642,0.04896957509357469
WK167400,Wijk 00 Centrum,2002,4.00861809240131,-0.09364675874237516,NA,NA,NA,NA,NA
WK167400,Wijk 00 Centrum,2008,4.024896667249812,-0.0773681838938733,NA,NA,NA,NA,NA
WK167400,Wijk 00 Centrum,2012,4.012996464291926,-0.08926838685175978,NA,NA,NA,NA,NA
WK167400,Wijk 00 Centrum,2014,3.977822315623344,-0.1244425355203411,-0.018951390199427254,-0.13707802895495289,-0.01943130044199313,0.04823603260225984,0.002782151473772093
WK167400,Wijk 00 Centrum,2016,3.9964038199369925,-0.10586103120669273,NA,NA,NA,NA,NA
WK167400,Wijk 00 Centrum,2018,3.940102895211541,-0.16216195593214425,-0.014169116440856893,-0.1566257667280757,-0.023915569848816296,0.04158565223686536,-0.009037155151261021
WK167400,Wijk 00 Centrum,2020,3.973592612449804,-0.1286722386938811,-0.011292604913988244,-0.16232181947431354,-0.021991928724016726,0.05563740474077197,0.011296709677665088
WK167400,Wijk 00 Centrum,2022,3.967470359360577,-0.13479449178310854,-0.014427702953286091,-0.11738917049346076,-0.020978783742764556,0.031723605932069986,-0.013722440525667392
WK167401,Wijk 01 Oost,2002,3.967753526153462,-0.1345113249902229,NA,NA,NA,NA,NA
WK167401,Wijk 01 Oost,2008,3.967201865148971,-0.1350629859947143,NA,NA,NA,NA,NA
WK167401,Wijk 01 Oost,2012,3.961830150356074,-0.14043470078761097,NA,NA,NA,NA,NA
WK167401,Wijk 01 Oost,2014,3.9753466071462755,-0.12691824399740936,-0.02865422235115876,-0.0838693420959983,-0.01255152408585009,0.003872044112055811,-0.005715199576458354
WK167401,Wijk 01 Oost,2016,3.990313959909207,-0.11195089123447843,NA,NA,NA,NA,NA
WK167401,Wijk 01 Oost,2018,3.9640449637550654,-0.1382198873886198,-0.024228870929972574,-0.1002804411792706,-0.01623760443991282,0.0076823135358377445,-0.005155284375301828
WK167401,Wijk 01 Oost,2020,3.9585340547341357,-0.1437307964095496,-0.021215295978018366,-0.11925327732882807,-0.017554183218112543,0.019024742996940985,-0.004732782881531941
WK167401,Wijk 01 Oost,2022,3.9758642800898554,-0.1264005710538299,-0.017574947234208202,-0.09033276248033548,-0.011495317339390895,-0.006730170944940658,-2.6737305495493194e-4
WK167402,Wijk 02 Noord,2002,3.820705589690587,-0.28155926145309806,NA,NA,NA,NA,NA
WK167402,Wijk 02 Noord,2008,3.866888460832056,-0.2353763903116294,NA,NA,NA,NA,NA
WK167402,Wijk 02 Noord,2012,3.883434959019221,-0.21882989212446385,NA,NA,NA,NA,NA
WK167402,Wijk 02 Noord,2014,3.8751660294869126,-0.22709882165677264,-0.03787877676597996,-0.12341498007711056,-0.02738486475470269,-0.010027787935237379,-0.02839241212374235
WK167402,Wijk 02 Noord,2016,3.895263533649674,-0.20700131749401082,NA,NA,NA,NA,NA
WK167402,Wijk 02 Noord,2018,3.8412330881702683,-0.261031762973417,-0.0365426108680205,-0.1541762256173258,-0.028290791389907102,-0.010461196977968774,-0.0315609381201951
WK167402,Wijk 02 Noord,2020,3.8596211381510237,-0.2426437129926617,-0.030376682970158612,-0.1650440748847314,-0.02794906212689014,-0.002951546368686987,-0.016322346642194813
WK167402,Wijk 02 Noord,2022,3.871481734174801,-0.2307831169688843,-0.034548664757402286,-0.13480377212672573,-0.023591373191156017,-0.022245224234470198,-0.01559408265913033
WK167403,Wijk 03 West,2002,3.84531186531482,-0.2569529858288654,NA,NA,NA,NA,NA
WK167403,Wijk 03 West,2008,3.8414151598082857,-0.26084969133539926,NA,NA,NA,NA,NA
WK167403,Wijk 03 West,2012,3.8781339848122367,-0.22413086633144852,NA,NA,NA,NA,NA
WK167403,Wijk 03 West,2014,3.8463128114704745,-0.2559520396732109,-0.040807273633575926,-0.1521610858663581,-0.024267705629640316,-0.0012430620901800157,-0.03747291245345685
WK167403,Wijk 03 West,2016,3.760096274511524,-0.34216857663216144,NA,NA,NA,NA,NA
WK167403,Wijk 03 West,2018,3.846066365864386,-0.25619848527929945,-0.03787429616149912,-0.14743692471576156,-0.023737445495067042,-0.009633951406534703,-0.037515867500437276
WK167403,Wijk 03 West,2020,3.879488528023329,-0.22277632312035608,-0.03456394488516442,-0.14244388691469298,-0.022048004925074183,0.002869395873796631,-0.02658988226922136
WK167403,Wijk 03 West,2022,3.8411314424504885,-0.261133408693197,-0.03008320799823049,-0.13892782156589256,-0.033932510184315694,-0.019651262292328817,-0.03853860665242974
WK167404,Wijk 04 Groot Kroeven,2002,3.956586581198638,-0.1456782699450477,NA,NA,NA,NA,NA
WK167404,Wijk 04 Groot Kroeven,2008,3.9400806520951,-0.16218419904858497,NA,NA,NA,NA,NA
WK167404,Wijk 04 Groot Kroeven,2012,3.959441025186048,-0.1428238259576375,NA,NA,NA,NA,NA
WK167404,Wijk 04 Groot Kroeven,2014,3.9521392544225007,-0.15012559672118456,-0.0026675765443376948,-0.07093690018953047,-0.017641893471914496,-0.04528797335293927,-0.013591253162462917
WK167404,Wijk 04 Groot Kroeven,2016,3.9541757593608353,-0.14808909178285012,NA,NA,NA,NA,NA
WK167404,Wijk 04 Groot Kroeven,2018,3.9819388001271583,-0.12032605101652669,-0.0014067164966499914,-0.05328670567189905,-0.012538260723305042,-0.04262344408234076,-0.010470924042332139
WK167404,Wijk 04 Groot Kroeven,2020,4.008354568830403,-0.09391028231328234,0.004573919210785951,-0.034979657838468584,-0.016163062194473672,-0.03754305773507323,-0.009798423756053016
WK167404,Wijk 04 Groot Kroeven,2022,3.9734774697607063,-0.12878738138297877,0.008631628561378434,-0.052441231576043114,-0.01593970026731271,-0.05576224366480178,-0.013275834436199875
WK167405,Wijk 05 Langdonk,2002,3.9802879341561126,-0.1219769169875729,NA,NA,NA,NA,NA
WK167405,Wijk 05 Langdonk,2008,3.9562153862479357,-0.14604946489574966,NA,NA,NA,NA,NA
WK167405,Wijk 05 Langdonk,2012,3.963902760537271,-0.13836209060641408,NA,NA,NA,NA,NA
WK167405,Wijk 05 Langdonk,2014,3.9099083944337014,-0.19235645670998375,0.004204648375097964,-0.11511854298425818,-0.012548667327668605,-0.0374836041598286,-0.03141029061332661
WK167405,Wijk 05 Langdonk,2016,3.9259741658839005,-0.17629068525978503,NA,NA,NA,NA,NA
WK167405,Wijk 05 Langdonk,2018,3.9522558657500255,-0.15000898539365948,0.003964926267106682,-0.08098377194352067,-0.012392416824972276,-0.03996486376880003,-0.02063285912347347
WK167405,Wijk 05 Langdonk,2020,3.9960618720529424,-0.10620297909074276,0.013140306467222407,-0.07290131437585874,-0.010458395741138998,-0.0298004178276786,-0.006183157613289082
WK167405,Wijk 05 Langdonk,2022,3.9429064963799845,-0.1593583547637006,0.017227463150080058,-0.10143117598759939,-0.009783069948065987,-0.047659720602930195,-0.01771185137518536
WK167406,Wijk 06 Kortendijk,2002,4.01981321323985,-0.08245163790383535,NA,NA,NA,NA,NA
WK167406,Wijk 06 Kortendijk,2008,4.011551762173611,-0.09071308897007432,NA,NA,NA,NA,NA
WK167406,Wijk 06 Kortendijk,2012,4.0294736829273665,-0.07279116821631877,NA,NA,NA,NA,NA
WK167406,Wijk 06 Kortendijk,2014,4.035563019403434,-0.06670183174025102,-8.440660601330557e-4,-0.02953562112493705,0.017833518969740097,-0.06427300356358968,0.010117340038668416
WK167406,Wijk 06 Kortendijk,2016,4.038619668971906,-0.06364518217177875,NA,NA,NA,NA,NA
WK167406,Wijk 06 Kortendijk,2018,4.059171003795186,-0.043093847348500115,8.849283885926982e-4,-0.01640392404162613,0.014963362755089507,-0.06750534125622823,0.02496712680567174
WK167406,Wijk 06 Kortendijk,2020,4.045954474267123,-0.05631037687656185,2.0561433656873882e-4,-0.018909360704168432,0.013820903129969002,-0.06798716611286412,0.016559632473932683
WK167406,Wijk 06 Kortendijk,2022,4.053176758684833,-0.04908809245885222,0.007825621738635383,-0.013901317053627418,0.017717788472365156,-0.08705239148480823,0.026322205868582554
WK167407,Wijk 07 Tolberg,2002,4.052314066817723,-0.04995078432596188,NA,NA,NA,NA,NA
WK167407,Wijk 07 Tolberg,2008,4.049978205543349,-0.05228664560033594,NA,NA,NA,NA,NA
WK167407,Wijk 07 Tolberg,2012,4.070329748896425,-0.031935102247260115,NA,NA,NA,NA,NA
WK167407,Wijk 07 Tolberg,2014,4.069130396326253,-0.0331344548174318,-0.003806113452489311,0.01717748215295469,0.024612475673043192,-0.08358911795642131,0.012470818765480628
WK167407,Wijk 07 Tolberg,2016,4.101705161885608,-5.59689258077425e-4,NA,NA,NA,NA,NA
WK167407,Wijk 07 Tolberg,2018,4.113829860344103,0.011565009200417581,0.003730018982390984,0.04937264716531404,0.027266826632523306,-0.08872023033934771,0.019915746759536657
WK167407,Wijk 07 Tolberg,2020,4.131166563667905,0.028901712524219345,0.0027209906242945986,0.06891271600770785,0.0225482656358588,-0.0820865593326848,0.016806299589042607
WK167407,Wijk 07 Tolberg,2022,4.090134264110217,-0.012130587033467938,0.005444249225936801,0.03930233522634639,0.022523085840766705,-0.10088301962736497,0.021482762300846843
WK167408,Wijk 08 Industriegebieden,2002,4.078151185544722,-0.02411366559896295,NA,NA,NA,NA,NA
WK167408,Wijk 08 Industriegebieden,2008,4.072930396367652,-0.029334454776032515,NA,NA,NA,NA,NA
WK167408,Wijk 08 Industriegebieden,2012,4.062929568251832,-0.03933528289185297,NA,NA,NA,NA,NA
WK167408,Wijk 08 Industriegebieden,2014,4.074534060222005,-0.0277307909216803,-0.11896468562597821,-0.007067773074286139,0.10056474166383653,-0.06578387631986211,0.06352080243460942
WK167408,Wijk 08 Industriegebieden,2016,4.089232435682368,-0.01303241546131708,NA,NA,NA,NA,NA
WK167408,Wijk 08 Industriegebieden,2018,4.038107016831065,-0.06415783431262034,-0.1313819574543961,-0.033548563746432475,0.1042237077821528,-0.08122848226534513,0.0777774613714004
WK167408,Wijk 08 Industriegebieden,2020,4.065808034430709,-0.036456816712976355,-0.11492777806809977,-0.0015811537669915064,0.0873566975255384,-0.07279853437973974,0.06549395197631595
WK167408,Wijk 08 Industriegebieden,2022,4.020685191675318,-0.08157965946836768,-0.12155895393959076,-0.0025718598246428914,0.07853561231709534,-0.08444060155052426,0.04845614352929463
WK167410,Wijk 10 Nispen,2002,4.131701654192346,0.029436803048661288,NA,NA,NA,NA,NA
WK167410,Wijk 10 Nispen,2008,4.129999964629616,0.027735113485930756,NA,NA,NA,NA,NA
WK167410,Wijk 10 Nispen,2012,4.160081512542911,0.05781666139922615,NA,NA,NA,NA,NA
WK167410,Wijk 10 Nispen,2014,4.156868610532836,0.05460375938915123,-0.023167053784033463,0.08123790972126688,0.07767714368364836,-0.13561789492382462,0.05447365469209369
WK167410,Wijk 10 Nispen,2016,4.145030165033664,0.042765313889978895,NA,NA,NA,NA,NA
WK167410,Wijk 10 Nispen,2018,4.134830879209085,0.03256602806540058,-0.008148477051596345,0.06272671726159391,0.06946819829744352,-0.14155819851205237,0.05007778807001161
WK167410,Wijk 10 Nispen,2020,4.176102392481478,0.0738375413377932,-0.011689043688167,0.07127784126994591,0.08256194024842123,-0.12355094622432837,0.05523774973192118
WK167410,Wijk 10 Nispen,2022,4.151665263700706,0.049400412557020726,-0.005328584843544798,0.0719659223721052,0.08058990273851435,-0.1526228763984194,0.05479604868836514
WK167411,Wijk 11 Wouw,2002,4.115614513365496,0.013349662221810795,NA,NA,NA,NA,NA
WK167411,Wijk 11 Wouw,2008,4.109059397630836,0.006794546487150718,NA,NA,NA,NA,NA
WK167411,Wijk 11 Wouw,2012,4.130809096230749,0.02854424508706361,NA,NA,NA,NA,NA
WK167411,Wijk 11 Wouw,2014,4.140607189930936,0.038342338787251073,-0.007711068762366977,0.05285160253022266,0.047235702917913874,-0.09854359019644011,0.04450969229792135
WK167411,Wijk 11 Wouw,2016,4.154736443672453,0.05247159252876844,NA,NA,NA,NA,NA
WK167411,Wijk 11 Wouw,2018,4.154957775701314,0.052692924557629375,-5.981513551542279e-4,0.06949307480923145,0.046268063793665604,-0.10088436926999156,0.038414306579877835
WK167411,Wijk 11 Wouw,2020,4.171965576122872,0.06970072497918635,0.004668158868450349,0.06879495218241674,0.044337391845180776,-0.08482666146448792,0.0367268835476261
WK167411,Wijk 11 Wouw,2022,4.157095437531476,0.05483058638779039,0.005039772133345883,0.07574899673397095,0.04222408560136437,-0.10751387787349298,0.039331609792601904
WK167412,Wijk 12 Heerle,2002,4.176017697849126,0.07375284670544031,NA,NA,NA,NA,NA
WK167412,Wijk 12 Heerle,2008,4.152752726409528,0.05048787526584216,NA,NA,NA,NA,NA
WK167412,Wijk 12 Heerle,2012,4.165896715118944,0.06363186397525884,NA,NA,NA,NA,NA
WK167412,Wijk 12 Heerle,2014,4.170066426826472,0.06780157568278757,-0.023984610404357908,0.07771525520828725,0.08058547740283066,-0.13113318339797697,0.06461863687400432
WK167412,Wijk 12 Heerle,2016,4.18603293193809,0.08376808079440456,NA,NA,NA,NA,NA
WK167412,Wijk 12 Heerle,2018,4.1819871925864724,0.07972234144278725,-0.012273391061338335,0.0849720853798187,0.07463867300779968,-0.12505668903384048,0.05744166315034743
WK167412,Wijk 12 Heerle,2020,4.180289091157062,0.07802424001337625,-0.011239486256592103,0.07679076988476287,0.07046108154841106,-0.11543518643013802,0.057447061266932165
WK167412,Wijk 12 Heerle,2022,4.181907039510278,0.07964218836659373,-0.013648257779110195,0.10178862118257663,0.06488070886076704,-0.13079120860418156,0.057412324706541604
WK167413,Wijk 13 Moerstraten,2002,4.150338658271118,0.04807380712743297,NA,NA,NA,NA,NA
WK167413,Wijk 13 Moerstraten,2008,4.153776680109149,0.05151182896546331,NA,NA,NA,NA,NA
WK167413,Wijk 13 Moerstraten,2012,4.157048327785496,0.054783476641810915,NA,NA,NA,NA,NA
WK167413,Wijk 13 Moerstraten,2014,4.152773715736003,0.050508864592317335,-0.03162989442964274,0.09227182586963259,0.09533482473513076,-0.18358853067720896,0.0781206390944055
WK167413,Wijk 13 Moerstraten,2016,4.152483874969277,0.05021902382559164,NA,NA,NA,NA,NA
WK167413,Wijk 13 Moerstraten,2018,4.176610143921984,0.07434529277829882,-0.01048812399222728,0.1038224244818093,0.10438085328540679,-0.19560285174100087,0.07223299074431064
WK167413,Wijk 13 Moerstraten,2020,4.170769767043821,0.06850491590013591,-0.018061442763201756,0.10847184502557164,0.10258022419718917,-0.19757661895036235,0.07309090839093896
WK167413,Wijk 13 Moerstraten,2022,4.148454457343386,0.04618960619970127,-0.011849989907705775,0.1107731864339739,0.09382723065017538,-0.2021164167222931,0.05555559574555067
WK167414,Wijk 14 Wouwse Plantage,2002,4.196535102880076,0.09427025173638992,NA,NA,NA,NA,NA
WK167414,Wijk 14 Wouwse Plantage,2008,4.135844719254302,0.0335798681106167,NA,NA,NA,NA,NA
WK167414,Wijk 14 Wouwse Plantage,2012,4.139077973153375,0.036813122009689676,NA,NA,NA,NA,NA
WK167414,Wijk 14 Wouwse Plantage,2014,4.170791734182064,0.06852688303837841,-0.017925844098204552,0.05959336815300897,0.12249404558191891,-0.17463510822294404,0.07900042162459892
WK167414,Wijk 14 Wouwse Plantage,2016,4.176047481175087,0.07378263003140162,NA,NA,NA,NA,NA
WK167414,Wijk 14 Wouwse Plantage,2018,4.156931150375979,0.054666299232294435,-0.005296544921196984,0.07106862896854502,0.10717405242974695,-0.18321274767059975,0.06493291042579889
WK167414,Wijk 14 Wouwse Plantage,2020,4.144593270772577,0.04232841962889254,-0.011385880476030986,0.05641199795713607,0.10304191791638365,-0.16978892096079717,0.06404930519220067
WK167414,Wijk 14 Wouwse Plantage,2022,4.153637836420225,0.05137298527654008,-0.008971118555326311,0.07084667740911176,0.10553095611162618,-0.18152772814107984,0.06549419845220797
WK167600,Wijk 00 Zierikzee,2002,4.060357886218993,-0.0419069649246921,NA,NA,NA,NA,NA
WK167600,Wijk 00 Zierikzee,2008,4.089183754537952,-0.0130810966057326,NA,NA,NA,NA,NA
WK167600,Wijk 00 Zierikzee,2012,4.0761554430495135,-0.026109408094171845,NA,NA,NA,NA,NA
WK167600,Wijk 00 Zierikzee,2014,4.120090325877842,0.017825474734156754,0.05124757384759361,0.015429780871590089,0.0019894009647092275,-0.07410618740611746,0.023264906456381004
WK167600,Wijk 00 Zierikzee,2016,4.12140166198419,0.01913681084050436,NA,NA,NA,NA,NA
WK167600,Wijk 00 Zierikzee,2018,4.14525591029174,0.042991059148054865,0.04566500737528976,0.03595280873973512,0.002323002266256872,-0.07517390397421654,0.03422414474098936
WK167600,Wijk 00 Zierikzee,2020,4.160510572351874,0.058245721208188155,0.048371985638167136,0.04751242980519665,0.005717859622225786,-0.07465686826626904,0.03130031440886732
WK167600,Wijk 00 Zierikzee,2022,4.219908271721418,0.11764342057773307,0.04883876632421551,0.04504824260758879,0.006605163932953706,-0.023540117909538125,0.04069136562251289
WK167601,Wijk 01 Brouwershaven,2002,4.0502842944145625,-0.05198055672912294,NA,NA,NA,NA,NA
WK167601,Wijk 01 Brouwershaven,2008,4.059175175900093,-0.04308967524359137,NA,NA,NA,NA,NA
WK167601,Wijk 01 Brouwershaven,2012,4.0654413886884635,-0.036823462455221175,NA,NA,NA,NA,NA
WK167601,Wijk 01 Brouwershaven,2014,4.110497462180464,0.008232611036779344,0.06406966412890468,0.083904763128226,0.03334992340492981,-0.2184695015564868,0.04537776193120542
WK167601,Wijk 01 Brouwershaven,2016,4.152765959948719,0.05050110880503469,NA,NA,NA,NA,NA
WK167601,Wijk 01 Brouwershaven,2018,4.1089148589880375,0.006650007844352477,0.05317030232478858,0.08585101845313663,0.0391826277111354,-0.2213594381427933,0.0498054974980849
WK167601,Wijk 01 Brouwershaven,2020,4.13654917168992,0.034284320546234794,0.0592179700473588,0.09544472002186753,0.04657313879675605,-0.2183563179851435,0.05140480966539563
WK167601,Wijk 01 Brouwershaven,2022,4.140897013940351,0.03863216279666556,0.06106260396649016,0.08510602554805353,0.0406160231029996,-0.20604557173899304,0.05789308191811506
WK167602,Wijk 02 Zonnemaire,2002,4.026241691656169,-0.07602315948751621,NA,NA,NA,NA,NA
WK167602,Wijk 02 Zonnemaire,2008,4.034807893165399,-0.06745695797828617,NA,NA,NA,NA,NA
WK167602,Wijk 02 Zonnemaire,2012,4.027572463812843,-0.07469238733084164,NA,NA,NA,NA,NA
WK167602,Wijk 02 Zonnemaire,2014,4.064001268267548,-0.03826358287613774,0.03943785653837839,0.06364354663798037,0.07019930315742301,-0.23311480488635322,0.021570515676433463
WK167602,Wijk 02 Zonnemaire,2016,4.122231150627619,0.0199662994839342,NA,NA,NA,NA,NA
WK167602,Wijk 02 Zonnemaire,2018,4.102528238885385,2.6338774169913165e-4,0.03500778977747881,0.07921989067075977,0.06745855625014292,-0.2339297102654097,0.052506861308727094
WK167602,Wijk 02 Zonnemaire,2020,4.115826701138055,0.013561849994370068,0.037931978760545736,0.08418526949454064,0.06899744443287194,-0.2253261661870411,0.04777332349345259
WK167602,Wijk 02 Zonnemaire,2022,4.1369699622988945,0.03470511115520904,0.04624216264060013,0.09050134042118597,0.06459019704493416,-0.22849701647611556,0.061868427524604
WK167603,Wijk 03 Dreischor,2002,4.079602741843988,-0.022662109299697163,NA,NA,NA,NA,NA
WK167603,Wijk 03 Dreischor,2008,4.126089304011904,0.023824452868218795,NA,NA,NA,NA,NA
WK167603,Wijk 03 Dreischor,2012,4.121040972196116,0.018776121052431333,NA,NA,NA,NA,NA
WK167603,Wijk 03 Dreischor,2014,4.080069996456792,-0.022194854686893067,0.022611479286959228,0.04431991016727652,0.05297860944291781,-0.2108670480295069,0.06876219444545997
WK167603,Wijk 03 Dreischor,2016,4.083795838713042,-0.01846901243064233,NA,NA,NA,NA,NA
WK167603,Wijk 03 Dreischor,2018,4.096569481899681,-0.005695369244004468,0.02227487914630464,0.05738883512589608,0.05552041170369053,-0.21180214353789115,0.07092264831799516
WK167603,Wijk 03 Dreischor,2020,4.091344155375391,-0.010920695768294238,0.020118851917270707,0.06286692645249216,0.04439995694491554,-0.20867099918481996,0.07036456810184705
WK167603,Wijk 03 Dreischor,2022,4.13192510434374,0.02966025320005475,0.03242557347109154,0.06964714226398143,0.05231006147468857,-0.2031964020196908,0.0784738780099837
WK167604,Wijk 04 Noordgouwe,2002,4.14605571609441,0.04379086495072479,NA,NA,NA,NA,NA
WK167604,Wijk 04 Noordgouwe,2008,4.173556952177052,0.07129210103336718,NA,NA,NA,NA,NA
WK167604,Wijk 04 Noordgouwe,2012,4.178237458978867,0.07597260783518142,NA,NA,NA,NA,NA
WK167604,Wijk 04 Noordgouwe,2014,4.226168951291634,0.12390410014794859,0.04827652292044844,0.09038722348795233,0.09266236631760646,-0.19485340012227942,0.08743138754422047
WK167604,Wijk 04 Noordgouwe,2016,4.260015816447065,0.15775096530337968,NA,NA,NA,NA,NA
WK167604,Wijk 04 Noordgouwe,2018,4.252406458145552,0.15014160700186716,0.051007525784041975,0.10369301689626356,0.10103051057777804,-0.19566626801547726,0.09007682175926053
WK167604,Wijk 04 Noordgouwe,2020,4.2607695387866205,0.1585046876429351,0.05404566299810551,0.11579554565265573,0.08942387146486432,-0.19592784961599355,0.0951674571433028
WK167604,Wijk 04 Noordgouwe,2022,4.271877032029048,0.16961218088536234,0.05674208170055966,0.09788294474678971,0.08162651476586716,-0.16785200291575297,0.10121264258789846
WK167605,Wijk 05 Bruinisse,2002,4.042112782478701,-0.060152068664984765,NA,NA,NA,NA,NA
WK167605,Wijk 05 Bruinisse,2008,4.075657822255313,-0.026607028888372405,NA,NA,NA,NA,NA
WK167605,Wijk 05 Bruinisse,2012,4.0086712566697456,-0.09359359447393925,NA,NA,NA,NA,NA
WK167605,Wijk 05 Bruinisse,2014,4.1215666094148045,0.019301758271119157,0.0715887319919602,0.06483546469476335,0.04779361184567832,-0.16673194821373497,0.0018158979524519725
WK167605,Wijk 05 Bruinisse,2016,4.117768684716073,0.015503833572387958,NA,NA,NA,NA,NA
WK167605,Wijk 05 Bruinisse,2018,4.107006849371012,0.0047419982273270295,0.05587546651398352,0.05117572274226711,0.03596350160984171,-0.15152302084124292,0.013250328202477362
WK167605,Wijk 05 Bruinisse,2020,4.122270458436658,0.020005607292973186,0.06155719408966523,0.07928301165138561,0.034592163291147913,-0.16132160917808253,0.005894847438856774
WK167605,Wijk 05 Bruinisse,2022,4.170495453979646,0.06823060283596068,0.06259616171785723,0.0942823959771922,0.04124701192835364,-0.16052039128603557,0.03062542449859285
WK167606,Wijk 06 Nieuwerkerk,2002,4.045072290873004,-0.05719256027068125,NA,NA,NA,NA,NA
WK167606,Wijk 06 Nieuwerkerk,2008,4.076338739216357,-0.025926111927328306,NA,NA,NA,NA,NA
WK167606,Wijk 06 Nieuwerkerk,2012,4.084233304443472,-0.018031546700212866,NA,NA,NA,NA,NA
WK167606,Wijk 06 Nieuwerkerk,2014,4.083062052639891,-0.019202798503794364,0.019697902683296614,0.08015999693601455,0.055773720330782366,-0.18984856374261477,0.0150141452887266
WK167606,Wijk 06 Nieuwerkerk,2016,4.093597941069879,-0.008666910073806289,NA,NA,NA,NA,NA
WK167606,Wijk 06 Nieuwerkerk,2018,4.071048073868149,-0.031216777275536272,0.016986486212247166,0.06883424207370621,0.055267263969034065,-0.1910334346035702,0.018728665073046196
WK167606,Wijk 06 Nieuwerkerk,2020,4.064688260802391,-0.037576590341294486,0.01103252175365353,0.07000848035996933,0.05218502381503866,-0.1862727478252673,0.015470131555310986
WK167606,Wijk 06 Nieuwerkerk,2022,4.128764135986702,0.026499284843017442,0.016343254449810576,0.09362602754716995,0.0599164614172733,-0.16700177716253167,0.023615318591295006
WK167607,Wijk 07 Oosterland,2002,4.059504419037821,-0.04276043210586488,NA,NA,NA,NA,NA
WK167607,Wijk 07 Oosterland,2008,4.081697459520932,-0.020567391622753606,NA,NA,NA,NA,NA
WK167607,Wijk 07 Oosterland,2012,4.08361828684854,-0.018646564295144916,NA,NA,NA,NA,NA
WK167607,Wijk 07 Oosterland,2014,4.055870224531941,-0.046394626611744594,0.030596975278333396,0.06466332702836401,0.04375933799968998,-0.2051590589881294,0.0197447920699971
WK167607,Wijk 07 Oosterland,2016,4.061733213689327,-0.040531637454357596,NA,NA,NA,NA,NA
WK167607,Wijk 07 Oosterland,2018,4.05305034854068,-0.0492145026030053,0.02624334091749909,0.06634593893501954,0.04643977138540239,-0.2086419785987,0.020398424757773464
WK167607,Wijk 07 Oosterland,2020,4.062552452611206,-0.03971239853248019,0.03146300209605936,0.07429485656620613,0.040901418599041534,-0.2089040138242409,0.02253233803045345
WK167607,Wijk 07 Oosterland,2022,4.120080888118474,0.017816036974788497,0.031138405432643654,0.09177131989880619,0.04764563377014765,-0.19118540689470334,0.03844608476789408
WK167608,Wijk 08 Ouwerkerk,2002,4.048472089181132,-0.05379276196255302,NA,NA,NA,NA,NA
WK167608,Wijk 08 Ouwerkerk,2008,4.071066851094242,-0.031198000049442832,NA,NA,NA,NA,NA
WK167608,Wijk 08 Ouwerkerk,2012,4.068915616603221,-0.03334923454046293,NA,NA,NA,NA,NA
WK167608,Wijk 08 Ouwerkerk,2014,4.111943500803135,0.009678649659449689,0.03374840556351782,0.09295148495857505,0.06234994996183814,-0.2208457621267485,0.041474571302266915
WK167608,Wijk 08 Ouwerkerk,2016,4.117150959780727,0.014886108637042577,NA,NA,NA,NA,NA
WK167608,Wijk 08 Ouwerkerk,2018,4.048701481741814,-0.053563369401871376,0.030857963018953008,0.062918489869768085,0.05768938282987812,-0.24074191108072418,0.035712705960253346
WK167608,Wijk 08 Ouwerkerk,2020,4.072518750424228,-0.029746100719457547,0.025259372904637308,0.07911223080716587,0.054288414079858384,-0.23462549552332454,0.0462193770122053
WK167608,Wijk 08 Ouwerkerk,2022,4.136761280261148,0.034496429117462715,0.03393163507874379,0.09857419092765593,0.06420642242133838,-0.21411572926044797,0.05189990995017229
WK167609,Wijk 09 Scharendijke,2002,4.0427625846429285,-0.05950226650075703,NA,NA,NA,NA,NA
WK167609,Wijk 09 Scharendijke,2008,4.093249384247152,-0.009015466896532978,NA,NA,NA,NA,NA
WK167609,Wijk 09 Scharendijke,2012,4.1112635919589655,0.008998740815280319,NA,NA,NA,NA,NA
WK167609,Wijk 09 Scharendijke,2014,4.143456448607477,0.041191597463792376,0.10673516591784776,0.06689136558698956,0.048541378736096444,-0.21421924227812392,0.033242929500982274
WK167609,Wijk 09 Scharendijke,2016,4.243384291387805,0.14111944024411976,NA,NA,NA,NA,NA
WK167609,Wijk 09 Scharendijke,2018,4.193099375890164,0.09083452474647889,0.1006841673262531,0.08480135367735853,0.06365516917633529,-0.1935257127261603,0.035219547292692
WK167609,Wijk 09 Scharendijke,2020,4.173947348032506,0.07168249688882067,0.10060143365332255,0.07439986175823408,0.05237914899890507,-0.19165930977231135,0.035961362250670106
WK167609,Wijk 09 Scharendijke,2022,4.164306359015044,0.062041507871358745,0.10484593120402272,0.06969192124576101,0.04563505868078959,-0.20130837926217238,0.04317697600295749
WK167610,Wijk 10 Kerkwerve,2002,3.9903028835494383,-0.11196196759424693,NA,NA,NA,NA,NA
WK167610,Wijk 10 Kerkwerve,2008,3.9979659108985444,-0.104298940245141,NA,NA,NA,NA,NA
WK167610,Wijk 10 Kerkwerve,2012,3.9816928587642413,-0.12057199237944373,NA,NA,NA,NA,NA
WK167610,Wijk 10 Kerkwerve,2014,4.054972581652891,-0.04729226949079436,0.030090267982587147,0.0703898814672434,0.05548401849756623,-0.22603727677947505,0.022780839341283683
WK167610,Wijk 10 Kerkwerve,2016,4.052843237834798,-0.04942161330888699,NA,NA,NA,NA,NA
WK167610,Wijk 10 Kerkwerve,2018,4.057842343214093,-0.044422507929592125,0.03259977595561296,0.0819699349169693,0.043155476056889235,-0.22589398360498786,0.023746288745923848
WK167610,Wijk 10 Kerkwerve,2020,4.076054967146716,-0.02620988399696949,0.029031134930277525,0.08165955972175416,0.056656405537820906,-0.22112874831194898,0.027571764125126654
WK167610,Wijk 10 Kerkwerve,2022,4.110651353723909,0.008386502580223644,0.031203891085047543,0.07822254867947102,0.05228049085138673,-0.19297803365101546,0.03965760561533347
WK167611,Wijk 11 Ellemeet,2002,4.051291326966383,-0.050973524177302436,NA,NA,NA,NA,NA
WK167611,Wijk 11 Ellemeet,2008,4.070090773742159,-0.032174077401526446,NA,NA,NA,NA,NA
WK167611,Wijk 11 Ellemeet,2012,4.09115587325043,-0.011108977893255862,NA,NA,NA,NA,NA
WK167611,Wijk 11 Ellemeet,2014,4.206781622765998,0.1045167716223126,0.09667794451298867,0.106784321841148,0.08322892974721215,-0.23231487063040704,0.05014044615137048
WK167611,Wijk 11 Ellemeet,2016,4.174690835031952,0.07242598388826756,NA,NA,NA,NA,NA
WK167611,Wijk 11 Ellemeet,2018,4.18590810321195,0.08364325206826446,0.09254453406716195,0.09697412459962304,0.07283512629512875,-0.23060313769208052,0.051892604798430955
WK167611,Wijk 11 Ellemeet,2020,4.1743142231914945,0.07204937204780888,0.09676866923164511,0.08871449779448179,0.06397468770757479,-0.23012803401544568,0.052719551329552576
WK167611,Wijk 11 Ellemeet,2022,4.231198675622637,0.1289338244789517,0.10138328849746056,0.1202099051193602,0.06565989356045365,-0.22105896871636377,0.06273970601804078
WK167612,Wijk 12 Haamstede,2002,4.25728670945259,0.15502185830890433,NA,NA,NA,NA,NA
WK167612,Wijk 12 Haamstede,2008,4.2837901443991,0.1815252932554152,NA,NA,NA,NA,NA
WK167612,Wijk 12 Haamstede,2012,4.28268884794826,0.18042399680457458,NA,NA,NA,NA,NA
WK167612,Wijk 12 Haamstede,2014,4.325501134434594,0.2232362832909086,0.17903988138591237,0.09475483945391044,0.09158154286694617,-0.18250547750390586,0.040365497088045224
WK167612,Wijk 12 Haamstede,2016,4.346908712426058,0.24464386128237245,NA,NA,NA,NA,NA
WK167612,Wijk 12 Haamstede,2018,4.325646319500073,0.2233814683563877,0.1587406819888883,0.1171798683583734,0.09127304896273458,-0.18688572760435812,0.04307359665074918
WK167612,Wijk 12 Haamstede,2020,4.328620192434724,0.2263553412910391,0.15547642186035068,0.12222879379137468,0.09175266960937958,-0.185324289585642,0.0422217456155759
WK167612,Wijk 12 Haamstede,2022,4.3244987089102835,0.2222338577665989,0.1593270488034876,0.10475803681706887,0.08303302727249652,-0.1774602705308781,0.05257601540442373
WK167613,Wijk 13 Renesse,2002,4.185493864805346,0.08322901366166065,NA,NA,NA,NA,NA
WK167613,Wijk 13 Renesse,2008,4.161002054492734,0.0587372033490485,NA,NA,NA,NA,NA
WK167613,Wijk 13 Renesse,2012,4.192828490810606,0.0905636396669199,NA,NA,NA,NA,NA
WK167613,Wijk 13 Renesse,2014,4.257494276770501,0.15522942562681574,0.19413189986702742,0.021606194712153966,0.07571148318132226,-0.16542089784900976,0.029200745715321576
WK167613,Wijk 13 Renesse,2016,4.331407283537076,0.22914243239339135,NA,NA,NA,NA,NA
WK167613,Wijk 13 Renesse,2018,4.279109171827185,0.17684432068350028,0.17228939241718802,0.06414823714982593,0.07531307796427643,-0.16874906424870173,0.03384267740091135
WK167613,Wijk 13 Renesse,2020,4.292065921429401,0.18980107028571613,0.19365027918977099,0.056600707087042665,0.07281093428480653,-0.1672610309361489,0.034000180660244565
WK167613,Wijk 13 Renesse,2022,4.326509955526662,0.224245104382977,0.20175160461248706,0.07277647427357523,0.06438763342907255,-0.15062969469604212,0.03595908676388406
WK167614,Wijk 14 Noordwelle,2002,4.2297154414064355,0.12745059026275077,NA,NA,NA,NA,NA
WK167614,Wijk 14 Noordwelle,2008,4.388322857900333,0.2860580067566476,NA,NA,NA,NA,NA
WK167614,Wijk 14 Noordwelle,2012,4.33369706494749,0.23143221380380471,NA,NA,NA,NA,NA
WK167614,Wijk 14 Noordwelle,2014,4.2546432093483935,0.15237835820470816,0.15276986011802424,0.06727972208489703,0.12512242217402905,-0.21733766333625731,0.02454401716401499
WK167614,Wijk 14 Noordwelle,2016,4.1380465397232005,0.0357816885795149,NA,NA,NA,NA,NA
WK167614,Wijk 14 Noordwelle,2018,4.315326870518415,0.2130620193747302,0.1505291944263115,0.12272013278765874,0.1272635265434988,-0.2167635971670286,0.029312762784289674
WK167614,Wijk 14 Noordwelle,2020,4.2850644079861215,0.18279955684243618,0.1569691659072826,0.11272906818699417,0.09008608097394298,-0.21066422593715986,0.03367946771137606
WK167614,Wijk 14 Noordwelle,2022,4.2004740734191195,0.09820922227543424,0.058075948617089326,0.11040226329466495,0.08258781336139284,-0.21410568453388454,0.061248881536171466
WK167615,Wijk 15 Serooskerke,2002,4.0633325707367876,-0.03893228040689779,NA,NA,NA,NA,NA
WK167615,Wijk 15 Serooskerke,2008,4.090546600093555,-0.01171825105012991,NA,NA,NA,NA,NA
WK167615,Wijk 15 Serooskerke,2012,4.081285410820396,-0.02097944032328991,NA,NA,NA,NA,NA
WK167615,Wijk 15 Serooskerke,2014,4.079935072013991,-0.022329779129694412,0.07040827089353739,0.05047836424700883,0.06008403450414439,-0.23689552015183216,0.033595071377446745
WK167615,Wijk 15 Serooskerke,2016,4.093798920274024,-0.00846593086966159,NA,NA,NA,NA,NA
WK167615,Wijk 15 Serooskerke,2018,4.149343941067732,0.04707908992404668,0.06719287860628011,0.10681078689110465,0.07125889289793268,-0.23768514597401946,0.03950167750274808
WK167615,Wijk 15 Serooskerke,2020,4.171135695798298,0.06887084465461313,0.1309565967821305,0.07396204202129854,0.062183758665657916,-0.23676695913112902,0.03853540631665494
WK167615,Wijk 15 Serooskerke,2022,4.222299715691811,0.12003486454812597,0.13002062979927215,0.10483474334677764,0.057531395265016966,-0.2177978677299008,0.04544596386695967
WK168000,Wijk 00 Annen,2002,4.137908535904362,0.03564368476067672,NA,NA,NA,NA,NA
WK168000,Wijk 00 Annen,2008,4.180960045085609,0.07869519394192341,NA,NA,NA,NA,NA
WK168000,Wijk 00 Annen,2012,4.207213734857844,0.104948883714159,NA,NA,NA,NA,NA
WK168000,Wijk 00 Annen,2014,4.200563131528114,0.09829828038442802,0.043627633271653546,0.11802680541257457,0.06382419714187594,-0.15806981913913948,0.030889463697463176
WK168000,Wijk 00 Annen,2016,4.20800786744739,0.10574301630370471,NA,NA,NA,NA,NA
WK168000,Wijk 00 Annen,2018,4.233681976640771,0.13141712549708515,0.04866310795470224,0.12563576645719737,0.06510400674894867,-0.14703806098180547,0.03905230531804209
WK168000,Wijk 00 Annen,2020,4.209210922857755,0.10694607171407018,0.04038688396033756,0.12141542014752639,0.06115198175128143,-0.15027998340695942,0.03427176926188391
WK168000,Wijk 00 Annen,2022,4.225427072674866,0.12316222153118095,0.042326043682693174,0.128161763915779,0.06495917780517488,-0.15746965558680792,0.04518489171434149
WK168001,Wijk 01 Eext,2002,4.214267314215784,0.11200246307209812,NA,NA,NA,NA,NA
WK168001,Wijk 01 Eext,2008,4.201441672428977,0.09917682128529173,NA,NA,NA,NA,NA
WK168001,Wijk 01 Eext,2012,4.201476249250418,0.09921139810673246,NA,NA,NA,NA,NA
WK168001,Wijk 01 Eext,2014,4.2317532507141395,0.12948839957045435,0.04885696682296357,0.12789253238702147,0.08410499420146067,-0.15780072215618665,0.026434628315194945
WK168001,Wijk 01 Eext,2016,4.241130743806946,0.13886589266326066,NA,NA,NA,NA,NA
WK168001,Wijk 01 Eext,2018,4.271742760652954,0.1694779095092691,0.05788449001565909,0.1186682803970868,0.08274496390878051,-0.15484077928139708,0.06502095446913957
WK168001,Wijk 01 Eext,2020,4.24935695838448,0.14709210724079422,0.05028350873216221,0.12078219988578576,0.0841156298907131,-0.15733597372428346,0.049246742456416234
WK168001,Wijk 01 Eext,2022,4.281517152840151,0.17925230169646583,0.053752917777560194,0.12543277704054576,0.08433049153990185,-0.15600865392394095,0.07174476926239869
WK168002,Wijk 02 Anloo,2002,4.172678121595483,0.07041327045179811,NA,NA,NA,NA,NA
WK168002,Wijk 02 Anloo,2008,4.107163279025914,0.00489842788222891,NA,NA,NA,NA,NA
WK168002,Wijk 02 Anloo,2012,4.133941301803316,0.03167645065963026,NA,NA,NA,NA,NA
WK168002,Wijk 02 Anloo,2014,4.308319282166487,0.206054431022802,0.05560364742636402,0.13679124759798514,0.08255296521945382,-0.14292179175666683,0.07402836253566564
WK168002,Wijk 02 Anloo,2016,4.288718733679413,0.18645388253572778,NA,NA,NA,NA,NA
WK168002,Wijk 02 Anloo,2018,4.2635852672474845,0.16132041610379969,0.061564161650599525,0.09009503846933993,0.08146221486454605,-0.1451104815034324,0.07330948262274631
WK168002,Wijk 02 Anloo,2020,4.255048421137526,0.15278356999384055,0.047419069760359533,0.09577939613960854,0.08171892280743227,-0.14649625935197166,0.07436244063841152
WK168002,Wijk 02 Anloo,2022,4.282898171428844,0.18063332028515883,0.05098630935588125,0.10463677675853354,0.08393536387983454,-0.14418430559889872,0.08525917588980782
WK168003,Wijk 03 Gasteren,2002,4.246162896558287,0.14389804541460222,NA,NA,NA,NA,NA
WK168003,Wijk 03 Gasteren,2008,4.252759085073985,0.15049423393029976,NA,NA,NA,NA,NA
WK168003,Wijk 03 Gasteren,2012,4.2328520664176,0.13058721527391423,NA,NA,NA,NA,NA
WK168003,Wijk 03 Gasteren,2014,4.35023712796127,0.24797227681758469,0.07538398693093806,0.15367603027026722,0.13471082995814826,-0.19036031973568773,0.07456174939391849
WK168003,Wijk 03 Gasteren,2016,4.319677190727692,0.21741233958400666,NA,NA,NA,NA,NA
WK168003,Wijk 03 Gasteren,2018,4.308003399421503,0.205738548277818,0.08441121038008594,0.10805065389641791,0.13322198435311158,-0.19393355015398284,0.07398824980218513
WK168003,Wijk 03 Gasteren,2020,4.273191360125552,0.17092650898186723,0.07052535366251096,0.11153236562367212,0.10734127052046857,-0.1942762517419223,0.07580377091713764
WK168003,Wijk 03 Gasteren,2022,4.318586148052946,0.21632129690926055,0.08108209169081726,0.13622302102197054,0.11016731496172269,-0.19943741620244365,0.08828628543719338
WK168004,Wijk 04 Anderen,2002,4.225701060933695,0.12343620979001034,NA,NA,NA,NA,NA
WK168004,Wijk 04 Anderen,2008,4.236648356446167,0.13438350530248233,NA,NA,NA,NA,NA
WK168004,Wijk 04 Anderen,2012,4.263563194008085,0.16129834286439967,NA,NA,NA,NA,NA
WK168004,Wijk 04 Anderen,2014,4.346329982031576,0.2440651308878906,0.02130424761586165,0.16202598731083753,0.12904717903804735,-0.18801584791858125,0.11970356484172505
WK168004,Wijk 04 Anderen,2016,4.317976371492245,0.2157115203485595,NA,NA,NA,NA,NA
WK168004,Wijk 04 Anderen,2018,4.365782296387537,0.2635174452438516,0.05252775359060347,0.13793310069956724,0.14168583435373452,-0.18605489194682232,0.11742564854676851
WK168004,Wijk 04 Anderen,2020,4.305234505563211,0.20296965441952608,0.03042593980428604,0.12580449448725337,0.11495623583242327,-0.18598816513439048,0.11777114942995356
WK168004,Wijk 04 Anderen,2022,4.33954221232476,0.2372773611810754,0.03327470070167131,0.14140621311855095,0.12622772885972505,-0.18775439355349663,0.12412311205462434
WK168005,Wijk 05 Schipborg,2002,4.184199564282324,0.08193471313863908,NA,NA,NA,NA,NA
WK168005,Wijk 05 Schipborg,2008,4.238017204513384,0.13575235336969885,NA,NA,NA,NA,NA
WK168005,Wijk 05 Schipborg,2012,4.268774118168945,0.16650926702526003,NA,NA,NA,NA,NA
WK168005,Wijk 05 Schipborg,2014,4.349127069862703,0.24686221871901806,0.08599054277424428,0.11524299433032935,0.13335500290780244,-0.15451213238876682,0.06678581109540853
WK168005,Wijk 05 Schipborg,2016,4.363196608530323,0.260931757386638,NA,NA,NA,NA,NA
WK168005,Wijk 05 Schipborg,2018,4.3767271705153,0.274462319371615,0.09695614685192687,0.13287310691902723,0.12323718865819151,-0.14710787086960303,0.06850374781207232
WK168005,Wijk 05 Schipborg,2020,4.328815261767302,0.2265504106236164,0.0882809775373513,0.12094711835708578,0.10707867197919195,-0.15769844451700718,0.06794208726699437
WK168005,Wijk 05 Schipborg,2022,4.326223575150694,0.22395872400700859,0.08951019145315155,0.12986395643694673,0.09805073272569986,-0.16539195384460878,0.07192579723581889
WK168006,Wijk 06 Eexterveen,2002,4.197872421644321,0.09560757050063588,NA,NA,NA,NA,NA
WK168006,Wijk 06 Eexterveen,2008,4.255155437058459,0.1528905859147738,NA,NA,NA,NA,NA
WK168006,Wijk 06 Eexterveen,2012,4.290787106456133,0.18852225531244804,NA,NA,NA,NA,NA
WK168006,Wijk 06 Eexterveen,2014,4.281099825966707,0.17883497482302174,0.01917179138408658,0.1556575035434613,0.1182776995012527,-0.22421688830097344,0.10994486869519435
WK168006,Wijk 06 Eexterveen,2016,4.256479168987733,0.15421431784404707,NA,NA,NA,NA,NA
WK168006,Wijk 06 Eexterveen,2018,4.274921053108362,0.17265620196467657,0.0450537047477951,0.13870273707659625,0.10107338920266737,-0.22177325878166665,0.1095996297192842
WK168006,Wijk 06 Eexterveen,2020,4.252836478813455,0.15057162766976986,0.02112426538325956,0.134333896592468,0.1022731867897738,-0.21426278570666438,0.10710306461093264
WK168006,Wijk 06 Eexterveen,2022,4.2732676563504635,0.17100280520677785,0.027062861882508293,0.13935004886763358,0.10301239803891812,-0.21160194297833232,0.11317943939604998
WK168007,Wijk 07 Spijkerboor,2002,4.108057912449248,0.005793061305562855,NA,NA,NA,NA,NA
WK168007,Wijk 07 Spijkerboor,2008,4.172720145125763,0.07045529398207781,NA,NA,NA,NA,NA
WK168007,Wijk 07 Spijkerboor,2012,4.290035899000317,0.18777104785663207,NA,NA,NA,NA,NA
WK168007,Wijk 07 Spijkerboor,2014,4.331410203031549,0.22914535188786334,0.0533239791586422,0.1672982538905611,0.1607350228304929,-0.21211406149860218,0.05990215750676938
WK168007,Wijk 07 Spijkerboor,2016,4.278409364673697,0.17614451353001215,NA,NA,NA,NA,NA
WK168007,Wijk 07 Spijkerboor,2018,4.27709428799442,0.17482943685073515,0.052863038479872816,0.11545582623028894,0.15778049779193698,-0.21315815813204358,0.061888232480679574
WK168007,Wijk 07 Spijkerboor,2020,4.178229368674347,0.07596451753066179,0.04860065277880072,0.10195351469474319,0.07150375863573641,-0.2085201483189628,0.06242673974034386
WK168007,Wijk 07 Spijkerboor,2022,4.2095698736993885,0.10730502255570323,0.07563901405775063,0.09522504794076601,0.0751358204207362,-0.2152675525647356,0.07657269270118557
WK168008,Wijk 08 Nieuw-Annerveen,2002,4.18529579500802,0.0830309438643353,NA,NA,NA,NA,NA
WK168008,Wijk 08 Nieuw-Annerveen,2008,4.215408063355797,0.11314321221211214,NA,NA,NA,NA,NA
WK168008,Wijk 08 Nieuw-Annerveen,2012,4.304093340104666,0.20182848896098152,NA,NA,NA,NA,NA
WK168008,Wijk 08 Nieuw-Annerveen,2014,4.292140813792011,0.1898759626483267,0.028387002141071014,0.1446486454660911,0.11893264099854808,-0.2353183847755159,0.133226058818132
WK168008,Wijk 08 Nieuw-Annerveen,2016,4.339195351310856,0.2369305001671715,NA,NA,NA,NA,NA
WK168008,Wijk 08 Nieuw-Annerveen,2018,4.309765989872275,0.20750113872858958,0.060507984789868734,0.12519866941196262,0.12026262901006542,-0.23382935487089243,0.13536121038758495
WK168008,Wijk 08 Nieuw-Annerveen,2020,4.2292749934875165,0.12701014234383068,0.022017546868572345,0.09502525215265249,0.1068733745300789,-0.2313355352929584,0.1344295040854853
WK168008,Wijk 08 Nieuw-Annerveen,2022,4.265952445643869,0.16368759450018364,0.014155914160763101,0.1299951102315399,0.11566741857077469,-0.23859598468813856,0.14246513622524407
WK168009,Wijk 09 Oud-Annerveen,2002,4.149908831603564,0.047643980459878756,NA,NA,NA,NA,NA
WK168009,Wijk 09 Oud-Annerveen,2008,4.248305032292949,0.1460401811492639,NA,NA,NA,NA,NA
WK168009,Wijk 09 Oud-Annerveen,2012,4.261287594865247,0.15902274372156208,NA,NA,NA,NA,NA
WK168009,Wijk 09 Oud-Annerveen,2014,4.268192889775469,0.1659280386317842,0.004527146465643807,0.1581487714722318,0.1277309977921642,-0.2304292345951288,0.10595035749687298
WK168009,Wijk 09 Oud-Annerveen,2016,4.256371112088428,0.15410626094474292,NA,NA,NA,NA,NA
WK168009,Wijk 09 Oud-Annerveen,2018,4.245495211229812,0.1432303600861274,0.03567567200047756,0.1328035334087221,0.09573758948976378,-0.22785018084816833,0.10686374603533166
WK168009,Wijk 09 Oud-Annerveen,2020,4.242517589955251,0.1402527388115662,0.003684003792431697,0.14180648200379486,0.1109806606126139,-0.22518973893156038,0.10897133133428571
WK168009,Wijk 09 Oud-Annerveen,2022,4.233557410006095,0.1312925588624093,0.00975009561741295,0.12677756262350673,0.11066089596649843,-0.23023741769129177,0.11434142234628264
WK168011,Wijk 11 Annerveenschekanaal,2002,4.222976960170559,0.1207121090268735,NA,NA,NA,NA,NA
WK168011,Wijk 11 Annerveenschekanaal,2008,4.131737912424954,0.029473061281268385,NA,NA,NA,NA,NA
WK168011,Wijk 11 Annerveenschekanaal,2012,4.15057434351181,0.048309492368124304,NA,NA,NA,NA,NA
WK168011,Wijk 11 Annerveenschekanaal,2014,4.161076824029846,0.05881197288616002,0.026589454820641848,0.09574810269338888,0.09352206703228413,-0.22544453844933868,0.06839688678918361
WK168011,Wijk 11 Annerveenschekanaal,2016,4.15403385652958,0.051769005385894275,NA,NA,NA,NA,NA
WK168011,Wijk 11 Annerveenschekanaal,2018,4.166166495230847,0.06390164408716226,0.038700503708302275,0.12486794594968137,0.0816920421835625,-0.23275812585067382,0.051399278096289525
WK168011,Wijk 11 Annerveenschekanaal,2020,4.1748767522104,0.0726119010667151,0.03210010149079814,0.13422507733646136,0.06606058015402855,-0.22909092860251418,0.06931707068794093
WK168011,Wijk 11 Annerveenschekanaal,2022,4.190385624144357,0.08812077300067135,0.03983153518458994,0.1333678524475466,0.06813997797740586,-0.23064092121577168,0.0774223286069004
WK168012,Wijk 12 Eexterveenschekanaal,2002,4.274787896845594,0.17252304570190888,NA,NA,NA,NA,NA
WK168012,Wijk 12 Eexterveenschekanaal,2008,4.268635310159283,0.16637045901559744,NA,NA,NA,NA,NA
WK168012,Wijk 12 Eexterveenschekanaal,2012,4.282774149136116,0.18050929799243035,NA,NA,NA,NA,NA
WK168012,Wijk 12 Eexterveenschekanaal,2014,4.189117576583517,0.08685272543983204,0.024882456646281147,0.08888803383449945,0.10047470738767429,-0.203081041605838,0.07568856917721478
WK168012,Wijk 12 Eexterveenschekanaal,2016,4.208200108965939,0.10593525782225408,NA,NA,NA,NA,NA
WK168012,Wijk 12 Eexterveenschekanaal,2018,4.175824668087918,0.07355981694423289,0.033872007122411674,0.07676268123794164,0.08484732301834576,-0.20128927643851888,0.07936708200405242
WK168012,Wijk 12 Eexterveenschekanaal,2020,4.206237971679244,0.1039731205355592,0.026266804678826153,0.11820235989047319,0.07646385019496167,-0.19669416053654176,0.07973426630783959
WK168012,Wijk 12 Eexterveenschekanaal,2022,4.200501684752223,0.09823683360853726,0.021367167312107017,0.12120313092901755,0.0849035103303645,-0.21763879642928374,0.08840182146633176
WK168013,Wijk 13 Eexterzandvoort,2002,4.178232014193801,0.07596716305011562,NA,NA,NA,NA,NA
WK168013,Wijk 13 Eexterzandvoort,2008,4.186772248369167,0.08450739722548133,NA,NA,NA,NA,NA
WK168013,Wijk 13 Eexterzandvoort,2012,4.272366789852312,0.1701019387086275,NA,NA,NA,NA,NA
WK168013,Wijk 13 Eexterzandvoort,2014,4.294470275271301,0.1922054241276167,0.019459698219086167,0.16253636340981012,0.12828876425924185,-0.2415281942192526,0.1234487924587309
WK168013,Wijk 13 Eexterzandvoort,2016,4.211848658270924,0.10958380712723843,NA,NA,NA,NA,NA
WK168013,Wijk 13 Eexterzandvoort,2018,4.302520068016799,0.20025521687311373,0.04180259432350716,0.14510846302117394,0.13047723140278505,-0.23865818540596265,0.1215251135316098
WK168013,Wijk 13 Eexterzandvoort,2020,4.288419063661286,0.18615421251760023,0.016435821278577338,0.15412185241124338,0.12801265478359838,-0.23653145350628613,0.12411533755046714
WK168013,Wijk 13 Eexterzandvoort,2022,4.2852099718594765,0.18294512071579105,0.013030049529649685,0.1401174167495545,0.13115801833024998,-0.23328765000176263,0.13192728610809903
WK168014,Wijk 14 Gasselte,2002,4.265311388286236,0.1630465371425505,NA,NA,NA,NA,NA
WK168014,Wijk 14 Gasselte,2008,4.256217479097547,0.15395262795386125,NA,NA,NA,NA,NA
WK168014,Wijk 14 Gasselte,2012,4.256102596203026,0.15383774505934056,NA,NA,NA,NA,NA
WK168014,Wijk 14 Gasselte,2014,4.314455446582055,0.21219059543836988,0.07457556415619919,0.12441050843214457,0.09100342357947463,-0.12582723399262802,0.04802833326317913
WK168014,Wijk 14 Gasselte,2016,4.287885503239815,0.18562065209613027,NA,NA,NA,NA,NA
WK168014,Wijk 14 Gasselte,2018,4.293595022412072,0.19133017126838642,0.07469248047217224,0.11048828430846126,0.07530993359611138,-0.11746177895018056,0.048301251841821824
WK168014,Wijk 14 Gasselte,2020,4.271213511642982,0.16894866049929624,0.06925115582387573,0.11198434662205291,0.06598909962506938,-0.12710219651565285,0.04882625494395079
WK168014,Wijk 14 Gasselte,2022,4.254547430501821,0.15228257935813638,0.0703495881707891,0.1174597485303291,0.06560508746322972,-0.1616051921740708,0.06047334736785904
WK168015,Wijk 15 Gasselternijveen,2002,4.186736148175861,0.0844712970321756,NA,NA,NA,NA,NA
WK168015,Wijk 15 Gasselternijveen,2008,4.138123293419425,0.03585844227573977,NA,NA,NA,NA,NA
WK168015,Wijk 15 Gasselternijveen,2012,4.160347621149712,0.058082770006027046,NA,NA,NA,NA,NA
WK168015,Wijk 15 Gasselternijveen,2014,4.137220643459223,0.03495579231553775,0.04156603398633997,0.059800917574746267,0.04948303756395394,-0.15527209212708182,0.039377895317579056
WK168015,Wijk 15 Gasselternijveen,2016,4.148921318251988,0.046656467108302555,NA,NA,NA,NA,NA
WK168015,Wijk 15 Gasselternijveen,2018,4.131588494289609,0.029323643145923752,0.04635840365049093,0.06568811867392124,0.04654452631778525,-0.17562368284860397,0.046356277352330076
WK168015,Wijk 15 Gasselternijveen,2020,4.128183228628061,0.025918377484376684,0.037362575614381305,0.07305872271307089,0.037172187741160316,-0.15845403782779902,0.03677892924356287
WK168015,Wijk 15 Gasselternijveen,2022,4.097641002081046,-0.00462384906263979,0.03169981927542573,0.0612233304311146,0.0383079071942782,-0.19099147750526063,0.05513657154180215
WK168016,Wijk 16 Gasselternijveenschemond,2002,4.149579103767333,0.04731425262364753,NA,NA,NA,NA,NA
WK168016,Wijk 16 Gasselternijveenschemond,2008,4.157692599578868,0.05542774843518288,NA,NA,NA,NA,NA
WK168016,Wijk 16 Gasselternijveenschemond,2012,4.204732175361689,0.10246732421800338,NA,NA,NA,NA,NA
WK168016,Wijk 16 Gasselternijveenschemond,2014,4.291263787662301,0.18899893651861677,0.02187864598353019,0.15434805467694762,0.10059537786290686,-0.17850999553794297,0.09068685353317481
WK168016,Wijk 16 Gasselternijveenschemond,2016,4.2889965952560525,0.18673174411236712,NA,NA,NA,NA,NA
WK168016,Wijk 16 Gasselternijveenschemond,2018,4.272675944360744,0.17041109321705888,0.02963253577441559,0.13797615508893588,0.09537087893880168,-0.18402031079253925,0.09145183420744456
WK168016,Wijk 16 Gasselternijveenschemond,2020,4.2054829150588615,0.1032180639151767,0.010083225725225495,0.10103720713133892,0.07363500979301231,-0.17767700954818846,0.09613963081378818
WK168016,Wijk 16 Gasselternijveenschemond,2022,4.196011919140789,0.09374706799710339,-3.6204332868094877e-4,0.10207127093487299,0.07504705080738494,-0.18233692953445438,0.09932771911798048
WK168017,Wijk 17 Gieten,2002,4.149859841843752,0.047594990700066675,NA,NA,NA,NA,NA
WK168017,Wijk 17 Gieten,2008,4.143474822704189,0.041209971560502684,NA,NA,NA,NA,NA
WK168017,Wijk 17 Gieten,2012,4.182975451924874,0.08071060078118919,NA,NA,NA,NA,NA
WK168017,Wijk 17 Gieten,2014,4.214155581071646,0.1118907299279603,0.05302151083367075,0.09188523763031224,0.04752002533874908,-0.11466325954359183,0.0341272156688198
WK168017,Wijk 17 Gieten,2016,4.238828720282294,0.136563869138609,NA,NA,NA,NA,NA
WK168017,Wijk 17 Gieten,2018,4.23764258804577,0.13537773690208543,0.05524585202403231,0.10699734428413137,0.04674127502527263,-0.10859208561265664,0.03498535118130544
WK168017,Wijk 17 Gieten,2020,4.2141301111354474,0.11186525999176251,0.048083858032044735,0.09650700964162898,0.04164330666808272,-0.10847949651017888,0.03411058216018465
WK168017,Wijk 17 Gieten,2022,4.227385474346439,0.1251206232027544,0.05614469188025823,0.09821797033092007,0.0459569740220698,-0.11770553799771738,0.04250652496722343
WK168018,Wijk 18 Gieterveen,2002,4.222020208309755,0.11975535716606958,NA,NA,NA,NA,NA
WK168018,Wijk 18 Gieterveen,2008,4.229264463252586,0.12699961210890104,NA,NA,NA,NA,NA
WK168018,Wijk 18 Gieterveen,2012,4.248450614441645,0.1461857632979599,NA,NA,NA,NA,NA
WK168018,Wijk 18 Gieterveen,2014,4.193596319229475,0.09133146808578983,-0.0021585619999302066,0.12889876278093348,0.08022739236591904,-0.20004103937777354,0.08440491431664077
WK168018,Wijk 18 Gieterveen,2016,4.191580951095251,0.08931609995156506,NA,NA,NA,NA,NA
WK168018,Wijk 18 Gieterveen,2018,4.188453096686874,0.08618824554318782,0.003966131052025559,0.1241420456843845,0.08145132593532403,-0.20932174823736877,0.08595049110882229
WK168018,Wijk 18 Gieterveen,2020,4.142263820980881,0.039998969837196016,-0.014769163402709404,0.10025554672356264,0.07220702303442521,-0.20475973975029554,0.08706530323221283
WK168018,Wijk 18 Gieterveen,2022,4.148824430787263,0.046559579643578576,-0.018874768021402553,0.11417356725832811,0.07380112803194742,-0.21569356664341272,0.09315321901811803
WK168019,Wijk 19 Rolde,2002,4.205467636118855,0.10320278497517014,NA,NA,NA,NA,NA
WK168019,Wijk 19 Rolde,2008,4.184435298301335,0.08217044715765028,NA,NA,NA,NA,NA
WK168019,Wijk 19 Rolde,2012,4.2098779571834175,0.10761310603973241,NA,NA,NA,NA,NA
WK168019,Wijk 19 Rolde,2014,4.240403762650627,0.13813891150694127,0.05595387452547188,0.09862000162455264,0.07005043739327527,-0.12474783059866257,0.03826242856230377
WK168019,Wijk 19 Rolde,2016,4.256379196882576,0.15411434573889035,NA,NA,NA,NA,NA
WK168019,Wijk 19 Rolde,2018,4.26657469380469,0.16430984266100443,0.059190448366793,0.10305828204233944,0.07420875914423657,-0.11374629668628004,0.04159864979391519
WK168019,Wijk 19 Rolde,2020,4.251795004789542,0.14953015364585615,0.056072784499943254,0.09993688833977643,0.07635721937206968,-0.1250783794037738,0.04224164083784032
WK168019,Wijk 19 Rolde,2022,4.23537236662597,0.1331075154822846,0.05629137863277527,0.09658485252874263,0.06902918555813667,-0.13804350817510486,0.0492456069377346
WK168020,Wijk 20 Grolloo,2002,4.213318579519065,0.11105372837537944,NA,NA,NA,NA,NA
WK168020,Wijk 20 Grolloo,2008,4.228568479728218,0.1263036285845327,NA,NA,NA,NA,NA
WK168020,Wijk 20 Grolloo,2012,4.2954482101248885,0.19318335898120328,NA,NA,NA,NA,NA
WK168020,Wijk 20 Grolloo,2014,4.286381752259878,0.18411690111619278,0.09175251072299744,0.1093716629070515,0.12349143358331989,-0.20236591992750655,0.06186721383033023
WK168020,Wijk 20 Grolloo,2016,4.276534824537583,0.17426997339389738,NA,NA,NA,NA,NA
WK168020,Wijk 20 Grolloo,2018,4.297529692642238,0.19526484149855283,0.1033321008263395,0.11854548355781859,0.11388396100294611,-0.2041576753981366,0.06366097150958497
WK168020,Wijk 20 Grolloo,2020,4.273600204675048,0.17133535353136234,0.07446356256439093,0.11137913646546622,0.09691632483317553,-0.20214029840234543,0.09071662807067488
WK168020,Wijk 20 Grolloo,2022,4.277835734398528,0.17557088325484305,0.08230412931523087,0.11944567316427596,0.0851107412359325,-0.21315767108858877,0.10186801062799213
WK168021,Wijk 21 Ekehaar,2002,4.2827567624089085,0.1804919112652231,NA,NA,NA,NA,NA
WK168021,Wijk 21 Ekehaar,2008,4.242015014656005,0.1397501635123196,NA,NA,NA,NA,NA
WK168021,Wijk 21 Ekehaar,2012,4.321286489110979,0.21902163796729376,NA,NA,NA,NA,NA
WK168021,Wijk 21 Ekehaar,2014,4.248684744391569,0.14641989324788388,0.0031417912534903807,0.10462351583882618,0.12090648132946645,-0.19568551697766337,0.11343362180376393
WK168021,Wijk 21 Ekehaar,2016,4.274140861012572,0.17187600986888704,NA,NA,NA,NA,NA
WK168021,Wijk 21 Ekehaar,2018,4.305614929851887,0.20335007870820218,0.029681073548868113,0.12634743008337151,0.13159315719811035,-0.19445631415264183,0.11018473203049375
WK168021,Wijk 21 Ekehaar,2020,4.25519541868698,0.15293056754329432,5.047860567050288e-4,0.13222881968587083,0.10748069159912034,-0.19497541856366418,0.10769168876526193
WK168021,Wijk 21 Ekehaar,2022,4.239303846026987,0.13703899488330168,0.0024849176942041535,0.13463033841987387,0.09858067910422456,-0.21507682723120844,0.11641988689620711
WK168100,Valthe,2002,4.152190518768563,0.04992566762487802,NA,NA,NA,NA,NA
WK168100,Valthe,2008,4.148257044534256,0.04599219339057112,NA,NA,NA,NA,NA
WK168100,Valthe,2012,4.175655026080649,0.07339017493696359,NA,NA,NA,NA,NA
WK168100,Valthe,2014,4.224541650706116,0.12227679956243079,0.022036006741589675,0.12555733140374434,0.09239798239928909,-0.1758515405572772,0.058137019575084624
WK168100,Valthe,2016,4.201933069097095,0.0996682179534087,NA,NA,NA,NA,NA
WK168100,Valthe,2018,4.2081972306470625,0.10593237950337775,0.031043568695688827,0.11585207343775948,0.09188869317885258,-0.19180446481489197,0.058952509005968504
WK168100,Valthe,2020,4.1961723343985184,0.09390748325483321,0.025796775953669603,0.10624227457775319,0.09005551432984825,-0.18595049772587668,0.05776341611943854
WK168100,Valthe,2022,4.194629065568849,0.09236421442516361,0.027515982626919015,0.12119560785077191,0.08155530694477242,-0.19743952103809398,0.059536838040793925
WK168101,Valthermond,2002,4.067742837556865,-0.034522013586820034,NA,NA,NA,NA,NA
WK168101,Valthermond,2008,4.022332810296058,-0.0799320408476275,NA,NA,NA,NA,NA
WK168101,Valthermond,2012,4.0344831794646945,-0.06778167167899064,NA,NA,NA,NA,NA
WK168101,Valthermond,2014,4.091004564870505,-0.011260286273180941,0.019121925110422565,0.07601375968894294,0.06540788004206062,-0.22100242821057564,0.0491985770959683
WK168101,Valthermond,2016,4.0942382708158975,-0.008026580327787367,NA,NA,NA,NA,NA
WK168101,Valthermond,2018,4.039043570196826,-0.06322128094685923,0.0194658957191964,0.035319541890508094,0.06337881706787526,-0.22855040576365457,0.0471648701392153
WK168101,Valthermond,2020,4.062343639527089,-0.039921211616596286,0.014310959932783942,0.05855905931996374,0.049676857736805656,-0.22119091618588327,0.058722827579733405
WK168101,Valthermond,2022,4.082998041227274,-0.019266809916411644,0.01869712326744528,0.08028437509225068,0.051657902259518856,-0.22927533318031953,0.05936912264469273
WK168102,Westdorp,2002,4.230944256485631,0.12867940534194575,NA,NA,NA,NA,NA
WK168102,Westdorp,2008,4.221344031989899,0.11907918084621305,NA,NA,NA,NA,NA
WK168102,Westdorp,2012,4.240130086130703,0.13786523498701808,NA,NA,NA,NA,NA
WK168102,Westdorp,2014,4.280616065391152,0.17835121424746644,-0.009782655523024868,0.13964617113896452,0.12682388492032395,-0.21748332235365328,0.13914713606485576
WK168102,Westdorp,2016,4.2915023339651786,0.18923748282149333,NA,NA,NA,NA,NA
WK168102,Westdorp,2018,4.3357589083020045,0.23349405715831945,0.020036952635179444,0.1521665106127769,0.13423768032497246,-0.21509729722777418,0.14215021081316465
WK168102,Westdorp,2020,4.292298489299731,0.19003363815604551,-0.013373483803295031,0.14087563083794558,0.14550297497637352,-0.21556486982945444,0.13259338597447565
WK168102,Westdorp,2022,4.290730808425032,0.18846595728134669,-0.010870140597655554,0.1406568593422257,0.1447144888648133,-0.2200698129504715,0.1340345626224344
WK168103,Zandberg,2002,4.119545970570981,0.0172811194272958,NA,NA,NA,NA,NA
WK168103,Zandberg,2008,4.121764902983275,0.019500051839589895,NA,NA,NA,NA,NA
WK168103,Zandberg,2012,4.139838969377545,0.037574118233859186,NA,NA,NA,NA,NA
WK168103,Zandberg,2014,4.103608667388769,0.0013438162450836622,0.013629193279974488,0.049767139368410276,0.0804394319023363,-0.19954117480628453,0.0570492265006466
WK168103,Zandberg,2016,4.062962041760336,-0.03930280938334878,NA,NA,NA,NA,NA
WK168103,Zandberg,2018,4.070816880741111,-0.031447970402573945,0.030580568491372237,0.042654856670125786,0.03149924901452404,-0.2063135302103912,0.0701308856317949
WK168103,Zandberg,2020,4.188320733083203,0.08605588193951803,0.03201101985141733,0.11753482789759312,0.04567163617550772,-0.18033900375267245,0.07117740176767184
WK168103,Zandberg,2022,4.015471403313722,-0.08679344782996323,0.021157663057701892,-0.010255387421730478,0.03566557292850959,-0.2105630383423935,0.07720174194794896
WK168179,1e Exloërmond,2002,4.037840834785583,-0.06442401635810187,NA,NA,NA,NA,NA
WK168179,1e Exloërmond,2008,4.057095655141508,-0.045169196002178176,NA,NA,NA,NA,NA
WK168179,1e Exloërmond,2012,4.040212647377558,-0.062052203766127044,NA,NA,NA,NA,NA
WK168179,1e Exloërmond,2014,4.076413876923234,-0.025850974220451753,-0.0438648969892727,0.09320473668300995,0.07371124112424984,-0.24788696635328875,0.09898491131484956
WK168179,1e Exloërmond,2016,4.101835141125243,-4.2971001844235184e-4,NA,NA,NA,NA,NA
WK168179,1e Exloërmond,2018,4.087617822878634,-0.014647028265050686,-0.030757461627223207,0.0687428734819819,0.09369342977945551,-0.25188708045154923,0.1055612105522839
WK168179,1e Exloërmond,2020,4.109721146189557,0.007456295045871801,-0.051668518474715285,0.07843471095658858,0.12117644172038215,-0.24658881240992359,0.10610247325353965
WK168179,1e Exloërmond,2022,4.119673529329527,0.0174086781858414,-0.08018083132235217,0.12396697677278835,0.12416324133795745,-0.253510731486602,0.10297002288404966
WK168180,2e Exloërmond,2002,4.0361053873707595,-0.0661594637729256,NA,NA,NA,NA,NA
WK168180,2e Exloërmond,2008,4.011215479441412,-0.09104937170227319,NA,NA,NA,NA,NA
WK168180,2e Exloërmond,2012,4.050951991325055,-0.05131285981863019,NA,NA,NA,NA,NA
WK168180,2e Exloërmond,2014,4.108069769718738,0.005804918575052821,0.025840253924689374,0.07788428238998067,0.06303391258028775,-0.2161399705710611,0.05518644025115581
WK168180,2e Exloërmond,2016,4.105327830421063,0.0030629792773787124,NA,NA,NA,NA,NA
WK168180,2e Exloërmond,2018,4.099482411218756,-0.0027824399249296535,0.034267437727582194,0.06342032566010046,0.06491552325660663,-0.2268393934724545,0.061453666903235324
WK168180,2e Exloërmond,2020,4.099535629700007,-0.00272922144367772,0.0231755368304177,0.07513977089969726,0.053126795648468464,-0.21682480195781148,0.06265347713555011
WK168180,2e Exloërmond,2022,4.098373389342963,-0.0038914618007225726,0.024331175990235186,0.0825632269002432,0.05577772673265119,-0.22950840579110582,0.06294481436725335
WK168181,2e Valthermond,2002,4.234536838642807,0.13227198749912172,NA,NA,NA,NA,NA
WK168181,2e Valthermond,2008,4.247638075794189,0.1453732246505039,NA,NA,NA,NA,NA
WK168181,2e Valthermond,2012,4.174134784321894,0.0718699331782091,NA,NA,NA,NA,NA
WK168181,2e Valthermond,2014,4.2126198442899065,0.11035499314622119,-0.03635052489794656,0.1039619376426844,0.15688563304400074,-0.23594144485039792,0.12179939220788019
WK168181,2e Valthermond,2016,4.241926745947169,0.13966189480348373,NA,NA,NA,NA,NA
WK168181,2e Valthermond,2018,4.195769189341948,0.09350433819826193,-0.018588082025785196,0.10492991198910652,0.1277784000878661,-0.23885039666365201,0.11823450481072624
WK168181,2e Valthermond,2020,4.233821831244662,0.13155698010097702,-0.030794778162660782,0.1443297146747977,0.1286549238966791,-0.23230970662721456,0.12167682631937528
WK168181,2e Valthermond,2022,4.193191950191531,0.09092709904784604,-0.03128715906258118,0.1237206163512491,0.11305848664725925,-0.2408255459935898,0.1262607011055083
WK168182,Borger,2002,4.201636936674657,0.09937208553097168,NA,NA,NA,NA,NA
WK168182,Borger,2008,4.176548896724418,0.07428404558073293,NA,NA,NA,NA,NA
WK168182,Borger,2012,4.205193557834106,0.1029287066904211,NA,NA,NA,NA,NA
WK168182,Borger,2014,4.245226500776589,0.14296164963290295,0.06306708983950918,0.10876893423570363,0.05688762254680228,-0.11293718108468997,0.027175184095577568
WK168182,Borger,2016,4.229908038116806,0.12764318697312083,NA,NA,NA,NA,NA
WK168182,Borger,2018,4.228928969798823,0.12666411865513735,0.0672202676768411,0.09043936977560392,0.053294548648242096,-0.11653250143977142,0.03224243399422143
WK168182,Borger,2020,4.215440373296346,0.11317552215266091,0.05822269867516351,0.08600317496480614,0.04758094182266562,-0.11146504783188593,0.03283375452191126
WK168182,Borger,2022,4.220919431166113,0.11865458002242803,0.05873821946527966,0.09571327721609743,0.050619213651793844,-0.11757307279281001,0.031156942482066803
WK168183,Bronneger,2002,4.333408279214762,0.2311434280710767,NA,NA,NA,NA,NA
WK168183,Bronneger,2008,4.3580233273153866,0.2557584761717015,NA,NA,NA,NA,NA
WK168183,Bronneger,2012,4.373602359183409,0.271337508039724,NA,NA,NA,NA,NA
WK168183,Bronneger,2014,4.3971871565348195,0.29492230539113434,0.055003142300223185,0.16506984942938294,0.1307336666822682,-0.20051710470307518,0.144632751682335
WK168183,Bronneger,2016,4.375312209712484,0.2730473585687988,NA,NA,NA,NA,NA
WK168183,Bronneger,2018,4.396936685951808,0.2946718348081228,0.07232740940865395,0.14172116473078317,0.13600360780596057,-0.20383286532460868,0.14845251818733346
WK168183,Bronneger,2020,4.363341332175357,0.26107648103167114,0.05395877359244933,0.12196060165545294,0.13963310511051355,-0.20053325953892,0.1460572602121751
WK168183,Bronneger,2022,4.379704022724984,0.2774391715812986,0.05184948091341589,0.13786068920514452,0.14259953318781196,-0.20379171405093174,0.1489211823258579
WK168184,Bronnegerveen,2002,4.278626169092713,0.1763613179490283,NA,NA,NA,NA,NA
WK168184,Bronnegerveen,2008,4.236043634057161,0.13377878291347547,NA,NA,NA,NA,NA
WK168184,Bronnegerveen,2012,4.248621773498452,0.14635692235476713,NA,NA,NA,NA,NA
WK168184,Bronnegerveen,2014,4.409560407347188,0.3072955562035026,0.09319411733432074,0.11492877116407837,0.21253880247394258,-0.22648988998423905,0.11312375521539984
WK168184,Bronnegerveen,2016,4.3811665629449035,0.27890171180121814,NA,NA,NA,NA,NA
WK168184,Bronnegerveen,2018,4.264498505232038,0.16223365408835294,0.10966441393572478,0.04393187692309866,0.1197784350956031,-0.22863343864262514,0.11749236677655134
WK168184,Bronnegerveen,2020,4.201408729006838,0.09914387786315271,0.09733517873703586,0.03448493997597729,0.06759145211668757,-0.2248058257865376,0.12453813281998939
WK168184,Bronnegerveen,2022,4.319071922639818,0.21680707149613337,0.0909817310238175,0.10911557234282335,0.12822081209823796,-0.23494423545589163,0.12343319148714604
WK168185,Buinen,2002,4.285105601120436,0.18284074997675073,NA,NA,NA,NA,NA
WK168185,Buinen,2008,4.268409616743954,0.16614476560026845,NA,NA,NA,NA,NA
WK168185,Buinen,2012,4.265029975287651,0.16276512414396557,NA,NA,NA,NA,NA
WK168185,Buinen,2014,4.231009599830504,0.12874474868681857,0.032352400474733214,0.10338204209704115,0.08545413105044979,-0.1826167297938916,0.09017290485848574
WK168185,Buinen,2016,4.268847187023624,0.1665823358799386,NA,NA,NA,NA,NA
WK168185,Buinen,2018,4.254161125659203,0.15189627451551735,0.03775275451262858,0.10560830814462799,0.09074604333679546,-0.17437844915521955,0.09216761767668467
WK168185,Buinen,2020,4.241577604473815,0.13931275333013016,0.031387854324545016,0.11753754228658729,0.07228351587239218,-0.17394024838522068,0.09204408923182603
WK168185,Buinen,2022,4.251565352800422,0.14930050165673725,0.04242724647589328,0.1099003963298842,0.07858420271798672,-0.174653500543878,0.09304215667685084
WK168186,Buinerveen,2002,4.28007993373448,0.17781508259079398,NA,NA,NA,NA,NA
WK168186,Buinerveen,2008,4.283941852895258,0.18167700175157298,NA,NA,NA,NA,NA
WK168186,Buinerveen,2012,4.304499708710075,0.2022348575663904,NA,NA,NA,NA,NA
WK168186,Buinerveen,2014,4.251590820957783,0.14932596981409793,0.06622305180641634,0.09900222218488448,0.09927965530205628,-0.2316350302669776,0.11645607078771818
WK168186,Buinerveen,2016,4.270521543746833,0.16825669260314804,NA,NA,NA,NA,NA
WK168186,Buinerveen,2018,4.2950919714519245,0.19282712030823862,0.07382104056450209,0.13310460638452806,0.09031921844739665,-0.22152738473804048,0.1171096396498521
WK168186,Buinerveen,2020,4.295857193080432,0.19359234193674738,0.06938634340202421,0.12416630243409114,0.09886464862349532,-0.21514230065672021,0.11631734813385651
WK168186,Buinerveen,2022,4.292615457704658,0.19035060656097255,0.07098718622824418,0.11883641381962015,0.10042791732575697,-0.21959929377293988,0.11969838296029073
WK168187,Drouwen,2002,4.318691060759581,0.21642620961589576,NA,NA,NA,NA,NA
WK168187,Drouwen,2008,4.305283343450606,0.20301849230692107,NA,NA,NA,NA,NA
WK168187,Drouwen,2012,4.242605185371455,0.1403403342277703,NA,NA,NA,NA,NA
WK168187,Drouwen,2014,4.343096985822826,0.2408321346791406,0.1154438297773005,0.11226688044353657,0.14185541618738828,-0.16799705155798736,0.03926305982890245
WK168187,Drouwen,2016,4.234632148461395,0.13236729731770988,NA,NA,NA,NA,NA
WK168187,Drouwen,2018,4.240943861019808,0.138679009876123,0.12643870059328732,0.03902592738224431,0.12287973655445411,-0.17401243633602342,0.0243470816821605
WK168187,Drouwen,2020,4.28586730143165,0.18360245028796476,0.11387665389439762,0.10533876942039122,0.1126769542111222,-0.1669700002434087,0.018680073005462285
WK168187,Drouwen,2022,4.359998033682319,0.25773318253863436,0.07771488167659717,0.12579261923237026,0.12838742410522658,-0.1683873240015575,0.09422558152599757
WK168188,Drouwenermond,2002,4.243010478606651,0.14074562746296598,NA,NA,NA,NA,NA
WK168188,Drouwenermond,2008,4.256880157133949,0.15461530599026357,NA,NA,NA,NA,NA
WK168188,Drouwenermond,2012,4.236661155255117,0.13439630411143233,NA,NA,NA,NA,NA
WK168188,Drouwenermond,2014,4.236950548439821,0.13468569729613566,0.008555329116384978,0.11391646958209954,0.09667402184043547,-0.18140084451485344,0.096940721272069
WK168188,Drouwenermond,2016,4.185622182590019,0.08335733144633392,NA,NA,NA,NA,NA
WK168188,Drouwenermond,2018,4.220689537137054,0.11842468599336906,0.013744793867647338,0.09667779858668439,0.09535903730996714,-0.1864632116096119,0.09910626783868179
WK168188,Drouwenermond,2020,4.216242945943956,0.11397809480027067,0.006152614611443715,0.10266615244702426,0.08544606195868741,-0.1784704165424925,0.09818368232560756
WK168188,Drouwenermond,2022,4.221977649555431,0.11971279841174481,-0.011527334353663444,0.11701014427922542,0.09468053561630081,-0.18136346347227947,0.10091291634216107
WK168189,Drouwenerveen,2002,4.374691089506421,0.2724262383627358,NA,NA,NA,NA,NA
WK168189,Drouwenerveen,2008,4.323728425799869,0.22146357465618394,NA,NA,NA,NA,NA
WK168189,Drouwenerveen,2012,4.362661803833068,0.2603969526893828,NA,NA,NA,NA,NA
WK168189,Drouwenerveen,2014,4.300835480520331,0.19857062937664627,0.035388983437865694,0.09714732856905607,0.1544988752289314,-0.21924705440446443,0.13078249654525712
WK168189,Drouwenerveen,2016,4.302910881540448,0.20064603039676343,NA,NA,NA,NA,NA
WK168189,Drouwenerveen,2018,4.340342231754387,0.2380773806107014,0.059307135964793735,0.13719371287549348,0.1285385681952244,-0.2243048432599587,0.13734280683514807
WK168189,Drouwenerveen,2020,4.2664723415776145,0.16420749043392927,0.04419211268292847,0.11817549489489597,0.08703265974360144,-0.2169581916083533,0.1317654147208564
WK168189,Drouwenerveen,2022,4.270369005063931,0.16810415392024564,0.03487354336472243,0.1243509232862018,0.09972870922619705,-0.2282551438987516,0.13740612194187574
WK168190,Ees,2002,4.331178698405424,0.22891384726173788,NA,NA,NA,NA,NA
WK168190,Ees,2008,4.324492510190823,0.22222765904713765,NA,NA,NA,NA,NA
WK168190,Ees,2012,4.387999565048592,0.28573471390490623,NA,NA,NA,NA,NA
WK168190,Ees,2014,4.33489763980723,0.23263278866354453,0.144772646936448,0.06198808526877208,0.13464414551969722,-0.14895054322107387,0.04017845415970056
WK168190,Ees,2016,4.384310557902944,0.28204570675925966,NA,NA,NA,NA,NA
WK168190,Ees,2018,4.388698875505457,0.28643402436177245,0.15404397513918647,0.10340384378347434,0.13132851727201308,-0.14604944784235632,0.04370713600945456
WK168190,Ees,2020,4.317204124150401,0.21493927300671664,0.067843392241779,0.10373598204618369,0.10468441621028741,-0.15911743873263365,0.09779292124109995
WK168190,Ees,2022,4.319451346554199,0.2171864954105134,0.057633840296460036,0.12707122703856244,0.09838625214174192,-0.16862485812461528,0.102720034058364
WK168191,Eesergroen,2002,4.31196517407706,0.20970032293337496,NA,NA,NA,NA,NA
WK168191,Eesergroen,2008,4.149008610151425,0.04674375900773932,NA,NA,NA,NA,NA
WK168191,Eesergroen,2012,4.241905121267696,0.13964027012401112,NA,NA,NA,NA,NA
WK168191,Eesergroen,2014,4.315103607301079,0.21283875615739448,0.06129630772250532,0.12379781897891685,0.11481686885632052,-0.20917408036730206,0.12210184096695369
WK168191,Eesergroen,2016,4.2583416793390025,0.1560768281953173,NA,NA,NA,NA,NA
WK168191,Eesergroen,2018,4.293787393792877,0.1915225426491921,0.0785531220138343,0.09412900246754889,0.10037623501834597,-0.20687611991644667,0.1253403030659093
WK168191,Eesergroen,2020,4.301753916088231,0.1994890649445455,0.07234569188867225,0.10017513217550089,0.11174360250762985,-0.20838535120711701,0.12360998957985923
WK168191,Eesergroen,2022,4.343470036422657,0.24120518527897225,0.07479189858967092,0.1391879518123199,0.11420320394160022,-0.21344916214955817,0.1264712930849391
WK168192,Eeserveen,2002,4.2515668373038356,0.14930198616014967,NA,NA,NA,NA,NA
WK168192,Eeserveen,2008,4.216471203139867,0.11420635199618182,NA,NA,NA,NA,NA
WK168192,Eeserveen,2012,4.275120968436139,0.17285611729245326,NA,NA,NA,NA,NA
WK168192,Eeserveen,2014,4.264233999810695,0.16196914866701015,0.046802170313063024,0.15843853388356602,0.1307635187748156,-0.2428767979124128,0.06884172360797802
WK168192,Eeserveen,2016,4.268599955793118,0.16633510464943213,NA,NA,NA,NA,NA
WK168192,Eeserveen,2018,4.270850183575621,0.1685853324319353,0.0645749026189475,0.15538393630667527,0.12450907157386357,-0.2417277191245138,0.06584514105696238
WK168192,Eeserveen,2020,4.228108168471619,0.125843317327933,0.05045225655867483,0.13026513058423625,0.12354635286739128,-0.23935107847150294,0.060930655789133405
WK168192,Eeserveen,2022,4.180743535407753,0.07847868426406807,0.024562984638927185,0.08452143577513835,0.11279856459558522,-0.24234252598730877,0.09893822524172574
WK168193,Ellertshaar,2002,4.357937747681545,0.25567289653785963,NA,NA,NA,NA,NA
WK168193,Ellertshaar,2008,4.353795799635592,0.25153094849190705,NA,NA,NA,NA,NA
WK168193,Ellertshaar,2012,4.387535736794509,0.2852708856508235,NA,NA,NA,NA,NA
WK168193,Ellertshaar,2014,4.205294805668235,0.10302995452454944,0.0851037151469286,0.06685909339992989,0.09168379600406697,-0.24744205400290806,0.10682540397653195
WK168193,Ellertshaar,2016,4.469536475898908,0.36727162475522235,NA,NA,NA,NA,NA
WK168193,Ellertshaar,2018,4.279503241251223,0.1772383901075374,0.14263404984380004,0.09129347826534322,0.08511462831719252,-0.24377514826538582,0.10197138194658739
WK168193,Ellertshaar,2020,4.234933514343483,0.13266866319979798,0.13633036866175086,0.057462496295309674,0.08041230683378309,-0.24261017494327286,0.10107366635222736
WK168193,Ellertshaar,2022,4.295388555882204,0.19312370473851903,0.1333316515993635,0.1330765454001411,0.06667819957669241,-0.250449946898307,0.11048725506062897
WK168194,Exloërveen,2002,4.1924590428358695,0.09019419169218415,NA,NA,NA,NA,NA
WK168194,Exloërveen,2008,4.0949172012204755,-0.0073476499232095534,NA,NA,NA,NA,NA
WK168194,Exloërveen,2012,4.143851046238999,0.041586195095313895,NA,NA,NA,NA,NA
WK168194,Exloërveen,2014,4.171823233943863,0.0695583828001772,1.1225260905678991e-4,0.12770834106472415,0.08629186258812485,-0.25047340568514975,0.10591933222342109
WK168194,Exloërveen,2016,4.209211547650379,0.10694669650669332,NA,NA,NA,NA,NA
WK168194,Exloërveen,2018,4.072676233826671,-0.029588617317013694,0.013873811623883224,0.023828725094228467,0.0770930400753258,-0.25409839687201224,0.10971420276156102
WK168194,Exloërveen,2020,4.16589649684862,0.06363164570493464,-0.003077883391797692,0.10017497966708856,0.10680139013185452,-0.24897994858706665,0.10871310788485566
WK168194,Exloërveen,2022,4.117922076157626,0.015657225013941022,-2.3786650858380608e-4,0.0983154735387763,0.06881103022341503,-0.2622486728520865,0.11101726061241954
WK168195,Exloo,2002,4.218069115039302,0.11580426389561722,NA,NA,NA,NA,NA
WK168195,Exloo,2008,4.269341722341299,0.16707687119761372,NA,NA,NA,NA,NA
WK168195,Exloo,2012,4.26709241755367,0.16482756640998436,NA,NA,NA,NA,NA
WK168195,Exloo,2014,4.292865480114392,0.19060062897070637,0.06875995652009212,0.1238993372995386,0.09665208476509779,-0.15764143893751242,0.05893068932348992
WK168195,Exloo,2016,4.309651031940913,0.2073861807972278,NA,NA,NA,NA,NA
WK168195,Exloo,2018,4.287260142512476,0.18499529136879075,0.07526586880955592,0.10629571509247626,0.0983160313596209,-0.15759559599247625,0.06271327209961365
WK168195,Exloo,2020,4.286485876518839,0.18422102537515386,0.07012014568743108,0.10936240361616391,0.09201760504055284,-0.15146679575452165,0.06418766678552734
WK168195,Exloo,2022,4.253403580197065,0.15113872905338016,0.06874847051775639,0.10532009351099782,0.07700348465361997,-0.17059895189259075,0.07066563226359641
WK168196,Klijndijk,2002,4.167779943789193,0.065515092645508,NA,NA,NA,NA,NA
WK168196,Klijndijk,2008,4.161795589174631,0.05953073803094627,NA,NA,NA,NA,NA
WK168196,Klijndijk,2012,4.149937226434643,0.047672375290958184,NA,NA,NA,NA,NA
WK168196,Klijndijk,2014,4.188625899705417,0.0863610485617318,0.02462144732347607,0.1120374913697515,0.08312965771922727,-0.18215437918598076,0.04872683133525742
WK168196,Klijndijk,2016,4.180544420178008,0.07827956903432251,NA,NA,NA,NA,NA
WK168196,Klijndijk,2018,4.190137665516223,0.08787281437253751,0.029983685258142934,0.09995982648218976,0.08902999110860899,-0.1846243398321367,0.05352365135573226
WK168196,Klijndijk,2020,4.128513501110018,0.026248649966333193,0.024492857530806284,0.0556685522077685,0.07542532246778834,-0.18106972550186093,0.0517316432618306
WK168196,Klijndijk,2022,4.120495034937955,0.018230183794269567,0.016979953617795404,0.06844120851783704,0.067793180012514,-0.18946195592224657,0.0544777975683694
WK168197,Nieuw-Buinen,2002,4.034654330813532,-0.06761052033015344,NA,NA,NA,NA,NA
WK168197,Nieuw-Buinen,2008,4.019294922569126,-0.08296992857455884,NA,NA,NA,NA,NA
WK168197,Nieuw-Buinen,2012,4.06518818556585,-0.037076665577835344,NA,NA,NA,NA,NA
WK168197,Nieuw-Buinen,2014,4.058476036549377,-0.043788814594308965,0.025976756956757344,0.043070285400669824,0.04007542181917155,-0.18009180817596726,0.027180529405059273
WK168197,Nieuw-Buinen,2016,4.06480343997947,-0.03746141116421474,NA,NA,NA,NA,NA
WK168197,Nieuw-Buinen,2018,4.0865662400042,-0.015698611139485803,0.033254567430060354,0.0540613791660373,0.047801821530670315,-0.17860007365713332,0.0277836943908792
WK168197,Nieuw-Buinen,2020,4.090004113050387,-0.012260738093297596,0.026930553777266244,0.05700720286008531,0.037957831264226374,-0.16884932422538013,0.034692998230504354
WK168197,Nieuw-Buinen,2022,4.098433846660166,-0.003831004483519242,0.021672306084842184,0.06153803878981518,0.04593891915934833,-0.17467207243234636,0.04169180391482116
WK168198,Odoorn,2002,4.186605914376153,0.08434106323246755,NA,NA,NA,NA,NA
WK168198,Odoorn,2008,4.206651132830749,0.1043862816870642,NA,NA,NA,NA,NA
WK168198,Odoorn,2012,4.219273310308365,0.11700845916467997,NA,NA,NA,NA,NA
WK168198,Odoorn,2014,4.265927424403869,0.16366257326018324,0.0605505260323309,0.13067377388647305,0.08501992422997612,-0.14644857098687414,0.03386692009827706
WK168198,Odoorn,2016,4.245850631435814,0.14358578029212857,NA,NA,NA,NA,NA
WK168198,Odoorn,2018,4.260678507782852,0.15841365663916632,0.06492628345055558,0.11805348767576022,0.0828039463950893,-0.14723153547699497,0.03986147459475591
WK168198,Odoorn,2020,4.248670482442874,0.14640563129918832,0.0648909285503716,0.11541402262761528,0.07537703762114206,-0.14474883269341357,0.035472475193472686
WK168198,Odoorn,2022,4.2085647614631245,0.1062999103194392,0.05605150612717442,0.10766145092775938,0.06528202301471699,-0.15543382580671303,0.03273875605650113
WK168199,Odoornerveen,2002,4.246473440304562,0.14420858916087712,NA,NA,NA,NA,NA
WK168199,Odoornerveen,2008,4.21644361022231,0.114178759078625,NA,NA,NA,NA,NA
WK168199,Odoornerveen,2012,4.2449677017562015,0.14270285061251684,NA,NA,NA,NA,NA
WK168199,Odoornerveen,2014,4.2416537298153205,0.1393888786716351,0.024900339658215098,0.13183187892930426,0.10787661697690741,-0.23048929792731326,0.10526934103452143
WK168199,Odoornerveen,2016,4.245062779244015,0.1427979281003297,NA,NA,NA,NA,NA
WK168199,Odoornerveen,2018,4.26343381180561,0.16116896066192474,0.04521325829600614,0.10402689140214605,0.13375898248481088,-0.22920488892995977,0.107374717408921
WK168199,Odoornerveen,2020,4.235461481898453,0.1331966307547676,0.028863743018920536,0.11434918263285618,0.11094209427903569,-0.22898925830305408,0.10803086912700892
WK168199,Odoornerveen,2022,4.235589819526853,0.1333249683831677,0.024592417182814613,0.1231877133814959,0.10999972510043342,-0.2346143900454964,0.11015950276391988
WK169000,Wijk 00 Zuidwolde,2002,4.181653114333779,0.07938826319009329,NA,NA,NA,NA,NA
WK169000,Wijk 00 Zuidwolde,2008,4.153190543887233,0.050925692743548634,NA,NA,NA,NA,NA
WK169000,Wijk 00 Zuidwolde,2012,4.178106615671221,0.07584176452753615,NA,NA,NA,NA,NA
WK169000,Wijk 00 Zuidwolde,2014,4.21601819204783,0.11375334090414486,0.04263825873494453,0.09233995474864458,0.06503886043025937,-0.1284552616652958,0.0421915286555919
WK169000,Wijk 00 Zuidwolde,2016,4.247893261779628,0.1456284106359424,NA,NA,NA,NA,NA
WK169000,Wijk 00 Zuidwolde,2018,4.225624037639494,0.12335918649580847,0.04563560681431886,0.08285937238038002,0.06739640852455304,-0.11466112473650834,0.04212892351306464
WK169000,Wijk 00 Zuidwolde,2020,4.2312104612379,0.12894561009421476,0.041225114863861115,0.08595309466524992,0.06721099522122174,-0.10212647990080864,0.03668288524469038
WK169000,Wijk 00 Zuidwolde,2022,4.243026778048285,0.1407619269045994,0.045166006906762854,0.11262057637114302,0.06162979396476013,-0.1188078211522667,0.04015337081419986
WK169001,Wijk 01 Alteveer,2002,4.136184872920673,0.033920021776987434,NA,NA,NA,NA,NA
WK169001,Wijk 01 Alteveer,2008,4.128564942543229,0.02630009139954331,NA,NA,NA,NA,NA
WK169001,Wijk 01 Alteveer,2012,4.14069039443304,0.03842554328935488,NA,NA,NA,NA,NA
WK169001,Wijk 01 Alteveer,2014,4.184632370698247,0.08236751955456106,-0.0016593945578194476,0.10926401183455407,0.09119995614241212,-0.18620237763626354,0.06976532377167757
WK169001,Wijk 01 Alteveer,2016,4.219304167005375,0.11703931586169028,NA,NA,NA,NA,NA
WK169001,Wijk 01 Alteveer,2018,4.218141023615177,0.11587617247149151,0.013973927933240314,0.1125863235224551,0.09243780668977987,-0.17253195442350233,0.06941006874951837
WK169001,Wijk 01 Alteveer,2020,4.222665878415714,0.12040102727202816,0.00616472005274238,0.12553142949644866,0.08608926277295852,-0.16645977877026846,0.0690753937201469
WK169001,Wijk 01 Alteveer,2022,4.210404064035048,0.10813921289136248,0.019428677404526952,0.10435921200876452,0.0835043159468474,-0.1684618062894174,0.06930881382064086
WK169002,Wijk 02 Kerkenveld,2002,4.083982933099623,-0.01828191804406215,NA,NA,NA,NA,NA
WK169002,Wijk 02 Kerkenveld,2008,4.065972974309083,-0.0362918768346027,NA,NA,NA,NA,NA
WK169002,Wijk 02 Kerkenveld,2012,4.117259263623478,0.01499441247979315,NA,NA,NA,NA,NA
WK169002,Wijk 02 Kerkenveld,2014,4.174237812802518,0.07197296165883363,0.02401430383075941,0.10592270995988058,0.09715994005480022,-0.2140701624328767,0.05894617024626984
WK169002,Wijk 02 Kerkenveld,2016,4.200058605420185,0.09779375427650012,NA,NA,NA,NA,NA
WK169002,Wijk 02 Kerkenveld,2018,4.195316955422155,0.09305210427846956,0.03397001013479653,0.1078590718558291,0.0964131819386884,-0.20605795137019758,0.06086779171935288
WK169002,Wijk 02 Kerkenveld,2020,4.186215670845459,0.08395081970177419,0.02089767468753422,0.11314210139625909,0.09361053161768636,-0.20297582067874304,0.059276332679037126
WK169002,Wijk 02 Kerkenveld,2022,4.196933235338046,0.09466838419436117,0.029716075089095163,0.11513538749446772,0.09208247563617829,-0.2016223420184032,0.05935678799302279
WK169003,Wijk 03 Drogteropslagen,2002,4.239746656790473,0.13748180564678789,NA,NA,NA,NA,NA
WK169003,Wijk 03 Drogteropslagen,2008,4.179974999338598,0.07771014819491319,NA,NA,NA,NA,NA
WK169003,Wijk 03 Drogteropslagen,2012,4.15265301857228,0.05038816742859376,NA,NA,NA,NA,NA
WK169003,Wijk 03 Drogteropslagen,2014,4.221218248126213,0.11895339698252763,0.0020252681245080885,0.12451303764408954,0.11842025010802926,-0.20209560174103158,0.07609044284693213
WK169003,Wijk 03 Drogteropslagen,2016,4.234451087908288,0.13218623676460292,NA,NA,NA,NA,NA
WK169003,Wijk 03 Drogteropslagen,2018,4.22851216764763,0.12624731650394544,0.017684680848118858,0.08917458304177991,0.13967638926813994,-0.2004468494507638,0.08015851279667031
WK169003,Wijk 03 Drogteropslagen,2020,4.223973044084152,0.1217081929404668,0.00873955481975553,0.12147670256314495,0.11462205436628684,-0.20295184038646247,0.07982172157774167
WK169003,Wijk 03 Drogteropslagen,2022,4.233818797186523,0.13155394604283768,0.02995536647196041,0.10907390210095246,0.11147654353670682,-0.20002137399104356,0.08106950792426132
WK169004,Wijk 04 Linde,2002,4.373587124467672,0.2713222733239873,NA,NA,NA,NA,NA
WK169004,Wijk 04 Linde,2008,4.282248805711741,0.17998395456805588,NA,NA,NA,NA,NA
WK169004,Wijk 04 Linde,2012,4.288019865654093,0.1857550145104075,NA,NA,NA,NA,NA
WK169004,Wijk 04 Linde,2014,4.2964105897696765,0.19414573862599058,0.02281468969238438,0.12231847221912948,0.11759740336528234,-0.18211349896684317,0.1135286723160372
WK169004,Wijk 04 Linde,2016,4.3221593309918,0.21989447984811475,NA,NA,NA,NA,NA
WK169004,Wijk 04 Linde,2018,4.35064250805816,0.24837765691447458,0.04548851229477143,0.1260082438268245,0.14560975661779735,-0.1805467719810158,0.11181791615609696
WK169004,Wijk 04 Linde,2020,4.309430845724764,0.20716599458107876,0.032903717169015946,0.12237167502777602,0.11823910224404584,-0.17733439107112087,0.11098589121136151
WK169004,Wijk 04 Linde,2022,4.294202114916664,0.19193726377297854,0.038243486648335163,0.1084298314204791,0.11289769596734553,-0.18045896415600143,0.1128252138928199
WK169005,Wijk 05 Fort,2002,4.218103829529122,0.11583897838543722,NA,NA,NA,NA,NA
WK169005,Wijk 05 Fort,2008,4.22400605839614,0.12174120725245474,NA,NA,NA,NA,NA
WK169005,Wijk 05 Fort,2012,4.2769389979032155,0.17467414675953044,NA,NA,NA,NA,NA
WK169005,Wijk 05 Fort,2014,4.265381949307963,0.16311709816427838,0.03756540017498595,0.11408579186577342,0.13330780403415754,-0.2138419911263889,0.09200009321575017
WK169005,Wijk 05 Fort,2016,4.2533043261005,0.15103947495681508,NA,NA,NA,NA,NA
WK169005,Wijk 05 Fort,2018,4.296832729595759,0.1945678784520733,0.053382866742989366,0.11485497477490274,0.14681619035861587,-0.21011194252343554,0.08962578909900057
WK169005,Wijk 05 Fort,2020,4.261049786467358,0.15878493532367188,0.04602681420196912,0.1201804482037311,0.1261579219980361,-0.20281885344408146,0.06923860436401673
WK169005,Wijk 05 Fort,2022,4.273559060761219,0.17129420961753355,0.03984031713847166,0.12195986623931991,0.1269125019715989,-0.20469161538931943,0.08727313965746229
WK169006,Wijk 06 Veeningen,2002,4.193244869653272,0.09098001850958648,NA,NA,NA,NA,NA
WK169006,Wijk 06 Veeningen,2008,4.186768293549003,0.08450344240531728,NA,NA,NA,NA,NA
WK169006,Wijk 06 Veeningen,2012,4.200410676954491,0.09814582581080661,NA,NA,NA,NA,NA
WK169006,Wijk 06 Veeningen,2014,4.1711133490494765,0.06884849790579153,0.019486174386914357,0.09509955724956781,0.09613285838613861,-0.2215529268734917,0.07968283475666221
WK169006,Wijk 06 Veeningen,2016,4.207950478876631,0.1056856277329459,NA,NA,NA,NA,NA
WK169006,Wijk 06 Veeningen,2018,4.179594339676532,0.07732948853284728,0.03780600018418807,0.08723591261420174,0.09439629331746718,-0.21700744467644098,0.07489872709343105
WK169006,Wijk 06 Veeningen,2020,4.177262911041105,0.07499805989741899,0.029731295697491455,0.09715441078860579,0.08288307099792243,-0.20865382110553263,0.07388310351893167
WK169006,Wijk 06 Veeningen,2022,4.1795964740196085,0.07733162287592392,0.03200949403311927,0.10657530975390564,0.08513801869803664,-0.21081707468817715,0.06442587507903928
WK169007,Wijk 07 Echten,2002,4.348405954670982,0.2461411035272968,NA,NA,NA,NA,NA
WK169007,Wijk 07 Echten,2008,4.3384949225319085,0.2362300713882232,NA,NA,NA,NA,NA
WK169007,Wijk 07 Echten,2012,4.351965401826425,0.24970055068273997,NA,NA,NA,NA,NA
WK169007,Wijk 07 Echten,2014,4.295388048233597,0.1931231970899107,0.05637446491266247,0.08842056137609787,0.12854983572853046,-0.17347271447310575,0.09325104954572525
WK169007,Wijk 07 Echten,2016,4.343706860527986,0.2414420093843006,NA,NA,NA,NA,NA
WK169007,Wijk 07 Echten,2018,4.305424551280612,0.20315970013692675,0.06582266927625993,0.10624474832638775,0.10279799134777987,-0.16215880922835663,0.09045310041485558
WK169007,Wijk 07 Echten,2020,4.317302794039322,0.21503794289563682,0.05874842533517705,0.1325411054767746,0.08299633416026655,-0.14919637103701297,0.08994844896043154
WK169007,Wijk 07 Echten,2022,4.304245820153308,0.20198096900962312,0.06847511962190686,0.12412355049793736,0.06929694712239987,-0.15065049035167694,0.09073584211905567
WK169008,Wijk 08 Ruinen,2002,4.246367410719477,0.14410255957579227,NA,NA,NA,NA,NA
WK169008,Wijk 08 Ruinen,2008,4.232715571465908,0.13045072032222282,NA,NA,NA,NA,NA
WK169008,Wijk 08 Ruinen,2012,4.249727847212832,0.14746299606914673,NA,NA,NA,NA,NA
WK169008,Wijk 08 Ruinen,2014,4.244023413564377,0.1417585624206916,0.043754070163668134,0.111571645959018,0.06711104482893558,-0.13603535831765848,0.05535715978672809
WK169008,Wijk 08 Ruinen,2016,4.233688221649669,0.13142337050598374,NA,NA,NA,NA,NA
WK169008,Wijk 08 Ruinen,2018,4.252591511092381,0.15032665994869554,0.043554704417805644,0.1092199007959833,0.07040920185044026,-0.13172163128053496,0.05886448416500105
WK169008,Wijk 08 Ruinen,2020,4.197146945656792,0.09488209451310689,0.0419027171407882,0.09318286760475639,0.0625109754307035,-0.1619849704317562,0.05927050476861472
WK169008,Wijk 08 Ruinen,2022,4.22702357310252,0.12475872195883465,0.04977921565120675,0.11466727151210329,0.05768640126054905,-0.15701932282961975,0.059645156364595
WK169009,Wijk 09 Eursinge,2002,4.3253352486127055,0.22307039746902027,NA,NA,NA,NA,NA
WK169009,Wijk 09 Eursinge,2008,4.486825877820481,0.3845610266767961,NA,NA,NA,NA,NA
WK169009,Wijk 09 Eursinge,2012,4.4166269237988045,0.3143620726551191,NA,NA,NA,NA,NA
WK169009,Wijk 09 Eursinge,2014,4.2636412790008045,0.16137642785711925,0.006020290664880487,0.09765135240311676,0.1266811556310798,-0.1813775118847877,0.1124011410428294
WK169009,Wijk 09 Eursinge,2016,4.3648038991609495,0.26253904801726347,NA,NA,NA,NA,NA
WK169009,Wijk 09 Eursinge,2018,4.301567991038599,0.19930313989491358,0.02693884725809668,0.09595942261515808,0.12632683088863184,-0.16792615633274854,0.11800419546577562
WK169009,Wijk 09 Eursinge,2020,4.280944668148032,0.17867981700434676,0.013013039726594091,0.1215058364902796,0.10697836285826015,-0.1718685971337183,0.10905117506293108
WK169009,Wijk 09 Eursinge,2022,4.217081688481512,0.1148168373378268,-0.023483500428173414,0.10474947955090128,0.10456056956784363,-0.17213757615840314,0.10112786480565832
WK169010,Wijk 10 Ansen,2002,4.297848050579552,0.19558319943586713,NA,NA,NA,NA,NA
WK169010,Wijk 10 Ansen,2008,4.281952897596919,0.1796880464532335,NA,NA,NA,NA,NA
WK169010,Wijk 10 Ansen,2012,4.312690915672425,0.2104260645287392,NA,NA,NA,NA,NA
WK169010,Wijk 10 Ansen,2014,4.289319536886267,0.1870546857425816,0.03034844039554463,0.11415410054728263,0.1406542378121726,-0.20915762774135002,0.11105553472893145
WK169010,Wijk 10 Ansen,2016,4.29588599622857,0.19362114508488498,NA,NA,NA,NA,NA
WK169010,Wijk 10 Ansen,2018,4.327338037251548,0.22507318610786267,0.059365211226834344,0.12216159056306407,0.146287357257298,-0.21180674941255,0.1090657764732161
WK169010,Wijk 10 Ansen,2020,4.254345507788381,0.1520806566446951,0.04515606651090695,0.1127597859724894,0.10712474851187748,-0.22224511402322164,0.1092851696726426
WK169010,Wijk 10 Ansen,2022,4.229182885425807,0.12691803428212203,0.04272530583968413,0.10491406249905828,0.09839095442919724,-0.22482550930222187,0.10571322081640404
WK169011,Wijk 11 Ruinerwold,2002,4.203221968320137,0.10095711717645146,NA,NA,NA,NA,NA
WK169011,Wijk 11 Ruinerwold,2008,4.184876109108787,0.08261125796510196,NA,NA,NA,NA,NA
WK169011,Wijk 11 Ruinerwold,2012,4.210610203412209,0.10834535226852367,NA,NA,NA,NA,NA
WK169011,Wijk 11 Ruinerwold,2014,4.2272868809005635,0.125022029756878,0.02172079165284763,0.11552108056892636,0.0777116768262514,-0.15561579445404894,0.06568427516290125
WK169011,Wijk 11 Ruinerwold,2016,4.22525282374862,0.12298797260493423,NA,NA,NA,NA,NA
WK169011,Wijk 11 Ruinerwold,2018,4.2269280300322,0.1246631788885141,0.0327453600181668,0.11178938726511078,0.07850404566409386,-0.16254402587322545,0.06416841181436785
WK169011,Wijk 11 Ruinerwold,2020,4.19992338716109,0.09765853601740483,0.026737473106385096,0.09205281543007732,0.06891791112686566,-0.15595172591467693,0.06590206226875345
WK169011,Wijk 11 Ruinerwold,2022,4.220313794601468,0.11804894345778275,0.009868244593229655,0.12068152796781081,0.06815414880553575,-0.14741665161513046,0.0667616737063367
WK169012,Wijk 12 Koekange,2002,4.1775168938267875,0.07525204268310187,NA,NA,NA,NA,NA
WK169012,Wijk 12 Koekange,2008,4.154217647688036,0.05195279654435077,NA,NA,NA,NA,NA
WK169012,Wijk 12 Koekange,2012,4.187909959009114,0.08564510786542892,NA,NA,NA,NA,NA
WK169012,Wijk 12 Koekange,2014,4.200192313909625,0.097927462765940207,0.01387212862548364,0.10805803838787703,0.08669978368023865,-0.186907323974759,0.0762048360470997
WK169012,Wijk 12 Koekange,2016,4.231160950683915,0.12889609954023007,NA,NA,NA,NA,NA
WK169012,Wijk 12 Koekange,2018,4.19332705460175,0.09106220345806454,0.019422432592752902,0.10574023616560328,0.07842157673350929,-0.1875462081793721,0.07502416614557085
WK169012,Wijk 12 Koekange,2020,4.188189060610565,0.08592420946687931,0.018307590447101504,0.10243221815434207,0.07343634583523033,-0.18054282788970716,0.07229088291991219
WK169012,Wijk 12 Koekange,2022,4.19741400521343,0.09514915406974421,0.022651465289127055,0.1018792108275728,0.07292024123236177,-0.1777237080250709,0.07542194474575317
WK169013,Wijk 13 De Wijk,2002,4.1971089519246885,0.09484410078100364,NA,NA,NA,NA,NA
WK169013,Wijk 13 De Wijk,2008,4.1944941125946835,0.09222926145099808,NA,NA,NA,NA,NA
WK169013,Wijk 13 De Wijk,2012,4.19108157586545,0.08881672472176441,NA,NA,NA,NA,NA
WK169013,Wijk 13 De Wijk,2014,4.209624654769313,0.10735980362562803,0.03840283944556834,0.10419907713885947,0.057735836599209694,-0.1449938054897207,0.05201585593171096
WK169013,Wijk 13 De Wijk,2016,4.234984994854129,0.1327201437104436,NA,NA,NA,NA,NA
WK169013,Wijk 13 De Wijk,2018,4.193688288661736,0.09142343751805108,0.03984067762782142,0.08759754596030889,0.055005252922500886,-0.14511106209160016,0.05409102309901976
WK169013,Wijk 13 De Wijk,2020,4.2060235262584005,0.10375867511471529,0.04125232662648712,0.08196952768169705,0.05067635104812069,-0.12250570541910369,0.05236617517751385
WK169013,Wijk 13 De Wijk,2022,4.210055854838099,0.10779100369441406,0.04440511281431689,0.07285301542455674,0.05031254420069289,-0.11284411782700925,0.05306444908185643
WK169500,Wijk 00 Kortgene,2002,4.089802640382444,-0.012462210761241302,NA,NA,NA,NA,NA
WK169500,Wijk 00 Kortgene,2008,4.135708495821236,0.033443644677550184,NA,NA,NA,NA,NA
WK169500,Wijk 00 Kortgene,2012,4.123941327606088,0.0216764764624027,NA,NA,NA,NA,NA
WK169500,Wijk 00 Kortgene,2014,4.1130034811905345,0.010738630046848855,0.03073935747168525,0.08147628718275889,0.057608730312079214,-0.17967038253084386,0.020584637611169087
WK169500,Wijk 00 Kortgene,2016,4.131099548281277,0.028834697137591812,NA,NA,NA,NA,NA
WK169500,Wijk 00 Kortgene,2018,4.149418432402731,0.04715358125904614,0.03866089494092162,0.08248325603085105,0.06369859060684893,-0.18045954444920936,0.042770384129633625
WK169500,Wijk 00 Kortgene,2020,4.140533834247738,0.03826898310405291,0.04161318900569119,0.08128950251011301,0.05899056592615701,-0.18139625914032706,0.0377719848024185
WK169500,Wijk 00 Kortgene,2022,4.1559343903524715,0.053669539208786365,0.040691690170729544,0.10262782657003032,0.062278561945064106,-0.1973638685263678,0.04543532904932992
WK169501,Wijk 01 Colijnsplaat,2002,3.964773997637586,-0.1374908535060991,NA,NA,NA,NA,NA
WK169501,Wijk 01 Colijnsplaat,2008,3.9835584794188414,-0.11870637172484376,NA,NA,NA,NA,NA
WK169501,Wijk 01 Colijnsplaat,2012,3.9697395617566813,-0.13252528938700422,NA,NA,NA,NA,NA
WK169501,Wijk 01 Colijnsplaat,2014,4.024844580303871,-0.0774202708398145,0.03107461380141554,0.060090533281526456,0.037259787467469,-0.21920399758881573,0.01335879219858995
WK169501,Wijk 01 Colijnsplaat,2016,4.021724566131487,-0.08054028501219801,NA,NA,NA,NA,NA
WK169501,Wijk 01 Colijnsplaat,2018,4.045073094366923,-0.05719175677676288,0.041760231627259045,0.07059780506535838,0.03513740644093195,-0.21639784069850956,0.01171064078819703
WK169501,Wijk 01 Colijnsplaat,2020,4.100358804916697,-0.001906046226988108,0.04770848617509032,0.09206728597481025,0.03506006983265808,-0.1979327670372095,0.021190878827662442
WK169501,Wijk 01 Colijnsplaat,2022,4.096393793537167,-0.005871057606518276,0.049288745913343784,0.08420891743586384,0.03549333135107682,-0.21642564509972942,0.0415635927929265
WK169502,Wijk 02 Kats,2002,4.143799896637971,0.04153504549428659,NA,NA,NA,NA,NA
WK169502,Wijk 02 Kats,2008,4.141694508514059,0.03942965737037326,NA,NA,NA,NA,NA
WK169502,Wijk 02 Kats,2012,4.133023801952071,0.030758950808385647,NA,NA,NA,NA,NA
WK169502,Wijk 02 Kats,2014,4.120798912661393,0.018534061517708422,0.021647675599938236,0.09745565203922865,0.07345539031570579,-0.24456433875863606,0.07053968232147151
WK169502,Wijk 02 Kats,2016,4.066463257415864,-0.03580159372782044,NA,NA,NA,NA,NA
WK169502,Wijk 02 Kats,2018,4.154724289262346,0.05245943811866134,0.024739081123246305,0.12655631784710694,0.08664228845842067,-0.2521340141066243,0.0666557647965115
WK169502,Wijk 02 Kats,2020,4.158997454504777,0.05673260336109212,0.019711654031109978,0.12973659159142492,0.07667712815457123,-0.2480104289004736,0.0786176584844595
WK169502,Wijk 02 Kats,2022,4.167563862268164,0.06529901112447842,0.025175900898127556,0.12308750714731384,0.08604741695967098,-0.25006506515704063,0.08105325127640631
WK169503,Wijk 03 Kamperland,2002,4.145345792265547,0.04308094112186142,NA,NA,NA,NA,NA
WK169503,Wijk 03 Kamperland,2008,4.138282423163972,0.03601757202028579,NA,NA,NA,NA,NA
WK169503,Wijk 03 Kamperland,2012,4.155527769662026,0.05326291851834115,NA,NA,NA,NA,NA
WK169503,Wijk 03 Kamperland,2014,4.149977415106643,0.04771256396295809,0.061632835488265744,0.108250923582309,0.07419153353075036,-0.23048222582360028,0.03411949718523304
WK169503,Wijk 03 Kamperland,2016,4.168916049307335,0.06665119816364999,NA,NA,NA,NA,NA
WK169503,Wijk 03 Kamperland,2018,4.1779295287078995,0.07566467756421458,0.05701576638406439,0.11438856221062772,0.08907059287696864,-0.2331387813449627,0.04832853743751622
WK169503,Wijk 03 Kamperland,2020,4.175855968015462,0.07359111687177679,0.06615700573097663,0.09727695042779315,0.08980770074678335,-0.23322578042869824,0.053575240394921585
WK169503,Wijk 03 Kamperland,2022,4.193676107469185,0.09141125632549933,0.06506625193830948,0.11733821848112926,0.08981406151202594,-0.23643047982546522,0.05562320421949959
WK169504,Wijk 04 Wissenkerke,2002,4.017906836406789,-0.08435801473689576,NA,NA,NA,NA,NA
WK169504,Wijk 04 Wissenkerke,2008,4.032249782333955,-0.07001506880972987,NA,NA,NA,NA,NA
WK169504,Wijk 04 Wissenkerke,2012,4.008827241039968,-0.09343761010371733,NA,NA,NA,NA,NA
WK169504,Wijk 04 Wissenkerke,2014,4.072778348679592,-0.029486502464092523,0.04359937965806581,0.0705359544828399,0.03500501081790733,-0.2161665815222995,0.03753973409939364
WK169504,Wijk 04 Wissenkerke,2016,4.078843449742629,-0.02342140140105687,NA,NA,NA,NA,NA
WK169504,Wijk 04 Wissenkerke,2018,4.098880809722676,-0.003384041421009871,0.05023714285688787,0.08014419130288365,0.040195699023286326,-0.21854004934060453,0.04457897473653647
WK169504,Wijk 04 Wissenkerke,2020,4.121429704870623,0.019164853726937964,0.08060663579374283,0.07060868526354618,0.03969782838527971,-0.21681598452194376,0.045067688806312844
WK169504,Wijk 04 Wissenkerke,2022,4.1175174491211495,0.015252597977464602,0.07367568874748208,0.07479894720379866,0.041970371920160496,-0.22305906960512825,0.04786665971115131
WK169505,Wijk 05 Geersdijk,2002,4.110165967696773,0.00790111655308691,NA,NA,NA,NA,NA
WK169505,Wijk 05 Geersdijk,2008,4.091620141371548,-0.010644709772137623,NA,NA,NA,NA,NA
WK169505,Wijk 05 Geersdijk,2012,4.091417926614245,-0.010846924529440766,NA,NA,NA,NA,NA
WK169505,Wijk 05 Geersdijk,2014,4.055241857957041,-0.047022993186643866,0.030945897828374938,0.0684650310529983,0.06582218712849401,-0.23775523528528214,0.025499126088770828
WK169505,Wijk 05 Geersdijk,2016,4.097708902933734,-0.0045559482099511266,NA,NA,NA,NA,NA
WK169505,Wijk 05 Geersdijk,2018,4.122116144488022,0.019851293344336447,0.040615897180606264,0.08327025106789258,0.11022286408093779,-0.2418076634015478,0.027549944416447477
WK169505,Wijk 05 Geersdijk,2020,4.129844398996223,0.027579547852538275,0.0388847789946138,0.08361704270142989,0.11624617934359838,-0.24204121243046986,0.03087275924336577
WK169505,Wijk 05 Geersdijk,2022,4.119380627466921,0.017115776323235934,0.04014922529161527,0.07015066651256759,0.11716944871901161,-0.24506153549467172,0.034707971294712835
WK169600,Wijk 00 's-Graveland,2002,4.278454217041051,0.1761893658973659,NA,NA,NA,NA,NA
WK169600,Wijk 00 's-Graveland,2008,4.223580740560035,0.12131588941634902,NA,NA,NA,NA,NA
WK169600,Wijk 00 's-Graveland,2012,4.245341950061453,0.14307709891776849,NA,NA,NA,NA,NA
WK169600,Wijk 00 's-Graveland,2014,4.246929684399488,0.14466483325580248,0.017470854802925408,0.07483788606988766,0.05666965679965554,-0.05284164476122065,0.04852808034455431
WK169600,Wijk 00 's-Graveland,2016,4.265131841802976,0.162866990659291,NA,NA,NA,NA,NA
WK169600,Wijk 00 's-Graveland,2018,4.258881466229868,0.1566166150861822,0.017034647467939004,0.08058936152373174,0.052936731182470075,-0.05306653815726702,0.059122413069307996
WK169600,Wijk 00 's-Graveland,2020,4.267849890693456,0.16558503954977105,0.016032909768786935,0.08543935760255941,0.050979594909244696,-0.0455309089030224,0.05866408617220216
WK169600,Wijk 00 's-Graveland,2022,4.260450602257011,0.1581857511133262,0.013751318628534204,0.08055845520346373,0.04742671953343011,-0.0481395427673762,0.06458880051527406
WK169601,Wijk 01 Kortenhoef,2002,4.1732875470007675,0.07102269585708217,NA,NA,NA,NA,NA
WK169601,Wijk 01 Kortenhoef,2008,4.174340235968335,0.07207538482464945,NA,NA,NA,NA,NA
WK169601,Wijk 01 Kortenhoef,2012,4.170699347831397,0.0684344966877124,NA,NA,NA,NA,NA
WK169601,Wijk 01 Kortenhoef,2014,4.167464379606329,0.06519952846264403,0.011566328489575728,0.060267963261981534,0.026856414208508622,-0.035246492834552196,0.0017553153371300952
WK169601,Wijk 01 Kortenhoef,2016,4.226825816246678,0.12456096510299235,NA,NA,NA,NA,NA
WK169601,Wijk 01 Kortenhoef,2018,4.182051051111841,0.07978619996815607,0.008206081129414068,0.07443202830718731,0.02913565748138362,-0.04088415600839944,0.008896589058570282
WK169601,Wijk 01 Kortenhoef,2020,4.181915596269812,0.07965074512612667,0.01137024789892306,0.0707869511251871,0.024130752480605307,-0.029808649330717203,0.0031714429521281146
WK169601,Wijk 01 Kortenhoef,2022,4.175394125805546,0.07312927466186141,0.013158749063575469,0.060511203837456076,0.020827980620172704,-0.03405044841816716,0.012681789558824026
WK169602,Wijk 02 Ankeveen,2002,4.205746975563605,0.10348212441992075,NA,NA,NA,NA,NA
WK169602,Wijk 02 Ankeveen,2008,4.179368385561258,0.07710353441757227,NA,NA,NA,NA,NA
WK169602,Wijk 02 Ankeveen,2012,4.179239434723401,0.07697458357971618,NA,NA,NA,NA,NA
WK169602,Wijk 02 Ankeveen,2014,4.1950242390341375,0.09275938789045282,0.02232135060681276,0.08639112481886377,0.07099665369081554,-0.11750410890758657,0.030554367681547116
WK169602,Wijk 02 Ankeveen,2016,4.244753084149992,0.14248823300630678,NA,NA,NA,NA,NA
WK169602,Wijk 02 Ankeveen,2018,4.209841734393968,0.10757688325028267,0.020396163246350466,0.09704709835542956,0.07371306774238219,-0.11331236093280868,0.029732914838928884
WK169602,Wijk 02 Ankeveen,2020,4.213636942337669,0.11137209119398371,0.02566053044943894,0.10695855053113282,0.0622310330263937,-0.1096217981054317,0.026143775292449708
WK169602,Wijk 02 Ankeveen,2022,4.19232107619813,0.09005622505444527,0.03372103886232631,0.08008792247920514,0.06122960050025073,-0.11637349239795278,0.03139115561061559
WK169603,Wijk 03 Loosdrecht,2002,4.142049555162847,0.03978470401916281,NA,NA,NA,NA,NA
WK169603,Wijk 03 Loosdrecht,2008,4.157129526999509,0.054864675855824586,NA,NA,NA,NA,NA
WK169603,Wijk 03 Loosdrecht,2012,4.180433830531747,0.07816897938806261,NA,NA,NA,NA,NA
WK169603,Wijk 03 Loosdrecht,2014,4.224273037986011,0.12200818684232516,0.0639482594769501,0.07836127635977563,0.06485686830988363,-0.09867510869312987,0.013516891388845423
WK169603,Wijk 03 Loosdrecht,2016,4.238383911744395,0.13611906060071052,NA,NA,NA,NA,NA
WK169603,Wijk 03 Loosdrecht,2018,4.198220752909218,0.09595590176553251,0.06894796406590432,0.05846239549454449,0.06047713808834364,-0.10906238254489811,0.017130786661637882
WK169603,Wijk 03 Loosdrecht,2020,4.195891174315138,0.09362632317145311,0.06846353354993538,0.05852209066813882,0.05747782175038293,-0.10177968813998381,0.010942565342979632
WK169603,Wijk 03 Loosdrecht,2022,4.207547013390355,0.10528216224666957,0.0721310644491375,0.04408578875832433,0.0544835355031736,-0.092485868645145,0.02706764218117892
WK169604,Wijk 04 Nieuw-Loosdrecht,2002,4.133580182200884,0.03131533105719877,NA,NA,NA,NA,NA
WK169604,Wijk 04 Nieuw-Loosdrecht,2008,4.140251632752633,0.03798678160894729,NA,NA,NA,NA,NA
WK169604,Wijk 04 Nieuw-Loosdrecht,2012,4.1507767537151965,0.04851190257151082,NA,NA,NA,NA,NA
WK169604,Wijk 04 Nieuw-Loosdrecht,2014,4.173685815156354,0.07142096401266922,0.021748360626612277,0.07228089497629273,0.01897454305782429,-0.061297376554403,0.01971454190634261
WK169604,Wijk 04 Nieuw-Loosdrecht,2016,4.182816982036781,0.08055213089309562,NA,NA,NA,NA,NA
WK169604,Wijk 04 Nieuw-Loosdrecht,2018,4.156455728532165,0.05419087738847913,0.020311003723066285,0.06004118088739688,0.02146722467791937,-0.06839816967291121,0.02076963777300753
WK169604,Wijk 04 Nieuw-Loosdrecht,2020,4.1275459327734145,0.025281081629728586,0.019963300359437823,0.028574731063927255,0.015039852590895896,-0.05396857777489439,0.015671775390361718
WK169604,Wijk 04 Nieuw-Loosdrecht,2022,4.119626136926136,0.017361285782450896,0.022025912534968745,0.017372753015170155,0.016234107773409917,-0.05816799528169151,0.01989650774059333
WK169605,Wijk 05 Breukeleveen,2002,4.32516326603694,0.22289841489325524,NA,NA,NA,NA,NA
WK169605,Wijk 05 Breukeleveen,2008,4.336064616901618,0.23379976575793335,NA,NA,NA,NA,NA
WK169605,Wijk 05 Breukeleveen,2012,4.3123557611180106,0.21009090997432509,NA,NA,NA,NA,NA
WK169605,Wijk 05 Breukeleveen,2014,4.318381903765849,0.2161170526221642,0.09824496252887374,0.11346427343078064,0.11357010278253375,-0.18633773112757615,0.07717544500755205
WK169605,Wijk 05 Breukeleveen,2016,4.35545827897695,0.25319342783326504,NA,NA,NA,NA,NA
WK169605,Wijk 05 Breukeleveen,2018,4.319045000321508,0.21678014917782265,0.08756997042916455,0.14019484275322655,0.10928242994417896,-0.1992897397449565,0.0790226457962089
WK169605,Wijk 05 Breukeleveen,2020,4.2699412489482595,0.16767639780457413,0.08883492222501757,0.13097822100706816,0.08588050995451194,-0.19078626547605376,0.05276901009402998
WK169605,Wijk 05 Breukeleveen,2022,4.260066919773479,0.15780206862979307,0.09316090984761495,0.12091851969886834,0.07988491408580962,-0.1945842430549368,0.05842196805243663
WK169606,Wijk 06 Nederhorst den Berg,2002,4.08270618680998,-0.019558664333705414,NA,NA,NA,NA,NA
WK169606,Wijk 06 Nederhorst den Berg,2008,4.040641274185161,-0.061623576958524585,NA,NA,NA,NA,NA
WK169606,Wijk 06 Nederhorst den Berg,2012,4.025972524735585,-0.07629232640810032,NA,NA,NA,NA,NA
WK169606,Wijk 06 Nederhorst den Berg,2014,4.099548882768123,-0.00271596837556225,0.005193005327747132,0.06444889879921516,0.029491870556867566,-0.12274509502341541,0.020895351964023035
WK169606,Wijk 06 Nederhorst den Berg,2016,4.104355851272098,0.0020910001284132696,NA,NA,NA,NA,NA
WK169606,Wijk 06 Nederhorst den Berg,2018,4.107343042639516,0.005078191495830948,0.005107358490916395,0.0717934040044717,0.0304012175080414,-0.13104929822025269,0.028825509712653814
WK169606,Wijk 06 Nederhorst den Berg,2020,4.107360152085519,0.005095300941834131,0.007538589195105321,0.06282266108315204,0.0304577357787028,-0.12753466577918296,0.03181098066405666
WK169606,Wijk 06 Nederhorst den Berg,2022,4.115372234300216,0.013107383156530525,0.011055850025355416,0.06832349968368297,0.03179684102654184,-0.12922263571998496,0.031153828140934967
WK169900,Wijk 00 Roden,2002,4.179098252753527,0.07683340160984234,NA,NA,NA,NA,NA
WK169900,Wijk 00 Roden,2008,4.177200093369145,0.07493524222546026,NA,NA,NA,NA,NA
WK169900,Wijk 00 Roden,2012,4.177789890791167,0.0755250396474812,NA,NA,NA,NA,NA
WK169900,Wijk 00 Roden,2014,4.1896357927519174,0.08737094160823217,0.06002897885217888,0.06284927281604615,0.039435296170571406,-0.09703981151026911,0.02209720527970458
WK169900,Wijk 00 Roden,2016,4.224696445139635,0.12243159399595005,NA,NA,NA,NA,NA
WK169900,Wijk 00 Roden,2018,4.214330829155102,0.11206597801141764,0.06099436222145788,0.06264351757923618,0.044635059660969735,-0.08514195258042179,0.028934991130175333
WK169900,Wijk 00 Roden,2020,4.2106661856484635,0.10840133450477905,0.05609187710428813,0.06302377129197956,0.04171592229692152,-0.08081721117266523,0.028386974984254805
WK169900,Wijk 00 Roden,2022,4.214219283594018,0.1119544324503331,0.062237392372274825,0.06580464083030299,0.0353349069137082,-0.08265558563538881,0.031233077969435606
WK169901,Wijk 01 Roden,2002,4.29623392705897,0.19396907591528442,NA,NA,NA,NA,NA
WK169901,Wijk 01 Roden,2008,4.20749516625826,0.1052303151145751,NA,NA,NA,NA,NA
WK169901,Wijk 01 Roden,2012,4.225220424838081,0.12295557369439636,NA,NA,NA,NA,NA
WK169901,Wijk 01 Roden,2014,4.276971636939233,0.17470678579554874,0.07225310680550676,0.09517402072379291,0.1102745106054943,-0.17432913761557062,0.07133428527632521
WK169901,Wijk 01 Roden,2016,4.276138006144199,0.1738731550005146,NA,NA,NA,NA,NA
WK169901,Wijk 01 Roden,2018,4.309961051252047,0.20769620010836204,0.08107438063681058,0.09457004287624825,0.1263683469857286,-0.16591992093899374,0.07160335054856809
WK169901,Wijk 01 Roden,2020,4.299358295712733,0.1970934445690477,0.07050231013331021,0.08829191062392704,0.1233351607415574,-0.1587633265118565,0.07372738958210932
WK169901,Wijk 01 Roden,2022,4.312699644708333,0.21043479356464803,0.07878042982892644,0.09779079891169341,0.11759119683319111,-0.1571269378538748,0.07339930584471156
WK169903,Wijk 03 Norg,2002,4.242724856841799,0.14046000569811387,NA,NA,NA,NA,NA
WK169903,Wijk 03 Norg,2008,4.172516236137545,0.0702513849938603,NA,NA,NA,NA,NA
WK169903,Wijk 03 Norg,2012,4.1857040607400915,0.08343920959640616,NA,NA,NA,NA,NA
WK169903,Wijk 03 Norg,2014,4.210361928575241,0.10809707743155603,0.07891071176000801,0.07658247275153408,0.08250836265085834,-0.1613021425345189,0.03139767280367424
WK169903,Wijk 03 Norg,2016,4.235773470514764,0.13350861937107886,NA,NA,NA,NA,NA
WK169903,Wijk 03 Norg,2018,4.222621234446147,0.1203563833024614,0.08331182276180424,0.07105354595835127,0.07906291174394603,-0.1565089997068058,0.04343710254516539
WK169903,Wijk 03 Norg,2020,4.216718711914637,0.11445386077095157,0.07574853119142778,0.06974525408677378,0.07581195651620437,-0.1569087870612654,0.05005690603781074
WK169903,Wijk 03 Norg,2022,4.249099613016225,0.14683476187253966,0.07693490589362256,0.10147699962123836,0.07648960462157586,-0.15777733545532405,0.04971058719142665
WK169904,Wijk 04 Norg,2002,4.246440003655586,0.1441751525119013,NA,NA,NA,NA,NA
WK169904,Wijk 04 Norg,2008,4.272748021569291,0.17048317042560537,NA,NA,NA,NA,NA
WK169904,Wijk 04 Norg,2012,4.263053918770106,0.16078906762642173,NA,NA,NA,NA,NA
WK169904,Wijk 04 Norg,2014,4.282725716903114,0.18046086575942913,0.08075818190405923,0.10075800963688049,0.13473125323191648,-0.2235291267517844,0.08774254773835709
WK169904,Wijk 04 Norg,2016,4.268075122144162,0.16581027100047674,NA,NA,NA,NA,NA
WK169904,Wijk 04 Norg,2018,4.20700949090875,0.10474463976506458,0.09035734276639014,0.07833360221667741,0.08493668489512464,-0.22059710173353486,0.07171411162040703
WK169904,Wijk 04 Norg,2020,4.258043058186705,0.15577820704302026,0.0708841962117897,0.1038568692436473,0.11417021353662915,-0.21822138042364678,0.08508830847460062
WK169904,Wijk 04 Norg,2022,4.2702343731070425,0.16796952196335668,0.08011484522409483,0.11219325493522518,0.10896398816859336,-0.22217314068210012,0.08887057431754306
WK169906,Wijk 06 Peize,2002,4.20010223833636,0.09783738719267475,NA,NA,NA,NA,NA
WK169906,Wijk 06 Peize,2008,4.197622196706807,0.0953573455631219,NA,NA,NA,NA,NA
WK169906,Wijk 06 Peize,2012,4.230443831609955,0.12817898046627002,NA,NA,NA,NA,NA
WK169906,Wijk 06 Peize,2014,4.254396442698786,0.15213159155510134,0.05130687899307575,0.10428228764606531,0.07527181573932015,-0.13973605505873088,0.06100666423537072
WK169906,Wijk 06 Peize,2016,4.272546432105564,0.1702815809618782,NA,NA,NA,NA,NA
WK169906,Wijk 06 Peize,2018,4.263210761133578,0.16094590998989283,0.05381562112788009,0.1027543110444052,0.07250248337114262,-0.1304143327505377,0.06228782719700237
WK169906,Wijk 06 Peize,2020,4.269785718409013,0.16752086726532772,0.0503156352406092,0.1052505931972209,0.0671996567438337,-0.11741038041411639,0.06216536249778
WK169906,Wijk 06 Peize,2022,4.258062126613374,0.15579727546968888,0.050304111847455195,0.10558448593556058,0.07052362332413277,-0.12986902045480533,0.059254074817345376
WK170001,Vriezenveen (kern),2002,4.118306313394349,0.016041462250664495,NA,NA,NA,NA,NA
WK170001,Vriezenveen (kern),2008,4.146176157767543,0.04391130662385709,NA,NA,NA,NA,NA
WK170001,Vriezenveen (kern),2012,4.1569984704054646,0.05473361926177903,NA,NA,NA,NA,NA
WK170001,Vriezenveen (kern),2014,4.170200253931016,0.0679354027873314,0.009552484230538012,0.071671940821176,0.05186313359257372,-0.08537355107245809,0.020221395215501536
WK170001,Vriezenveen (kern),2016,4.20468949101612,0.10242463987243561,NA,NA,NA,NA,NA
WK170001,Vriezenveen (kern),2018,4.137138971930924,0.034874120787239074,0.011323633902663784,0.06208381196345573,0.04807981770363056,-0.11940158023160938,0.0327884374490981
WK170001,Vriezenveen (kern),2020,4.134569081719317,0.03230423057563142,0.01126112211467419,0.053868729937488896,0.040791277407713884,-0.10077328258225277,0.027156383698006915
WK170001,Vriezenveen (kern),2022,4.150687005887404,0.048422154743719074,0.009192222556081148,0.07136274597422915,0.04073315151961286,-0.11411488452731469,0.04124891922111038
WK170002,Westerhaar-Vriezenveensewijk,2002,3.9868204381918027,-0.1154444129518824,NA,NA,NA,NA,NA
WK170002,Westerhaar-Vriezenveensewijk,2008,4.001916900891194,-0.10034795025249095,NA,NA,NA,NA,NA
WK170002,Westerhaar-Vriezenveensewijk,2012,4.013213278083901,-0.08905157305978365,NA,NA,NA,NA,NA
WK170002,Westerhaar-Vriezenveensewijk,2014,4.057224336298492,-0.045040514845193856,0.00854004303318002,0.043553253472445284,0.04123536090428494,-0.15513732465476296,0.01676815239965857
WK170002,Westerhaar-Vriezenveensewijk,2016,4.068102295078983,-0.034162556064702095,NA,NA,NA,NA,NA
WK170002,Westerhaar-Vriezenveensewijk,2018,4.040723393630202,-0.061541457513483534,0.013578652594950462,0.03227462152547716,0.03716712613014466,-0.16163274146437775,0.01707088370032169
WK170002,Westerhaar-Vriezenveensewijk,2020,4.066944363592687,-0.03532048755099807,0.011930180887083287,0.03621508513175693,0.03090602136989471,-0.14342198660050703,0.029050211660773744
WK170002,Westerhaar-Vriezenveensewijk,2022,4.073217802367722,-0.029047048775963164,0.016581450801161135,0.049439064655297155,0.03077618466829739,-0.15586966760433574,0.03002591870361664
WK170003,Den Ham,2002,4.126846907572984,0.024582056429298976,NA,NA,NA,NA,NA
WK170003,Den Ham,2008,4.1474130968825955,0.045148245738910964,NA,NA,NA,NA,NA
WK170003,Den Ham,2012,4.132705767082573,0.0304409159388877,NA,NA,NA,NA,NA
WK170003,Den Ham,2014,4.154519944369266,0.052255093225581035,0.026731047654078136,0.1071679710444528,0.08786780342052736,-0.19938599911255714,0.029874270219079593
WK170003,Den Ham,2016,4.148596115948995,0.046331264805309066,NA,NA,NA,NA,NA
WK170003,Den Ham,2018,4.144283808574189,0.042018957430503566,0.023732567151704586,0.09600434398574123,0.0832617348567329,-0.20019042481817412,0.03921073625449867
WK170003,Den Ham,2020,4.136557264494664,0.034292413350978795,0.02022879284191699,0.0917815649718993,0.07529841746946796,-0.18985189011056083,0.03683552817825509
WK170003,Den Ham,2022,4.177029596329421,0.07476474518573462,0.023848264989389377,0.10261192327896927,0.07259925259027371,-0.1694166821512427,0.04512198647834469
WK170004,Vroomshoop,2002,4.01493079380373,-0.0873340573399549,NA,NA,NA,NA,NA
WK170004,Vroomshoop,2008,4.055384109700711,-0.046880741442974445,NA,NA,NA,NA,NA
WK170004,Vroomshoop,2012,4.051764772174654,-0.050500078969031276,NA,NA,NA,NA,NA
WK170004,Vroomshoop,2014,4.070262715533929,-0.032002135609757204,0.002797054925204657,0.05913581229372904,0.05287444214982462,-0.15782271529562555,0.011013270317109714
WK170004,Vroomshoop,2016,4.093980333296819,-0.00828451784686671,NA,NA,NA,NA,NA
WK170004,Vroomshoop,2018,4.081213303612773,-0.021051547530912217,0.003756081587485939,0.04917768163115504,0.05211711329078218,-0.14259307129815715,0.016490647257821473
WK170004,Vroomshoop,2020,4.059276969010943,-0.04298788213274209,0.00448685685902645,0.034649063950499444,0.04523197173576801,-0.13895902042299413,0.01160324574495787
WK170004,Vroomshoop,2022,4.084204120168568,-0.0180607309751174,0.007823571061044038,0.04673801507300797,0.044492110416974824,-0.14864286332764173,0.03152843580149723
WK170005,Buitengebied Vriezenveen Noord,2002,4.250996204165717,0.14873135302203136,NA,NA,NA,NA,NA
WK170005,Buitengebied Vriezenveen Noord,2008,4.220980485551023,0.11871563440733748,NA,NA,NA,NA,NA
WK170005,Buitengebied Vriezenveen Noord,2012,4.248093639422667,0.14582878827898163,NA,NA,NA,NA,NA
WK170005,Buitengebied Vriezenveen Noord,2014,4.202986522804693,0.1007216716610073,-0.011113893318033136,0.10984608545549777,0.11707229136717018,-0.16020425389449844,0.045121442050870604
WK170005,Buitengebied Vriezenveen Noord,2016,4.187268959825312,0.08500410868162746,NA,NA,NA,NA,NA
WK170005,Buitengebied Vriezenveen Noord,2018,4.19648209262079,0.09421724147710478,0.006385620318526003,0.09490792715696439,0.12312338390213848,-0.17988722031205523,0.0496875304115309
WK170005,Buitengebied Vriezenveen Noord,2020,4.157231823616558,0.054966972472873486,-0.0029805083601026332,0.07376259013224128,0.10962247774340608,-0.17130407908070816,0.04586649203803664
WK170005,Buitengebied Vriezenveen Noord,2022,4.176632431693992,0.07436758055030623,-0.008698189116311062,0.10382618499655212,0.1054569695685882,-0.17782497416400414,0.0516075892654808
WK170006,Buitengebied Vriezenveen Zuid,2002,4.243544071444957,0.14127922030127127,NA,NA,NA,NA,NA
WK170006,Buitengebied Vriezenveen Zuid,2008,4.282405337455115,0.18014048631142981,NA,NA,NA,NA,NA
WK170006,Buitengebied Vriezenveen Zuid,2012,4.3322450034836875,0.22998015234000202,NA,NA,NA,NA,NA
WK170006,Buitengebied Vriezenveen Zuid,2014,4.25702181055885,0.1547569594151649,-0.047765043795482666,0.14051284593845714,0.1148385981815134,-0.15977998044885292,0.10695053953952965
WK170006,Buitengebied Vriezenveen Zuid,2016,4.186383899099675,0.08411904795598937,NA,NA,NA,NA,NA
WK170006,Buitengebied Vriezenveen Zuid,2018,4.2539737562979045,0.15170890515421895,-0.014795488399551946,0.11695874847984374,0.12489294023407627,-0.1663796103367456,0.09103231517659612
WK170006,Buitengebied Vriezenveen Zuid,2020,4.223130954940717,0.1208661037970316,-0.04858445620582751,0.10089452319558685,0.11811165808971384,-0.16118646289720417,0.11163084161476237
WK170006,Buitengebied Vriezenveen Zuid,2022,4.1853289618772305,0.08306411073354504,-0.061960932696364476,0.098442517369047,0.09617897340512947,-0.16119117853403658,0.11159473118976933
WK170100,Wijk 00 Diever,2002,4.260982656115137,0.15871780497145166,NA,NA,NA,NA,NA
WK170100,Wijk 00 Diever,2008,4.258508865462222,0.15624401431853677,NA,NA,NA,NA,NA
WK170100,Wijk 00 Diever,2012,4.295292551545781,0.19302770040209621,NA,NA,NA,NA,NA
WK170100,Wijk 00 Diever,2014,4.311461532849646,0.20919668170596123,0.0695992912611972,0.12146540717905728,0.07875245345356545,-0.12270598993951853,0.06208551975165954
WK170100,Wijk 00 Diever,2016,4.26537068436911,0.16310583322542438,NA,NA,NA,NA,NA
WK170100,Wijk 00 Diever,2018,4.2886026681434775,0.18633781699979166,0.07410570086736315,0.10362827162426494,0.06868213813685888,-0.12616895634661054,0.06609066271791499
WK170100,Wijk 00 Diever,2020,4.308622903675305,0.20635805253162018,0.06872315921679982,0.12958022877099729,0.07423574630500356,-0.13132949331435498,0.06514841155317429
WK170100,Wijk 00 Diever,2022,4.256883840070116,0.15461898892643003,0.07106624908912118,0.1135427362148616,0.06550179825955972,-0.15799148886830278,0.062499694231189985
WK170101,Wijk 01 Wapse,2002,4.2375161152446825,0.13525126410099694,NA,NA,NA,NA,NA
WK170101,Wijk 01 Wapse,2008,4.255616568769789,0.153351717626104,NA,NA,NA,NA,NA
WK170101,Wijk 01 Wapse,2012,4.293482858178214,0.19121800703452904,NA,NA,NA,NA,NA
WK170101,Wijk 01 Wapse,2014,4.28707854861493,0.18481369747124515,0.024357510973919957,0.15088123457492145,0.11499503682517309,-0.2064203930285637,0.10100030812579396
WK170101,Wijk 01 Wapse,2016,4.291269071555866,0.18900422041218073,NA,NA,NA,NA,NA
WK170101,Wijk 01 Wapse,2018,4.2763266680670595,0.1740618169233742,0.040228188955296326,0.11721837051366325,0.11597470539054204,-0.20816001577217227,0.10880056783604458
WK170101,Wijk 01 Wapse,2020,4.26597795837516,0.16371310723147403,0.022742131425682155,0.14265344440752406,0.09988609126162182,-0.20969432182266365,0.10812576195930927
WK170101,Wijk 01 Wapse,2022,4.2433917229359315,0.14112687179224667,0.021962781732393497,0.14000288609652606,0.09213630877268097,-0.2181946265716488,0.10521952176229468
WK170102,Wijk 02 Zorgvlied,2002,4.198387958615427,0.0961231074717426,NA,NA,NA,NA,NA
WK170102,Wijk 02 Zorgvlied,2008,4.292336700189098,0.1900718490454138,NA,NA,NA,NA,NA
WK170102,Wijk 02 Zorgvlied,2012,4.282861088906274,0.18059623776258799,NA,NA,NA,NA,NA
WK170102,Wijk 02 Zorgvlied,2014,4.320035432733821,0.2177705815901352,0.07959580011058955,0.13281733813963192,0.1433201747586652,-0.23744444038970075,0.0994817089709489
WK170102,Wijk 02 Zorgvlied,2016,4.327676081003833,0.22541122986014775,NA,NA,NA,NA,NA
WK170102,Wijk 02 Zorgvlied,2018,4.305349552734081,0.20308470159039588,0.08944156946225529,0.10875731682427998,0.1432961563239641,-0.23583373164962912,0.09742339062952532
WK170102,Wijk 02 Zorgvlied,2020,4.196781502420775,0.09451665127708973,0.07780766307202125,0.10254716253347586,0.07769988200963328,-0.24620129810857322,0.08266324177053236
WK170102,Wijk 02 Zorgvlied,2022,4.208532103748204,0.1062672526045188,0.08324930995493855,0.10821954097193981,0.06167299932749177,-0.24902480657284184,0.10215020892299007
WK170103,Wijk 03 Dwingeloo,2002,4.2434096334355385,0.1411447822918527,NA,NA,NA,NA,NA
WK170103,Wijk 03 Dwingeloo,2008,4.242967832376217,0.14070298123253122,NA,NA,NA,NA,NA
WK170103,Wijk 03 Dwingeloo,2012,4.243652172801135,0.14138732165744963,NA,NA,NA,NA,NA
WK170103,Wijk 03 Dwingeloo,2014,4.233642202122459,0.13137735097877362,0.05074704503681417,0.09395782075309671,0.056175137833784576,-0.11001686160385961,0.04051420895893757
WK170103,Wijk 03 Dwingeloo,2016,4.268458187258051,0.1661933361143655,NA,NA,NA,NA,NA
WK170103,Wijk 03 Dwingeloo,2018,4.256231416413016,0.153966565269331,0.05445976253096282,0.09985289460660421,0.054474136900382754,-0.1114063367029292,0.05658610793431013
WK170103,Wijk 03 Dwingeloo,2020,4.216511159302321,0.11424630815863565,0.050489202225159256,0.09212639361037402,0.05055441136280731,-0.1369814974486551,0.05805779840894986
WK170103,Wijk 03 Dwingeloo,2022,4.235047077463194,0.13278222631950842,0.052871012956846944,0.12215995620748023,0.054097972651732905,-0.15798180133210407,0.06163508583555212
WK170104,Wijk 04 Lhee,2002,4.360012858434895,0.2577480072912098,NA,NA,NA,NA,NA
WK170104,Wijk 04 Lhee,2008,4.315202483033674,0.21293763188998838,NA,NA,NA,NA,NA
WK170104,Wijk 04 Lhee,2012,4.336158108341791,0.2338932571981057,NA,NA,NA,NA,NA
WK170104,Wijk 04 Lhee,2014,4.3342550015038315,0.23199015036014628,0.062434636665476176,0.12522529477420352,0.11991842756277327,-0.1745179579295954,0.09892974928728841
WK170104,Wijk 04 Lhee,2016,4.334279497017762,0.23201464587407628,NA,NA,NA,NA,NA
WK170104,Wijk 04 Lhee,2018,4.332720335855359,0.23045548471167407,0.06955468211789805,0.11037390084336035,0.11508874150128336,-0.17884014820699268,0.1142783084561246
WK170104,Wijk 04 Lhee,2020,4.3235054496269125,0.22124059848322752,0.052597825616113945,0.10655082939368872,0.12477080263351105,-0.19461034438381028,0.1319314852237239
WK170104,Wijk 04 Lhee,2022,4.350704237906189,0.24843938676250385,0.05529337049196269,0.13310776903538554,0.12015701512211624,-0.19998301231253282,0.13986424442557208
WK170105,Wijk 05 Eemster,2002,4.241829759411625,0.1395649082679397,NA,NA,NA,NA,NA
WK170105,Wijk 05 Eemster,2008,4.26444798259644,0.1621831314527545,NA,NA,NA,NA,NA
WK170105,Wijk 05 Eemster,2012,4.288981260262,0.18671640911831566,NA,NA,NA,NA,NA
WK170105,Wijk 05 Eemster,2014,4.301844922202424,0.1995800710587386,0.04125623276966522,0.1319826744899832,0.11218123757590563,-0.20587153043388054,0.12003145665706481
WK170105,Wijk 05 Eemster,2016,4.315784280532586,0.21351942938890134,NA,NA,NA,NA,NA
WK170105,Wijk 05 Eemster,2018,4.326468744136112,0.2242038929924272,0.05329768495153353,0.12944835176826477,0.11858284338258662,-0.20870818693303061,0.13158319982307257
WK170105,Wijk 05 Eemster,2020,4.299041608674209,0.19677675753052362,0.03653943520169028,0.12562523744881984,0.1288487559955821,-0.22173948117834366,0.12750281006277464
WK170105,Wijk 05 Eemster,2022,4.3046240288106725,0.20235917766698694,0.024439729778781505,0.13263847178203184,0.13585828531759386,-0.2295219071561199,0.13894459794469924
WK170106,Wijk 06 Geeuwenbrug,2002,4.2585095355534355,0.1562446844097503,NA,NA,NA,NA,NA
WK170106,Wijk 06 Geeuwenbrug,2008,4.253785671209437,0.1515208200657521,NA,NA,NA,NA,NA
WK170106,Wijk 06 Geeuwenbrug,2012,4.233333011806205,0.1310681606625202,NA,NA,NA,NA,NA
WK170106,Wijk 06 Geeuwenbrug,2014,4.237165928836973,0.13490107769328757,0.027551638299702228,0.11082925253013705,0.0981677493663247,-0.19755955540021933,0.09591199289734262
WK170106,Wijk 06 Geeuwenbrug,2016,4.233187167108655,0.13092231596497036,NA,NA,NA,NA,NA
WK170106,Wijk 06 Geeuwenbrug,2018,4.251207506595032,0.14894265545134683,0.045151822694331975,0.10770456800530635,0.0974259644018547,-0.2004263728621907,0.09908667321204405
WK170106,Wijk 06 Geeuwenbrug,2020,4.242103975952491,0.13983912480880578,0.03191647651016435,0.12153290555298739,0.09901673117596552,-0.21519675043916847,0.10256976200885677
WK170106,Wijk 06 Geeuwenbrug,2022,4.2422049362153516,0.13994008507166633,0.026351933331614397,0.13359229747458523,0.1035127156683453,-0.2250013590535852,0.10148449765070615
WK170107,Wijk 07 Dieverbrug,2002,4.342846210434869,0.240581359291184,NA,NA,NA,NA,NA
WK170107,Wijk 07 Dieverbrug,2008,4.315684283883041,0.21341943273935493,NA,NA,NA,NA,NA
WK170107,Wijk 07 Dieverbrug,2012,4.311202851281866,0.2089380001381815,NA,NA,NA,NA,NA
WK170107,Wijk 07 Dieverbrug,2014,4.305767400058223,0.20350254891453817,0.02139141000605755,0.11102178696042392,0.10476778992052309,-0.1377843876699024,0.1041059496974359
WK170107,Wijk 07 Dieverbrug,2016,4.3354204125481095,0.23315556140442484,NA,NA,NA,NA,NA
WK170107,Wijk 07 Dieverbrug,2018,4.3426581368966755,0.24039328575299043,0.030180178554491455,0.1256203788091038,0.11733777397658697,-0.13915695148124171,0.10641190589404982
WK170107,Wijk 07 Dieverbrug,2020,4.287956383365671,0.18569153222198534,0.019437511123518943,0.11435044634161454,0.10003467046618832,-0.1578039157820837,0.10967282007274691
WK170107,Wijk 07 Dieverbrug,2022,4.295212034393411,0.19294718324972576,0.026184316505919843,0.1309554193451394,0.103162709012606,-0.17943729901347072,0.11208203739953096
WK170108,Wijk 08 Havelte,2002,4.239373695665208,0.13710884452152228,NA,NA,NA,NA,NA
WK170108,Wijk 08 Havelte,2008,4.2297991028064175,0.12753425166273255,NA,NA,NA,NA,NA
WK170108,Wijk 08 Havelte,2012,4.231138997702504,0.1288741465588185,NA,NA,NA,NA,NA
WK170108,Wijk 08 Havelte,2014,4.239504569952671,0.13723971880898547,0.06406381855275195,0.10781005215120587,0.06201052971679194,-0.14943996433222145,0.05279528272045689
WK170108,Wijk 08 Havelte,2016,4.229516510410739,0.12725165926705295,NA,NA,NA,NA,NA
WK170108,Wijk 08 Havelte,2018,4.236135080529621,0.133870229385936,0.06661109347991118,0.10101328478325036,0.06894441809994595,-0.15786538637978534,0.055166819402613594
WK170108,Wijk 08 Havelte,2020,4.230474955253461,0.12821010410977618,0.05975769690356641,0.09901041279802687,0.06460431726529127,-0.15326683651909076,0.05810451366198211
WK170108,Wijk 08 Havelte,2022,4.219082158175808,0.11681730703212334,0.05691880652155865,0.09851935561674775,0.061025113846727534,-0.15170323132774452,0.05205726237483361
WK170109,Wijk 09 Uffelte,2002,4.216868109592819,0.11460325844913381,NA,NA,NA,NA,NA
WK170109,Wijk 09 Uffelte,2008,4.206849131997855,0.10458428085417003,NA,NA,NA,NA,NA
WK170109,Wijk 09 Uffelte,2012,4.237289045171977,0.13502419402829124,NA,NA,NA,NA,NA
WK170109,Wijk 09 Uffelte,2014,4.219920533609143,0.11765568246545713,0.05458022691456191,0.08894999700798323,0.08328525904660995,-0.1730596050293439,0.06389980452564564
WK170109,Wijk 09 Uffelte,2016,4.242574075606098,0.14030922446241223,NA,NA,NA,NA,NA
WK170109,Wijk 09 Uffelte,2018,4.238180694081492,0.1359158429378061,0.06155178897845763,0.09981088773624058,0.08004175483017009,-0.17302026586737226,0.06753167726030977
WK170109,Wijk 09 Uffelte,2020,4.271979732075666,0.1697148809319813,0.05437724541431353,0.13529533337696112,0.09134592723425933,-0.17692325540963647,0.0656196303160835
WK170109,Wijk 09 Uffelte,2022,4.2471488992309965,0.14488404808731137,0.05357594006030601,0.1129809878846316,0.08419234398521963,-0.17603113621962332,0.07016591237677715
WK170110,Wijk 10 Wapserveen,2002,4.257957186333441,0.15569233518975611,NA,NA,NA,NA,NA
WK170110,Wijk 10 Wapserveen,2008,4.240033266006257,0.13776841486257216,NA,NA,NA,NA,NA
WK170110,Wijk 10 Wapserveen,2012,4.258143601677525,0.15587875053384023,NA,NA,NA,NA,NA
WK170110,Wijk 10 Wapserveen,2014,4.211888410765101,0.10962355962141651,0.014864285035400592,0.11023510035017674,0.0985092689887112,-0.22610407103298336,0.11211897628011114
WK170110,Wijk 10 Wapserveen,2016,4.2412151666951035,0.1389503155514185,NA,NA,NA,NA,NA
WK170110,Wijk 10 Wapserveen,2018,4.239239220655388,0.13697436951170278,0.028007758104765905,0.11084611117939032,0.10092694145612507,-0.22492142506716853,0.12211498383858983
WK170110,Wijk 10 Wapserveen,2020,4.239286944941135,0.1370220937974496,0.012392862234556929,0.1362833245631816,0.09184650237227489,-0.223532631948383,0.12003203657581887
WK170110,Wijk 10 Wapserveen,2022,4.231242330303727,0.1289774791600422,0.0076294204543052285,0.13595799745752468,0.09356527852617828,-0.22452141973935835,0.11634620246139211
WK170111,Wijk 11 Vledder,2002,4.227832785099173,0.1255679339554877,NA,NA,NA,NA,NA
WK170111,Wijk 11 Vledder,2008,4.223979513713826,0.12171466257014085,NA,NA,NA,NA,NA
WK170111,Wijk 11 Vledder,2012,4.235502535777047,0.13323768463336194,NA,NA,NA,NA,NA
WK170111,Wijk 11 Vledder,2014,4.237540561967961,0.13527571082427622,0.07600750797802873,0.09754073248093043,0.06225480965061095,-0.1501272938521201,0.0495999545668259
WK170111,Wijk 11 Vledder,2016,4.252769655045178,0.1505048039014928,NA,NA,NA,NA,NA
WK170111,Wijk 11 Vledder,2018,4.2286558819359366,0.1263910307922518,0.07678536540078938,0.10018909552798842,0.05751620473052233,-0.16024388461319095,0.05214424974614239
WK170111,Wijk 11 Vledder,2020,4.214250734680765,0.11198588353708003,0.07372818377074698,0.09526688305591725,0.05380120439169758,-0.16167308542602626,0.05086269774474416
WK170111,Wijk 11 Vledder,2022,4.231731643749661,0.1294667926059756,0.07740703018806407,0.11397174732578916,0.05498279753243567,-0.1643512441909358,0.047456461750622264
WK170112,Wijk 12 Frederiksoord,2002,4.103179340499695,9.144893560094875e-4,NA,NA,NA,NA,NA
WK170112,Wijk 12 Frederiksoord,2008,4.151328772004307,0.049063920860621446,NA,NA,NA,NA,NA
WK170112,Wijk 12 Frederiksoord,2012,4.121232545914084,0.018967694770398297,NA,NA,NA,NA,NA
WK170112,Wijk 12 Frederiksoord,2014,4.200999232645475,0.09873438150178929,0.06320339569799074,0.021568532608465335,0.11843883080564978,-0.20505625168369399,0.10057987407337712
WK170112,Wijk 12 Frederiksoord,2016,4.136223562925184,0.033958711781498424,NA,NA,NA,NA,NA
WK170112,Wijk 12 Frederiksoord,2018,4.26409206046943,0.1618272093257449,0.07229178881825193,0.04863808870356972,0.13747870075691557,-0.18879719088796065,0.09221582193496798
WK170112,Wijk 12 Frederiksoord,2020,4.284523872039981,0.18225902089629487,0.0659416286701742,0.11156015957484425,0.09773994185717182,-0.18631774542625373,0.09333503622035802
WK170112,Wijk 12 Frederiksoord,2022,4.267815329239024,0.1655504780953391,0.06838095467664518,0.08753956612845133,0.10591064026727337,-0.18500373012734142,0.08872304715031035
WK170113,Wijk 13 Nijensleek,2002,4.173168207590677,0.0709033564469917,NA,NA,NA,NA,NA
WK170113,Wijk 13 Nijensleek,2008,4.199658075418364,0.09739322427467875,NA,NA,NA,NA,NA
WK170113,Wijk 13 Nijensleek,2012,4.206737999984959,0.10447314884127387,NA,NA,NA,NA,NA
WK170113,Wijk 13 Nijensleek,2014,4.1525990528749315,0.050334201731246225,-0.005220748257770596,0.09728388197429118,0.10608305261368409,-0.20944944188550343,0.06163745728654475
WK170113,Wijk 13 Nijensleek,2016,4.199949501886931,0.09768465074324634,NA,NA,NA,NA,NA
WK170113,Wijk 13 Nijensleek,2018,4.206217195224072,0.1039523440803863,0.014682481878222032,0.1253147214711826,0.08112001058696529,-0.1952645172228617,0.07809964736687768
WK170113,Wijk 13 Nijensleek,2020,4.1772794244100035,0.07501457326631865,-0.006179210726730394,0.1072263870896392,0.0861495841764997,-0.19202704482527314,0.07984485755218297
WK170113,Wijk 13 Nijensleek,2022,4.19771786598635,0.09545301484266501,0.0025236377785969144,0.12213601856507027,0.08368611475252712,-0.19478852466283966,0.08189576840931034
WK170114,Wijk 14 Vledderveen,2002,4.160861235980771,0.05859638483708586,NA,NA,NA,NA,NA
WK170114,Wijk 14 Vledderveen,2008,4.134020020700608,0.03175516955692267,NA,NA,NA,NA,NA
WK170114,Wijk 14 Vledderveen,2012,4.169205854503376,0.06694100335969128,NA,NA,NA,NA,NA
WK170114,Wijk 14 Vledderveen,2014,4.215323441924454,0.11305859078076817,0.05639678434360911,0.13119158162026504,0.1107520101379909,-0.2494200912927754,0.06413830597167819
WK170114,Wijk 14 Vledderveen,2016,4.191698299283522,0.08943344813983681,NA,NA,NA,NA,NA
WK170114,Wijk 14 Vledderveen,2018,4.22571829827969,0.12345344713600531,0.06468530504208561,0.13202181965129395,0.11121627898776312,-0.2512142626278088,0.06674430608267116
WK170114,Wijk 14 Vledderveen,2020,4.163114905011827,0.060850053868141143,0.049683836157883896,0.10660798617378463,0.09103993482751269,-0.25288492365685594,0.0664032203658157
WK170114,Wijk 14 Vledderveen,2022,4.184349710509274,0.08208485936558838,0.0542769758870172,0.13109245416247287,0.09294562988132489,-0.25718106177453987,0.06095086120931309
WK170115,Wijk 15 Wilhelminaoord,2002,4.105199752549427,0.002934901405741921,NA,NA,NA,NA,NA
WK170115,Wijk 15 Wilhelminaoord,2008,4.087761590540334,-0.0145032606033512,NA,NA,NA,NA,NA
WK170115,Wijk 15 Wilhelminaoord,2012,4.079406466264398,-0.022858384879286802,NA,NA,NA,NA,NA
WK170115,Wijk 15 Wilhelminaoord,2014,4.0895934680904045,-0.012671383053280947,0.05880027301615638,0.07602002704194968,0.04314150785945125,-0.22618300821270815,0.03554981724186958
WK170115,Wijk 15 Wilhelminaoord,2016,4.1192252811804595,0.016960430036774353,NA,NA,NA,NA,NA
WK170115,Wijk 15 Wilhelminaoord,2018,4.1286667005099345,0.026401849366249282,0.05994429983899478,0.09637100089359175,0.0411061138875727,-0.2142346791256525,0.04321511387174223
WK170115,Wijk 15 Wilhelminaoord,2020,4.1124351485765,0.010170297432814808,0.05616510695669629,0.0770148959286872,0.04120033852604298,-0.21274336467100322,0.048533320692391184
WK170115,Wijk 15 Wilhelminaoord,2022,4.106416146728915,0.004151295585229179,0.05648644399478177,0.09790842799685381,0.03770396736338207,-0.2157541441799433,0.027806600410154432
WK170116,Wijk 16 Doldersum,2002,4.274784865004659,0.17252001386097426,NA,NA,NA,NA,NA
WK170116,Wijk 16 Doldersum,2008,4.065299204888865,-0.036965646254819996,NA,NA,NA,NA,NA
WK170116,Wijk 16 Doldersum,2012,4.177135547937004,0.07487069679331866,NA,NA,NA,NA,NA
WK170116,Wijk 16 Doldersum,2014,4.1750049343349795,0.07274008319129437,0.020804982834267207,0.06633654217062306,0.09511593895107183,-0.22095773634966273,0.11144035558499445
WK170116,Wijk 16 Doldersum,2016,4.221195329942701,0.11893047879901575,NA,NA,NA,NA,NA
WK170116,Wijk 16 Doldersum,2018,4.275825767767225,0.1735609166235401,0.056190946476702114,0.12243295767763727,0.0996238977515276,-0.22135369494065807,0.11666680965833098
WK170116,Wijk 16 Doldersum,2020,4.28110482546975,0.178839974326065,0.024848179793159054,0.1276907055368722,0.13498216021378576,-0.22855095519479404,0.11986988397704178
WK170116,Wijk 16 Doldersum,2022,4.284135506735065,0.18187065559137988,0.04841651301269662,0.10943639762734683,0.12349094740280929,-0.23276424945350668,0.13329104700203334
WK170117,Wijk 17 Boschoord,2002,4.328314556265113,0.22604970512142789,NA,NA,NA,NA,NA
WK170117,Wijk 17 Boschoord,2008,4.285587458930637,0.1833226077869521,NA,NA,NA,NA,NA
WK170117,Wijk 17 Boschoord,2012,4.307271637972593,0.20500678682890758,NA,NA,NA,NA,NA
WK170117,Wijk 17 Boschoord,2014,4.359846873842842,0.25758202269915653,0.15449376848715332,0.14712613900749927,0.08116727859008042,-0.2600172268570247,0.13481206347144806
WK170117,Wijk 17 Boschoord,2016,4.461761682656362,0.3594968315126765,NA,NA,NA,NA,NA
WK170117,Wijk 17 Boschoord,2018,4.3588695912680855,0.2566047401244006,0.18316968722985882,0.12240565848878622,0.07005252673848295,-0.2591516500339019,0.14012851770117407
WK170117,Wijk 17 Boschoord,2020,4.325304694479734,0.22303984333604857,0.16847827315825814,0.11178045119980565,0.07307170819635594,-0.26604072669683404,0.13575013747846237
WK170117,Wijk 17 Boschoord,2022,4.385561132957635,0.2832962818139498,0.19159891623598171,0.1450997355249084,0.07756251415058761,-0.27146159139863624,0.14049670730110808
WK170500,Bemmel,2002,4.099053734710899,-0.0032111164327862816,NA,NA,NA,NA,NA
WK170500,Bemmel,2008,4.149803167086835,0.04753831594315054,NA,NA,NA,NA,NA
WK170500,Bemmel,2012,4.13450749008675,0.032242638943065005,NA,NA,NA,NA,NA
WK170500,Bemmel,2014,4.128829605608568,0.026564754464883374,-0.016967616474058634,0.05772096621597943,0.04119626619631102,-0.07898345201610374,0.02359859054275506
WK170500,Bemmel,2016,4.147975490710768,0.045710639567081844,NA,NA,NA,NA,NA
WK170500,Bemmel,2018,4.159738634191843,0.05747378304815739,-0.010992399090184892,0.05700182763743738,0.03836598901252048,-0.0567990677712804,0.029897433259664548
WK170500,Bemmel,2020,4.190268641575638,0.08800379043195292,-0.004170968723120962,0.06422163808067499,0.0362138942223816,-0.03741187325094938,0.029151100102966433
WK170500,Bemmel,2022,4.194815660200298,0.09255080905661314,-0.0012929075565570837,0.07242152935547744,0.03796786623138388,-0.04773886541551891,0.031193186441827534
WK170501,Gendt,2002,4.068003889244663,-0.03426096189902231,NA,NA,NA,NA,NA
WK170501,Gendt,2008,4.065896878471997,-0.03636797267168861,NA,NA,NA,NA,NA
WK170501,Gendt,2012,4.063629842787691,-0.038635008355993726,NA,NA,NA,NA,NA
WK170501,Gendt,2014,4.052932258907672,-0.04933259223601318,-0.013433476298713066,0.05450818987136297,0.04073228895903561,-0.15276262010817143,0.02162302534047245
WK170501,Gendt,2016,4.063120930071912,-0.03914392107177256,NA,NA,NA,NA,NA
WK170501,Gendt,2018,4.085720951513636,-0.016543899630048983,-0.0023152542896022845,0.06216542631740033,0.0398852084846941,-0.13944087335802208,0.023161593215480638
WK170501,Gendt,2020,4.112216429440997,0.009951578297311687,7.469842504779031e-4,0.07660648775044913,0.03604331857956499,-0.12483500150582164,0.02138978922264101
WK170501,Gendt,2022,4.097820157823407,-0.004444693320277935,0.007004791881929467,0.07782733807168461,0.03563124551168403,-0.15106564848087467,0.026157579695298364
WK170502,Huissen,2002,4.0788467975399945,-0.023418053603691216,NA,NA,NA,NA,NA
WK170502,Huissen,2008,4.114465115225117,0.012200264081431536,NA,NA,NA,NA,NA
WK170502,Huissen,2012,4.127069063305889,0.02480421216220451,NA,NA,NA,NA,NA
WK170502,Huissen,2014,4.127148310179823,0.0248834590361373,-0.012820255255976742,0.037784113203694944,0.030554428997743226,-0.032396437775052835,0.001761609865728405
WK170502,Huissen,2016,4.14303387959321,0.040769028449524944,NA,NA,NA,NA,NA
WK170502,Huissen,2018,4.155118419619049,0.0528535684753637,-0.005471764705823033,0.04948340212975735,0.02910726670106551,-0.03749868887248991,0.01723335322285352
WK170502,Huissen,2020,4.167026494792424,0.06476164364873933,-0.0018985539846492583,0.053951875074274035,0.02737249463706328,-0.027993275221981428,0.013329103144032446
WK170502,Huissen,2022,4.157450794462152,0.055185943318467004,0.0031991364198180714,0.07016533226847492,0.029558825419883358,-0.06443619547985242,0.016698844690142798
WK170503,Loo Gld,2002,4.252770828839883,0.15050597769619767,NA,NA,NA,NA,NA
WK170503,Loo Gld,2008,4.2778272732545,0.17556242211081496,NA,NA,NA,NA,NA
WK170503,Loo Gld,2012,4.297420556870833,0.19515570572714758,NA,NA,NA,NA,NA
WK170503,Loo Gld,2014,4.216826997349824,0.11456214620613903,-0.08886772200950344,0.1602991470838598,0.10813921623223416,-0.13206418931627273,0.0670556942158207
WK170503,Loo Gld,2016,4.326252729591501,0.22398787844781598,NA,NA,NA,NA,NA
WK170503,Loo Gld,2018,4.294848014125216,0.19258316298153044,-0.06191503430281475,0.1663513187174489,0.1462451120466224,-0.13910002873851823,0.0810017952587917
WK170503,Loo Gld,2020,4.230698935502722,0.12843408435903658,-0.09381895062363854,0.15254238340736548,0.12605603818861177,-0.13036111675679474,0.07401573014349205
WK170503,Loo Gld,2022,4.216274744289672,0.11400989314598675,-0.0946332295175884,0.14668954615038496,0.1321796776193967,-0.14372097859984967,0.07349487749364314
WK170504,Angeren,2002,4.147605158067861,0.045340306924175997,NA,NA,NA,NA,NA
WK170504,Angeren,2008,4.141728725300912,0.039463874157227005,NA,NA,NA,NA,NA
WK170504,Angeren,2012,4.151912506645493,0.04964765550180793,NA,NA,NA,NA,NA
WK170504,Angeren,2014,4.1295494031629545,0.027284552019269163,-0.032114596413984016,0.08799799645723151,0.05811656509569553,-0.12377273021276451,0.03705731709309031
WK170504,Angeren,2016,4.1467635786282395,0.04449872748455388,NA,NA,NA,NA,NA
WK170504,Angeren,2018,4.134002072638264,0.03173722149457893,-0.02507146591804973,0.08222127762438239,0.06031371429914872,-0.12306170670212667,0.03733540219122401
WK170504,Angeren,2020,4.142038801255702,0.039773950112016496,-0.029862138997130725,0.08719254762279023,0.05425998730402292,-0.11184081989610288,0.040024374078436675
WK170504,Angeren,2022,4.124972678721173,0.022707827577487492,-0.01208745375905087,0.0763654359625718,0.05453782682760358,-0.1371494023568741,0.04104142090323683
WK170505,Doornenburg,2002,4.1189456042284744,0.016680753084788818,NA,NA,NA,NA,NA
WK170505,Doornenburg,2008,4.1271745973725755,0.024909746228889768,NA,NA,NA,NA,NA
WK170505,Doornenburg,2012,4.120930112638861,0.01866526149517675,NA,NA,NA,NA,NA
WK170505,Doornenburg,2014,4.085517438011803,-0.016747413131882535,-0.007936541685796304,0.07730588552584049,0.0629154302190615,-0.17714095468819396,0.028108767497205492
WK170505,Doornenburg,2016,4.117005700481752,0.01474084933806741,NA,NA,NA,NA,NA
WK170505,Doornenburg,2018,4.1500923577671225,0.04782750662343738,9.544343469996906e-4,0.0941849139492214,0.06614490379558995,-0.15392068480264295,0.040463939334268895
WK170505,Doornenburg,2020,4.144454922536973,0.04219007139328797,0.0034898258626785013,0.09006078206873794,0.06425111585471671,-0.14158559060561174,0.025973938212766255
WK170505,Doornenburg,2022,4.140217099561614,0.037952248417929456,0.011468723173477077,0.10051618558510803,0.0633389039429478,-0.1746286035721843,0.03725703928858057
WK170506,Haalderen,2002,4.074604672550129,-0.027660178593555417,NA,NA,NA,NA,NA
WK170506,Haalderen,2008,4.0957275241216085,-0.00653732702207724,NA,NA,NA,NA,NA
WK170506,Haalderen,2012,4.088836206265766,-0.013428644877919694,NA,NA,NA,NA,NA
WK170506,Haalderen,2014,4.072634947219787,-0.02962990392389857,-0.01546775471994491,0.05960824502252132,0.03486613956901249,-0.13194911828791686,0.02331258449242909
WK170506,Haalderen,2016,4.1035380706742215,0.0012732195305361555,NA,NA,NA,NA,NA
WK170506,Haalderen,2018,4.105320267033573,0.00305541588988784,-0.00672425708349139,0.05620465843377081,0.03446476084907799,-0.1027244714095318,0.021834725100061993
WK170506,Haalderen,2020,4.136106097329777,0.03384124618609162,0.004225353712991659,0.06233297579480497,0.03364298267145817,-0.08830930646900845,0.021949240475845025
WK170506,Haalderen,2022,4.14963140731437,0.047366556170685394,0.0014887417076228971,0.0833264668813702,0.037258085217273695,-0.09910314078993694,0.024396403154355276
WK170507,Ressen,2002,4.336621099523987,0.23435624838030236,NA,NA,NA,NA,NA
WK170507,Ressen,2008,4.356518728044813,0.25425387690112755,NA,NA,NA,NA,NA
WK170507,Ressen,2012,4.353153877740564,0.25088902659687873,NA,NA,NA,NA,NA
WK170507,Ressen,2014,4.255712043355241,0.15344719221155537,-0.08457504236992006,0.13317704515995948,0.10599737368039505,-0.10503026693773011,0.10387808267885076
WK170507,Ressen,2016,4.298191108952973,0.19592625780928757,NA,NA,NA,NA,NA
WK170507,Ressen,2018,4.271710333284155,0.16944548214046926,-0.05921343692435229,0.08127456211630939,0.11721190899614171,-0.06765195721929425,0.09782440517166427
WK170507,Ressen,2020,4.325306263948919,0.22304141280523393,-0.05242745624165513,0.09811009056571532,0.12579769987444056,-0.053914573796693635,0.10547565240342666
WK170507,Ressen,2022,4.316439026138495,0.2141741749948099,-0.06106505384035003,0.11282199101049199,0.12115716754468232,-0.05647522509856107,0.09773529537854643
WK170600,Wijk 00 Budel,2002,4.052184723629484,-0.05008012751420136,NA,NA,NA,NA,NA
WK170600,Wijk 00 Budel,2008,4.058027303229831,-0.044237547913854675,NA,NA,NA,NA,NA
WK170600,Wijk 00 Budel,2012,4.087155729341051,-0.015109121802634351,NA,NA,NA,NA,NA
WK170600,Wijk 00 Budel,2014,4.055441461962573,-0.046823389181112555,-0.010103391901843261,0.05001172534299079,0.04481373884527116,-0.16242107127371516,0.030875609806183625
WK170600,Wijk 00 Budel,2016,4.061819165427962,-0.040445685715723025,NA,NA,NA,NA,NA
WK170600,Wijk 00 Budel,2018,4.074414587880647,-0.027850263263037668,-6.262830452294357e-4,0.052558658424744664,0.03863449032259898,-0.15001705612743832,0.03159992716228617
WK170600,Wijk 00 Budel,2020,4.081025204717436,-0.021239646426249103,-0.0011694624940321262,0.048642738002669134,0.03188320929597077,-0.13599337973746695,0.03539724850660981
WK170600,Wijk 00 Budel,2022,4.081422233624043,-0.02084261751964246,0.003358116036168056,0.044602640794208774,0.036046363869072395,-0.13601421935385327,0.031164481134761297
WK170601,Wijk 01 Schoot,2002,4.032370086484543,-0.06989476465914198,NA,NA,NA,NA,NA
WK170601,Wijk 01 Schoot,2008,4.028151135887386,-0.07411371525629894,NA,NA,NA,NA,NA
WK170601,Wijk 01 Schoot,2012,4.049294142161397,-0.052970708982287895,NA,NA,NA,NA,NA
WK170601,Wijk 01 Schoot,2014,3.9810193350630283,-0.12124551608065674,-0.019633096192679653,0.022064336391061597,0.04436377461888433,-0.20495105675314368,0.03691052585522033
WK170601,Wijk 01 Schoot,2016,4.003480499933854,-0.09878435120983063,NA,NA,NA,NA,NA
WK170601,Wijk 01 Schoot,2018,4.001360601714611,-0.10090424942907512,-0.011800230889603365,0.047439036857205415,0.037841850763367865,-0.19816858220132966,0.023783676041284337
WK170601,Wijk 01 Schoot,2020,4.006877976588941,-0.0953868745547444,-0.007282715049611297,0.028034282500067183,0.027480370329801523,-0.1798326894295605,0.0362138770945584
WK170601,Wijk 01 Schoot,2022,4.028422584307174,-0.07384226683651142,0.007992888311289704,0.028726439264805614,0.03482120128707913,-0.1833383941252621,0.03795559842557591
WK170602,Wijk 02 Dorplein,2002,4.0891341673563035,-0.013130683787381567,NA,NA,NA,NA,NA
WK170602,Wijk 02 Dorplein,2008,4.10849729898882,0.006232447845135059,NA,NA,NA,NA,NA
WK170602,Wijk 02 Dorplein,2012,4.131795647698934,0.029530796555249473,NA,NA,NA,NA,NA
WK170602,Wijk 02 Dorplein,2014,4.098122987370098,-0.004141863773587859,0.03469736530440235,0.04055326165147101,0.0810857999965639,-0.2142207123662374,0.05374242164021206
WK170602,Wijk 02 Dorplein,2016,4.1304421182585935,0.028177267114908394,NA,NA,NA,NA,NA
WK170602,Wijk 02 Dorplein,2018,4.110299813576031,0.008034962432346188,0.033428943854174525,0.058711398865226264,0.07446358120023608,-0.2112085417965852,0.05263958030929426
WK170602,Wijk 02 Dorplein,2020,4.1344498969686,0.03218504582491437,0.03395185614663485,0.06966766269382135,0.06894395209867063,-0.20044312767804867,0.060064702563835934
WK170602,Wijk 02 Dorplein,2022,4.156999283751426,0.05473443260774015,0.032307426784672695,0.07877996770013147,0.0795018242883154,-0.1972398205279408,0.06138503436256105
WK170603,Wijk 03 Maarheeze,2002,4.07908626949284,-0.023178581650845905,NA,NA,NA,NA,NA
WK170603,Wijk 03 Maarheeze,2008,4.084409340593785,-0.017855510549900012,NA,NA,NA,NA,NA
WK170603,Wijk 03 Maarheeze,2012,4.107341040112492,0.005076188968807117,NA,NA,NA,NA,NA
WK170603,Wijk 03 Maarheeze,2014,4.094637661272981,-0.007627189870704657,-0.02365036364545475,0.053819711106192276,0.04866736888205113,-0.11148115384116633,0.025017247627672764
WK170603,Wijk 03 Maarheeze,2016,4.13481470590584,0.03254985476215503,NA,NA,NA,NA,NA
WK170603,Wijk 03 Maarheeze,2018,4.12109585226626,0.01883100112257532,-0.012037816427216777,0.06167473518642115,0.04000206049265345,-0.10748445188605281,0.036676473756770044
WK170603,Wijk 03 Maarheeze,2020,4.094893012034536,-0.007371839109149851,-0.011100113344107883,0.047518075969963325,0.03549094226488542,-0.10512472857732305,0.025843984577432092
WK170603,Wijk 03 Maarheeze,2022,4.113662534400756,0.01139768325707101,-0.012965784809129556,0.04620099918508822,0.04290122006235254,-0.10092305895874089,0.0361843077775004
WK170604,Wijk 04 Soerendonk,2002,4.050736217999195,-0.05152863314449045,NA,NA,NA,NA,NA
WK170604,Wijk 04 Soerendonk,2008,4.0624432245703765,-0.039821626573308795,NA,NA,NA,NA,NA
WK170604,Wijk 04 Soerendonk,2012,4.0811321398351605,-0.021132711308524503,NA,NA,NA,NA,NA
WK170604,Wijk 04 Soerendonk,2014,4.089597193262548,-0.012667657881137348,-0.017284747638422103,0.06545046355335961,0.07284286868487731,-0.18379351098819552,0.05011726850724299
WK170604,Wijk 04 Soerendonk,2016,4.106842192386366,0.00457734124268042,NA,NA,NA,NA,NA
WK170604,Wijk 04 Soerendonk,2018,4.12450192616768,0.022237075023994177,-0.012215185437417822,0.07837670278278269,0.06980437031505343,-0.16522485145964547,0.05149603882322114
WK170604,Wijk 04 Soerendonk,2020,4.1139809618809995,0.011716110737313795,-0.010513418317304419,0.06898247517215922,0.05089191598745798,-0.14986589499388464,0.05222103288888535
WK170604,Wijk 04 Soerendonk,2022,4.128334167448412,0.026069316304726982,-0.004485347701001105,0.07743584599543214,0.05709720787269156,-0.1567650965571855,0.05278670669478957
WK170605,Wijk 05 Gastel,2002,4.2003356173151065,0.09807076617142137,NA,NA,NA,NA,NA
WK170605,Wijk 05 Gastel,2008,4.172708498907901,0.070443647764216355,NA,NA,NA,NA,NA
WK170605,Wijk 05 Gastel,2012,4.164034298116934,0.061769446973248314,NA,NA,NA,NA,NA
WK170605,Wijk 05 Gastel,2014,4.117086577595984,0.014821726452298649,-0.013587814789283522,0.07252930066953486,0.10524577026040192,-0.1974692362058371,0.048103706517482234
WK170605,Wijk 05 Gastel,2016,4.11119312845157,0.008928277307884914,NA,NA,NA,NA,NA
WK170605,Wijk 05 Gastel,2018,4.130820500093974,0.028555648950288625,-0.015272357621657935,0.0817352321079934,0.09969821987785474,-0.19093080974175577,0.05332536432785379
WK170605,Wijk 05 Gastel,2020,4.110317332684769,0.008052481541083378,-0.017849172128901126,0.08072845039324066,0.06988522994196367,-0.1811528754955225,0.056440848830302426
WK170605,Wijk 05 Gastel,2022,4.125386361414586,0.02312151027090125,-0.010479100069323316,0.082282421486944,0.07552390442621158,-0.18457919320616456,0.06037347763323326
WK170800,Steenwijk,2002,4.12275888646976,0.02049403532607506,NA,NA,NA,NA,NA
WK170800,Steenwijk,2008,4.133444975856504,0.03118012471281852,NA,NA,NA,NA,NA
WK170800,Steenwijk,2012,4.134455423648257,0.03219057250457183,NA,NA,NA,NA,NA
WK170800,Steenwijk,2014,4.114401139672125,0.012136288528439752,0.03004489124758496,0.017274519164220094,0.009626556344826618,-0.05331564321710282,0.008505964988910583
WK170800,Steenwijk,2016,4.1176005818263395,0.015335730682653748,NA,NA,NA,NA,NA
WK170800,Steenwijk,2018,4.127231993626473,0.024967142482787554,0.03044657555083022,0.022660631538184917,0.00815023536575649,-0.05165246597732354,0.015362166005339165
WK170800,Steenwijk,2020,4.127676576114853,0.02541172497116824,0.02924291477872409,0.015242835468921476,0.005839949400510799,-0.04359461871873133,0.018680644041742942
WK170800,Steenwijk,2022,4.135075562589237,0.03281071144555189,0.0334728843379264,0.02825966667710437,0.004994383827200933,-0.05480138297552882,0.02088515957884872
WK170802,Oldemarkt,2002,3.9801374818393067,-0.12212736930437837,NA,NA,NA,NA,NA
WK170802,Oldemarkt,2008,4.017625712211476,-0.08463913893220905,NA,NA,NA,NA,NA
WK170802,Oldemarkt,2012,4.018716839321509,-0.08354801182217654,NA,NA,NA,NA,NA
WK170802,Oldemarkt,2014,4.098741290199211,-0.0035235609444745266,0.036537547002404386,0.08358305348728454,0.060751420747722655,-0.19917036291098889,0.01477478072910248
WK170802,Oldemarkt,2016,4.076032449582025,-0.026232401561660255,NA,NA,NA,NA,NA
WK170802,Oldemarkt,2018,4.10405116783118,0.0017863166874951654,0.03816006465375852,0.08671708148878227,0.057578849765354254,-0.20285761531389207,0.0221879360934919
WK170802,Oldemarkt,2020,4.123463968374063,0.021199117230377422,0.036656080759198274,0.08564731108864992,0.05279879242382967,-0.18842120956019212,0.034518142518891466
WK170802,Oldemarkt,2022,4.133077783491514,0.03081293234782854,0.04183299896633206,0.09207603228559098,0.06289401562902651,-0.21312427348465007,0.0471341589515288
WK170803,Kalenberg,2002,4.402330282108118,0.30006543096443256,NA,NA,NA,NA,NA
WK170803,Kalenberg,2008,4.23579027302038,0.13352542187669478,NA,NA,NA,NA,NA
WK170803,Kalenberg,2012,4.359198449062218,0.2569335979185321,NA,NA,NA,NA,NA
WK170803,Kalenberg,2014,4.392633252656597,0.2903684015129122,0.18905320371349274,0.1307023159459672,0.14895864653553037,-0.24973516396818457,0.07138939928610621
WK170803,Kalenberg,2016,4.34773834743457,0.24547349629088466,NA,NA,NA,NA,NA
WK170803,Kalenberg,2018,4.352207614747681,0.24994276360399634,0.19298972996231317,0.10684055801404913,0.12765667272868517,-0.252495899688602,0.07495170258755077
WK170803,Kalenberg,2020,4.225296594548781,0.123031743405096,0.18041183684523027,0.09945960037130998,0.1119028325594744,-0.2558170735062837,-0.012925452864635324
WK170803,Kalenberg,2022,4.289198272446105,0.1869334213024196,0.1835598746670293,0.09618594635205417,0.1256592254391407,-0.26116639604074227,0.04269477088493729
WK170804,Kuinre,2002,3.9794530594813335,-0.12281179166235189,NA,NA,NA,NA,NA
WK170804,Kuinre,2008,3.953543242292975,-0.1487216088507104,NA,NA,NA,NA,NA
WK170804,Kuinre,2012,4.007075798104148,-0.0951890530395373,NA,NA,NA,NA,NA
WK170804,Kuinre,2014,4.047933622366719,-0.05433122877696607,0.0200998794413102,0.08713268947075138,0.06707781808226687,-0.24263025527883675,0.013988639507541988
WK170804,Kuinre,2016,4.046296265308365,-0.055968585835320106,NA,NA,NA,NA,NA
WK170804,Kuinre,2018,4.058572651189176,-0.04369219995450932,0.028762304162068344,0.08609481664809837,0.06069284004732097,-0.23407043258404372,0.014828271772046358
WK170804,Kuinre,2020,4.062973257751765,-0.03929159339192041,0.01936826753165419,0.08721838759268968,0.058086863115780644,-0.22604343457517645,0.02207832294313118
WK170804,Kuinre,2022,4.100839116323958,-0.0014257348197274356,0.0159307754000346,0.11174388340089937,0.06406152351418212,-0.22961680527494255,0.03645488814009879
WK170805,Blankenham,2002,4.146650078320099,0.0443852271764132,NA,NA,NA,NA,NA
WK170805,Blankenham,2008,4.021324313953421,-0.08094053719026435,NA,NA,NA,NA,NA
WK170805,Blankenham,2012,4.107539825070688,0.0052749739270029445,NA,NA,NA,NA,NA
WK170805,Blankenham,2014,4.146566130081501,0.04430127893781594,0.04570271851077846,0.11468985172722451,0.1018478698027463,-0.2872503627457745,0.06931120164284083
WK170805,Blankenham,2016,4.166549407451165,0.06428455630747917,NA,NA,NA,NA,NA
WK170805,Blankenham,2018,4.154712551609346,0.05244770046566063,0.04740693002307145,0.09952415708120253,0.12318655115813382,-0.28505573928090877,0.06738580148416141
WK170805,Blankenham,2020,4.118160665434674,0.01589581429098842,0.03364983546056829,0.10952395661084328,0.10968413579758494,-0.28154728282966557,0.04458516925165712
WK170805,Blankenham,2022,4.175363601162186,0.0730987500185006,0.029139356096975186,0.11728483811168369,0.11275862678790059,-0.2843964319514917,0.09831236097343256
WK170806,Scheerwolde,2002,4.003064223903028,-0.09920062724065758,NA,NA,NA,NA,NA
WK170806,Scheerwolde,2008,3.9891218610567316,-0.11314299008695364,NA,NA,NA,NA,NA
WK170806,Scheerwolde,2012,4.039884795369731,-0.06238005577395476,NA,NA,NA,NA,NA
WK170806,Scheerwolde,2014,4.0470131548631825,-0.05525169628050297,0.046661167355021266,0.07673736122608603,0.08369391346155546,-0.25350360932662086,-0.008840528996545083
WK170806,Scheerwolde,2016,4.055123763608064,-0.04714108753562143,NA,NA,NA,NA,NA
WK170806,Scheerwolde,2018,4.040827681655161,-0.06143716948852423,0.04754317013254782,0.07710049661076956,0.06775030561148439,-0.2433256109388274,-0.010505530904498885
WK170806,Scheerwolde,2020,4.068152761226834,-0.034112089916851655,0.043746355047810916,0.09186396636733085,0.0733746381726356,-0.23442816061789848,-0.008668888886730765
WK170806,Scheerwolde,2022,4.117766396636371,0.015501545492685825,0.05269559398091131,0.09400014903566309,0.06882458769534988,-0.2367169685167971,0.036698183297558334
WK170807,Vollenhove,2002,4.12365392446145,0.02138907331776471,NA,NA,NA,NA,NA
WK170807,Vollenhove,2008,4.149064403161575,0.0467995520178904,NA,NA,NA,NA,NA
WK170807,Vollenhove,2012,4.172277156811037,0.070012305667352,NA,NA,NA,NA,NA
WK170807,Vollenhove,2014,4.132550752381608,0.030285901237922748,0.03519973176284273,0.08736758439881531,0.04234361443647503,-0.15903569245565932,0.024410663095448724
WK170807,Vollenhove,2016,4.160953614044875,0.05868876290118999,NA,NA,NA,NA,NA
WK170807,Vollenhove,2018,4.120589028799106,0.018324177655420795,0.02941536365970094,0.08218077264839196,0.03464019328613478,-0.1532590255266774,0.025346873587870244
WK170807,Vollenhove,2020,4.128659331506185,0.0263944803625004,0.027466086522161173,0.08758176001665968,0.02938765974293174,-0.1497436897794582,0.031702663860205677
WK170807,Vollenhove,2022,4.126035740665629,0.023770889521943887,0.03145682232451662,0.07309947846850931,0.027710917700110346,-0.14829312208232112,0.0397967931111285
WK170808,Sint Jansklooster,2002,4.2108239856821825,0.10855913453849694,NA,NA,NA,NA,NA
WK170808,Sint Jansklooster,2008,4.188598476878062,0.0863336257343767,NA,NA,NA,NA,NA
WK170808,Sint Jansklooster,2012,4.218563044618272,0.11629819347458767,NA,NA,NA,NA,NA
WK170808,Sint Jansklooster,2014,4.196780218169907,0.09451536702622197,0.04835572795958842,0.11115218471675475,0.084541202804458,-0.2042054347638915,0.054671686309312004
WK170808,Sint Jansklooster,2016,4.1939156322512865,0.0916507811076012,NA,NA,NA,NA,NA
WK170808,Sint Jansklooster,2018,4.20386556032373,0.10160070918004507,0.05357631110587486,0.11328276609402772,0.07881598255122067,-0.1979916575393089,0.05391730696823049
WK170808,Sint Jansklooster,2020,4.167872432135105,0.06560758099141879,0.048829887467176196,0.09829364079941273,0.06717522484620077,-0.19732760075030203,0.04863642862893083
WK170808,Sint Jansklooster,2022,4.176081786354614,0.07381693521092939,0.05167704957922618,0.10236767972497231,0.06452258735324068,-0.19746074481278345,0.05271036336627334
WK170810,Belt-Schutsloot,2002,4.300584847386564,0.19831999624287922,NA,NA,NA,NA,NA
WK170810,Belt-Schutsloot,2008,4.195772469259419,0.09350761811573348,NA,NA,NA,NA,NA
WK170810,Belt-Schutsloot,2012,4.321535108092522,0.21927025694883753,NA,NA,NA,NA,NA
WK170810,Belt-Schutsloot,2014,4.351298607541525,0.24903375639784017,0.16843559126028324,0.12343611651051227,0.10316268172744125,-0.18808781904690738,0.04208718594651048
WK170810,Belt-Schutsloot,2016,4.329251501254358,0.22698665011067337,NA,NA,NA,NA,NA
WK170810,Belt-Schutsloot,2018,4.34257890359802,0.24031405245433535,0.16172266512998568,0.12878857809001126,0.08919895471931115,-0.1829588846808238,0.043562739195850846
WK170810,Belt-Schutsloot,2020,4.30841907093399,0.2061542197903044,0.15445812755802263,0.12162794389620017,0.06032324183901704,-0.17405051838770977,0.04379542488477405
WK170810,Belt-Schutsloot,2022,4.298210104299747,0.1959452531560616,0.15603825268185914,0.09854046534735009,0.06086256340905318,-0.18496588715367082,0.06546985887146987
WK170811,Wanneperveen,2002,4.1678577596773865,0.0655929085337011,NA,NA,NA,NA,NA
WK170811,Wanneperveen,2008,4.130959991352187,0.02869514020850107,NA,NA,NA,NA,NA
WK170811,Wanneperveen,2012,4.16077460339913,0.058509752255443984,NA,NA,NA,NA,NA
WK170811,Wanneperveen,2014,4.205098666400105,0.10283381525641987,0.06316865389726414,0.10386073490120194,0.07581577296813202,-0.1816754621486659,0.041664115638487514
WK170811,Wanneperveen,2016,4.220295480347805,0.11803062920411929,NA,NA,NA,NA,NA
WK170811,Wanneperveen,2018,4.1818274932250645,0.07956264208137889,0.05934926377373929,0.09582999832362597,0.06934827250010057,-0.18762300841694624,0.0426581159008591
WK170811,Wanneperveen,2020,4.142901496914722,0.04063664577103666,0.053936159840249534,0.09535053093998311,0.0532967201307305,-0.1867899698495085,0.024843204709581804
WK170811,Wanneperveen,2022,4.150102179076486,0.047837327932800135,0.06301861605924032,0.07945369089526456,0.04584139390854588,-0.19573073290076604,0.0552543599705151
WK170816,Blokzijl,2002,4.228535993135573,0.12627114199188746,NA,NA,NA,NA,NA
WK170816,Blokzijl,2008,4.187828461928325,0.08556361078463907,NA,NA,NA,NA,NA
WK170816,Blokzijl,2012,4.172856791173855,0.07059194003016973,NA,NA,NA,NA,NA
WK170816,Blokzijl,2014,4.14479524251181,0.04253039136812425,0.041473015105173976,0.06534846814184243,0.0542478026129114,-0.18411912902844627,0.06558023453664234
WK170816,Blokzijl,2016,4.144389018097412,0.042124166953726346,NA,NA,NA,NA,NA
WK170816,Blokzijl,2018,4.182718649816147,0.08045379867246197,0.044010369196484773,0.10233265791868074,0.051566078254658906,-0.18059016390759805,0.06313485721023532
WK170816,Blokzijl,2020,4.151668555542415,0.04940370439872968,0.037068960705533026,0.08341646968429219,0.04640653250293675,-0.17792991361934823,0.060441655125315706
WK170816,Blokzijl,2022,4.1732884436142905,0.07102359247060547,0.03635456367455313,0.08668852270278252,0.04950663906226687,-0.1718636503912325,0.0703375174222352
WK170817,Giethoorn,2002,4.208402853991934,0.10613800284824786,NA,NA,NA,NA,NA
WK170817,Giethoorn,2008,4.171941972364617,0.06967712122093138,NA,NA,NA,NA,NA
WK170817,Giethoorn,2012,4.242934871329792,0.14067002018610691,NA,NA,NA,NA,NA
WK170817,Giethoorn,2014,4.237973444831263,0.13570859368757804,0.06742070521863498,0.093669780832419,0.08018090107943578,-0.16651389133238945,0.060951097889477335
WK170817,Giethoorn,2016,4.22107822245954,0.11881337131585461,NA,NA,NA,NA,NA
WK170817,Giethoorn,2018,4.227300374143827,0.1250355230001413,0.06988179378058239,0.09064516524525319,0.07634161065251052,-0.17263108460640558,0.06079803792820048
WK170817,Giethoorn,2020,4.20746015234159,0.1051953011979051,0.06542465017305747,0.09812501218474974,0.06393881834055665,-0.16724033442054895,0.0449471549200899
WK170817,Giethoorn,2022,4.237651569670354,0.13538671852666875,0.07221259940987215,0.10220027590346215,0.0700534440411892,-0.17630299823971404,0.06722339741185904
WK170818,Zuidveen,2002,4.246091764936846,0.14382691379316073,NA,NA,NA,NA,NA
WK170818,Zuidveen,2008,4.187633732110743,0.08536888096705737,NA,NA,NA,NA,NA
WK170818,Zuidveen,2012,4.238522147559395,0.13625729641570908,NA,NA,NA,NA,NA
WK170818,Zuidveen,2014,4.223627060700976,0.12136220955729085,0.003612670695709044,0.0814427570021482,0.06288931884542012,-0.0925794229674591,0.06599688598147238
WK170818,Zuidveen,2016,4.245110573407892,0.14284572226420691,NA,NA,NA,NA,NA
WK170818,Zuidveen,2018,4.205421285551611,0.10315643440792657,0.009053740625320394,0.05404853275249572,0.07038874429916597,-0.09422879332590603,0.06389421005685021
WK170818,Zuidveen,2020,4.203656925094765,0.10139207395107985,-0.004756021424146311,0.07489519526417478,0.0585446995471015,-0.08927314666394105,0.06198134722789057
WK170818,Zuidveen,2022,4.236028076008308,0.13376322486462247,0.006735891187124701,0.11445609253695262,0.053336017175276335,-0.10072263897835498,0.05995786294362341
WK170819,Onna,2002,4.179820797943602,0.07755594679991726,NA,NA,NA,NA,NA
WK170819,Onna,2008,4.187817537018697,0.08555268587501173,NA,NA,NA,NA,NA
WK170819,Onna,2012,4.189752032135533,0.08748718099184728,NA,NA,NA,NA,NA
WK170819,Onna,2014,4.198157984602945,0.09589313345926037,0.013125917829151835,0.0585735047558093,0.10414263967061328,-0.15743550924894634,0.07748658045263204
WK170819,Onna,2016,4.245677809721961,0.14341295857827652,NA,NA,NA,NA,NA
WK170819,Onna,2018,4.22233211793949,0.1200672667958046,0.017152476847545766,0.08294336915265182,0.10318277506271828,-0.15816433796686716,0.07495298369975552
WK170819,Onna,2020,4.197731778672933,0.09546692752924862,0.0073150454805069485,0.06343001635775405,0.104088947547214,-0.15222006637352262,0.07285298451729595
WK170819,Onna,2022,4.211666077847972,0.10940122670428633,0.01500514263947567,0.07797444387313257,0.09960820969406874,-0.1576629621501145,0.07447639264772356
WK170820,Kallenkote,2002,4.368869777068285,0.26660492592460056,NA,NA,NA,NA,NA
WK170820,Kallenkote,2008,4.2648822485932465,0.16261739744956147,NA,NA,NA,NA,NA
WK170820,Kallenkote,2012,4.303266846101565,0.2010019949578794,NA,NA,NA,NA,NA
WK170820,Kallenkote,2014,4.300004290678088,0.19773943953440368,0.04257197679698727,0.12227971186607331,0.1184637383609751,-0.18896001334265491,0.10338402585302252
WK170820,Kallenkote,2016,4.321910754694606,0.21964590355092092,NA,NA,NA,NA,NA
WK170820,Kallenkote,2018,4.31137503777173,0.20911018662804448,0.046028416559542325,0.10823559238148517,0.13524580416955637,-0.19098366043112794,0.11058403394858818
WK170820,Kallenkote,2020,4.243807959611705,0.14154310846801996,0.022612341391516688,0.09167473660786464,0.10883643243325863,-0.18800087627067893,0.10642047430605879
WK170820,Kallenkote,2022,4.247903561479372,0.14563871033568684,0.01449365975222307,0.10099487318457073,0.10790170622001927,-0.19089045894845338,0.11313893012732683
WK170821,Eesveen,2002,4.159340893351232,0.057076042207547445,NA,NA,NA,NA,NA
WK170821,Eesveen,2008,4.169392101256979,0.06712725011329365,NA,NA,NA,NA,NA
WK170821,Eesveen,2012,4.210413637041442,0.10814878589775662,NA,NA,NA,NA,NA
WK170821,Eesveen,2014,4.211108127910163,0.1088432767664775,0.03007241149152632,0.0510568140339147,0.12055855657855909,-0.17821875238971055,0.08537424705218771
WK170821,Eesveen,2016,4.287640408390028,0.18537555724634303,NA,NA,NA,NA,NA
WK170821,Eesveen,2018,4.269263469598689,0.16699861845500422,0.04953370197681688,0.09244267460012993,0.113816577117735,-0.17604572353273637,0.08725138829305858
WK170821,Eesveen,2020,4.200680545264638,0.09841569412095269,0.036579851626739976,0.07729189263263385,0.08465843616924855,-0.17054790924861724,0.07043342294094712
WK170821,Eesveen,2022,4.219108236621608,0.11684338547792246,0.04386271825147285,0.07631064631765513,0.07932699596731484,-0.17777042685678426,0.09511345179826373
WK170822,De Bult,2002,4.360896316714797,0.25863146557111194,NA,NA,NA,NA,NA
WK170822,De Bult,2008,4.324253460721894,0.22198860957820835,NA,NA,NA,NA,NA
WK170822,De Bult,2012,4.318629917408033,0.21636506626434754,NA,NA,NA,NA,NA
WK170822,De Bult,2014,4.418497013701276,0.3162321625575912,0.11272454522172914,0.13015306612039504,0.13225347590072276,-0.1407789412921532,0.08188001660689719
WK170822,De Bult,2016,4.2817890844847755,0.17952423334109063,NA,NA,NA,NA,NA
WK170822,De Bult,2018,4.376736653284062,0.27447180214037603,0.11618187976474907,0.08142181160221486,0.139788904998307,-0.13462519237332438,0.07170439814842908
WK170822,De Bult,2020,4.357658592747305,0.2553937416036204,0.10547532522601409,0.09523944127493421,0.11382162958238297,-0.13213764308762543,0.0729949886079144
WK170822,De Bult,2022,4.383430182602258,0.2811653314585736,0.1011162547318901,0.11666006137937354,0.09885256978267197,-0.13407623341290784,0.09861267897754554
WK170823,Baars,2002,4.144741891344063,0.04247704020037795,NA,NA,NA,NA,NA
WK170823,Baars,2008,4.246998401007957,0.14473354986427234,NA,NA,NA,NA,NA
WK170823,Baars,2012,4.207361993628736,0.10509714248505105,NA,NA,NA,NA,NA
WK170823,Baars,2014,4.330215600969923,0.22795074982623761,0.07932360337276102,0.14399437841950816,0.10682285446443203,-0.19489797688824903,0.09270789045778526
WK170823,Baars,2016,4.273439156449219,0.17117430530553301,NA,NA,NA,NA,NA
WK170823,Baars,2018,4.33817779651963,0.23591294537594512,0.0835177643914488,0.13506138100051698,0.11406416560837752,-0.19262186846839108,0.09589150284399264
WK170823,Baars,2020,4.299458482489283,0.19719363134559723,0.07799753662686172,0.11548245105683964,0.09328721669389758,-0.1863675144281852,0.0967939413961831
WK170823,Baars,2022,4.337474019897027,0.2352091687533418,0.08609946087202244,0.12748321761275674,0.10957440530849191,-0.18934367728159132,0.1013957622416615
WK170824,Witte Paarden,2002,4.277174672744235,0.17490982160054983,NA,NA,NA,NA,NA
WK170824,Witte Paarden,2008,4.231630217630146,0.1293653664864606,NA,NA,NA,NA,NA
WK170824,Witte Paarden,2012,4.26437899707141,0.16211414592772544,NA,NA,NA,NA,NA
WK170824,Witte Paarden,2014,4.293206524662551,0.19094167351886532,0.007784329386245887,0.09696288460427487,0.1282721311281033,-0.13220196783943092,0.09012429623967172
WK170824,Witte Paarden,2016,4.322044882823261,0.2197800316795756,NA,NA,NA,NA,NA
WK170824,Witte Paarden,2018,4.28543969097514,0.1831748398314554,0.01054705068234947,0.09898511711388579,0.11431958128926932,-0.1285829539179604,0.08790604466391093
WK170824,Witte Paarden,2020,4.275519233794084,0.1732543826503987,0.003141153983201085,0.10400399860253239,0.09412530689408173,-0.1211618184356054,0.0931457416061887
WK170824,Witte Paarden,2022,4.254498361603647,0.15223351045996217,0.006954641083016085,0.11242196868673955,0.08424377919648245,-0.13052688086024167,0.07914000235396539
WK170825,De Pol,2002,4.136872076465562,0.03460722532187672,NA,NA,NA,NA,NA
WK170825,De Pol,2008,4.1279771885874315,0.025712337443746743,NA,NA,NA,NA,NA
WK170825,De Pol,2012,4.183331772049153,0.08106692090546819,NA,NA,NA,NA,NA
WK170825,De Pol,2014,4.226754028917837,0.1244891777741518,0.07639376985619063,0.09119587320700374,0.1105482809510499,-0.2109165005243979,0.05726775428430523
WK170825,De Pol,2016,4.162557689143817,0.060292838000131486,NA,NA,NA,NA,NA
WK170825,De Pol,2018,4.158602402388606,0.056337551244921374,0.0799600016214059,0.03949104827146596,0.08306505009265376,-0.20871135398141819,0.0625328052408137
WK170825,De Pol,2020,4.21235739008575,0.11009253894206546,0.06790744971233299,0.08861846514223791,0.0887994742662127,-0.20154504966893683,0.06631219949021841
WK170825,De Pol,2022,4.18938193465193,0.08711708350824503,0.0668056099537928,0.10230936762982322,0.07443507432406352,-0.20858640157977637,0.05215343318034151
WK170826,Willemsoord,2002,4.1609101764660625,0.05864532532237721,NA,NA,NA,NA,NA
WK170826,Willemsoord,2008,4.139747969365761,0.03748311822207568,NA,NA,NA,NA,NA
WK170826,Willemsoord,2012,4.164041288891914,0.061776437748228476,NA,NA,NA,NA,NA
WK170826,Willemsoord,2014,4.12769315897657,0.025428307832885078,0.02811023475874931,0.06683731010889249,0.062014833790925955,-0.18927522846837508,0.05774115764269216
WK170826,Willemsoord,2016,4.158358312230693,0.056093461087007836,NA,NA,NA,NA,NA
WK170826,Willemsoord,2018,4.167602888194036,0.06533803705035103,0.031617283230501565,0.08727196537153646,0.07892204807058104,-0.18889716510750396,0.05642390548523572
WK170826,Willemsoord,2020,4.151923312411379,0.04965846126769333,0.024937038711676733,0.08030314535454357,0.05909789742921104,-0.1751954012976836,0.06051578106994529
WK170826,Willemsoord,2022,4.154400442621978,0.05213559147829251,0.028305134680863608,0.0895584331803742,0.055032253670363664,-0.18587412383207347,0.06511389377876414
WK170827,Marijenkampen,2002,4.264320825364721,0.162055974221036,NA,NA,NA,NA,NA
WK170827,Marijenkampen,2008,4.277644371305908,0.1753795201622228,NA,NA,NA,NA,NA
WK170827,Marijenkampen,2012,4.282909261012412,0.1806444098687263,NA,NA,NA,NA,NA
WK170827,Marijenkampen,2014,4.319862666686871,0.21759781554318552,0.04657743176302501,0.10828177306616865,0.14949528325936973,-0.17791415944176614,0.09115748689638789
WK170827,Marijenkampen,2016,4.391448163100811,0.28918331195712543,NA,NA,NA,NA,NA
WK170827,Marijenkampen,2018,4.343327154429097,0.2410623032854113,0.0529165094088486,0.11228453298664928,0.15903360127757404,-0.17035506547092769,0.08718272508326694
WK170827,Marijenkampen,2020,4.341511156123841,0.23924630498015595,0.05061753640200508,0.11212305718852451,0.15787675525713857,-0.16507804889939404,0.08370700503188157
WK170827,Marijenkampen,2022,4.3409751974131545,0.23871034626946958,0.055859765346827274,0.12338420487332435,0.15132974167350105,-0.17811101102280147,0.08624764539861808
WK170828,Tuk,2002,4.21411732450043,0.11185247335674461,NA,NA,NA,NA,NA
WK170828,Tuk,2008,4.189706804193199,0.08744195304951353,NA,NA,NA,NA,NA
WK170828,Tuk,2012,4.223007113492989,0.12074226234930395,NA,NA,NA,NA,NA
WK170828,Tuk,2014,4.253619035721224,0.15135418457753855,0.02984999927230168,0.10816956449014015,0.07071873930621898,-0.10481473233948774,0.047430613848365256
WK170828,Tuk,2016,4.218229036811922,0.11596418566823712,NA,NA,NA,NA,NA
WK170828,Tuk,2018,4.235076915601389,0.13281206445770316,0.035581862965632594,0.08560583124076757,0.06752403728606887,-0.09973024556273105,0.043830578527964945
WK170828,Tuk,2020,4.2328944459021765,0.13062959475849079,0.030609045308500647,0.08378757347512795,0.06570883458571714,-0.09172719952278126,0.04225134091192606
WK170828,Tuk,2022,4.221379771433317,0.11911492028963193,0.03285778903686631,0.08498824070847734,0.056696747887413475,-0.10563271267713246,0.05020485533400706
WK170829,Steenwijkerwold,2002,4.095285903547221,-0.006978947596464543,NA,NA,NA,NA,NA
WK170829,Steenwijkerwold,2008,4.110573323057159,0.008308471913473876,NA,NA,NA,NA,NA
WK170829,Steenwijkerwold,2012,4.156614838083301,0.05434998693961545,NA,NA,NA,NA,NA
WK170829,Steenwijkerwold,2014,4.162335271960202,0.060070420816515875,0.04341100138786906,0.06724301412912825,0.042306353817224404,-0.1283961979285543,0.03550624941084819
WK170829,Steenwijkerwold,2016,4.1368565336139085,0.03459168247022335,NA,NA,NA,NA,NA
WK170829,Steenwijkerwold,2018,4.161044973294931,0.05878012215124585,0.03932768967331701,0.06436101980819667,0.042415098334978876,-0.12643411051193465,0.03911042484668766
WK170829,Steenwijkerwold,2020,4.152773837313019,0.050508986169334094,0.033031166778795765,0.05750248781911713,0.04264833126755743,-0.12443043182423914,0.04175743212810261
WK170829,Steenwijkerwold,2022,4.163856774690898,0.06159192354721288,0.03457771430528208,0.0785829322740964,0.03879195050228572,-0.13018981026140028,0.03982913672694866
WK170830,Basse,2002,4.289419038366506,0.1871541872228214,NA,NA,NA,NA,NA
WK170830,Basse,2008,4.185672272779126,0.0834074216354401,NA,NA,NA,NA,NA
WK170830,Basse,2012,4.320325528110624,0.21806067696693837,NA,NA,NA,NA,NA
WK170830,Basse,2014,4.309746768188945,0.20748191704525962,0.045665508669630525,0.11582061457928841,0.14911398126179584,-0.20877620229039068,0.10565801482493503
WK170830,Basse,2016,4.339115408767561,0.23685055762387522,NA,NA,NA,NA,NA
WK170830,Basse,2018,4.338264848135973,0.23599999699228724,0.057266012444115146,0.12681131028893083,0.15267555817773312,-0.20714612747000855,0.10639324355151637
WK170830,Basse,2020,4.245209430554451,0.14294457941076555,0.04963814592677485,0.07386700602611958,0.11943498719608778,-0.2041715660723736,0.10417600633415643
WK170830,Basse,2022,4.274643288386108,0.172378437242423,0.04314294307096099,0.114030437473334,0.11932120120665951,-0.2098904141220209,0.10577426961348896
WK170831,Paasloo,2002,4.155669011695293,0.053404160551608106,NA,NA,NA,NA,NA
WK170831,Paasloo,2008,4.098493950887647,-0.003770900256038104,NA,NA,NA,NA,NA
WK170831,Paasloo,2012,4.13548022573307,0.03321537458938452,NA,NA,NA,NA,NA
WK170831,Paasloo,2014,4.230753359118998,0.12848850797531278,0.05281462507722108,0.10056540948010301,0.11564325652422774,-0.23112752683570312,0.09059274372946377
WK170831,Paasloo,2016,4.214136575067378,0.11187172392369214,NA,NA,NA,NA,NA
WK170831,Paasloo,2018,4.245074489894283,0.14280963875059818,0.06070964008411505,0.10563384501585209,0.11721040066370703,-0.23185463650671212,0.0911103894936359
WK170831,Paasloo,2020,4.260452336156671,0.1581874850129861,0.04886798617931613,0.1297458727631347,0.13347560568306888,-0.22459227485186606,0.0706902952393322
WK170831,Paasloo,2022,4.291557080395548,0.18929222925186262,0.05308465979771075,0.12680980147369458,0.1343040031428946,-0.23731311956426268,0.11240688440182504
WK170832,IJsselham,2002,4.162415916500846,0.06015106535716018,NA,NA,NA,NA,NA
WK170832,IJsselham,2008,4.201805930963243,0.09954107981955772,NA,NA,NA,NA,NA
WK170832,IJsselham,2012,4.1910679411072245,0.08880308996353939,NA,NA,NA,NA,NA
WK170832,IJsselham,2014,4.277923934201325,0.17565908305763972,-0.014106435436695331,0.15323427919717067,0.13283510220208963,-0.24614100036163195,0.14983713745670652
WK170832,IJsselham,2016,4.31781730501426,0.21555245387057498,NA,NA,NA,NA,NA
WK170832,IJsselham,2018,4.325176753327833,0.22291190218414766,0.03227462337164505,0.13006777043960743,0.16095459540985696,-0.2502751342001774,0.14989004716321552
WK170832,IJsselham,2020,4.265498976358421,0.1632341252147357,-0.010030438896670813,0.06426601364312005,0.2074579347385591,-0.24576782303863134,0.14730843876835834
WK170832,IJsselham,2022,4.37807853806156,0.2758136869178751,-4.7780191830954356e-4,0.12108228928765337,0.2155230496954432,-0.2582884157937369,0.19797456564682475
WK170833,Ossenzijl,2002,4.1219323472195475,0.019667496075862666,NA,NA,NA,NA,NA
WK170833,Ossenzijl,2008,4.080708871546019,-0.02155597959766686,NA,NA,NA,NA,NA
WK170833,Ossenzijl,2012,4.140786507461911,0.038521656318225586,NA,NA,NA,NA,NA
WK170833,Ossenzijl,2014,4.186078687009703,0.08381383586601766,0.10558476243409576,0.08863708439141796,0.08287073380123826,-0.23494745695010183,0.04166871218936738
WK170833,Ossenzijl,2016,4.1851220647902885,0.0828572136466038,NA,NA,NA,NA,NA
WK170833,Ossenzijl,2018,4.130972795894914,0.0287079447512291,0.10327678321132551,0.06133315606558626,0.07508215592846361,-0.24759038433842542,0.03660623388427892
WK170833,Ossenzijl,2020,4.154810211073733,0.05254535993004799,0.09682379595476749,0.10702371701726085,0.0727671228591785,-0.24860576990342673,0.02453649400226758
WK170833,Ossenzijl,2022,4.221759888856641,0.11949503771295575,0.10465342953904852,0.12561279268608147,0.08383338823116462,-0.25075425356901027,0.05614968082567123
WK170834,Wetering,2002,4.221236318925569,0.1189714677818834,NA,NA,NA,NA,NA
WK170834,Wetering,2008,4.183668043496761,0.08140319235307532,NA,NA,NA,NA,NA
WK170834,Wetering,2012,4.2593736370615,0.15710878591781466,NA,NA,NA,NA,NA
WK170834,Wetering,2014,4.253682633127649,0.1514177819839643,0.07705908280585735,0.1399203131263323,0.12785839474960178,-0.26978514997949604,0.07636514128166859
WK170834,Wetering,2016,4.248126262220462,0.14586141107677722,NA,NA,NA,NA,NA
WK170834,Wetering,2018,4.2980416736892115,0.19577682254552625,0.11367278484015902,0.12642240462256227,0.1409051070693528,-0.2675161688047962,0.08229269481824819
WK170834,Wetering,2020,4.338353454895541,0.23608860375185622,0.11240298755212126,0.13884911206614697,0.19974466861337714,-0.26517538941513796,0.05026722493534867
WK170834,Wetering,2022,4.394824292145073,0.2925594410013876,0.12128668085643857,0.1334594145942305,0.2110562352842756,-0.2631713194637503,0.08992842973019288
WK170835,Nederland,2002,4.296056054607101,0.1937912034634162,NA,NA,NA,NA,NA
WK170835,Nederland,2008,4.158514487184025,0.056249636040340285,NA,NA,NA,NA,NA
WK170835,Nederland,2012,4.266008072628887,0.16374322148520193,NA,NA,NA,NA,NA
WK170835,Nederland,2014,4.394327164371231,0.2920623132275457,0.14346914050865867,0.16360263633444366,0.13902435100207483,-0.27217193425668557,0.11813811963905364
WK170835,Nederland,2016,4.376018733450545,0.2737538823068599,NA,NA,NA,NA,NA
WK170835,Nederland,2018,4.416849480106156,0.3145846289624709,0.15164469893077637,0.14456867652443464,0.15208329480552019,-0.2700531050198735,0.13634106372161323
WK170835,Nederland,2020,4.4092014280876395,0.30693657694395426,0.12765476474529025,0.132679329556269,0.2042826219064699,-0.268047811464086,0.11036767220001087
WK170835,Nederland,2022,4.435175060307639,0.33291020916395375,0.13280361792760234,0.12960422861584814,0.21601784149092934,-0.269268071689134,0.12375259281870754
WK170836,Baarlo,2002,4.172995700934097,0.07073084979041101,NA,NA,NA,NA,NA
WK170836,Baarlo,2008,4.087536300005595,-0.014728551138090474,NA,NA,NA,NA,NA
WK170836,Baarlo,2012,4.096087947831297,-0.006176903312387861,NA,NA,NA,NA,NA
WK170836,Baarlo,2014,4.077278068160189,-0.024986782983495746,-0.0455545507136247,0.14669386982078814,0.08328310733143057,-0.246207840861455,0.03679863143936502
WK170836,Baarlo,2016,4.028797808738666,-0.07346704240501938,NA,NA,NA,NA,NA
WK170836,Baarlo,2018,4.04897643673273,-0.053288414410955234,-0.02449820764890688,0.09091355046360014,0.0725809586869926,-0.23844481938693798,0.04616010347429674
WK170836,Baarlo,2020,4.062231964397827,-0.04003288674585849,-0.04147205938832302,0.14501818899254684,0.05396816833948635,-0.2433566734653135,0.04580948877574441
WK170836,Baarlo,2022,4.0846485752612844,-0.017616275882400733,-0.05429538739987831,0.14100509459267221,0.0649812959255835,-0.24291522200543922,0.07360794300466077
WK170900,Wijk 00 Zevenbergen,2002,3.970982127980882,-0.1312827231628033,NA,NA,NA,NA,NA
WK170900,Wijk 00 Zevenbergen,2008,4.001217994469667,-0.10104685667401796,NA,NA,NA,NA,NA
WK170900,Wijk 00 Zevenbergen,2012,4.01048198216633,-0.09178286897735552,NA,NA,NA,NA,NA
WK170900,Wijk 00 Zevenbergen,2014,4.035981092930301,-0.06628375821338388,-0.01800547149898296,0.0033391267285652064,0.01336982514284418,-0.07259274531787847,0.007605506732067902
WK170900,Wijk 00 Zevenbergen,2016,4.0750354918675065,-0.027229359276178852,NA,NA,NA,NA,NA
WK170900,Wijk 00 Zevenbergen,2018,4.049489543828462,-0.05277530731522371,-0.013118967207835229,0.011867309131499845,0.008165129137232479,-0.0718268780939737,0.012138099717852659
WK170900,Wijk 00 Zevenbergen,2020,4.059506086364654,-0.04275876477903105,-0.010390616879294474,0.007930441313780798,0.009633383134407342,-0.0641998954278251,0.014267923079900081
WK170900,Wijk 00 Zevenbergen,2022,4.073537249580178,-0.028727601563507173,-0.007454852371161665,0.0208627486389618,0.006900150630154967,-0.06716304127177668,0.01812739281031415
WK170901,Wijk 01 Zevenbergschen Hoek,2002,4.051537140780492,-0.05072771036319392,NA,NA,NA,NA,NA
WK170901,Wijk 01 Zevenbergschen Hoek,2008,4.074674949807826,-0.027589901335859285,NA,NA,NA,NA,NA
WK170901,Wijk 01 Zevenbergschen Hoek,2012,4.074251649226674,-0.028013201917011562,NA,NA,NA,NA,NA
WK170901,Wijk 01 Zevenbergschen Hoek,2014,4.023055111752367,-0.07920973939131849,-0.04604389737207512,0.03322705187059387,0.05151627074477869,-0.16129062934217875,0.043381464707562455
WK170901,Wijk 01 Zevenbergschen Hoek,2016,4.072172452650765,-0.03009239849292021,NA,NA,NA,NA,NA
WK170901,Wijk 01 Zevenbergschen Hoek,2018,4.035985169932657,-0.06627968121102738,-0.04247790334356328,0.044266610143597174,0.050715497066451315,-0.16317672235907268,0.044392837281559815
WK170901,Wijk 01 Zevenbergschen Hoek,2020,4.085582613669169,-0.016682237474515887,-0.04159526377715868,0.08472985366081154,0.053272239384028225,-0.15080603087971173,0.0377169641375145
WK170901,Wijk 01 Zevenbergschen Hoek,2022,4.042962031864805,-0.05930281927887987,-0.03830782839822102,0.049653262486820865,0.04920462734186287,-0.1577320839937194,0.03787920328437659
WK170902,Wijk 02 Langeweg,2002,4.13954710179881,0.03728225065512456,NA,NA,NA,NA,NA
WK170902,Wijk 02 Langeweg,2008,4.0816850537473215,-0.020579797396363713,NA,NA,NA,NA,NA
WK170902,Wijk 02 Langeweg,2012,4.110009735023009,0.007744883879324077,NA,NA,NA,NA,NA
WK170902,Wijk 02 Langeweg,2014,4.022420366829969,-0.07984448431371588,-0.053627028877685445,0.024947040050318628,0.0682812803702866,-0.17554345936615667,0.0560976835095209
WK170902,Wijk 02 Langeweg,2016,4.037348488205851,-0.06491636293783437,NA,NA,NA,NA,NA
WK170902,Wijk 02 Langeweg,2018,4.105255097829096,0.002990246685410586,-0.044900606694054906,0.09794054516436627,0.06811609898473926,-0.16442572491353158,0.04625993414389124
WK170902,Wijk 02 Langeweg,2020,4.122057589489462,0.01979273834577749,-0.04572927197662993,0.10616138383007047,0.06822474338064076,-0.1603543681062857,0.051490251217981606
WK170902,Wijk 02 Langeweg,2022,4.066129058838428,-0.03613579230525711,-0.05737912863184134,0.06440896270064604,0.06954757639517964,-0.174349189276396,0.06163598650715421
WK170903,Wijk 03 Klundert,2002,3.9491701127709464,-0.15309473837273868,NA,NA,NA,NA,NA
WK170903,Wijk 03 Klundert,2008,3.956550926928823,-0.14571392421486215,NA,NA,NA,NA,NA
WK170903,Wijk 03 Klundert,2012,3.9701653166414177,-0.1320995345022677,NA,NA,NA,NA,NA
WK170903,Wijk 03 Klundert,2014,3.996099816406468,-0.1061650347372174,0.0029785041568550987,0.02468371878022742,0.018770470903764547,-0.17154186741571034,0.0189441388376456
WK170903,Wijk 03 Klundert,2016,3.9869580441913564,-0.1153068069523286,NA,NA,NA,NA,NA
WK170903,Wijk 03 Klundert,2018,3.9955428806593822,-0.1067219704843031,-0.00495454071794375,0.026460787782847262,0.016706502046553915,-0.17017347155495616,0.025238751959195324
WK170903,Wijk 03 Klundert,2020,3.997003576933622,-0.10526127421006361,1.7561043860992722e-5,0.009732937067283646,0.013123220056235918,-0.15246795251803508,0.024332960140590637
WK170903,Wijk 03 Klundert,2022,3.988278362482248,-0.11398648866143693,-0.008718435581453387,0.02556242621691418,0.008831539670668161,-0.1677403269346153,0.02807830796704915
WK170904,Wijk 04 Moerdijk,2002,4.0227057964001425,-0.07955905474354281,NA,NA,NA,NA,NA
WK170904,Wijk 04 Moerdijk,2008,4.013150797619396,-0.08911405352428985,NA,NA,NA,NA,NA
WK170904,Wijk 04 Moerdijk,2012,4.052556800639141,-0.049708050504544056,NA,NA,NA,NA,NA
WK170904,Wijk 04 Moerdijk,2014,4.004115084990707,-0.09814976615297878,0.002671831027664336,0.029765335067890683,0.031114298351780256,-0.1544351225313375,-0.007266108068976811
WK170904,Wijk 04 Moerdijk,2016,4.091529450773407,-0.01073540037027876,NA,NA,NA,NA,NA
WK170904,Wijk 04 Moerdijk,2018,4.075509196950385,-0.02675565419330057,0.004271767416346404,0.06312403114397212,0.025188928565907397,-0.15077740381527585,0.03143702249574902
WK170904,Wijk 04 Moerdijk,2020,4.075655685220107,-0.026609165923579228,0.004165629836426372,0.05940212910317943,0.03675490463582035,-0.15018657009494887,0.023254740595943207
WK170904,Wijk 04 Moerdijk,2022,4.077640690637269,-0.024624160506415967,-0.001624853062841359,0.05594087629514976,0.038691230121804344,-0.14764604399766376,0.03001463013713471
WK170905,Wijk 05 Noordhoek,2002,4.032892815536341,-0.06937203560734392,NA,NA,NA,NA,NA
WK170905,Wijk 05 Noordhoek,2008,4.063708370334356,-0.03855648080932869,NA,NA,NA,NA,NA
WK170905,Wijk 05 Noordhoek,2012,4.118479516921931,0.016214665778245055,NA,NA,NA,NA,NA
WK170905,Wijk 05 Noordhoek,2014,4.090649957015526,-0.011614894128158937,-0.016800936537288976,0.06378252714682552,0.08885772456888814,-0.19384174767576265,0.046387538369178846
WK170905,Wijk 05 Noordhoek,2016,4.11622285426205,0.013958003118365222,NA,NA,NA,NA,NA
WK170905,Wijk 05 Noordhoek,2018,4.087674552615001,-0.014590298528684898,-0.014099115497685945,0.0574311856502842,0.08078719288165064,-0.1867694849297511,0.04805992336681704
WK170905,Wijk 05 Noordhoek,2020,4.070255782299815,-0.032009068843870614,-0.012574252579510451,0.03614865914411463,0.0743032022072517,-0.17812774168510714,0.0482410640693804
WK170905,Wijk 05 Noordhoek,2022,4.070916814496366,-0.03134803664731928,-0.014505746473969695,0.04066009676983474,0.06969845814350757,-0.1849624590545288,0.05776161396783667
WK170906,Wijk 06 Standdaarbuiten,2002,4.062259512035127,-0.04000533910855762,NA,NA,NA,NA,NA
WK170906,Wijk 06 Standdaarbuiten,2008,4.03770194192184,-0.06456290922184466,NA,NA,NA,NA,NA
WK170906,Wijk 06 Standdaarbuiten,2012,4.0657151343721845,-0.0365497167715006,NA,NA,NA,NA,NA
WK170906,Wijk 06 Standdaarbuiten,2014,4.026673860102748,-0.07559099104093682,-0.022757549087017288,0.028757195991230312,0.05453071776234751,-0.15445393229961324,0.018332576592115655
WK170906,Wijk 06 Standdaarbuiten,2016,4.051816967200941,-0.050447883942744215,NA,NA,NA,NA,NA
WK170906,Wijk 06 Standdaarbuiten,2018,4.055319524682224,-0.04694532646146125,-0.020478725187653327,0.04017078860164411,0.050152530583323585,-0.15184071791729636,0.035050797458520466
WK170906,Wijk 06 Standdaarbuiten,2020,4.044909190002122,-0.0573556611415628,-0.0182134033923028,0.028632164572220647,0.04679804125915325,-0.1483279800875058,0.03375551650687154
WK170906,Wijk 06 Standdaarbuiten,2022,4.04431671114181,-0.05794814000187513,-0.017897117523264894,0.022658634413468534,0.04293092335397512,-0.1473924311928624,0.04175185094680822
WK170907,Wijk 07 Fijnaart,2002,3.9963287946591035,-0.10593605648458174,NA,NA,NA,NA,NA
WK170907,Wijk 07 Fijnaart,2008,4.003885496102816,-0.09837935504086925,NA,NA,NA,NA,NA
WK170907,Wijk 07 Fijnaart,2012,4.006331992652693,-0.09593285849099237,NA,NA,NA,NA,NA
WK170907,Wijk 07 Fijnaart,2014,4.013008436881868,-0.08925641426181818,0.0015793722343779085,0.0313292328296598,0.03309857541859125,-0.18490526393542425,0.029641669190976817
WK170907,Wijk 07 Fijnaart,2016,4.013573024042115,-0.08869182710157025,NA,NA,NA,NA,NA
WK170907,Wijk 07 Fijnaart,2018,4.0216579497806615,-0.08060690136302398,0.005775468269188645,0.036601552124715095,0.035088261796287275,-0.18737548334531298,0.02930329979209768
WK170907,Wijk 07 Fijnaart,2020,4.016469150762123,-0.08579570038156234,0.004817796357774497,0.013869097738730778,0.03377184498436533,-0.17390462912154345,0.035650189659110196
WK170907,Wijk 07 Fijnaart,2022,4.021210804920207,-0.081054046223478,0.010082442409912771,0.02769974553806944,0.03270933572828639,-0.18777421640649733,0.036228646506750443
WK170908,Wijk 08 Heijningen,2002,4.0813012771777055,-0.020963573965979622,NA,NA,NA,NA,NA
WK170908,Wijk 08 Heijningen,2008,4.054728525589392,-0.047536325554292554,NA,NA,NA,NA,NA
WK170908,Wijk 08 Heijningen,2012,4.079707452194252,-0.022557398949433576,NA,NA,NA,NA,NA
WK170908,Wijk 08 Heijningen,2014,4.062965096393167,-0.03929975475051799,-0.040702116193855546,0.049461938778904105,0.10156315360176506,-0.2036649268593455,0.054042195922013606
WK170908,Wijk 08 Heijningen,2016,4.103949276768451,0.0016844256247654248,NA,NA,NA,NA,NA
WK170908,Wijk 08 Heijningen,2018,4.059896770022475,-0.04236808112120967,-0.040553762982231796,0.04995481867783874,0.0882645696689182,-0.2041536063660747,0.06411989988033964
WK170908,Wijk 08 Heijningen,2020,4.0756123758589,-0.026652475284785027,-0.04039493431195731,0.05821533512418294,0.08958669050741402,-0.19792570263901185,0.06386613603458692
WK170908,Wijk 08 Heijningen,2022,4.069546960829321,-0.03271789031436428,-0.04536629507128122,0.06405810197383313,0.08644788208637931,-0.20510452390026684,0.06724694459697107
WK170909,Wijk 09 Willemstad,2002,4.057146621122296,-0.04511823002138869,NA,NA,NA,NA,NA
WK170909,Wijk 09 Willemstad,2008,4.04723295404735,-0.05503189709633483,NA,NA,NA,NA,NA
WK170909,Wijk 09 Willemstad,2012,4.0561887796573375,-0.04607607148634807,NA,NA,NA,NA,NA
WK170909,Wijk 09 Willemstad,2014,4.094202003825605,-0.008062847318080813,0.022358235525501053,0.056652712920091934,0.047157793343636616,-0.1773426826064926,0.04311109349918197
WK170909,Wijk 09 Willemstad,2016,4.136164565996532,0.0338997148528471,NA,NA,NA,NA,NA
WK170909,Wijk 09 Willemstad,2018,4.086251034310559,-0.016013816833126342,0.01530936892042402,0.06176915788787963,0.041890929407698944,-0.18001532323789438,0.04503205018876515
WK170909,Wijk 09 Willemstad,2020,4.070086836071308,-0.03217801507237686,0.01569285799672456,0.05173149054453975,0.04146034150439717,-0.18007564543101776,0.03901294031297919
WK170909,Wijk 09 Willemstad,2022,4.071181464022425,-0.031083387121260353,0.021433753856500187,0.047116863212591106,0.040387727755781325,-0.1849517061013499,0.04492997415521662
WK170910,Wijk 10 Helwijk,2002,3.89456052240851,-0.20770432873517516,NA,NA,NA,NA,NA
WK170910,Wijk 10 Helwijk,2008,3.8945358621687487,-0.20772898897493633,NA,NA,NA,NA,NA
WK170910,Wijk 10 Helwijk,2012,3.909649922467471,-0.19261492867621463,NA,NA,NA,NA,NA
WK170910,Wijk 10 Helwijk,2014,3.9464873599348538,-0.15577749120883116,-0.008001798357779697,0.025309854153573747,0.024682839494438683,-0.2240953057617473,0.02632691926268312
WK170910,Wijk 10 Helwijk,2016,3.935887292550238,-0.16637755859344724,NA,NA,NA,NA,NA
WK170910,Wijk 10 Helwijk,2018,3.9648673647493267,-0.13739748639435873,-0.007522448007213626,0.04697767639903195,0.02142193651691425,-0.22759959831821297,0.029324947015121398
WK170910,Wijk 10 Helwijk,2020,3.938508339798079,-0.16375651134560595,-0.006706717412291426,0.021787807720627623,0.02749319885185282,-0.22896757525337696,0.022636774747581707
WK170910,Wijk 10 Helwijk,2022,3.9181989315421535,-0.18406591960153176,0.0017773267200532912,-0.0012659541654325523,0.024766386115229373,-0.23523771748618968,0.025894039214807502
WK171101,Wijk 01 Susteren,2002,3.9976227077067548,-0.10464214343693058,NA,NA,NA,NA,NA
WK171101,Wijk 01 Susteren,2008,4.002462463540406,-0.09980238760327982,NA,NA,NA,NA,NA
WK171101,Wijk 01 Susteren,2012,4.024958783249427,-0.07730606789425826,NA,NA,NA,NA,NA
WK171101,Wijk 01 Susteren,2014,4.027148790930256,-0.0751160602134293,-0.024124661045170293,0.012916143399655269,0.02454351419691206,-0.10994644986100562,0.021495393096179007
WK171101,Wijk 01 Susteren,2016,4.063400624239121,-0.038864226904563696,NA,NA,NA,NA,NA
WK171101,Wijk 01 Susteren,2018,4.07652836930658,-0.025736481837105894,-0.01240064206233687,0.03487086094851899,0.023117874302791323,-0.10272875587334197,0.03140418084726229
WK171101,Wijk 01 Susteren,2020,4.087288118368116,-0.014976732775569409,-0.004111999748959053,0.026905246114988377,0.0244200879085345,-0.08751549140375064,0.025325424353617138
WK171101,Wijk 01 Susteren,2022,4.09064359657749,-0.011621254566195637,-0.002858493300924079,0.03697151285319016,0.023215743586015188,-0.10641871645007672,0.03746869874559955
WK171102,Wijk 02 Dieteren,2002,4.072122368548859,-0.03014248259482612,NA,NA,NA,NA,NA
WK171102,Wijk 02 Dieteren,2008,4.082451989393605,-0.01981286175007998,NA,NA,NA,NA,NA
WK171102,Wijk 02 Dieteren,2012,4.083706773683012,-0.018558077460672857,NA,NA,NA,NA,NA
WK171102,Wijk 02 Dieteren,2014,4.076004269154875,-0.026260581988810226,-0.07924406813432304,0.05402598527906952,0.06546321118722417,-0.11950125556157755,0.052995545240796284
WK171102,Wijk 02 Dieteren,2016,4.115193589446401,0.012928738302715698,NA,NA,NA,NA,NA
WK171102,Wijk 02 Dieteren,2018,4.109967936358935,0.007703085215249692,-0.06107376830569596,0.06587591892584177,0.05808432248317642,-0.10924095067271306,0.05405756278464031
WK171102,Wijk 02 Dieteren,2020,4.120686977989353,0.018422126845666947,-0.05643233610624151,0.0648825489571264,0.05624706274268203,-0.10648114488823196,0.06020599614033183
WK171102,Wijk 02 Dieteren,2022,4.118651672226006,0.016386821082320726,-0.05277717887593517,0.06626492051252719,0.05347383986349148,-0.11952913098155218,0.06895437056378907
WK171103,Wijk 03 Heide,2002,4.101909160588393,-3.556905552921253e-4,NA,NA,NA,NA,NA
WK171103,Wijk 03 Heide,2008,4.103076820738763,8.119695950781348e-4,NA,NA,NA,NA,NA
WK171103,Wijk 03 Heide,2012,4.130220943878467,0.027956092734782136,NA,NA,NA,NA,NA
WK171103,Wijk 03 Heide,2014,4.13009823071734,0.02783337957365385,-0.02395282570304596,0.07112708335931214,0.07194024010486733,-0.12583586820808634,0.03455475002060648
WK171103,Wijk 03 Heide,2016,4.188133786626329,0.08586893548264381,NA,NA,NA,NA,NA
WK171103,Wijk 03 Heide,2018,4.163351439185852,0.06108658804216601,2.1789679136475292e-4,0.0751104717931898,0.07170136786196771,-0.12096073956597742,0.035017591161620884
WK171103,Wijk 03 Heide,2020,4.192353769411321,0.09008891826763647,0.007009422625210012,0.07293271628036,0.07408968470782111,-0.10978836551223822,0.04584546016648341
WK171103,Wijk 03 Heide,2022,4.216219256061428,0.1139544049177426,0.006764647330317772,0.10038238223844136,0.07465549391660443,-0.12428157240952087,0.05643345384189959
WK171104,Wijk 04 Roosteren,2002,4.077424355168371,-0.024840495975314486,NA,NA,NA,NA,NA
WK171104,Wijk 04 Roosteren,2008,4.076192454049982,-0.02607239709370338,NA,NA,NA,NA,NA
WK171104,Wijk 04 Roosteren,2012,4.070410168995266,-0.03185468214841951,NA,NA,NA,NA,NA
WK171104,Wijk 04 Roosteren,2014,4.0942972131115365,-0.007967638032148505,-0.05176878380235167,0.03804924711800979,0.05374629481785774,-0.09790883629526236,0.0499144401295977
WK171104,Wijk 04 Roosteren,2016,4.086561407142615,-0.01570344400106937,NA,NA,NA,NA,NA
WK171104,Wijk 04 Roosteren,2018,4.125750033914272,0.023485182770586827,-0.03977229193261082,0.0602979985641757,0.05436590407902013,-0.10140198996920521,0.049995562029206755
WK171104,Wijk 04 Roosteren,2020,4.123493056061163,0.021228204917477702,-0.03148625388870311,0.05759662648516453,0.059832938666217514,-0.10156441821306529,0.03684931186786373
WK171104,Wijk 04 Roosteren,2022,4.1529804409228035,0.0507155897791182,-0.02588100055988629,0.07511067142743726,0.0551621081985719,-0.11562511232002311,0.061948923033018244
WK171105,Wijk 05 Echt,2002,4.0160184018152965,-0.08624644932838892,NA,NA,NA,NA,NA
WK171105,Wijk 05 Echt,2008,4.008993727144691,-0.09327112399899418,NA,NA,NA,NA,NA
WK171105,Wijk 05 Echt,2012,4.0709216843076605,-0.031343166836025046,NA,NA,NA,NA,NA
WK171105,Wijk 05 Echt,2014,4.094965148259446,-0.007299702884239176,-0.021796105995822525,0.0016385679610675073,0.015985077067048874,-0.03207451686960349,0.02894727495307018
WK171105,Wijk 05 Echt,2016,4.140433295876021,0.038168444732336236,NA,NA,NA,NA,NA
WK171105,Wijk 05 Echt,2018,4.139875747064987,0.03761089592130114,-0.01797058701298758,0.020781968989052036,0.01388114877687761,-0.01619218496951026,0.03711055013786903
WK171105,Wijk 05 Echt,2020,4.165749372896071,0.06348452175238593,-0.008826362515743999,0.027909048692288378,0.013183020249473851,-0.003985346786650104,0.03520416211301752
WK171105,Wijk 05 Echt,2022,4.141541417805331,0.03927656666164592,-0.009774376196266268,0.0112647320533378,0.00912618787248926,-0.01175927894206188,0.040419301874146725
WK171106,Wijk 06 Maria Hoop,2002,4.164290192188491,0.062025341044806136,NA,NA,NA,NA,NA
WK171106,Wijk 06 Maria Hoop,2008,4.143683336014513,0.04141848487082787,NA,NA,NA,NA,NA
WK171106,Wijk 06 Maria Hoop,2012,4.161619887444528,0.05935503630084164,NA,NA,NA,NA,NA
WK171106,Wijk 06 Maria Hoop,2014,4.150296389751034,0.04803153860734882,0.0018424312606605806,0.08255743080175068,0.11998582513273917,-0.22000578715194924,0.06365163856414742
WK171106,Wijk 06 Maria Hoop,2016,4.1978462522397075,0.0955814010960218,NA,NA,NA,NA,NA
WK171106,Wijk 06 Maria Hoop,2018,4.194622982513952,0.09235813137026712,0.019199614789926673,0.1256519970735474,0.09775965219075522,-0.21494341919217752,0.06469028650821505
WK171106,Wijk 06 Maria Hoop,2020,4.208394434945744,0.1061295838020584,0.031002586123876727,0.12167932969393334,0.09412193209327252,-0.21108764397143986,0.07041337986241535
WK171106,Wijk 06 Maria Hoop,2022,4.212925623132054,0.11066077198836904,0.036076936362691,0.12126283051460347,0.08976892518466156,-0.21383479360300992,0.07738687352942256
WK171107,Wijk 07 Peij,2002,4.036197396895208,-0.0660674542484769,NA,NA,NA,NA,NA
WK171107,Wijk 07 Peij,2008,4.013255504400749,-0.08900934674293651,NA,NA,NA,NA,NA
WK171107,Wijk 07 Peij,2012,4.092958126435086,-0.009306724708599468,NA,NA,NA,NA,NA
WK171107,Wijk 07 Peij,2014,4.11170988613705,0.009445034993365338,-0.03180615495274382,0.037760375356884555,0.029910981444992466,-0.054202381726327034,0.0277822148705589
WK171107,Wijk 07 Peij,2016,4.159691752460694,0.057426901317009414,NA,NA,NA,NA,NA
WK171107,Wijk 07 Peij,2018,4.148361577742643,0.04609672659895721,-0.01833227853518683,0.053428913447470444,0.03227439999736613,-0.049439814809147206,0.028165506498454392
WK171107,Wijk 07 Peij,2020,4.1672779767873225,0.06501312564363712,-0.010852278840288896,0.05994110164583994,0.029418227906197823,-0.04553881590355139,0.03204489083543932
WK171107,Wijk 07 Peij,2022,4.153011076222097,0.05074622507841191,-0.0042567029128796775,0.04408805142499544,0.025779516932467463,-0.04998071699056231,0.03511607662439069
WK171108,Wijk 08 Slek,2002,4.086978830120168,-0.015286021023516632,NA,NA,NA,NA,NA
WK171108,Wijk 08 Slek,2008,4.081987100398798,-0.02027775074488751,NA,NA,NA,NA,NA
WK171108,Wijk 08 Slek,2012,4.147546811641434,0.045281960497749,NA,NA,NA,NA,NA
WK171108,Wijk 08 Slek,2014,4.172879343401333,0.0706144922576483,-0.03849741895517879,0.08196774955611755,0.07270822630838465,-0.08783229406633972,0.042268229414664356
WK171108,Wijk 08 Slek,2016,4.1725257842889745,0.07026093314528943,NA,NA,NA,NA,NA
WK171108,Wijk 08 Slek,2018,4.211204366721714,0.10893951557802826,-0.01631624773635927,0.09091275554254429,0.07145993984881356,-0.08228070665007771,0.045163774573107156
WK171108,Wijk 08 Slek,2020,4.217565121961602,0.11530027081791693,-0.01425205364128694,0.10117601840831976,0.058109944781451664,-0.07427080192389905,0.044537163193331314
WK171108,Wijk 08 Slek,2022,4.200635027408992,0.09837017626530664,-0.005039264610455646,0.08268009347550864,0.055229470103370495,-0.08415471075630364,0.049654588053186524
WK171109,Wijk 09 Nieuwstadt,2002,4.088660259966758,-0.013604591176926308,NA,NA,NA,NA,NA
WK171109,Wijk 09 Nieuwstadt,2008,4.08286336445219,-0.01940148669149525,NA,NA,NA,NA,NA
WK171109,Wijk 09 Nieuwstadt,2012,4.095611701520104,-0.006653149623580383,NA,NA,NA,NA,NA
WK171109,Wijk 09 Nieuwstadt,2014,4.093394871975422,-0.008869979168264092,-0.02461352255486814,0.034695974704779906,0.05279769674390966,-0.09932953431271742,0.02757940625063165
WK171109,Wijk 09 Nieuwstadt,2016,4.121890359061173,0.019625507917488235,NA,NA,NA,NA,NA
WK171109,Wijk 09 Nieuwstadt,2018,4.1316476530601065,0.029382801916421324,-0.01414262829967974,0.046365516444840625,0.04789869510295889,-0.08987498961874921,0.03913620828705053
WK171109,Wijk 09 Nieuwstadt,2020,4.165996085470285,0.0637312343265994,-6.972924470376563e-4,0.059517642953553766,0.04958605992952256,-0.08393479716669956,0.03925962105725997
WK171109,Wijk 09 Nieuwstadt,2022,4.181250926941699,0.07898607579801366,0.0011639417238180556,0.06650648144990591,0.0478845938713362,-0.08055783847613283,0.04398889722908604
WK171110,Wijk 10 Sint Joost,2002,4.076313178522372,-0.02595167262131329,NA,NA,NA,NA,NA
WK171110,Wijk 10 Sint Joost,2008,4.084247408129076,-0.01801744301460903,NA,NA,NA,NA,NA
WK171110,Wijk 10 Sint Joost,2012,4.118609011168919,0.016344160025234394,NA,NA,NA,NA,NA
WK171110,Wijk 10 Sint Joost,2014,4.1691754385388,0.06691058739511478,-0.028787356814894773,0.08644940918758857,0.07519617972193576,-0.11582215034873332,0.049874505649218144
WK171110,Wijk 10 Sint Joost,2016,4.214238568220402,0.111973717076717,NA,NA,NA,NA,NA
WK171110,Wijk 10 Sint Joost,2018,4.191803499342907,0.08953864819922183,-0.015704027080966,0.08990131794456754,0.0677970261644025,-0.1052192306980308,0.05276356186924826
WK171110,Wijk 10 Sint Joost,2020,4.227000965326744,0.12473611418305862,-0.010015650274937163,0.10484396927264018,0.06253669950386785,-0.08612737923571306,0.053498474917200604
WK171110,Wijk 10 Sint Joost,2022,4.2026055089009136,0.10034065775722803,-0.009195584443110324,0.08988029975270594,0.056837765940141775,-0.09874052744458715,0.061558703952077534
WK171111,Wijk 11 Koningsbosch,2002,3.989743699469938,-0.11252115167374775,NA,NA,NA,NA,NA
WK171111,Wijk 11 Koningsbosch,2008,3.9756005274041772,-0.12666432373950803,NA,NA,NA,NA,NA
WK171111,Wijk 11 Koningsbosch,2012,4.0503403091379715,-0.05192454200571371,NA,NA,NA,NA,NA
WK171111,Wijk 11 Koningsbosch,2014,4.064831810988455,-0.03743304015523063,-0.042892561091961746,0.07658048781478122,0.0839865807509685,-0.21152196203413848,0.05641441440511964
WK171111,Wijk 11 Koningsbosch,2016,4.074631151981641,-0.02763369916204493,NA,NA,NA,NA,NA
WK171111,Wijk 11 Koningsbosch,2018,4.087808157391864,-0.014456693751821544,-0.02174411364506965,0.08791129193223025,0.07694514142026979,-0.2144923553763429,0.05692334191709065
WK171111,Wijk 11 Koningsbosch,2020,4.096251619668927,-0.006013231474757676,-0.017394057994773893,0.08766194128048577,0.06870797709118416,-0.2078414221741269,0.06285233032247287
WK171111,Wijk 11 Koningsbosch,2022,4.079949187675411,-0.022315663468273992,-0.03759213184114256,0.08725074772316899,0.06708412987430787,-0.21403043892695878,0.07497202970235017
WK171400,Wijk 00 Sluis,2002,4.13625665512168,0.033991803977994686,NA,NA,NA,NA,NA
WK171400,Wijk 00 Sluis,2008,4.112712074591955,0.010447223448270234,NA,NA,NA,NA,NA
WK171400,Wijk 00 Sluis,2012,4.125395473821729,0.023130622678043004,NA,NA,NA,NA,NA
WK171400,Wijk 00 Sluis,2014,4.107365737996533,0.005100886852847801,0.058947672964555234,0.05186734969966129,0.037818253358495355,-0.15030458912405745,0.006772199954193046
WK171400,Wijk 00 Sluis,2016,4.074047536775354,-0.02821731436833095,NA,NA,NA,NA,NA
WK171400,Wijk 00 Sluis,2018,4.110502404659385,0.008237553515699981,0.06301568888804464,0.04835866948962911,0.043291635282385645,-0.15282984958055884,0.006401409436199153
WK171400,Wijk 00 Sluis,2020,4.116123895732275,0.013859044588589341,0.0663636977911252,0.050297161481954615,0.041700749236366345,-0.147810568210604,0.003308004289746922
WK171400,Wijk 00 Sluis,2022,4.099158470710963,-0.003106380432722111,0.07125601228468495,0.025323419126424676,0.03178258055310693,-0.15131469534965722,0.019846302952718275
WK171401,Wijk 01 Retranchement,2002,4.3060913053607335,0.20382645421704837,NA,NA,NA,NA,NA
WK171401,Wijk 01 Retranchement,2008,4.2950487321456,0.19278388100191465,NA,NA,NA,NA,NA
WK171401,Wijk 01 Retranchement,2012,4.310763725381113,0.2084988742374281,NA,NA,NA,NA,NA
WK171401,Wijk 01 Retranchement,2014,4.162969078364986,0.06070422722130106,0.06314836545713116,0.10378323780586217,0.08891795245501274,-0.23971373000813273,0.04456840151142738
WK171401,Wijk 01 Retranchement,2016,4.146818545738614,0.04455369459492872,NA,NA,NA,NA,NA
WK171401,Wijk 01 Retranchement,2018,4.193030181181851,0.0907653300381656,0.07629588987536416,0.11854172330454682,0.09872259230071319,-0.24483506953861753,0.04204019409615853
WK171401,Wijk 01 Retranchement,2020,4.233200708294712,0.13093585715102687,0.10055776339009712,0.10992160355904723,0.10876270913112905,-0.24295889682814026,0.05465267789889351
WK171401,Wijk 01 Retranchement,2022,4.197470050496188,0.09520519935250271,0.10087352357856434,0.07696861717781593,0.09949735470128188,-0.24062062865487366,0.05848633254971393
WK171402,Wijk 02 Aardenburg,2002,4.122869896236855,0.020605045093169166,NA,NA,NA,NA,NA
WK171402,Wijk 02 Aardenburg,2008,4.116429021483784,0.014164170340098611,NA,NA,NA,NA,NA
WK171402,Wijk 02 Aardenburg,2012,4.1375167452426895,0.03525189409900417,NA,NA,NA,NA,NA
WK171402,Wijk 02 Aardenburg,2014,4.088852921660761,-0.013411929482924278,0.02183252718332172,0.06901329143565446,0.06215411158750381,-0.20455312708161433,0.038141267392209764
WK171402,Wijk 02 Aardenburg,2016,4.081024563193921,-0.021240287949763695,NA,NA,NA,NA,NA
WK171402,Wijk 02 Aardenburg,2018,4.142374503820487,0.040109652676802124,0.03838171968129237,0.08799813452889084,0.06523722618656604,-0.1957734792960115,0.04426605157606411
WK171402,Wijk 02 Aardenburg,2020,4.151405616035689,0.049140764892004175,0.03984593670661483,0.09568779322605034,0.06274715767994364,-0.195294506762929,0.04615438404232415
WK171402,Wijk 02 Aardenburg,2022,4.103094172970906,8.293218272201247e-4,0.051013068125080434,0.06066373055571405,0.05312194469370031,-0.19650197832774297,0.032532556780468
WK171403,Wijk 03 Eede,2002,4.102123571005406,-1.4128013827856143e-4,NA,NA,NA,NA,NA
WK171403,Wijk 03 Eede,2008,4.062942637353934,-0.03932221378975166,NA,NA,NA,NA,NA
WK171403,Wijk 03 Eede,2012,4.086120673729154,-0.016144177414530978,NA,NA,NA,NA,NA
WK171403,Wijk 03 Eede,2014,4.054788017500757,-0.04747683364292879,-4.304792489774122e-4,0.08280978003535994,0.08270154169927593,-0.2678849116791014,0.055327235550513915
WK171403,Wijk 03 Eede,2016,4.062291429859598,-0.03997342128408731,NA,NA,NA,NA,NA
WK171403,Wijk 03 Eede,2018,4.10118642582571,-0.0010784253179751656,0.0170756901808231,0.10903138419053382,0.08592381887052973,-0.266660993184365,0.05355167462450285
WK171403,Wijk 03 Eede,2020,4.084652372548712,-0.017612478594973214,0.009425649293107952,0.11017197132008096,0.07568482710378827,-0.26595833042293454,0.053063404110983974
WK171403,Wijk 03 Eede,2022,4.07191173949738,-0.0303531116463053,0.022550184709124243,0.09758288044456975,0.06824300739392805,-0.26961009045158896,0.0508809062576613
WK171404,Wijk 04 Sint Kruis,2002,4.148148077291077,0.04588322614739169,NA,NA,NA,NA,NA
WK171404,Wijk 04 Sint Kruis,2008,4.190584379388216,0.08831952824453075,NA,NA,NA,NA,NA
WK171404,Wijk 04 Sint Kruis,2012,4.169848723640483,0.06758387249679766,NA,NA,NA,NA,NA
WK171404,Wijk 04 Sint Kruis,2014,4.0992521492254745,-0.0030127019182104647,0.0013080307656682724,0.10426539585367914,0.1245434954363284,-0.2917066372141725,0.05857701324028583
WK171404,Wijk 04 Sint Kruis,2016,4.107197069503887,0.004932218360201707,NA,NA,NA,NA,NA
WK171404,Wijk 04 Sint Kruis,2018,4.15598965894127,0.05372480779758493,0.016857186935809745,0.13826826239853635,0.11761997873481024,-0.27578542436297937,0.05676480409140764
WK171404,Wijk 04 Sint Kruis,2020,4.1650295210991235,0.06276466995543842,0.012980482756987584,0.13853423877909254,0.1300731780706251,-0.2748113586312453,0.055988128979978354
WK171404,Wijk 04 Sint Kruis,2022,4.125463842730529,0.023198991586843326,0.023154175908211207,0.09582923690063795,0.11743502915960374,-0.27538753356263596,0.062168083181026096
WK171405,Wijk 05 Oostburg,2002,4.168197962114977,0.06593311097129215,NA,NA,NA,NA,NA
WK171405,Wijk 05 Oostburg,2008,4.0960588568152625,-0.006205994328422841,NA,NA,NA,NA,NA
WK171405,Wijk 05 Oostburg,2012,4.132118183006786,0.029853331863100324,NA,NA,NA,NA,NA
WK171405,Wijk 05 Oostburg,2014,4.104210922002147,0.0019460708584620426,0.0421707185803561,0.03800856947948243,0.027340614813092662,-0.1260945251165472,0.020520693102077766
WK171405,Wijk 05 Oostburg,2016,4.082504777542875,-0.01976007360081026,NA,NA,NA,NA,NA
WK171405,Wijk 05 Oostburg,2018,4.1312239441211345,0.028959092977448603,0.05022080955666755,0.05127500063879983,0.03117116784246937,-0.13238240178661403,0.02867451672612561
WK171405,Wijk 05 Oostburg,2020,4.124299697386011,0.022034846242325584,0.052965949719604,0.054276169840892764,0.027477347782126862,-0.12699185720875897,0.014307236108460665
WK171405,Wijk 05 Oostburg,2022,4.125532045576762,0.023267194433076205,0.047703941166009206,0.05950487667643033,0.023877983030259214,-0.13007470697206885,0.02225510053244606
WK171406,Wijk 06 Zuidzande,2002,4.225126842193486,0.12286199104980117,NA,NA,NA,NA,NA
WK171406,Wijk 06 Zuidzande,2008,4.136868821874317,0.03460397073063216,NA,NA,NA,NA,NA
WK171406,Wijk 06 Zuidzande,2012,4.183893705082695,0.08162885393900993,NA,NA,NA,NA,NA
WK171406,Wijk 06 Zuidzande,2014,4.160624839183021,0.058359988039335786,0.01095695637811131,0.12246432484287831,0.06312711173111825,-0.20247576632675318,0.06428736141398078
WK171406,Wijk 06 Zuidzande,2016,4.10778714822648,0.005522297082794989,NA,NA,NA,NA,NA
WK171406,Wijk 06 Zuidzande,2018,4.181992079706722,0.07972722856303714,0.022362263553447916,0.12199387999982671,0.07120646511939774,-0.1995326153120566,0.06369723520242113
WK171406,Wijk 06 Zuidzande,2020,4.172669399714794,0.07040454857110846,0.021864682447131745,0.11667950173620456,0.06973055748348701,-0.19864815573444913,0.06077796263873393
WK171406,Wijk 06 Zuidzande,2022,4.168818084528871,0.06655323338518634,0.024322621056828427,0.11317455159957972,0.07116965059659631,-0.20377677379000286,0.06166318392218457
WK171407,Wijk 07 Cadzand,2002,4.322020052160609,0.21975520101692425,NA,NA,NA,NA,NA
WK171407,Wijk 07 Cadzand,2008,4.327285843439682,0.22502099229599706,NA,NA,NA,NA,NA
WK171407,Wijk 07 Cadzand,2012,4.310354396359906,0.2080895452162208,NA,NA,NA,NA,NA
WK171407,Wijk 07 Cadzand,2014,4.281090615651473,0.1788257645077873,0.15911481552849607,0.11415554082468979,0.08350756725440936,-0.2038539633533574,0.02590180425354915
WK171407,Wijk 07 Cadzand,2016,4.236685737330508,0.13442088618682246,NA,NA,NA,NA,NA
WK171407,Wijk 07 Cadzand,2018,4.2769268209709335,0.17466196982724852,0.17915565752132848,0.09167930691636236,0.08326526257514408,-0.20482978551823144,0.025391528332644808
WK171407,Wijk 07 Cadzand,2020,4.305251317638032,0.2029864664943462,0.19906716389227502,0.11784679741935203,0.07041654751397092,-0.2113505228380388,0.027006480506786626
WK171407,Wijk 07 Cadzand,2022,4.248248385186721,0.14598353404303546,0.1989192153606618,0.0729842792498201,0.05491130457511244,-0.21536200846681133,0.03453074332425209
WK171408,Wijk 08 Nieuwvliet,2002,4.357384955865492,0.25512010472180696,NA,NA,NA,NA,NA
WK171408,Wijk 08 Nieuwvliet,2008,4.3996841617688505,0.29741931062516586,NA,NA,NA,NA,NA
WK171408,Wijk 08 Nieuwvliet,2012,4.417748430968267,0.3154835798245815,NA,NA,NA,NA,NA
WK171408,Wijk 08 Nieuwvliet,2014,4.281987621849398,0.17972277070571271,0.05935554531455204,0.14144057359257844,0.1149167953584155,-0.21299927464199908,0.0770091310821655
WK171408,Wijk 08 Nieuwvliet,2016,4.235391966413055,0.13312711526936952,NA,NA,NA,NA,NA
WK171408,Wijk 08 Nieuwvliet,2018,4.265877537975339,0.1636126868316533,0.059109092486384095,0.1386787299941688,0.10890926360546174,-0.214843516626839,0.07175911737247742
WK171408,Wijk 08 Nieuwvliet,2020,4.2586950261278265,0.1564301749841407,0.06230627225583574,0.15060310350742087,0.08889339684710425,-0.21199949886581673,0.06662690123959623
WK171408,Wijk 08 Nieuwvliet,2022,4.25216380057465,0.1498989494309644,0.06962856331266644,0.1414626628913421,0.08572906756016506,-0.22412507637654283,0.07720373204333342
WK171409,Wijk 09 Groede,2002,4.269437383931906,0.16717253278822006,NA,NA,NA,NA,NA
WK171409,Wijk 09 Groede,2008,4.263526982001852,0.16126213085816674,NA,NA,NA,NA,NA
WK171409,Wijk 09 Groede,2012,4.313246617555269,0.2109817664115835,NA,NA,NA,NA,NA
WK171409,Wijk 09 Groede,2014,4.191513177321875,0.08924832617818983,0.030956929995820007,0.11676586425371441,0.07736156751728913,-0.21202973132972097,0.07619369574108695
WK171409,Wijk 09 Groede,2016,4.149178249171023,0.046913398027338404,NA,NA,NA,NA,NA
WK171409,Wijk 09 Groede,2018,4.184847804999647,0.08258295385596161,0.037674347111876075,0.10203703723086834,0.08146247011773208,-0.2147080948014972,0.07611719419698201
WK171409,Wijk 09 Groede,2020,4.186870726288675,0.08460587514498964,0.0392219247833888,0.08647180812547449,0.07965257256957374,-0.2018626648125007,0.08112223447905306
WK171409,Wijk 09 Groede,2022,4.1574693981725535,0.0552045470288685,0.036224033647094624,0.08911193987697708,0.07483776503566762,-0.23089741521078558,0.0859282236799145
WK171410,Wijk 10 Breskens,2002,4.207164115505153,0.10489926436146803,NA,NA,NA,NA,NA
WK171410,Wijk 10 Breskens,2008,4.221894580501848,0.11962972935816306,NA,NA,NA,NA,NA
WK171410,Wijk 10 Breskens,2012,4.227552559186306,0.12528770804262082,NA,NA,NA,NA,NA
WK171410,Wijk 10 Breskens,2014,4.188993538296391,0.08672868715270605,0.13577519690394296,0.07904919561137455,0.046451788285085616,-0.1914335680619087,0.016886074414211343
WK171410,Wijk 10 Breskens,2016,4.160310745305475,0.05804589416178974,NA,NA,NA,NA,NA
WK171410,Wijk 10 Breskens,2018,4.18383255981451,0.08156770867082536,0.1318649221506811,0.09517536903337417,0.0373853319179642,-0.20132233468724867,0.01846442025605429
WK171410,Wijk 10 Breskens,2020,4.171911616780972,0.06964676563728622,0.14153492339433144,0.06957623283099984,0.036312561280744546,-0.19247416028511563,0.014697208416325729
WK171410,Wijk 10 Breskens,2022,4.198830056781411,0.09656520563772532,0.13919296028915024,0.08821271708685934,0.03169226304818555,-0.18516269884820813,0.022629964061738055
WK171411,Wijk 11 Hoofdplaat,2002,4.151072167957244,0.04880731681355894,NA,NA,NA,NA,NA
WK171411,Wijk 11 Hoofdplaat,2008,4.197393506151916,0.09512865500823045,NA,NA,NA,NA,NA
WK171411,Wijk 11 Hoofdplaat,2012,4.194932958887668,0.09266810774398239,NA,NA,NA,NA,NA
WK171411,Wijk 11 Hoofdplaat,2014,4.160584465269484,0.05831961412579934,0.037334943665160165,0.1323239102581663,0.080724792137433,-0.2573216060430836,0.06525757410812308
WK171411,Wijk 11 Hoofdplaat,2016,4.142914750161233,0.04064989901754766,NA,NA,NA,NA,NA
WK171411,Wijk 11 Hoofdplaat,2018,4.136299948898251,0.03403509775456532,0.039633341309681325,0.11559062316109661,0.07575453823382923,-0.26138717704398656,0.06444377209394445
WK171411,Wijk 11 Hoofdplaat,2020,4.120103907069228,0.017839055925542413,0.03643737730908731,0.10551756513617516,0.0741590021863899,-0.25782737632960556,0.05955248762349532
WK171411,Wijk 11 Hoofdplaat,2022,4.116427234706685,0.014162383562999715,0.03136712736785959,0.1085158116562904,0.06546994206021327,-0.2553914644849576,0.06420096696359362
WK171412,Wijk 12 IJzendijke,2002,4.114254083624869,0.011989232481183092,NA,NA,NA,NA,NA
WK171412,Wijk 12 IJzendijke,2008,4.140344714257979,0.03807986311429356,NA,NA,NA,NA,NA
WK171412,Wijk 12 IJzendijke,2012,4.148092241680156,0.045827390536470725,NA,NA,NA,NA,NA
WK171412,Wijk 12 IJzendijke,2014,4.168204635972411,0.06593978482872577,0.01137959039942141,0.09838827118240179,0.0679278695359561,-0.17405866229609657,0.062302716007042756
WK171412,Wijk 12 IJzendijke,2016,4.192327443633399,0.09006259248971386,NA,NA,NA,NA,NA
WK171412,Wijk 12 IJzendijke,2018,4.172627058138532,0.07036220699484627,0.016030552818532714,0.10397937467621217,0.06774342724077383,-0.1796930539201792,0.062301906179506525
WK171412,Wijk 12 IJzendijke,2020,4.149121490821026,0.04685663967734088,0.018590556098789256,0.07757744733024197,0.06583678735308723,-0.1754716780550957,0.06032352695031786
WK171412,Wijk 12 IJzendijke,2022,4.190851585361099,0.08858673421741325,0.03550692142572601,0.09720570055418137,0.06422041412268573,-0.17797800966131583,0.06963170777613574
WK171413,Wijk 13 Schoondijke,2002,4.027639276166433,-0.07462557497725321,NA,NA,NA,NA,NA
WK171413,Wijk 13 Schoondijke,2008,4.043807079892475,-0.058457771251209815,NA,NA,NA,NA,NA
WK171413,Wijk 13 Schoondijke,2012,4.0488293076935875,-0.053435543450098044,NA,NA,NA,NA,NA
WK171413,Wijk 13 Schoondijke,2014,4.1003826653348385,-0.0018821858088466468,0.017729082486736863,0.08687143740354511,0.06461490043151055,-0.19832018308525082,0.027222576954611315
WK171413,Wijk 13 Schoondijke,2016,4.035164017057509,-0.06710083408617602,NA,NA,NA,NA,NA
WK171413,Wijk 13 Schoondijke,2018,4.0899161190979765,-0.012348732045708915,0.017212030227064776,0.09846662131943802,0.06253666262743032,-0.1949630010329601,0.004398954813317728
WK171413,Wijk 13 Schoondijke,2020,4.081113902231556,-0.02115094891212862,0.02202733369473011,0.0588485583579426,0.06126302191618784,-0.19320948655420536,0.029919623673215896
WK171413,Wijk 13 Schoondijke,2022,4.113495872467669,0.011231021323983363,0.01631949525466974,0.08470410814629596,0.05971424543104325,-0.18750825249299244,0.038001424984966586
WK171414,Wijk 14 Waterlandkerkje,2002,4.159573918251861,0.05730906710817609,NA,NA,NA,NA,NA
WK171414,Wijk 14 Waterlandkerkje,2008,4.1516113433211705,0.049346492177485844,NA,NA,NA,NA,NA
WK171414,Wijk 14 Waterlandkerkje,2012,4.200864481020012,0.09859962987632657,NA,NA,NA,NA,NA
WK171414,Wijk 14 Waterlandkerkje,2014,4.197857543101685,0.09559269195800071,0.001477565212114543,0.13476270436770177,0.13864684128739915,-0.2515319262023602,0.0722375072931452
WK171414,Wijk 14 Waterlandkerkje,2016,4.179541675969981,0.07727682482629498,NA,NA,NA,NA,NA
WK171414,Wijk 14 Waterlandkerkje,2018,4.203653081212588,0.10138823006890257,0.016389298771860433,0.12390207628536083,0.1425575406420787,-0.25685680023009716,0.07539611459969961
WK171414,Wijk 14 Waterlandkerkje,2020,4.285153422871303,0.18288857172761694,0.014146651502614956,0.13105837516183425,0.21799705648841822,-0.2547659318268548,0.07445242040160405
WK171414,Wijk 14 Waterlandkerkje,2022,4.2896180685377825,0.1873532173940972,0.014484083324024923,0.14002851428811278,0.22458194683194518,-0.25813671063541926,0.06639538358543338
WK171901,Drimmelen,2002,4.106499446829229,0.004234595685543597,NA,NA,NA,NA,NA
WK171901,Drimmelen,2008,4.153748882817157,0.05148403167347225,NA,NA,NA,NA,NA
WK171901,Drimmelen,2012,4.14136070926473,0.03909585812104529,NA,NA,NA,NA,NA
WK171901,Drimmelen,2014,4.150647839903052,0.04838298875936675,0.01795774019989852,0.06287007107867444,0.08680622657067745,-0.18624367106624143,0.06699262197635752
WK171901,Drimmelen,2016,4.150221302989646,0.047956451845960944,NA,NA,NA,NA,NA
WK171901,Drimmelen,2018,4.184983689338509,0.08271883819482345,0.020921240480312707,0.09570676171234567,0.08432151093092725,-0.1842702794960373,0.06603960456727478
WK171901,Drimmelen,2020,4.209947683901184,0.10768283275749901,0.018803598195066606,0.08802329798353195,0.08471667412392386,-0.1624854255527971,0.0786246880077735
WK171901,Drimmelen,2022,4.219960599493889,0.11769574835020334,0.029671020887359234,0.07770389198483255,0.07443510205526174,-0.14721739339366585,0.08310312681641539
WK171902,Made,2002,4.1674301219673335,0.06516527082364823,NA,NA,NA,NA,NA
WK171902,Made,2008,4.15649602815878,0.05423117701509553,NA,NA,NA,NA,NA
WK171902,Made,2012,4.177351248731786,0.07508639758810036,NA,NA,NA,NA,NA
WK171902,Made,2014,4.142764813241061,0.040499962097375754,-0.022179800967908395,0.033524566222256795,0.031821385538272795,-0.023492631548215896,0.020826442852970185
WK171902,Made,2016,4.166278914695949,0.06401406355226366,NA,NA,NA,NA,NA
WK171902,Made,2018,4.176979035316452,0.07471418417276722,-0.024068209749126282,0.061861405434625955,0.03237232990992023,-0.019093921323521088,0.02364257990086814
WK171902,Made,2020,4.173355361666066,0.07109051052238047,-0.018758962002636857,0.07262531505880365,0.028642307313372584,-0.034180691467933365,0.02276254162077419
WK171902,Made,2022,4.196247303066176,0.09398245192249047,-0.007592177746677236,0.08006182653166681,0.029539111981811198,-0.039428063900757745,0.03140175505644718
WK171903,Terheijden,2002,4.068797399730459,-0.03346745141322585,NA,NA,NA,NA,NA
WK171903,Terheijden,2008,4.083981264992971,-0.018283586150714015,NA,NA,NA,NA,NA
WK171903,Terheijden,2012,4.115830900988743,0.013566049845057496,NA,NA,NA,NA,NA
WK171903,Terheijden,2014,4.102852185837716,5.873346940311906e-4,0.0070394340020129495,0.027898052315939316,0.031142996675075644,-0.08333038576789999,0.01783723746890299
WK171903,Terheijden,2016,4.136026714570425,0.033761863426739785,NA,NA,NA,NA,NA
WK171903,Terheijden,2018,4.1278459843738675,0.025581133230182525,0.004341008725364477,0.053133811577365145,0.02869147413245524,-0.08192885798638337,0.02134369678138079
WK171903,Terheijden,2020,4.16051586537085,0.05825101422716445,0.00960256522216265,0.055708560263935954,0.027587221569669602,-0.06068607632934977,0.026038743500745674
WK171903,Terheijden,2022,4.139219299699528,0.03695444855584278,0.013375809023270532,0.047432548248397655,0.02314488195961095,-0.07910733533771107,0.032108544662274446
WK171904,Wagenberg,2002,4.122829889046084,0.020565037902398907,NA,NA,NA,NA,NA
WK171904,Wagenberg,2008,4.102653839000216,3.889878565303449e-4,NA,NA,NA,NA,NA
WK171904,Wagenberg,2012,4.131650676659905,0.029385825516219304,NA,NA,NA,NA,NA
WK171904,Wagenberg,2014,4.125685053155345,0.02342020201166011,-0.03640097866420722,0.05837890954021994,0.06029483897281157,-0.1080554693979972,0.049202901560832825
WK171904,Wagenberg,2016,4.133661504322029,0.03139665317834367,NA,NA,NA,NA,NA
WK171904,Wagenberg,2018,4.155350934968473,0.053086083824787016,-0.03217530295932798,0.07757765143815668,0.05694211976996972,-0.09904861108233812,0.04979022665832648
WK171904,Wagenberg,2020,4.164113740316016,0.0618488891723305,-0.03162245398806582,0.09639531649688829,0.053230959805436066,-0.10644908674527317,0.050294153603344834
WK171904,Wagenberg,2022,4.133090003414522,0.03082515227083673,-0.029285874594798093,0.07303982228940638,0.0438714426894351,-0.11757930151046214,0.060779063397255244
WK171905,Hooge Zwaluwe en Zevenbergschen Hoek,2002,4.0041184030362285,-0.09814644810745737,NA,NA,NA,NA,NA
WK171905,Hooge Zwaluwe en Zevenbergschen Hoek,2008,4.040982476430719,-0.06128237471296605,NA,NA,NA,NA,NA
WK171905,Hooge Zwaluwe en Zevenbergschen Hoek,2012,4.111796115424918,0.0095312642812329,NA,NA,NA,NA,NA
WK171905,Hooge Zwaluwe en Zevenbergschen Hoek,2014,4.086166770026665,-0.01609808111702038,-0.01666924587382448,0.05615900142508022,0.057339702727849676,-0.15674391363943213,0.04381637424330605
WK171905,Hooge Zwaluwe en Zevenbergschen Hoek,2016,4.121096090288717,0.018831239145031174,NA,NA,NA,NA,NA
WK171905,Hooge Zwaluwe en Zevenbergschen Hoek,2018,4.11557750343612,0.01331265229243548,-0.017242736548301534,0.08272174451397322,0.05691609306233644,-0.1459128280525732,0.03683037931700028
WK171905,Hooge Zwaluwe en Zevenbergschen Hoek,2020,4.12371985676918,0.021455005625494922,-0.016063090698048628,0.09360808776169852,0.05090339013449506,-0.14686497448620797,0.039871592913557644
WK171905,Hooge Zwaluwe en Zevenbergschen Hoek,2022,4.098555290420247,-0.0037095607234383316,-0.012890442936077648,0.06775925020133901,0.04377714826383135,-0.15307594327200694,0.050720427019475677
WK171906,Lage Zwaluwe,2002,4.004503160662741,-0.0977616904809445,NA,NA,NA,NA,NA
WK171906,Lage Zwaluwe,2008,4.002877113450612,-0.09938773769307256,NA,NA,NA,NA,NA
WK171906,Lage Zwaluwe,2012,4.015880979934468,-0.08638387120921699,NA,NA,NA,NA,NA
WK171906,Lage Zwaluwe,2014,4.0248830247765826,-0.07738182636710232,-0.00930324262390779,0.050355175567076325,0.043921116690198256,-0.19364702982116713,0.0312921538206977
WK171906,Lage Zwaluwe,2016,4.0207664969206505,-0.0814983542230349,NA,NA,NA,NA,NA
WK171906,Lage Zwaluwe,2018,4.047346901375543,-0.05491794976814191,-0.009828700233718724,0.07348646571564683,0.04227827653157903,-0.19307360171451937,0.032219609932870034
WK171906,Lage Zwaluwe,2020,4.0735066332129595,-0.028758217930725777,-0.011623261526304994,0.08362846231993842,0.03975283835453394,-0.17772744942828192,0.03721119234938851
WK171906,Lage Zwaluwe,2022,4.05403955544925,-0.04822529569443498,-0.012156595441382884,0.07723750714928217,0.033803900553260685,-0.19103333508625586,0.04392322713066064
WK172101,Kern Heesch,2002,4.122108945069884,0.019844093926197903,NA,NA,NA,NA,NA
WK172101,Kern Heesch,2008,4.099946190693952,-0.0023186604497333094,NA,NA,NA,NA,NA
WK172101,Kern Heesch,2012,4.116895719825998,0.014630868682312538,NA,NA,NA,NA,NA
WK172101,Kern Heesch,2014,4.127855218455623,0.025590367311936806,-0.004811235867536249,0.03590771527553368,0.031389715329329416,-0.05840244212835537,0.021506614702965013
WK172101,Kern Heesch,2016,4.14462538604453,0.04236053490084468,NA,NA,NA,NA,NA
WK172101,Kern Heesch,2018,4.158254734993181,0.055989883849495915,-0.009410287269932467,0.05555619997552996,0.03313397829840964,-0.04790366449691843,0.02461365734240692
WK172101,Kern Heesch,2020,4.174741674246767,0.07247682310308179,-0.0073665554740486765,0.062262096842357,0.02757566750948401,-0.03556081930729972,0.025566433532588934
WK172101,Kern Heesch,2022,4.179926127221504,0.07766127607781828,5.417124350038117e-4,0.0592138596118101,0.028543895641265304,-0.0453423250539763,0.034704133443715104
WK172102,Kern Heeswijk-Dinther,2002,4.193198145686352,0.09093329454266676,NA,NA,NA,NA,NA
WK172102,Kern Heeswijk-Dinther,2008,4.196219543780993,0.09395469263730707,NA,NA,NA,NA,NA
WK172102,Kern Heeswijk-Dinther,2012,4.219553870294864,0.11728901915117926,NA,NA,NA,NA,NA
WK172102,Kern Heeswijk-Dinther,2014,4.174284141254522,0.07201929011083683,0.004004289878547492,0.053964539532925904,0.061277725744611836,-0.07877223259660948,0.03154496755136082
WK172102,Kern Heeswijk-Dinther,2016,4.200138258709307,0.09787340756562221,NA,NA,NA,NA,NA
WK172102,Kern Heeswijk-Dinther,2018,4.203541173724988,0.10127632258130236,-0.001553268077138336,0.08486217834890636,0.05734459191915276,-0.07277274604085636,0.0333955664312377
WK172102,Kern Heeswijk-Dinther,2020,4.208618934989198,0.10635408384551223,-9.679447173022639e-4,0.08929006793763097,0.05451430370298261,-0.06845134236136428,0.03196899928356494
WK172102,Kern Heeswijk-Dinther,2022,4.221851792017867,0.11958694087418238,0.010451964212574563,0.09153489702578198,0.05156987163463783,-0.07511742639112001,0.041147634392307744
WK172103,Kern Nistelrode,2002,4.133397213202297,0.03113236205861204,NA,NA,NA,NA,NA
WK172103,Kern Nistelrode,2008,4.142248080878146,0.03998322973446125,NA,NA,NA,NA,NA
WK172103,Kern Nistelrode,2012,4.167623395063073,0.06535854391938721,NA,NA,NA,NA,NA
WK172103,Kern Nistelrode,2014,4.119593469434705,0.01732861829102004,-3.3382711070314807e-4,0.045459282586061835,0.054403246884699386,-0.11391133313668209,0.03171124906764378
WK172103,Kern Nistelrode,2016,4.119170127997318,0.016905276853632408,NA,NA,NA,NA,NA
WK172103,Kern Nistelrode,2018,4.136183992309274,0.03391914116558899,-0.012339390566405577,0.06418768891749944,0.05124629724391108,-0.10079771606258331,0.031622261633167066
WK172103,Kern Nistelrode,2020,4.138024050545307,0.035759199401621436,-0.005320616668859061,0.05411722992445515,0.04351667325102135,-0.08423749507513024,0.027683407970133956
WK172103,Kern Nistelrode,2022,4.158600790166648,0.0563359390229634,8.986658705377561e-4,0.07339824316100961,0.040076048303884185,-0.0969824927636865,0.038945474451218084
WK172104,Buitengebied Heesch,2002,4.220675521099895,0.11841066995620936,NA,NA,NA,NA,NA
WK172104,Buitengebied Heesch,2008,4.17925842454386,0.07699357340017506,NA,NA,NA,NA,NA
WK172104,Buitengebied Heesch,2012,4.198839541760693,0.09657469061700709,NA,NA,NA,NA,NA
WK172104,Buitengebied Heesch,2014,4.212683285017447,0.11041843387376157,-0.04144985112014489,0.09069557780723796,0.14467768350880472,-0.13430288895107237,0.050797912628935814
WK172104,Buitengebied Heesch,2016,4.2596675711757515,0.1574027200320662,NA,NA,NA,NA,NA
WK172104,Buitengebied Heesch,2018,4.24614433750808,0.143879486364395,-0.02987819847431796,0.10973749818476326,0.13832102690743842,-0.12728187731833018,0.0529810370648411
WK172104,Buitengebied Heesch,2020,4.247112807660116,0.1448479565164304,-0.032283369612644316,0.10771650457976671,0.12547945198677993,-0.11776239122107779,0.06169776078360557
WK172104,Buitengebied Heesch,2022,4.263446452614871,0.16118160147118546,-0.02725519666552245,0.10688700698754704,0.1259808142040369,-0.1230014921260069,0.07857046907113056
WK172105,Buitengebied Heeswijk-Dinther,2002,4.199195351970845,0.09693050082715979,NA,NA,NA,NA,NA
WK172105,Buitengebied Heeswijk-Dinther,2008,4.198627752315062,0.0963629011713765,NA,NA,NA,NA,NA
WK172105,Buitengebied Heeswijk-Dinther,2012,4.243408467127149,0.14114361598346353,NA,NA,NA,NA,NA
WK172105,Buitengebied Heeswijk-Dinther,2014,4.189699427448132,0.08743457630444706,-0.00817977220574037,0.0728731290291884,0.12363126399405337,-0.13887099638356062,0.03798095187050598
WK172105,Buitengebied Heeswijk-Dinther,2016,4.244435715712013,0.1421708645683281,NA,NA,NA,NA,NA
WK172105,Buitengebied Heeswijk-Dinther,2018,4.183547010561528,0.08128215941784202,-0.009198644011019275,0.08126580241185917,0.10723835518570508,-0.13189698405649652,0.03387362988779321
WK172105,Buitengebied Heeswijk-Dinther,2020,4.230635790495266,0.1283709393515808,-0.024203109902917744,0.1102589990174598,0.10773406479162861,-0.12971883189290134,0.0642998173383112
WK172105,Buitengebied Heeswijk-Dinther,2022,4.2514258581211974,0.1491610069775126,-0.017353395662906182,0.11044442269053033,0.1060868321975156,-0.1326832749893479,0.0826664227417205
WK172106,Buitengebied Nistelrode,2002,4.18962653334327,0.08736168219958373,NA,NA,NA,NA,NA
WK172106,Buitengebied Nistelrode,2008,4.17681734607792,0.07455249493423512,NA,NA,NA,NA,NA
WK172106,Buitengebied Nistelrode,2012,4.21093488207595,0.10867003093226509,NA,NA,NA,NA,NA
WK172106,Buitengebied Nistelrode,2014,4.182325228151437,0.0800603770077515,-0.015192230380325352,0.08406491297669591,0.10111920402122442,-0.13867401808059826,0.048742508470754446
WK172106,Buitengebied Nistelrode,2016,4.221555284920057,0.1192904337763721,NA,NA,NA,NA,NA
WK172106,Buitengebied Nistelrode,2018,4.226290828109723,0.12402597696603729,-0.012433906587991319,0.10333636472290332,0.10117290974173138,-0.1177572357016669,0.04970784479106059
WK172106,Buitengebied Nistelrode,2020,4.2285328838099705,0.12626803266628558,-0.013141742337202717,0.10487618671036619,0.09762062730899906,-0.10847373924201119,0.04538670022613393
WK172106,Buitengebied Nistelrode,2022,4.246905376664065,0.1446405255203799,-0.006390660205397656,0.10146671383822554,0.09398216794843979,-0.10865021907325328,0.0642325230123652
WK172301,Alphen,2002,4.129936249849132,0.027671398705446968,NA,NA,NA,NA,NA
WK172301,Alphen,2008,4.126997250737601,0.024732399593915523,NA,NA,NA,NA,NA
WK172301,Alphen,2012,4.1457301509161235,0.04346529977243804,NA,NA,NA,NA,NA
WK172301,Alphen,2014,4.12220352972904,0.019938678585355234,-0.01469345594660045,0.06615461376173849,0.07093963150279893,-0.1526391195748531,0.05017700884227112
WK172301,Alphen,2016,4.1625747782467375,0.06030992710305181,NA,NA,NA,NA,NA
WK172301,Alphen,2018,4.108552533433238,0.006287682289552575,-0.01278271408233686,0.0580050016801651,0.065611131141849,-0.15341191871649795,0.048866182266372994
WK172301,Alphen,2020,4.104633236275311,0.0023683851316256546,-0.013291325959153534,0.049643436626852826,0.06413337788370709,-0.15381348878797227,0.05569638536819125
WK172301,Alphen,2022,4.0984362725136085,-0.003828578630076889,-0.01588617141749353,0.06181166704354414,0.06302532849850528,-0.16820336799059182,0.05542396523595874
WK172302,Chaam,2002,4.11232028347669,0.010055432333004119,NA,NA,NA,NA,NA
WK172302,Chaam,2008,4.080076692119293,-0.022188159024392928,NA,NA,NA,NA,NA
WK172302,Chaam,2012,4.111140398395458,0.008875547251772406,NA,NA,NA,NA,NA
WK172302,Chaam,2014,4.095354528155521,-0.006910322988164532,-0.01579002221265143,0.04834180401366935,0.06986839695804004,-0.15986497823451504,0.0505344764872923
WK172302,Chaam,2016,4.13365846302864,0.031393611884954126,NA,NA,NA,NA,NA
WK172302,Chaam,2018,4.114348600252355,0.012083749108669646,-0.009916736049332043,0.05371914902094072,0.0756194981478519,-0.1564975231942046,0.04915936118341344
WK172302,Chaam,2020,4.120277627728633,0.018012776584948462,-0.009986119348295101,0.05268092606506732,0.07335327256271658,-0.1461921262009543,0.04815682350641375
WK172302,Chaam,2022,4.123449174722553,0.02118432357886775,-0.005884730939257608,0.07290664356661408,0.06677038152916356,-0.1661299834722895,0.053522012894636935
WK172303,Strijbeek,2002,4.260887047547909,0.15862219640422315,NA,NA,NA,NA,NA
WK172303,Strijbeek,2008,4.205219537245416,0.10295468610173066,NA,NA,NA,NA,NA
WK172303,Strijbeek,2012,4.2777704057283605,0.1755055545846751,NA,NA,NA,NA,NA
WK172303,Strijbeek,2014,4.1883886349901776,0.08612378384649251,-0.02736043008508196,0.07939764160426654,0.11717613998077187,-0.1761155158708888,0.09302594821742458
WK172303,Strijbeek,2016,4.309915988527268,0.2076511373835832,NA,NA,NA,NA,NA
WK172303,Strijbeek,2018,4.2023431203945885,0.10007826925090303,-0.019512238430169304,0.08853703564313588,0.1189635366062746,-0.17542906016274698,0.08751899559440852
WK172303,Strijbeek,2020,4.198675195178273,0.09641034403458788,-0.03128662606195068,0.07919545626581126,0.14058956571592846,-0.17365129761364642,0.08156324572844502
WK172303,Strijbeek,2022,4.219975740898047,0.11771088975436159,-0.03463626438219862,0.09827773121783132,0.14421574800471956,-0.1772546968099301,0.08710837172393908
WK172304,Galder,2002,4.217072123706104,0.11480727256241842,NA,NA,NA,NA,NA
WK172304,Galder,2008,4.12912472580271,0.026859874659024834,NA,NA,NA,NA,NA
WK172304,Galder,2012,4.161360820692455,0.059095969548769674,NA,NA,NA,NA,NA
WK172304,Galder,2014,4.152570850200484,0.050305999056799035,-7.583232413313987e-5,0.08601431168412826,0.07834164024131662,-0.16048190116368777,0.04650778061917479
WK172304,Galder,2016,4.187936571665862,0.0856717205221769,NA,NA,NA,NA,NA
WK172304,Galder,2018,4.141684097207272,0.039419246063586724,0.005541208038493247,0.06538416005954785,0.0794583819012073,-0.15714754207326392,0.046183038137602064
WK172304,Galder,2020,4.143052470806665,0.04078761966297932,0.004367561485484098,0.06686034680872159,0.07610108464926053,-0.15610533074360672,0.04956395746311968
WK172304,Galder,2022,4.155647868776045,0.053383017632359885,0.010436044448511546,0.0654186952949367,0.0761803880261621,-0.1594082049240735,0.06075609478682263
WK172305,Ulvenhout AC,2002,4.358169397561222,0.2559045464175369,NA,NA,NA,NA,NA
WK172305,Ulvenhout AC,2008,4.308865735759819,0.20660088461613482,NA,NA,NA,NA,NA
WK172305,Ulvenhout AC,2012,4.374082831385562,0.27181798024187664,NA,NA,NA,NA,NA
WK172305,Ulvenhout AC,2014,4.337677228283889,0.23541237714020413,0.026591084328624278,0.11164582698111583,0.10288414120804273,-0.12270581339112063,0.11699713801354149
WK172305,Ulvenhout AC,2016,4.383122840086445,0.2808579889427597,NA,NA,NA,NA,NA
WK172305,Ulvenhout AC,2018,4.315554105135688,0.21328925399200266,0.030175774553821196,0.08576648205241946,0.1110517089040423,-0.12448328560789071,0.11077857408961013
WK172305,Ulvenhout AC,2020,4.3104181504453525,0.20815329930166687,0.029994664489831086,0.09376310602338123,0.1050941051778475,-0.11755704320694567,0.0968584668175525
WK172305,Ulvenhout AC,2022,4.305735813183485,0.20347096203979978,0.024828600920869838,0.09885406323626011,0.10501571703761038,-0.12450938101596506,0.09928196186102445
WK172306,Bavel AC,2002,4.3950097460734305,0.29274489492974487,NA,NA,NA,NA,NA
WK172306,Bavel AC,2008,4.379938439990298,0.27767358884661275,NA,NA,NA,NA,NA
WK172306,Bavel AC,2012,4.385316455581739,0.2830516044380544,NA,NA,NA,NA,NA
WK172306,Bavel AC,2014,4.216107995267861,0.11384314412417595,-0.09609354493548598,0.10177851298230131,0.1419033777521773,-0.13989651615383195,0.10615131447901473
WK172306,Bavel AC,2016,4.250000021504639,0.14773517036095352,NA,NA,NA,NA,NA
WK172306,Bavel AC,2018,4.267276405096249,0.1650115539525635,-0.06766868040923987,0.12358824336568472,0.13603079582428712,-0.13757788236547275,0.11063907753730419
WK172306,Bavel AC,2020,4.161758471639544,0.059493620495858636,-0.10202032521190979,0.09095619662540054,0.10399147985264563,-0.12580392893821118,0.09237019816793318
WK172306,Bavel AC,2022,4.142645018061527,0.040380166917842665,-0.10294089619465063,0.07249802995584302,0.09232260239305859,-0.13439254800587583,0.11289297876946705
WK172400,Wijk 00 Bergeijk 't Hof,2002,4.098918949510126,-0.0033459016335592264,NA,NA,NA,NA,NA
WK172400,Wijk 00 Bergeijk 't Hof,2008,4.101621357142698,-6.434940009867467e-4,NA,NA,NA,NA,NA
WK172400,Wijk 00 Bergeijk 't Hof,2012,4.147840148736804,0.045575297593118284,NA,NA,NA,NA,NA
WK172400,Wijk 00 Bergeijk 't Hof,2014,4.137815251140653,0.035550399996967824,0.003113398514144594,0.05890752612628616,0.05292061378172115,-0.10938368054486503,0.029992542119680665
WK172400,Wijk 00 Bergeijk 't Hof,2016,4.16363429271265,0.061369441568964664,NA,NA,NA,NA,NA
WK172400,Wijk 00 Bergeijk 't Hof,2018,4.167118015084955,0.06485316394126976,0.017408319879235697,0.07730401558673602,0.04982103221127057,-0.10746469316855,0.02778448943257721
WK172400,Wijk 00 Bergeijk 't Hof,2020,4.1890726122930255,0.08680776114934029,0.01985127200598167,0.08683029349717539,0.046713062695858135,-0.10223607906188713,0.03564921201221193
WK172400,Wijk 00 Bergeijk 't Hof,2022,4.172089649412713,0.06982479826902681,0.02267005264196765,0.0747140974205421,0.03785984343179927,-0.10084494036041045,0.035425745135128014
WK172401,Wijk 01 Weebosch,2002,4.211907179514616,0.10964232837093078,NA,NA,NA,NA,NA
WK172401,Wijk 01 Weebosch,2008,4.20898815378007,0.10672330263638534,NA,NA,NA,NA,NA
WK172401,Wijk 01 Weebosch,2012,4.205708683696132,0.10344383255244705,NA,NA,NA,NA,NA
WK172401,Wijk 01 Weebosch,2014,4.147131355703148,0.044866504559462526,0.024949596797671957,0.07701629315660172,0.09382562472037118,-0.2126746227412124,0.06174961262602977
WK172401,Wijk 01 Weebosch,2016,4.170917181486479,0.06865233034279386,NA,NA,NA,NA,NA
WK172401,Wijk 01 Weebosch,2018,4.2057167291395094,0.10345187799582449,0.0382115281284225,0.09809377413921927,0.09869970633507845,-0.19546518648417996,0.06391205587728381
WK172401,Wijk 01 Weebosch,2020,4.213398874624883,0.1111340234811982,0.03208063867279855,0.11232750390225457,0.08840888468551171,-0.18583934454567128,0.06415634076630422
WK172401,Wijk 01 Weebosch,2022,4.178527225948897,0.07626237480521197,0.03816623140440622,0.08791723416764238,0.07625012619027009,-0.1894623028527465,0.06339108589563955
WK172402,Wijk 02 Luyksgestel,2002,4.141583880730882,0.03931902958719687,NA,NA,NA,NA,NA
WK172402,Wijk 02 Luyksgestel,2008,4.136955261285204,0.03469041014151902,NA,NA,NA,NA,NA
WK172402,Wijk 02 Luyksgestel,2012,4.162612193722747,0.060347342579062685,NA,NA,NA,NA,NA
WK172402,Wijk 02 Luyksgestel,2014,4.141483490608566,0.0392186394648813,-0.0015662510899214362,0.08098263044032183,0.07965678913638798,-0.16769103875901045,0.047836509737103114
WK172402,Wijk 02 Luyksgestel,2016,4.160301869571481,0.05803701842779506,NA,NA,NA,NA,NA
WK172402,Wijk 02 Luyksgestel,2018,4.179626434360787,0.07736158321710146,0.01187370134188011,0.10930064946766616,0.07897125108670004,-0.1693565784570422,0.04657255977789706
WK172402,Wijk 02 Luyksgestel,2020,4.163902824423602,0.06163797327991695,0.010197448143147861,0.1097793411038811,0.06361512110878359,-0.1681492886615316,0.046195351585635674
WK172402,Wijk 02 Luyksgestel,2022,4.146260701987021,0.04399585084333598,0.017342305320263908,0.09319253524665448,0.05492575022370369,-0.16913268877425344,0.047667948826967045
WK172403,Wijk 03 Riethoven,2002,4.196488558053099,0.0942237069094138,NA,NA,NA,NA,NA
WK172403,Wijk 03 Riethoven,2008,4.1955338870223065,0.09326903587862118,NA,NA,NA,NA,NA
WK172403,Wijk 03 Riethoven,2012,4.205759479752479,0.1034946286087941,NA,NA,NA,NA,NA
WK172403,Wijk 03 Riethoven,2014,4.203760041946754,0.10149519080306886,0.014084319601268224,0.08717782789346806,0.08102496428310142,-0.13156112837048517,0.05076920739571597
WK172403,Wijk 03 Riethoven,2016,4.255656274828133,0.15339142368444722,NA,NA,NA,NA,NA
WK172403,Wijk 03 Riethoven,2018,4.228502191181706,0.12623734003802034,0.026107667068256124,0.09701116425605551,0.08032141106663752,-0.12874751972797938,0.05154461737505032
WK172403,Wijk 03 Riethoven,2020,4.2617406716548025,0.15947582051111758,0.028384260184066562,0.11639459086041454,0.0711282237084358,-0.11022833612926206,0.0537970818874625
WK172403,Wijk 03 Riethoven,2022,4.216619923705434,0.11435507256174848,0.02922234111866854,0.09654685206649329,0.0626021836801454,-0.126129460082577,0.05211315577901801
WK172404,Wijk 04 Westerhoven,2002,4.124207026418524,0.02194217527483879,NA,NA,NA,NA,NA
WK172404,Wijk 04 Westerhoven,2008,4.128305598378547,0.02604074723486148,NA,NA,NA,NA,NA
WK172404,Wijk 04 Westerhoven,2012,4.176353076215972,0.07408822507228668,NA,NA,NA,NA,NA
WK172404,Wijk 04 Westerhoven,2014,4.182091655007713,0.07982680386402802,0.016131603151376336,0.09831712824368484,0.08312766375883324,-0.16503335942010589,0.04728376813023919
WK172404,Wijk 04 Westerhoven,2016,4.195541993241342,0.09327714209765611,NA,NA,NA,NA,NA
WK172404,Wijk 04 Westerhoven,2018,4.189395748565585,0.08713089742189936,0.02681421639699863,0.10057171207161315,0.07264145570769401,-0.157531771086409,0.0446352843320023
WK172404,Wijk 04 Westerhoven,2020,4.220416253420188,0.11815140227650335,0.026760709400943637,0.1279765373902196,0.0613068075318483,-0.14802561052415614,0.0501329584776477
WK172404,Wijk 04 Westerhoven,2022,4.18133412129384,0.07906927015015515,0.02996082785958732,0.10149553495836697,0.05346607779023381,-0.15372794716488106,0.04787477670684775
WK172405,Wijk 05 Bergeijk 't Loo,2002,4.151276496946734,0.04901164580304878,NA,NA,NA,NA,NA
WK172405,Wijk 05 Bergeijk 't Loo,2008,4.14075159433566,0.038486743191973954,NA,NA,NA,NA,NA
WK172405,Wijk 05 Bergeijk 't Loo,2012,4.168267143673697,0.06600229253001222,NA,NA,NA,NA,NA
WK172405,Wijk 05 Bergeijk 't Loo,2014,4.187650384690036,0.0853855335463505,-0.010388145775924987,0.07184163023258697,0.09307961299566155,-0.13371176935036932,0.064564205444396075
WK172405,Wijk 05 Bergeijk 't Loo,2016,4.1971417331998815,0.09487688205619658,NA,NA,NA,NA,NA
WK172405,Wijk 05 Bergeijk 't Loo,2018,4.168448708920169,0.06618385777648422,-0.007351347452793485,0.09429492851822618,0.0830825154956597,-0.16174908604700017,0.05790684726239175
WK172405,Wijk 05 Bergeijk 't Loo,2020,4.155494881384625,0.05323003024093953,-0.001446687788249012,0.09525836740408815,0.06382982594232854,-0.153161001587858,0.048749526270629596
WK172405,Wijk 05 Bergeijk 't Loo,2022,4.134781176888034,0.032516325744348776,0.008441818073888335,0.07600273737900837,0.05723814714684427,-0.1631594478310824,0.053993070975689866
WK172406,Wijk 06 Buitengebied,2002,4.209932171696039,0.10766732055235397,NA,NA,NA,NA,NA
WK172406,Wijk 06 Buitengebied,2008,4.22804932672483,0.12578447558114414,NA,NA,NA,NA,NA
WK172406,Wijk 06 Buitengebied,2012,4.232007459814447,0.1297426086707619,NA,NA,NA,NA,NA
WK172406,Wijk 06 Buitengebied,2014,4.209335164167811,0.10707031302412548,-0.02710768098681648,0.11608414875545932,0.12466448340211067,-0.18671441254142868,0.0801437743948004
WK172406,Wijk 06 Buitengebied,2016,4.22834211080842,0.12607725966473482,NA,NA,NA,NA,NA
WK172406,Wijk 06 Buitengebied,2018,4.242484993205621,0.14022014206193567,5.22028235985567e-4,0.11772895657986684,0.12465283197895052,-0.18500867801916615,0.08232500328629871
WK172406,Wijk 06 Buitengebied,2020,4.216835790260452,0.11457093911676715,-0.013531868287701749,0.11983410692754097,0.11197295701320045,-0.18017673666546927,0.07647248012919651
WK172406,Wijk 06 Buitengebied,2022,4.197735405274717,0.09547055413103166,-0.00671571178727684,0.09395265144714957,0.09903496409329972,-0.18314048119444093,0.09233913157229988
WK172800,Wijk 00 Bladel,2002,4.092216495137382,-0.010048356006303058,NA,NA,NA,NA,NA
WK172800,Wijk 00 Bladel,2008,4.10877693528451,0.006512084140825533,NA,NA,NA,NA,NA
WK172800,Wijk 00 Bladel,2012,4.112242236711351,0.009977385567665998,NA,NA,NA,NA,NA
WK172800,Wijk 00 Bladel,2014,4.106269156094659,0.004004304950973618,-0.007396775403898938,0.04805555612388294,0.03854308265719777,-0.09795861422916613,0.022761055802957706
WK172800,Wijk 00 Bladel,2016,4.124517444181244,0.022252593037559002,NA,NA,NA,NA,NA
WK172800,Wijk 00 Bladel,2018,4.108747066109504,0.006482214965819178,1.9315212678702457e-4,0.050850624768932845,0.033018237780421886,-0.10122007555787631,0.023640275847553467
WK172800,Wijk 00 Bladel,2020,4.090648437332716,-0.011616413810969485,0.001029967435434498,0.041488433483532094,0.026492301017894033,-0.10990493197798917,0.029277816230158786
WK172800,Wijk 00 Bladel,2022,4.099376008709751,-0.0028888424339340705,0.00521016772368253,0.03243179505815816,0.026249437281266268,-0.09822637137663215,0.03144612887959082
WK172801,Wijk 01 Netersel,2002,4.203439505451372,0.10117465430768692,NA,NA,NA,NA,NA
WK172801,Wijk 01 Netersel,2008,4.1665571697409725,0.06429231859728736,NA,NA,NA,NA,NA
WK172801,Wijk 01 Netersel,2012,4.150727395615346,0.048462544471661116,NA,NA,NA,NA,NA
WK172801,Wijk 01 Netersel,2014,4.116138116516754,0.01387326537306896,-0.016775874433915337,0.09255604519606958,0.08658750207066476,-0.20969070713605487,0.06119629967630451
WK172801,Wijk 01 Netersel,2016,4.126151625147366,0.02388677400368054,NA,NA,NA,NA,NA
WK172801,Wijk 01 Netersel,2018,4.152656317389205,0.050391466245519295,3.861370435385794e-4,0.10231515237536563,0.0919052337229964,-0.20626547966948827,0.062050422773106684
WK172801,Wijk 01 Netersel,2020,4.127412094027054,0.02514724288336911,-3.9455862099681244e-4,0.09285535979866566,0.07865082035711367,-0.19877906885872593,0.05281469020731234
WK172801,Wijk 01 Netersel,2022,4.103036187354859,7.713362111741646e-4,0.003424273144187016,0.06973629648003217,0.0694981624389817,-0.20364927145452869,0.061761875602501626
WK172802,Wijk 02 Hapert,2002,4.136392711978636,0.034127860834949925,NA,NA,NA,NA,NA
WK172802,Wijk 02 Hapert,2008,4.144852500230132,0.04258764908644675,NA,NA,NA,NA,NA
WK172802,Wijk 02 Hapert,2012,4.146198698039998,0.043933846896313064,NA,NA,NA,NA,NA
WK172802,Wijk 02 Hapert,2014,4.109492542564447,0.007227691420761913,-0.008038218459580637,0.0500438118025116,0.04617917317197271,-0.10828568990578061,0.027328614811638553
WK172802,Wijk 02 Hapert,2016,4.1109347680987085,0.008669916955023524,NA,NA,NA,NA,NA
WK172802,Wijk 02 Hapert,2018,4.1298452265544245,0.02758037541073901,-0.006412683731328912,0.059810237855686364,0.04363696498093936,-0.1073113750900821,0.037857231395523994
WK172802,Wijk 02 Hapert,2020,4.136994763792758,0.034729912649073436,-0.009544387948390826,0.06579126172003495,0.04366225215644713,-0.10350959196346675,0.03833037868444868
WK172802,Wijk 02 Hapert,2022,4.133081832189641,0.03081698104595662,0.0023859184564970523,0.05155240495340557,0.04396491049435699,-0.10693494254077021,0.039848689682466916
WK172803,Wijk 03 Hoogeloon,2002,4.120613081841335,0.01834823069764941,NA,NA,NA,NA,NA
WK172803,Wijk 03 Hoogeloon,2008,4.104942669592735,0.002677818449050309,NA,NA,NA,NA,NA
WK172803,Wijk 03 Hoogeloon,2012,4.106661306514699,0.004396455371013566,NA,NA,NA,NA,NA
WK172803,Wijk 03 Hoogeloon,2014,4.110377106783575,0.008112255639889827,-0.0251559831881547,0.09233033526731914,0.06810027361615474,-0.1859699165868764,0.05880754653144678
WK172803,Wijk 03 Hoogeloon,2016,4.1094458213866085,0.0071809702429232155,NA,NA,NA,NA,NA
WK172803,Wijk 03 Hoogeloon,2018,4.13308889827057,0.030824047126885027,-0.009108097246007064,0.08357249003157356,0.07577423735365282,-0.17992745522888276,0.06051287221654818
WK172803,Wijk 03 Hoogeloon,2020,4.1133437717292365,0.011078920585550808,-0.011829866588001685,0.08575114899979853,0.059594461933686775,-0.18284105734632947,0.060404233586396405
WK172803,Wijk 03 Hoogeloon,2022,4.103128833196528,8.639820528427416e-4,-0.00416424249191397,0.08037462050937479,0.05805581399342562,-0.1938742586772925,0.06047204871924858
WK172804,Wijk 04 Casteren,2002,4.1111742998324265,0.008909448688741406,NA,NA,NA,NA,NA
WK172804,Wijk 04 Casteren,2008,4.137295668102678,0.03503081695899332,NA,NA,NA,NA,NA
WK172804,Wijk 04 Casteren,2012,4.136562464717881,0.03429761357419534,NA,NA,NA,NA,NA
WK172804,Wijk 04 Casteren,2014,4.15596099435813,0.053696143214445144,-0.00558125019190704,0.09494700348918819,0.08067207784577797,-0.18195640888591194,0.06561472095729762
WK172804,Wijk 04 Casteren,2016,4.1413200519711575,0.03905520082747244,NA,NA,NA,NA,NA
WK172804,Wijk 04 Casteren,2018,4.15830492053031,0.05604006938662484,0.015461549622397253,0.08059970564973881,0.07376481366570489,-0.18020043104911906,0.06641443149790267
WK172804,Wijk 04 Casteren,2020,4.161047710944604,0.058782859800918054,0.012413358562058021,0.08091426103678366,0.06566938383395622,-0.16498377072796874,0.06476962709608863
WK172804,Wijk 04 Casteren,2022,4.137180327322727,0.03491547617904152,0.014093390662349301,0.0782455926222486,0.0624604319668401,-0.1784292913951954,0.058545352322798554
WK172900,Wijk 00 Gulpen,2002,4.049132089344652,-0.053132761799033736,NA,NA,NA,NA,NA
WK172900,Wijk 00 Gulpen,2008,4.053655700050986,-0.04860915109269935,NA,NA,NA,NA,NA
WK172900,Wijk 00 Gulpen,2012,4.105757026290696,0.003492175147011002,NA,NA,NA,NA,NA
WK172900,Wijk 00 Gulpen,2014,4.106164938545907,0.0039000874022224823,-0.01938657090573464,0.05272034058191895,0.04348064405107869,-0.11220406562011592,0.039289739295075184
WK172900,Wijk 00 Gulpen,2016,4.160028127801182,0.05776327665749642,NA,NA,NA,NA,NA
WK172900,Wijk 00 Gulpen,2018,4.1569689025962395,0.05470405145255407,0.0035958270228653197,0.061829953991048896,0.03926469091451024,-0.08925379494777387,0.03926737447190316
WK172900,Wijk 00 Gulpen,2020,4.134736509869396,0.032471658725710506,0.006151010710416734,0.04911812931915603,0.029531728463799773,-0.08826862273064925,0.03593941296298696
WK172900,Wijk 00 Gulpen,2022,4.184273681610331,0.08200883046664563,0.00933939669105942,0.08271277321220279,0.03164675215143929,-0.08641891933481725,0.04472882774676113
WK172901,Wijk 01 Wijlre,2002,4.065540097817657,-0.036724753326028974,NA,NA,NA,NA,NA
WK172901,Wijk 01 Wijlre,2008,4.062383333194475,-0.03988151794920953,NA,NA,NA,NA,NA
WK172901,Wijk 01 Wijlre,2012,4.118542013225155,0.016277162081469683,NA,NA,NA,NA,NA
WK172901,Wijk 01 Wijlre,2014,4.1016115710893795,-6.532800543058708e-4,-0.036221671146403664,0.07651505432554406,0.04336887546321412,-0.11933142547059122,0.03501588677393059
WK172901,Wijk 01 Wijlre,2016,4.107460389188382,0.0051955380446967615,NA,NA,NA,NA,NA
WK172901,Wijk 01 Wijlre,2018,4.125333548465799,0.023068697322114192,-0.013912964114394744,0.06253234763457001,0.03738945726669181,-0.09911020634008696,0.03617006287533387
WK172901,Wijk 01 Wijlre,2020,4.125220866277221,0.02295601513353596,-0.011805509202641472,0.05809909454690314,0.03406017233347258,-0.09895005759868951,0.04155231505449095
WK172901,Wijk 01 Wijlre,2022,4.151203573062704,0.04893872191901862,-0.005218807074590808,0.08449732875149041,0.03584040405443293,-0.11740822285050995,0.051228019038195724
WK172902,Wijk 02 Eys,2002,4.101547166654014,-7.176844896712125e-4,NA,NA,NA,NA,NA
WK172902,Wijk 02 Eys,2008,4.125403088122189,0.023138236978503382,NA,NA,NA,NA,NA
WK172902,Wijk 02 Eys,2012,4.162012121638952,0.059747270495266624,NA,NA,NA,NA,NA
WK172902,Wijk 02 Eys,2014,4.154861821500711,0.052596970357026346,-0.011406871638577757,0.07582731622069663,0.06834861233853977,-0.13644767519270584,0.05627558862907326
WK172902,Wijk 02 Eys,2016,4.169533268419739,0.0672684172760538,NA,NA,NA,NA,NA
WK172902,Wijk 02 Eys,2018,4.164171799314223,0.06190694817053772,0.004394778532417592,0.08500387705225418,0.06449914102519098,-0.1489551392937396,0.05696429085441431
WK172902,Wijk 02 Eys,2020,4.165226609352959,0.06296175820927334,0.008533247138386843,0.08009550746361639,0.055801491948016785,-0.14025326237069846,0.058784774029951574
WK172902,Wijk 02 Eys,2022,4.182993125771247,0.08072827462756199,0.011651595489949783,0.09413502618981073,0.05707847033379582,-0.14577073326439088,0.06363391587839627
WK172903,Wijk 03 Wittem,2002,4.003609674676681,-0.09865517646700395,NA,NA,NA,NA,NA
WK172903,Wijk 03 Wittem,2008,4.058235551549714,-0.04402929959397131,NA,NA,NA,NA,NA
WK172903,Wijk 03 Wittem,2012,4.102396245061239,1.3139391755350864e-4,NA,NA,NA,NA,NA
WK172903,Wijk 03 Wittem,2014,4.153960840474591,0.05169598933090616,-0.028297879751972045,0.10116242554081842,0.06572202491535954,-0.1314290057796063,0.044538424406306266
WK172903,Wijk 03 Wittem,2016,4.156113515344367,0.05384866420068154,NA,NA,NA,NA,NA
WK172903,Wijk 03 Wittem,2018,4.134326641578769,0.03206179043508395,-0.007257876180044957,0.07119619743585737,0.055832788087869394,-0.13322699334797772,0.0455176744393796
WK172903,Wijk 03 Wittem,2020,4.13269008614787,0.030425235004184963,-0.003315369876926285,0.07185970007115812,0.05238616652567275,-0.13323490207288619,0.04272964035716625
WK172903,Wijk 03 Wittem,2022,4.163496822393889,0.061231971250204124,-0.006683292093783743,0.10565790465788988,0.05367962841860334,-0.1429622289581346,0.051539959225629046
WK172904,Wijk 04 Mechelen,2002,4.166419279510441,0.06415442836675574,NA,NA,NA,NA,NA
WK172904,Wijk 04 Mechelen,2008,4.139433708724923,0.03716885758123781,NA,NA,NA,NA,NA
WK172904,Wijk 04 Mechelen,2012,4.185863196302236,0.08359834515855094,NA,NA,NA,NA,NA
WK172904,Wijk 04 Mechelen,2014,4.210840716953061,0.10857586580937516,0.011615287206236263,0.09083244554684405,0.08730107327093142,-0.1352556939851662,0.054082753770529395
WK172904,Wijk 04 Mechelen,2016,4.208656227104175,0.10639137596049006,NA,NA,NA,NA,NA
WK172904,Wijk 04 Mechelen,2018,4.216212480837956,0.11394762969427082,0.025795598683057846,0.09391799025735346,0.07256776358251263,-0.1327616372469145,0.05442791441826115
WK172904,Wijk 04 Mechelen,2020,4.200607730955417,0.0983428798117312,0.026823900185477728,0.08444246186267584,0.06527380655436639,-0.1282316309535493,0.05003434216276029
WK172904,Wijk 04 Mechelen,2022,4.24630970155309,0.1440448504094054,0.025678582082358452,0.12872903231394586,0.06484304661857485,-0.14374492564703795,0.06853911504156394
WK172905,Wijk 05 Epen,2002,4.12756711439435,0.025302263250664394,NA,NA,NA,NA,NA
WK172905,Wijk 05 Epen,2008,4.1158111033914135,0.013546252247728714,NA,NA,NA,NA,NA
WK172905,Wijk 05 Epen,2012,4.164185372131725,0.061920520988039816,NA,NA,NA,NA,NA
WK172905,Wijk 05 Epen,2014,4.220458429810968,0.11819357866728306,0.024790918831789376,0.1240950187670853,0.08689805022194369,-0.1733518786729438,0.05576146951940825
WK172905,Wijk 05 Epen,2016,4.217476385419216,0.11521153427553005,NA,NA,NA,NA,NA
WK172905,Wijk 05 Epen,2018,4.193495735034242,0.09123088389055659,0.03824756681574099,0.07973429096299514,0.08564549778205931,-0.16965723212738867,0.057260760457149514
WK172905,Wijk 05 Epen,2020,4.1694490335223815,0.06718418237869664,0.04065759193400874,0.060285683872275404,0.07249928286165934,-0.16638148337992342,0.060123107090676343
WK172905,Wijk 05 Epen,2022,4.247271862707604,0.14500701156391835,0.04304810253414935,0.11812487953336982,0.07366292795506868,-0.16645219114030632,0.07662329268163666
WK172906,Wijk 06 Slenaken,2002,4.129953102259205,0.02768825111552003,NA,NA,NA,NA,NA
WK172906,Wijk 06 Slenaken,2008,4.150067993593844,0.04780314245015803,NA,NA,NA,NA,NA
WK172906,Wijk 06 Slenaken,2012,4.241505858715081,0.1392410075713956,NA,NA,NA,NA,NA
WK172906,Wijk 06 Slenaken,2014,4.238529117981553,0.13626426683786746,0.046513460252875054,0.11401372647879889,0.10265508294591123,-0.19669421497274328,0.06977621213302528
WK172906,Wijk 06 Slenaken,2016,4.316475547795172,0.21421069665148698,NA,NA,NA,NA,NA
WK172906,Wijk 06 Slenaken,2018,4.238051792232387,0.13578694108870118,0.0505438306820614,0.10365415996417585,0.10303000023331428,-0.19280286461575452,0.07136181482490381
WK172906,Wijk 06 Slenaken,2020,4.214090335191698,0.11182548404801222,0.05114537213985104,0.09147222573594235,0.09197470555159086,-0.1909886619317558,0.06822184255238356
WK172906,Wijk 06 Slenaken,2022,4.263732304698677,0.1614674535549913,0.054903773824677315,0.12795824592679253,0.08964659361319813,-0.19061448267498954,0.07957332286531262
WK173000,Wijk 00 Zuidlaren,2002,4.197432584040852,0.09516773289716711,NA,NA,NA,NA,NA
WK173000,Wijk 00 Zuidlaren,2008,4.172180100288328,0.0699152491446431,NA,NA,NA,NA,NA
WK173000,Wijk 00 Zuidlaren,2012,4.21638319723843,0.11411834609474436,NA,NA,NA,NA,NA
WK173000,Wijk 00 Zuidlaren,2014,4.2183114649320315,0.11604661378834603,0.062314026707002736,0.08179837196795961,0.05061633833179966,-0.09910419784601497,0.020422074627598753
WK173000,Wijk 00 Zuidlaren,2016,4.245384879030186,0.14312002788650083,NA,NA,NA,NA,NA
WK173000,Wijk 00 Zuidlaren,2018,4.23563625161549,0.13337140047180457,0.059285346695458395,0.08208973067582498,0.05195979784734899,-0.08698941410529402,0.027025939358465974
WK173000,Wijk 00 Zuidlaren,2020,4.198294630626988,0.09602977948330242,0.053915102097783905,0.06705106309336882,0.04994462440393329,-0.09781140278511698,0.022930392673333105
WK173000,Wijk 00 Zuidlaren,2022,4.210684020955029,0.10841916981134418,0.05690125085254608,0.07874658551505308,0.05445412981232969,-0.11111045046576677,0.02942765409718185
WK173001,Wijk 01 De Groeve,2002,4.133046409604088,0.03078155846040246,NA,NA,NA,NA,NA
WK173001,Wijk 01 De Groeve,2008,4.154554309980736,0.05228945883705068,NA,NA,NA,NA,NA
WK173001,Wijk 01 De Groeve,2012,4.212911658162535,0.11064680701884953,NA,NA,NA,NA,NA
WK173001,Wijk 01 De Groeve,2014,4.242744514886791,0.14047966374310555,0.01634913243991205,0.12484598542652571,0.10445883162479139,-0.1657216020774959,0.060547316329372186
WK173001,Wijk 01 De Groeve,2016,4.268271222902913,0.16600637175922753,NA,NA,NA,NA,NA
WK173001,Wijk 01 De Groeve,2018,4.307726146401052,0.20546129525736637,0.04088349861953099,0.11613286864878895,0.1458978756324459,-0.16220294732530843,0.06474999968190864
WK173001,Wijk 01 De Groeve,2020,4.217568886882264,0.1153040357385786,0.03380480527879677,0.06985203008545957,0.11083083782520513,-0.16175510403285961,0.06257146658197647
WK173001,Wijk 01 De Groeve,2022,4.201838139591035,0.09957328844734983,0.033509304630685896,0.06456554520827563,0.10994549102001562,-0.1682059690331749,0.05975891662154726
WK173002,Wijk 02 Zuidlaarderveen,2002,4.2164096159937925,0.11414476485010693,NA,NA,NA,NA,NA
WK173002,Wijk 02 Zuidlaarderveen,2008,4.155577367548736,0.05331251640505118,NA,NA,NA,NA,NA
WK173002,Wijk 02 Zuidlaarderveen,2012,4.1781316617750655,0.0758668106313803,NA,NA,NA,NA,NA
WK173002,Wijk 02 Zuidlaarderveen,2014,4.233210088201535,0.13094523705784972,0.033955230073394134,0.1269070064797856,0.12118953397002553,-0.2237321627205371,0.07262562925518139
WK173002,Wijk 02 Zuidlaarderveen,2016,4.227617478349543,0.12535262720585758,NA,NA,NA,NA,NA
WK173002,Wijk 02 Zuidlaarderveen,2018,4.241171147215497,0.1389062960718116,0.053933614561449766,0.11641244765584692,0.11476359980967142,-0.22039148564899366,0.0741881196938369
WK173002,Wijk 02 Zuidlaarderveen,2020,4.22351262690528,0.12124777576159496,0.046318758605434954,0.10641897833307506,0.1108737702608511,-0.21817458362821548,0.07581085219044906
WK173002,Wijk 02 Zuidlaarderveen,2022,4.26108726543114,0.15882241428745464,0.04703799311204259,0.1351161025073401,0.11860148617416373,-0.22175516250157545,0.07982199499548337
WK173003,Wijk 03 Midlaren,2002,4.357123109548592,0.2548582584049063,NA,NA,NA,NA,NA
WK173003,Wijk 03 Midlaren,2008,4.342726062215407,0.2404612110717221,NA,NA,NA,NA,NA
WK173003,Wijk 03 Midlaren,2012,4.318042051476395,0.21577720033270936,NA,NA,NA,NA,NA
WK173003,Wijk 03 Midlaren,2014,4.327782638779924,0.22551778763623848,0.07084470351897651,0.13853110989248718,0.11287299008185103,-0.16343235713307544,0.06670134127599892
WK173003,Wijk 03 Midlaren,2016,4.327861629617672,0.22559677847398685,NA,NA,NA,NA,NA
WK173003,Wijk 03 Midlaren,2018,4.363269553089291,0.26100470194560565,0.07839326043709599,0.13409502862631947,0.12171199882126074,-0.15462988788590495,0.0814343019468342
WK173003,Wijk 03 Midlaren,2020,4.328359890123254,0.22609503897956884,0.07634006224283751,0.13888794208528754,0.10092099447604361,-0.16314134257266238,0.0730873827480623
WK173003,Wijk 03 Midlaren,2022,4.3274701154679605,0.22520526432427465,0.07892776419413361,0.1388625976927618,0.10375672753838108,-0.17467811641602568,0.07833629131502362
WK173004,Wijk 04 Westlaren,2002,4.1971314999818254,0.09486664883813999,NA,NA,NA,NA,NA
WK173004,Wijk 04 Westlaren,2008,4.182870475203003,0.08060562405931712,NA,NA,NA,NA,NA
WK173004,Wijk 04 Westlaren,2012,4.2374774383510285,0.1352125872073433,NA,NA,NA,NA,NA
WK173004,Wijk 04 Westlaren,2014,4.248690017116922,0.14642516597323627,0.06696521587296021,0.10325480752406771,0.06050687804311744,-0.11225941950456854,0.027957684037659112
WK173004,Wijk 04 Westlaren,2016,4.2716747861411,0.16940993499741408,NA,NA,NA,NA,NA
WK173004,Wijk 04 Westlaren,2018,4.2549088644730135,0.15264401332932828,0.07075020276743806,0.09577646203422126,0.060022536909283754,-0.10382324128688816,0.029918052905273093
WK173004,Wijk 04 Westlaren,2020,4.1954426348416245,0.09317778369793918,0.0649864227322873,0.06331769301496251,0.05137926231558306,-0.11663691888503454,0.03013132452014062
WK173004,Wijk 04 Westlaren,2022,4.20584134556061,0.10357649441692464,0.06724958605062645,0.07956974894079667,0.05436675591185988,-0.12794510470929227,0.030335508222933634
WK173005,Wijk 05 Schuilingsoord,2002,4.177336231027036,0.07507137988335157,NA,NA,NA,NA,NA
WK173005,Wijk 05 Schuilingsoord,2008,4.111651471698622,0.009386620554936852,NA,NA,NA,NA,NA
WK173005,Wijk 05 Schuilingsoord,2012,4.188480170843339,0.08621531969965342,NA,NA,NA,NA,NA
WK173005,Wijk 05 Schuilingsoord,2014,4.17211640277897,0.06985155163528461,0.0474403951286199,0.07452575089452552,0.05809602210789557,-0.1541798647051029,0.04396924820934624
WK173005,Wijk 05 Schuilingsoord,2016,4.23794880399319,0.13568395284950416,NA,NA,NA,NA,NA
WK173005,Wijk 05 Schuilingsoord,2018,4.169140678032759,0.06687582688907436,0.05506198422333934,0.054164446030923255,0.05461499921844927,-0.1431207712426519,0.04615516865901397
WK173005,Wijk 05 Schuilingsoord,2020,4.140129024120899,0.03786417297721433,0.043188892151214395,0.03796531499513997,0.05884358376751768,-0.14733236832354304,0.04519875038688508
WK173005,Wijk 05 Schuilingsoord,2022,4.18140655352267,0.07914170237898517,0.04313702254323631,0.0825866827273633,0.06341638216528352,-0.1572541097830205,0.047255724726122196
WK173006,Wijk 06 Paterswolde,2002,4.19932368620594,0.09705883506225445,NA,NA,NA,NA,NA
WK173006,Wijk 06 Paterswolde,2008,4.186190527358645,0.08392567621495949,NA,NA,NA,NA,NA
WK173006,Wijk 06 Paterswolde,2012,4.236200593217759,0.1339357420740729,NA,NA,NA,NA,NA
WK173006,Wijk 06 Paterswolde,2014,4.262547975019311,0.16028312387562582,0.07491716819938571,0.08026657182251687,0.051276582568885946,-0.08204845952463954,0.03587126080947658
WK173006,Wijk 06 Paterswolde,2016,4.274807402365366,0.17254255122168016,NA,NA,NA,NA,NA
WK173006,Wijk 06 Paterswolde,2018,4.257784029593432,0.1555191784497471,0.0709001447164284,0.07116559534911122,0.05304067100730865,-0.07779687913661723,0.03820964651351572
WK173006,Wijk 06 Paterswolde,2020,4.250974437675061,0.14870958653137584,0.06563108233845365,0.06785116747398717,0.05048285064843686,-0.07291541296838965,0.03765989903888752
WK173006,Wijk 06 Paterswolde,2022,4.258146570452337,0.15588171930865197,0.06227306759217382,0.0826364117878044,0.04939991184009188,-0.07661018846827286,0.03818251655685445
WK173007,Wijk 07 Eelde,2002,4.160638925012172,0.05837407386848712,NA,NA,NA,NA,NA
WK173007,Wijk 07 Eelde,2008,4.142012726657135,0.03974787551344926,NA,NA,NA,NA,NA
WK173007,Wijk 07 Eelde,2012,4.1786919958304525,0.07642714468676737,NA,NA,NA,NA,NA
WK173007,Wijk 07 Eelde,2014,4.202919893489027,0.10065504234534252,0.06311580279431267,0.08027819298874517,0.039015028026343046,-0.10305544034394902,0.021301458879890406
WK173007,Wijk 07 Eelde,2016,4.214747202609842,0.11248235146615668,NA,NA,NA,NA,NA
WK173007,Wijk 07 Eelde,2018,4.192718400073504,0.09045354892981955,0.04830512244596601,0.07532014784863976,0.04382308009785256,-0.10509308853156203,0.028098287068923
WK173007,Wijk 07 Eelde,2020,4.201663088192439,0.09939823704875382,0.04574602674327803,0.07808202876340456,0.043356545496245645,-0.09688278895233883,0.029096424998164193
WK173007,Wijk 07 Eelde,2022,4.225583809025695,0.12331895788200956,0.055934789795360505,0.09484803046912824,0.042963588504033694,-0.10492368225509574,0.03449623136858259
WK173008,Wijk 08 Eelderwolde,2002,4.348422654991665,0.2461578038479789,NA,NA,NA,NA,NA
WK173008,Wijk 08 Eelderwolde,2008,4.4245560062537,0.3222911551100148,NA,NA,NA,NA,NA
WK173008,Wijk 08 Eelderwolde,2012,4.44448209333663,0.342217242192945,NA,NA,NA,NA,NA
WK173008,Wijk 08 Eelderwolde,2014,4.3904985879177225,0.2882337367740378,0.04999292573030961,0.09192948317538202,0.14442538168556773,-0.06559933496466223,0.06748528114744054
WK173008,Wijk 08 Eelderwolde,2016,4.4497284130773025,0.34746356193361727,NA,NA,NA,NA,NA
WK173008,Wijk 08 Eelderwolde,2018,4.427662563172001,0.3253977120283161,0.07533311957176476,0.10897806126466845,0.1364690903204123,-0.06136605783308657,0.0659834987045568
WK173008,Wijk 08 Eelderwolde,2020,4.397947101871528,0.29568225072784265,0.0699822011732988,0.09810828187001798,0.12164844556580606,-0.05772289963141906,0.06366622175013852
WK173008,Wijk 08 Eelderwolde,2022,4.4253067026934705,0.32304185154978476,0.08213126690732186,0.11653597197990824,0.12724317363463486,-0.06834976832294713,0.06548120735086659
WK173009,Wijk 09 Vries,2002,4.260614506068354,0.15834965492466863,NA,NA,NA,NA,NA
WK173009,Wijk 09 Vries,2008,4.230028832875427,0.12776398173174178,NA,NA,NA,NA,NA
WK173009,Wijk 09 Vries,2012,4.233260227302569,0.13099537615888418,NA,NA,NA,NA,NA
WK173009,Wijk 09 Vries,2014,4.241413181160495,0.13914833001680935,0.05943479761961038,0.07286200775239993,0.07308443620914064,-0.10672529661276006,0.04049238504841819
WK173009,Wijk 09 Vries,2016,4.2650015784225435,0.16273672727885802,NA,NA,NA,NA,NA
WK173009,Wijk 09 Vries,2018,4.26593161830283,0.1636667671591447,0.0653987116126828,0.08513606990226007,0.07213561444685271,-0.10284857307170948,0.04384494426905834
WK173009,Wijk 09 Vries,2020,4.268149832731296,0.16588498158761059,0.057173300380506956,0.09320687226499393,0.0686222249743763,-0.09867293085426046,0.04555551482199356
WK173009,Wijk 09 Vries,2022,4.269565262746042,0.1673004116023563,0.06467566586896824,0.08895885928624347,0.07047445306858786,-0.10090229855217597,0.04409373193073242
WK173010,Wijk 10 Donderen,2002,4.289623075612096,0.18735822446841124,NA,NA,NA,NA,NA
WK173010,Wijk 10 Donderen,2008,4.277015328657755,0.17475047751406944,NA,NA,NA,NA,NA
WK173010,Wijk 10 Donderen,2012,4.307447429340612,0.20518257819692653,NA,NA,NA,NA,NA
WK173010,Wijk 10 Donderen,2014,4.286155171098392,0.18389031995470695,0.035137356673425664,0.1127426085833805,0.11544220281309137,-0.17075298936657907,0.09132114125138828
WK173010,Wijk 10 Donderen,2016,4.313726558377324,0.21146170723363883,NA,NA,NA,NA,NA
WK173010,Wijk 10 Donderen,2018,4.279406176045276,0.17714132490159143,0.04081268655627428,0.11278924300309072,0.10948966523906811,-0.17625513848813978,0.09030486859129781
WK173010,Wijk 10 Donderen,2020,4.297328975170465,0.19506412402677964,0.03401236591165534,0.13069425480089358,0.10353451136641818,-0.1628240522035925,0.08964704415140484
WK173010,Wijk 10 Donderen,2022,4.275516159253533,0.17325130810984735,0.028294882839117488,0.10894396756630889,0.10376354816187626,-0.16477994644022628,0.09702885598277078
WK173011,Wijk 11 Bunne,2002,4.236937178751299,0.13467232760761433,NA,NA,NA,NA,NA
WK173011,Wijk 11 Bunne,2008,4.29537239196912,0.19310754082543385,NA,NA,NA,NA,NA
WK173011,Wijk 11 Bunne,2012,4.323034336068175,0.22076948492448994,NA,NA,NA,NA,NA
WK173011,Wijk 11 Bunne,2014,4.337742686462245,0.23547783531855931,0.013032948715523934,0.12363476404644266,0.186442314331948,-0.1996731909080713,0.11204099913271585
WK173011,Wijk 11 Bunne,2016,4.316155115621034,0.21389026447734885,NA,NA,NA,NA,NA
WK173011,Wijk 11 Bunne,2018,4.3587549470079265,0.256490095864241,0.03519389535413888,0.14792874406190534,0.1605873561130738,-0.194318369595192,0.10709846993031477
WK173011,Wijk 11 Bunne,2020,4.311693595501871,0.20942874435818504,0.019300460238317045,0.12878674812285604,0.14978735834843654,-0.1913803364454851,0.10293451409406022
WK173011,Wijk 11 Bunne,2022,4.3109086455918435,0.2086437944481581,0.019524082417981953,0.13386774529832235,0.14325743123981471,-0.1950982162438179,0.10709275173585672
WK173012,Wijk 12 Yde,2002,4.18160207695175,0.07933722580806414,NA,NA,NA,NA,NA
WK173012,Wijk 12 Yde,2008,4.161351398460862,0.059086547317177204,NA,NA,NA,NA,NA
WK173012,Wijk 12 Yde,2012,4.195242305250022,0.09297745410633663,NA,NA,NA,NA,NA
WK173012,Wijk 12 Yde,2014,4.22770124000671,0.12543638886302524,0.04154333471971197,0.09878143336914663,0.08294533167399115,-0.1619048979502131,0.06407118705038833
WK173012,Wijk 12 Yde,2016,4.275725306282584,0.17346045513889902,NA,NA,NA,NA,NA
WK173012,Wijk 12 Yde,2018,4.2556756030795855,0.15341075193590015,0.05266904537887749,0.11427714248341829,0.08298135388894606,-0.16094034903765408,0.06442355922231208
WK173012,Wijk 12 Yde,2020,4.258282758536777,0.15601790739309138,0.046988499735163,0.12072609271736465,0.07787033098716006,-0.15324998161280515,0.06368296556620848
WK173012,Wijk 12 Yde,2022,4.237896069225165,0.13563121808147952,0.046229262453311305,0.10180902548675708,0.0760522270913344,-0.152502891724953,0.06404359477502951
WK173013,Wijk 13 Tynaarlo,2002,4.227937942329539,0.12567309118585362,NA,NA,NA,NA,NA
WK173013,Wijk 13 Tynaarlo,2008,4.192401923697975,0.09013707255428989,NA,NA,NA,NA,NA
WK173013,Wijk 13 Tynaarlo,2012,4.204322042414038,0.10205719127035268,NA,NA,NA,NA,NA
WK173013,Wijk 13 Tynaarlo,2014,4.2261195373606295,0.12385468621694458,0.027817379705140102,0.08302152767165749,0.08519710529756706,-0.1285673765663928,0.05638605010897239
WK173013,Wijk 13 Tynaarlo,2016,4.23601710314972,0.13375225200603522,NA,NA,NA,NA,NA
WK173013,Wijk 13 Tynaarlo,2018,4.252982641734139,0.15071779059045426,0.03576520177522965,0.10943386765520775,0.09307321111126662,-0.12538287498314526,0.03782838503189522
WK173013,Wijk 13 Tynaarlo,2020,4.235958099904556,0.13369324876087063,0.028180386173567936,0.09196691612781606,0.08081859277578705,-0.1197060338732688,0.052433387556968115
WK173013,Wijk 13 Tynaarlo,2022,4.200202272934186,0.09793742179050126,0.02640636928891365,0.07428248665798111,0.0784739673825732,-0.13235152100917205,0.05112611947020503
WK173014,Wijk 14 Zeegse,2002,4.365668819132951,0.26340396798926596,NA,NA,NA,NA,NA
WK173014,Wijk 14 Zeegse,2008,4.386664560917066,0.2843997097733808,NA,NA,NA,NA,NA
WK173014,Wijk 14 Zeegse,2012,4.386219073014437,0.28395422187075126,NA,NA,NA,NA,NA
WK173014,Wijk 14 Zeegse,2014,4.39696748100682,0.2947026298631342,0.09131836054517008,0.12926680325036413,0.14262105568479608,-0.15302757389003668,0.0845239842728403
WK173014,Wijk 14 Zeegse,2016,4.405944467641885,0.3036796164981998,NA,NA,NA,NA,NA
WK173014,Wijk 14 Zeegse,2018,4.427887574302631,0.32562272315894614,0.10395680531150824,0.13787796693200013,0.15196859373232965,-0.15102789622339718,0.08284725340650496
WK173014,Wijk 14 Zeegse,2020,4.37371530543377,0.27145045429008385,0.09415599408538737,0.12279482373138248,0.1237388634052279,-0.15522632203217732,0.08598709510026328
WK173014,Wijk 14 Zeegse,2022,4.351730537728112,0.2494656865844266,0.10038823388907435,0.1103342326808492,0.11441168124927682,-0.16221181065254126,0.08654334941776715
WK173015,Wijk 15 Zeijen,2002,4.274071884127621,0.17180703298393543,NA,NA,NA,NA,NA
WK173015,Wijk 15 Zeijen,2008,4.2751758298384495,0.1729109786947641,NA,NA,NA,NA,NA
WK173015,Wijk 15 Zeijen,2012,4.268389980604937,0.16612512946125194,NA,NA,NA,NA,NA
WK173015,Wijk 15 Zeijen,2014,4.248783850747713,0.14651899960402776,0.045116825389883826,0.09074543262297764,0.10870963513252233,-0.16900578957380888,0.07095289603245246
WK173015,Wijk 15 Zeijen,2016,4.296314871474677,0.1940500203309922,NA,NA,NA,NA,NA
WK173015,Wijk 15 Zeijen,2018,4.292246431874079,0.18998158073039437,0.04850276140729778,0.13355961855393697,0.10642404814578414,-0.1700868871444265,0.07158203976780171
WK173015,Wijk 15 Zeijen,2020,4.260639277751009,0.15837442660732415,0.04267683698911029,0.11875548693746299,0.08757984304740327,-0.16103134428795451,0.07039360392130181
WK173015,Wijk 15 Zeijen,2022,4.26186456416179,0.15959971301810527,0.04714998575740853,0.11934994781129268,0.08773015820271739,-0.1679457052603062,0.07331532650699256
WK173100,Wijk 00 Beilen,2002,4.11405917509497,0.011794323951285138,NA,NA,NA,NA,NA
WK173100,Wijk 00 Beilen,2008,4.123733080510651,0.021468229366965814,NA,NA,NA,NA,NA
WK173100,Wijk 00 Beilen,2012,4.134581909248906,0.03231705810522064,NA,NA,NA,NA,NA
WK173100,Wijk 00 Beilen,2014,4.1293326425293,0.027067791385614222,0.02694893753172297,0.059375747285108305,0.054894393830490044,-0.14117997549785688,0.027028688236149526
WK173100,Wijk 00 Beilen,2016,4.155895481631574,0.053630630487888915,NA,NA,NA,NA,NA
WK173100,Wijk 00 Beilen,2018,4.163316607815945,0.061051756672260135,0.03245821556544759,0.06770224636472452,0.04950955479113841,-0.11446846553730834,0.02585020548825766
WK173100,Wijk 00 Beilen,2020,4.129796131000935,0.027531279857249735,0.029065833859455048,0.06339864639107476,0.04168501750536936,-0.14235827227499845,0.03574005437634875
WK173100,Wijk 00 Beilen,2022,4.134915878017391,0.03265102687370501,0.031976251359934205,0.06229505411429712,0.045560160701647125,-0.14613896718688876,0.03895852788471509
WK173101,Wijk 01 Hijken,2002,4.128225559986734,0.025960708843048533,NA,NA,NA,NA,NA
WK173101,Wijk 01 Hijken,2008,4.151021003850982,0.04875615270729704,NA,NA,NA,NA,NA
WK173101,Wijk 01 Hijken,2012,4.145683566058097,0.04341871491441262,NA,NA,NA,NA,NA
WK173101,Wijk 01 Hijken,2014,4.2276894196195505,0.1254245684758654,0.03031582490454601,0.11625790688516155,0.12255691275137318,-0.227253329644151,0.0835472535789353
WK173101,Wijk 01 Hijken,2016,4.209086470323946,0.10682161918026103,NA,NA,NA,NA,NA
WK173101,Wijk 01 Hijken,2018,4.20248805660374,0.10022320546005524,0.042008492142239694,0.11695961406432441,0.08543715341607624,-0.2248557231243057,0.08067366896172028
WK173101,Wijk 01 Hijken,2020,4.209398368551363,0.10713351740767739,0.029654345859837124,0.10781696649450041,0.11213979427017717,-0.22674621975656944,0.08426863053973195
WK173101,Wijk 01 Hijken,2022,4.2185365989508155,0.11627174780713004,0.02765275783421895,0.1157743311546461,0.11551701526316296,-0.23413615052602624,0.09146379408112798
WK173102,Wijk 02 Hooghalen,2002,4.1878558765307945,0.08559102538710898,NA,NA,NA,NA,NA
WK173102,Wijk 02 Hooghalen,2008,4.192257440152401,0.08999258900871597,NA,NA,NA,NA,NA
WK173102,Wijk 02 Hooghalen,2012,4.205931242971369,0.10366639182768372,NA,NA,NA,NA,NA
WK173102,Wijk 02 Hooghalen,2014,4.2532939762880755,0.15102912514438982,0.019644506716683344,0.12846258262922056,0.10353917331434752,-0.15764570174546275,0.057028564229600794
WK173102,Wijk 02 Hooghalen,2016,4.247765040192025,0.14550018904834047,NA,NA,NA,NA,NA
WK173102,Wijk 02 Hooghalen,2018,4.2208633950636125,0.11859854391992726,0.029312825268183726,0.11969649488843262,0.10410400544281419,-0.18948658549269465,0.05497180381319113
WK173102,Wijk 02 Hooghalen,2020,4.1567948998383475,0.05453004869466245,0.020618581857550947,0.0874327397854585,0.07192891310203331,-0.18393802534151033,0.05848783929112979
WK173102,Wijk 02 Hooghalen,2022,4.181892915908643,0.07962806476495708,0.02529302471828258,0.10840480016811722,0.07598270141421896,-0.19597043921944163,0.06591797768377952
WK173103,Wijk 03 Wijster,2002,4.197425875078039,0.09516102393435397,NA,NA,NA,NA,NA
WK173103,Wijk 03 Wijster,2008,4.174117224123426,0.07185237297974083,NA,NA,NA,NA,NA
WK173103,Wijk 03 Wijster,2012,4.201258131784733,0.09899328064104755,NA,NA,NA,NA,NA
WK173103,Wijk 03 Wijster,2014,4.200643577835464,0.09837872669177959,5.945067165019424e-4,0.13518727159096558,0.10494951971480213,-0.211129184969491,0.06877661363900073
WK173103,Wijk 03 Wijster,2016,4.199107088325961,0.09684223718227579,NA,NA,NA,NA,NA
WK173103,Wijk 03 Wijster,2018,4.195186931483613,0.09292208033992791,0.018481051831360767,0.11316954560899857,0.08279995652387499,-0.19247400558526837,0.07094553196096165
WK173103,Wijk 03 Wijster,2020,4.1951425971807,0.09287774603701562,0.005638583121736067,0.11457778173711673,0.0993521148810442,-0.198113480483041,0.07142274678015934
WK173103,Wijk 03 Wijster,2022,4.169160709701104,0.06689585855741915,-0.004932527871886992,0.1087026634745997,0.09512727548780141,-0.2084977488058938,0.07649619627279862
WK173104,Wijk 04 Spier,2002,4.125134630682012,0.02286977953832615,NA,NA,NA,NA,NA
WK173104,Wijk 04 Spier,2008,4.238659590682974,0.13639473953928888,NA,NA,NA,NA,NA
WK173104,Wijk 04 Spier,2012,4.233057071312859,0.13079222016917388,NA,NA,NA,NA,NA
WK173104,Wijk 04 Spier,2014,4.270665899726395,0.1684010485827099,0.025099663721659473,0.11477829086775157,0.10847430221269413,-0.1735395436079938,0.09358833538859815
WK173104,Wijk 04 Spier,2016,4.251867582888946,0.14960273174526034,NA,NA,NA,NA,NA
WK173104,Wijk 04 Spier,2018,4.234914664647277,0.13264981350359112,0.033448837764849,0.06940175612229521,0.10356343322170346,-0.16663829750958345,0.09287408390432685
WK173104,Wijk 04 Spier,2020,4.261484285851343,0.15921943470765765,0.025270884657550174,0.12319304860031499,0.1011268891076236,-0.17575047681923942,0.08537908916140806
WK173104,Wijk 04 Spier,2022,4.256770870672343,0.1545060195286574,0.03394189126198834,0.11893533008524698,0.08717451060150934,-0.17256944100030608,0.08702372858021847
WK173105,Wijk 05 Drijber,2002,4.248030561937763,0.14576571079407788,NA,NA,NA,NA,NA
WK173105,Wijk 05 Drijber,2008,4.153517557432003,0.05125270628831756,NA,NA,NA,NA,NA
WK173105,Wijk 05 Drijber,2012,4.212447229444538,0.11018237830085258,NA,NA,NA,NA,NA
WK173105,Wijk 05 Drijber,2014,4.223816474000007,0.12155162285632173,0.015169265287165187,0.1418317861461906,0.13104111137021882,-0.2561076448282518,0.0896171048809987
WK173105,Wijk 05 Drijber,2016,4.218092105097547,0.11582725395386155,NA,NA,NA,NA,NA
WK173105,Wijk 05 Drijber,2018,4.229218616418415,0.12695376527473062,0.04222172043872659,0.11872635827124825,0.12260760537798347,-0.2416136332385097,0.08501171442528181
WK173105,Wijk 05 Drijber,2020,4.222559043851344,0.12029419270765869,0.027178517682500042,0.12681417911788434,0.11824411133850146,-0.23985115277662786,0.08790853734540055
WK173105,Wijk 05 Drijber,2022,4.195480160596916,0.09321530945323026,0.02138861000136955,0.1096320933527589,0.10888907764569926,-0.24081171770980192,0.09411724616320417
WK173106,Wijk 06 Smilde,2002,4.099704029482953,-0.002560821660732288,NA,NA,NA,NA,NA
WK173106,Wijk 06 Smilde,2008,4.119291794711288,0.017026943567603644,NA,NA,NA,NA,NA
WK173106,Wijk 06 Smilde,2012,4.138595101207615,0.03633025006393017,NA,NA,NA,NA,NA
WK173106,Wijk 06 Smilde,2014,4.118108282721215,0.015843431577530164,0.054923463232244285,0.07298255172689853,0.04167360563499337,-0.17126507958978016,0.01752889057317382
WK173106,Wijk 06 Smilde,2016,4.124709444121503,0.022444592977818596,NA,NA,NA,NA,NA
WK173106,Wijk 06 Smilde,2018,4.123227612289176,0.020962761145490814,0.053807119745100156,0.05611975756749137,0.043040360193072565,-0.1628535441695832,0.030849067809409603
WK173106,Wijk 06 Smilde,2020,4.112196798560985,0.00993194741729981,0.04485299069026095,0.05795396494648473,0.03642560533244544,-0.15375337082654017,0.024452757274648573
WK173106,Wijk 06 Smilde,2022,4.1241772302970015,0.021912379153316418,0.053023828602713485,0.05803788655996761,0.036725983775210073,-0.16505581318712179,0.039180493402546784
WK173107,Wijk 07 Bovensmilde,2002,4.126740238249028,0.024475387105343485,NA,NA,NA,NA,NA
WK173107,Wijk 07 Bovensmilde,2008,4.111169986039859,0.008905134896174022,NA,NA,NA,NA,NA
WK173107,Wijk 07 Bovensmilde,2012,4.144587502955457,0.04232265181177202,NA,NA,NA,NA,NA
WK173107,Wijk 07 Bovensmilde,2014,4.147497364617112,0.045232513473427105,0.038513625769413036,0.07778633391359274,0.05400531819564154,-0.14546926799358686,0.020396503588366404
WK173107,Wijk 07 Bovensmilde,2016,4.1553201578509835,0.05305530670729817,NA,NA,NA,NA,NA
WK173107,Wijk 07 Bovensmilde,2018,4.158052505008228,0.055787653864542326,0.04271290243917658,0.07139921693510819,0.0499385043005933,-0.13625705475617786,0.027994084945841904
WK173107,Wijk 07 Bovensmilde,2020,4.156475340119147,0.05421048897546202,0.03616496740731461,0.07208578839246142,0.050758520465538706,-0.1321155986863386,0.02731681139648559
WK173107,Wijk 07 Bovensmilde,2022,4.161507126204618,0.05924227506093271,0.04147851862345204,0.05887456178298776,0.05055964541812541,-0.13615345288627248,0.04448300212263974
WK173108,Wijk 08 Hoogersmilde,2002,4.11031247142269,0.008047620279004545,NA,NA,NA,NA,NA
WK173108,Wijk 08 Hoogersmilde,2008,4.105851983669163,0.0035871325254776473,NA,NA,NA,NA,NA
WK173108,Wijk 08 Hoogersmilde,2012,4.148140564415397,0.045875713271711895,NA,NA,NA,NA,NA
WK173108,Wijk 08 Hoogersmilde,2014,4.15171784637897,0.049452995235285215,0.03030089414776406,0.08256616611964553,0.06524642300179452,-0.1840933455514621,0.055432857517542955
WK173108,Wijk 08 Hoogersmilde,2016,4.159290890370747,0.05702603922706194,NA,NA,NA,NA,NA
WK173108,Wijk 08 Hoogersmilde,2018,4.142689111391387,0.04042426024770123,0.03121953672302272,0.0843643088532094,0.06815781092786685,-0.20024496989676252,0.05692757364036449
WK173108,Wijk 08 Hoogersmilde,2020,4.118772167548056,0.016507316404370743,0.024923514577604923,0.07730401534154424,0.06019915692172111,-0.20327138404721903,0.057352013610719184
WK173108,Wijk 08 Hoogersmilde,2022,4.129972381620131,0.02770753047644506,0.02960049817546735,0.0820487972608142,0.061184985704019014,-0.20855363259267767,0.06342688192882188
WK173109,Wijk 09 Westerbork,2002,4.1467637065610905,0.044498855417405524,NA,NA,NA,NA,NA
WK173109,Wijk 09 Westerbork,2008,4.160278294667928,0.0580134435242436,NA,NA,NA,NA,NA
WK173109,Wijk 09 Westerbork,2012,4.1839196020209055,0.08165475087722056,NA,NA,NA,NA,NA
WK173109,Wijk 09 Westerbork,2014,4.175057145130643,0.07279229398695788,0.052421967790073916,0.09376379504299961,0.06360472164401174,-0.17740620859691056,0.04040801810678291
WK173109,Wijk 09 Westerbork,2016,4.18449471032893,0.08222985918524481,NA,NA,NA,NA,NA
WK173109,Wijk 09 Westerbork,2018,4.200870243541523,0.09860539239783783,0.058372263264336366,0.10237923415901429,0.05957214538182574,-0.16332895455485502,0.04161070414751624
WK173109,Wijk 09 Westerbork,2020,4.188729160001837,0.08646430885815236,0.055961720366320265,0.10234343904467888,0.05683703436476745,-0.17079307243663122,0.04211518751901668
WK173109,Wijk 09 Westerbork,2022,4.201851963325446,0.09958711218175975,0.05175869835765945,0.12142573259615728,0.05436002073164864,-0.1726004460652497,0.04464310656154382
WK173110,Wijk 10 Elp,2002,4.187457528785119,0.08519267764143368,NA,NA,NA,NA,NA
WK173110,Wijk 10 Elp,2008,4.177978784543531,0.0757139333998459,NA,NA,NA,NA,NA
WK173110,Wijk 10 Elp,2012,4.18122006621421,0.07895521507052472,NA,NA,NA,NA,NA
WK173110,Wijk 10 Elp,2014,4.235002143273311,0.13273729212962598,0.013804744230295209,0.11977282088344149,0.13591811371310344,-0.21910027882887756,0.08234189213166315
WK173110,Wijk 10 Elp,2016,4.2275782346765665,0.12531338353288163,NA,NA,NA,NA,NA
WK173110,Wijk 10 Elp,2018,4.218362436849566,0.11609758570588156,0.029246232894708093,0.1025524558506977,0.1116289305527716,-0.21208406315082773,0.08475402955853166
WK173110,Wijk 10 Elp,2020,4.198012986040647,0.09574813489696127,0.018493883135147708,0.11841867042319514,0.08771932268327641,-0.2162699940955664,0.08738625275090811
WK173110,Wijk 10 Elp,2022,4.185057806323475,0.08279295517978967,0.016693602405926284,0.11024569254111918,0.08011789716239794,-0.21627433077703012,0.09201009384737614
WK173111,Wijk 11 Witteveen,2002,4.202548137571349,0.10028328642766421,NA,NA,NA,NA,NA
WK173111,Wijk 11 Witteveen,2008,4.109948147417219,0.00768329627353361,NA,NA,NA,NA,NA
WK173111,Wijk 11 Witteveen,2012,4.138424168426606,0.03615931728292023,NA,NA,NA,NA,NA
WK173111,Wijk 11 Witteveen,2014,4.125424076243233,0.02315922509954746,0.021955409264255436,0.12730428259600376,0.1048362714798138,-0.25053148469574466,0.019594746455218734
WK173111,Wijk 11 Witteveen,2016,4.146500090689094,0.044235239545409304,NA,NA,NA,NA,NA
WK173111,Wijk 11 Witteveen,2018,4.172583654971934,0.07031880382824897,0.05291829236983104,0.11761622774676489,0.11660073174990176,-0.23603359223920312,0.019217144200954106
WK173111,Wijk 11 Witteveen,2020,4.1222236618018036,0.019958810658118713,0.03965362317701972,0.08124458694269397,0.0985200454836488,-0.23756380073136368,0.038104355786119606
WK173111,Wijk 11 Witteveen,2022,4.160241945269799,0.05797709412611429,0.03478719486894498,0.1321675692310007,0.09512508260837982,-0.24938670527976928,0.04528395269755779
WK173112,Wijk 12 Nieuw-Balinge,2002,4.112902285164355,0.010637434020670125,NA,NA,NA,NA,NA
WK173112,Wijk 12 Nieuw-Balinge,2008,4.161702319978706,0.05943746883502116,NA,NA,NA,NA,NA
WK173112,Wijk 12 Nieuw-Balinge,2012,4.161783862209092,0.059519011065407766,NA,NA,NA,NA,NA
WK173112,Wijk 12 Nieuw-Balinge,2014,4.148884191120988,0.04661933997730325,0.04925672336890284,0.09370131977050734,0.10909655072943243,-0.2472390203889393,0.04180376649739947
WK173112,Wijk 12 Nieuw-Balinge,2016,4.165706065632765,0.0634412144890795,NA,NA,NA,NA,NA
WK173112,Wijk 12 Nieuw-Balinge,2018,4.126788139464592,0.024523288320906795,0.0575926365597535,0.09528740671471832,0.09129014459807087,-0.2471812176502353,0.02753431809859911
WK173112,Wijk 12 Nieuw-Balinge,2020,4.127050733156128,0.024785882012442945,0.05654142604361681,0.09400245714250928,0.08429329932038053,-0.24409834990189033,0.034047049407826394
WK173112,Wijk 12 Nieuw-Balinge,2022,4.147526758069121,0.045261906925436,0.05558111546468497,0.11042427220821147,0.08231296687803387,-0.24255697304134713,0.039500525415852444
WK173113,Wijk 13 Nieuweroord,2014,4.164367156319891,0.06210230517620524,-0.037005585355561164,0.12648242455970307,0.14351199318860153,-0.25768453434375554,0.08679800712721698
WK173113,Wijk 13 Nieuweroord,2016,4.282829428091854,0.180564576948169,NA,NA,NA,NA,NA
WK173113,Wijk 13 Nieuweroord,2018,4.234869592983484,0.13260474183979903,-0.003956457986534714,0.16000796658374367,0.12757093159925756,-0.24791520865523903,0.09689751029857116
WK173113,Wijk 13 Nieuweroord,2020,4.179888413391467,0.07762356224778146,-0.034724142855077196,0.14059774651169663,0.11387833863618806,-0.24464596310856918,0.10251758306354274
WK173113,Wijk 13 Nieuweroord,2022,4.220900878072369,0.11863602692868372,-0.020464646476257925,0.14928627671084027,0.1291734435502158,-0.2455498361012184,0.1061907892451039
WK173114,Wijk 14 Zwiggelte,2002,4.26494056356602,0.1626757124223349,NA,NA,NA,NA,NA
WK173114,Wijk 14 Zwiggelte,2008,4.234064849578523,0.1317999984348385,NA,NA,NA,NA,NA
WK173114,Wijk 14 Zwiggelte,2012,4.23863533397082,0.13637048282713513,NA,NA,NA,NA,NA
WK173114,Wijk 14 Zwiggelte,2014,4.325647697287064,0.22338284614337792,0.025718261970156506,0.14534639689612786,0.20314615466527453,-0.24022428643125418,0.08939631904307288
WK173114,Wijk 14 Zwiggelte,2016,4.294716006915901,0.19245115577221542,NA,NA,NA,NA,NA
WK173114,Wijk 14 Zwiggelte,2018,4.301541448925739,0.19927659778205345,0.03867943898317633,0.14061434471455458,0.159498276674896,-0.23152522693722224,0.09200976434664863
WK173114,Wijk 14 Zwiggelte,2020,4.215117926873389,0.11285307572970411,0.02473437178569988,0.12443973593585046,0.10515942603823579,-0.23564561989850005,0.09416516186841775
WK173114,Wijk 14 Zwiggelte,2022,4.230007344518274,0.1277424933745891,0.026536968586499576,0.13710189010802787,0.09696869204667806,-0.23782656472157176,0.10496150735495494
WK173115,Wijk 15 Orvelte,2002,4.107074250594919,0.0048093994512338045,NA,NA,NA,NA,NA
WK173115,Wijk 15 Orvelte,2008,4.112028234364182,0.009763383220496491,NA,NA,NA,NA,NA
WK173115,Wijk 15 Orvelte,2012,4.181528832256801,0.07926398111311622,NA,NA,NA,NA,NA
WK173115,Wijk 15 Orvelte,2014,4.196668315400036,0.09440346425635053,0.0319415049454062,0.0966378511424864,0.1336376640974603,-0.2618352672901329,0.09402171136113037
WK173115,Wijk 15 Orvelte,2016,4.1312616238115725,0.02899677266788773,NA,NA,NA,NA,NA
WK173115,Wijk 15 Orvelte,2018,4.1816385251289026,0.07937367398521686,0.04490651752052351,0.07051900604431058,0.10754795462378154,-0.24905606504513697,0.10545626084173791
WK173115,Wijk 15 Orvelte,2020,4.19475299254199,0.09248814139830507,0.03322178690389137,0.09155521321753338,0.1090933611706008,-0.24225577067501128,0.10087355078129069
WK173115,Wijk 15 Orvelte,2022,4.196231418055944,0.09396656691225877,0.035757751238516884,0.09583407055881049,0.10590178083657907,-0.2545056947873635,0.11097865906571558
WK173116,Wijk 16 De Broekstreek,2002,4.328392516315539,0.22612766517185381,NA,NA,NA,NA,NA
WK173116,Wijk 16 De Broekstreek,2008,4.269845801143496,0.1675809499998104,NA,NA,NA,NA,NA
WK173116,Wijk 16 De Broekstreek,2012,4.305007025675262,0.2027421745315767,NA,NA,NA,NA,NA
WK173116,Wijk 16 De Broekstreek,2014,4.228344635436999,0.12607978429331404,0.010876091920448128,0.14432108435437382,0.14152389067716434,-0.25821817393502217,0.08757689127634966
WK173116,Wijk 16 De Broekstreek,2016,4.238073112565016,0.1358082614213302,NA,NA,NA,NA,NA
WK173116,Wijk 16 De Broekstreek,2018,4.239167147785718,0.13690229664203243,0.03569387925372175,0.13001174802972223,0.13133212918975604,-0.24813769358000615,0.08800223374883825
WK173116,Wijk 16 De Broekstreek,2020,4.217828346296183,0.11556349515249748,0.018388474798864605,0.12804453926191778,0.12915891669973162,-0.24926625373808342,0.08923781813006676
WK173116,Wijk 16 De Broekstreek,2022,4.210900064966844,0.10863521382315906,0.01463681748749452,0.12397475970317552,0.12036867499477177,-0.24683421447198015,0.09648917610969693
WK173401,Buitengebied Elst,2002,4.345034201485096,0.24276935034141087,NA,NA,NA,NA,NA
WK173401,Buitengebied Elst,2008,4.2868181803855014,0.18455332924181647,NA,NA,NA,NA,NA
WK173401,Buitengebied Elst,2012,4.302204053198146,0.199939202054461,NA,NA,NA,NA,NA
WK173401,Buitengebied Elst,2014,4.285601041920652,0.18333619077696578,-0.05180921036057244,0.11932154286455443,0.11724600368654711,-0.10074940635002881,0.09932726093646516
WK173401,Buitengebied Elst,2016,4.307108566658277,0.20484371551459202,NA,NA,NA,NA,NA
WK173401,Buitengebied Elst,2018,4.292581697552423,0.1903168464087384,-0.03256100011441658,0.1010772120987226,0.10942693961344165,-0.08899638501317554,0.10137007982416603
WK173401,Buitengebied Elst,2020,4.290606665720143,0.18834181457645804,-0.03801563918974687,0.09497983217075033,0.11356627556421263,-0.0813004445951851,0.09911179062642672
WK173401,Buitengebied Elst,2022,4.275011257471549,0.17274640632786417,-0.033558416371523236,0.09581920628560452,0.10047114833260887,-0.08058072036552442,0.09059518844669813
WK173402,Elst-Zuid,2002,4.10772943291843,0.005464581774744682,NA,NA,NA,NA,NA
WK173402,Elst-Zuid,2008,4.0774070099542215,-0.02485784118946417,NA,NA,NA,NA,NA
WK173402,Elst-Zuid,2012,4.076687378232644,-0.0255774729110416,NA,NA,NA,NA,NA
WK173402,Elst-Zuid,2014,4.122688671051515,0.02042381990782986,-0.005983538059260196,0.03354405216509886,0.024643277136649523,-0.04243167321121432,0.010651701876555713
WK173402,Elst-Zuid,2016,4.147952635805838,0.04568778466215347,NA,NA,NA,NA,NA
WK173402,Elst-Zuid,2018,4.1420827729032,0.039817921759514804,-0.016222611519261368,0.045824123621720315,0.02267357265726393,-0.03145822911835602,0.019001066118147666
WK173402,Elst-Zuid,2020,4.157196858070412,0.05493200692672679,-0.010091217669432224,0.04198159321280371,0.018738962990356833,-0.018147364475433397,0.022450032868431575
WK173402,Elst-Zuid,2022,4.183722731921125,0.08145788077743957,-0.0017759076696955325,0.062472869078510934,0.016839296306843114,-0.021329709274314563,0.025251332336095337
WK173403,Elst-Noord,2002,4.0682923614974325,-0.03397248964625251,NA,NA,NA,NA,NA
WK173403,Elst-Noord,2008,4.05779989089909,-0.04446496024459543,NA,NA,NA,NA,NA
WK173403,Elst-Noord,2012,4.061729943760662,-0.04053490738302296,NA,NA,NA,NA,NA
WK173403,Elst-Noord,2014,4.065403384175877,-0.036861466967809134,-0.019073142292199974,0.014068890192441163,-0.005816203664360183,-0.01790498600273543,-0.008136025200954985
WK173403,Elst-Noord,2016,4.106954500248276,0.004689649104590086,NA,NA,NA,NA,NA
WK173403,Elst-Noord,2018,4.103820933725841,0.0015560825821560919,-0.014851691074638216,0.02599678538041842,-0.004344099921156879,-0.0030571335282468695,-0.0021877782742206193
WK173403,Elst-Noord,2020,4.127292633220499,0.025027782076813426,-0.006567106879940868,0.02371691517674238,-0.004103509874126154,0.009422844827605423,0.002558638826532369
WK173403,Elst-Noord,2022,4.124877365809525,0.022612514665839002,-0.004882812029901853,0.028726712809529775,-0.0073385217126499015,0.007829282136823565,-0.0017221465379628367
WK173404,De Aam,2002,4.266566979552562,0.16430212840887667,NA,NA,NA,NA,NA
WK173404,De Aam,2008,4.233272911815346,0.1310080606716607,NA,NA,NA,NA,NA
WK173404,De Aam,2012,4.200582702683548,0.09831785153986175,NA,NA,NA,NA,NA
WK173404,De Aam,2014,4.223191497067182,0.12092664592349696,-0.040096961660602524,0.05471756242455606,0.08364361574565062,-0.06785783962013543,0.09052026903402785
WK173404,De Aam,2016,4.247740076636796,0.14547522549311062,NA,NA,NA,NA,NA
WK173404,De Aam,2018,4.246776379964902,0.14451152882121696,-0.0610215462149076,0.06957544101794141,0.08982314567778699,-0.042005447606960615,0.0881399359473566
WK173404,De Aam,2020,4.240608204488865,0.13834335334517936,-0.04780761436489877,0.06625606639493854,0.07567425603496228,-0.038163842354084924,0.08238448763426191
WK173404,De Aam,2022,4.243726625120216,0.1414617739765301,-0.05104083655921236,0.0801270311783405,0.0704292918253396,-0.04359039022888953,0.08553667776095152
WK173405,Westeraam,2002,4.062127145366939,-0.04013770577674581,NA,NA,NA,NA,NA
WK173405,Westeraam,2008,4.178514620077348,0.07624976893366281,NA,NA,NA,NA,NA
WK173405,Westeraam,2012,4.175962460899141,0.0736976097554558,NA,NA,NA,NA,NA
WK173405,Westeraam,2014,4.181805728991454,0.07954087784776841,-0.024636130919296163,0.06282729349703993,0.050731953405369706,-0.03763701339379793,0.028254775258452568
WK173405,Westeraam,2016,4.21904403770554,0.1167791865618557,NA,NA,NA,NA,NA
WK173405,Westeraam,2018,4.207170777939678,0.10490592679599244,-0.01907401417948278,0.06200638382880713,0.05736718019562355,-0.028236326167255202,0.0328427031182995
WK173405,Westeraam,2020,4.205392390041711,0.1031275388980252,-0.013903031834220099,0.060852338408120946,0.047981133474914894,-0.02307249663322763,0.031269595482436845
WK173405,Westeraam,2022,4.219875793845449,0.11761094270176443,-0.007096514175962123,0.07946460627299246,0.043070233071703934,-0.03152480121339826,0.033697418746428176
WK173406,Elst-Oost,2002,4.265262045203439,0.16299719405975355,NA,NA,NA,NA,NA
WK173406,Elst-Oost,2008,4.22799949799329,0.1257346468496042,NA,NA,NA,NA,NA
WK173406,Elst-Oost,2012,4.2264587848395445,0.12419393369585936,NA,NA,NA,NA,NA
WK173406,Elst-Oost,2014,4.23821103159069,0.13594618044700416,-0.01462020864800339,0.07188441431864627,0.05927236387924319,-0.025159477667474662,0.044569088564592504
WK173406,Elst-Oost,2016,4.2740072467306325,0.17174239558694776,NA,NA,NA,NA,NA
WK173406,Elst-Oost,2018,4.24346311945485,0.14119826831116475,-0.022701751291492312,0.0692536977387716,0.05917761074913614,-0.01042108177817338,0.04588979289292246
WK173406,Elst-Oost,2020,4.262438358396366,0.16017350725268092,-0.019044347739342046,0.07936965730211526,0.05651614817029895,-0.002577806781252801,0.0459098563008613
WK173406,Elst-Oost,2022,4.282086206971412,0.17982135582772624,-0.011294877370021916,0.09771111339999783,0.0544481600532428,-0.0045690043512520975,0.04352596409575929
WK173407,Oosterhout,2002,4.124323975441547,0.02205912429786121,NA,NA,NA,NA,NA
WK173407,Oosterhout,2008,4.107158439495231,0.004893588351545977,NA,NA,NA,NA,NA
WK173407,Oosterhout,2012,4.1166187397430125,0.014353888599327394,NA,NA,NA,NA,NA
WK173407,Oosterhout,2014,4.115483512497675,0.013218661353989266,-0.03277026998590988,0.07861584716471345,0.03409221477920002,-0.09721476792221916,0.030495637318204524
WK173407,Oosterhout,2016,4.139454395222889,0.03718954407920379,NA,NA,NA,NA,NA
WK173407,Oosterhout,2018,4.145500964457322,0.04323611331363713,-0.024347602625709848,0.08461191812664526,0.04689603396479994,-0.07410589903955254,0.01018166288745413
WK173407,Oosterhout,2020,4.16707198983464,0.06480713869095484,-0.01765055811129388,0.08952701887658465,0.043831684226341885,-0.060383582453131926,0.009482576152453787
WK173407,Oosterhout,2022,4.196904972238908,0.09464012109522275,-0.007832183245480897,0.10501085176892684,0.04515613449873169,-0.06407519498446158,0.01638051305750637
WK173408,Slijk-Ewijk,2002,4.204095710884722,0.10183085974103712,NA,NA,NA,NA,NA
WK173408,Slijk-Ewijk,2008,4.209022400063803,0.10675754892011753,NA,NA,NA,NA,NA
WK173408,Slijk-Ewijk,2012,4.174527412123289,0.07226256097960289,NA,NA,NA,NA,NA
WK173408,Slijk-Ewijk,2014,4.178597494358508,0.07633264321482264,-0.010066978661710116,0.09942285471009137,0.09214343931614227,-0.18627343170152696,0.0811067595518257
WK173408,Slijk-Ewijk,2016,4.1855738388087484,0.0833089876650633,NA,NA,NA,NA,NA
WK173408,Slijk-Ewijk,2018,4.21607564074694,0.11381078960325448,-0.01099244652505835,0.12385947046259332,0.09798960755758988,-0.17748543123640875,0.08043958934453799
WK173408,Slijk-Ewijk,2020,4.173633099138052,0.07136824799436749,-0.011768581328649438,0.10215914554522443,0.07127955167107507,-0.17194163282770084,0.08163976493441799
WK173408,Slijk-Ewijk,2022,4.186220248345845,0.08395539720215973,-0.0067606214715273194,0.11061047385565172,0.0730976647732626,-0.17591182473994077,0.08291970478471321
WK173409,Herveld,2002,4.174126624736334,0.07186177359264885,NA,NA,NA,NA,NA
WK173409,Herveld,2008,4.186134518190644,0.08386966704695924,NA,NA,NA,NA,NA
WK173409,Herveld,2012,4.181785615887026,0.07952076474334094,NA,NA,NA,NA,NA
WK173409,Herveld,2014,4.179944067572201,0.077679216428516,0.021293214851079666,0.08297756074773556,0.06435993816389778,-0.12804058125393394,0.03708908391973663
WK173409,Herveld,2016,4.183934154252256,0.08166930310857104,NA,NA,NA,NA,NA
WK173409,Herveld,2018,4.160971403614091,0.0587065524704054,-0.02066315657966361,0.10616077351478062,0.06080214039348527,-0.12901557976327804,0.041422374905080925
WK173409,Herveld,2020,4.172305290880362,0.07004043973667716,-0.014130423636962217,0.09503882659547197,0.06018594161370189,-0.11367327817145315,0.04261937333591843
WK173409,Herveld,2022,4.169008827137512,0.06674397599382673,-0.00836587285101657,0.10504759198265755,0.06020723277191785,-0.1352773871130347,0.04513241120330232
WK173410,Andelst,2002,4.149214338238352,0.046949487094666814,NA,NA,NA,NA,NA
WK173410,Andelst,2008,4.126241415553783,0.023976564410097545,NA,NA,NA,NA,NA
WK173410,Andelst,2012,4.143796751872825,0.04153190072914034,NA,NA,NA,NA,NA
WK173410,Andelst,2014,4.126168034308777,0.023903183165091928,-0.01615404980471075,0.06215367019651998,0.04795214461619815,-0.11347755643672872,0.04342897459381294
WK173410,Andelst,2016,4.15934160570409,0.05707675456040472,NA,NA,NA,NA,NA
WK173410,Andelst,2018,4.118796140869722,0.016531289726036152,-0.02351625901081636,0.06437492735407206,0.042709971621342324,-0.11210824755862916,0.04507089732006699
WK173410,Andelst,2020,4.146024504729496,0.043759653585811034,-0.01742630275186401,0.06649946404949662,0.04327914390297154,-0.09693663957148778,0.0483439879566943
WK173410,Andelst,2022,4.133676705871855,0.03141185472816954,-0.010119932520319334,0.07884866114954361,0.045275803546311826,-0.12116186869019346,0.038569191242826706
WK173411,Kern Zetten,2002,4.087145264475212,-0.015119586668473203,NA,NA,NA,NA,NA
WK173411,Kern Zetten,2008,4.1090160878038695,0.0067512366601838025,NA,NA,NA,NA,NA
WK173411,Kern Zetten,2012,4.121709613742025,0.019444762598339955,NA,NA,NA,NA,NA
WK173411,Kern Zetten,2014,4.125068937717502,0.022804086573816038,0.01899949574754681,0.04394354877197671,0.025376049043554748,-0.0802467178449097,0.014731710855647175
WK173411,Kern Zetten,2016,4.15025220841587,0.04798735727218544,NA,NA,NA,NA,NA
WK173411,Kern Zetten,2018,4.138058363490359,0.035793512346672884,-0.01635353172360682,0.06696717642449855,0.028021639197892842,-0.06441906974135493,0.02157729818924291
WK173411,Kern Zetten,2020,4.168478147336985,0.06621329619329928,-0.01259452163713441,0.07712284229771106,0.028084467821612887,-0.04584383781320849,0.019444345524317896
WK173411,Kern Zetten,2022,4.114784631836623,0.01251978069293744,-0.008506473168316686,0.060890793022173414,0.026239275172110502,-0.08888981565496529,0.02278600132193519
WK173412,Buitengebied Zetten,2002,4.124238428621977,0.02197357747829197,NA,NA,NA,NA,NA
WK173412,Buitengebied Zetten,2008,4.270358094411104,0.16809324326741878,NA,NA,NA,NA,NA
WK173412,Buitengebied Zetten,2012,4.249496542647409,0.14723169150372367,NA,NA,NA,NA,NA
WK173412,Buitengebied Zetten,2014,4.244594624864389,0.1423297737207041,-0.03857042619535152,0.10148281858060097,0.11522213569248113,-0.10260248874623996,0.06679773438921312
WK173412,Buitengebied Zetten,2016,4.286988511733479,0.18472366058979348,NA,NA,NA,NA,NA
WK173412,Buitengebied Zetten,2018,4.303085150558468,0.20082029941478335,-0.025602292282605195,0.14155765108093343,0.1074487332014123,-0.09173022037602688,0.06914642779106948
WK173412,Buitengebied Zetten,2020,4.309253713411703,0.20698886226801796,-0.03046564906061193,0.12968520524010063,0.12052241647020895,-0.08097999691735755,0.06822688653567764
WK173412,Buitengebied Zetten,2022,4.25506862074498,0.1528037696012956,-0.02527694698988632,0.1120771011619127,0.11315233667530852,-0.11584128164113021,0.06869256039509074
WK173413,Hemmen,2002,4.289214201052911,0.18694934990922554,NA,NA,NA,NA,NA
WK173413,Hemmen,2008,4.253254385737745,0.15098953459405953,NA,NA,NA,NA,NA
WK173413,Hemmen,2012,4.261236253095115,0.15897140195142986,NA,NA,NA,NA,NA
WK173413,Hemmen,2014,4.190689126540019,0.08842427539633406,0.012505216732764095,0.10461693823077334,0.06563392842035981,-0.11263444644548513,0.01830263845792179
WK173413,Hemmen,2016,4.245465714531752,0.1432008633880679,NA,NA,NA,NA,NA
WK173413,Hemmen,2018,4.2511716865470754,0.14890683540339025,0.01855025644048991,0.11856067966955207,0.09697880334928584,-0.09371928485016552,0.008536380794227728
WK173413,Hemmen,2020,4.174181918301291,0.07191706715760549,0.0117896799015833,0.10957551946076989,0.029479492618174664,-0.08394965585009793,0.005022031027175056
WK173413,Hemmen,2022,4.1696974078586795,0.06743255671499396,0.03276269386948709,0.12350765434781222,0.03429762943422654,-0.13481997842932514,0.011684557492793061
WK173414,Randwijk,2002,4.131301580359011,0.029036729215326008,NA,NA,NA,NA,NA
WK173414,Randwijk,2008,4.122979037582395,0.020714186438709644,NA,NA,NA,NA,NA
WK173414,Randwijk,2012,4.1207198179534466,0.01845496680976097,NA,NA,NA,NA,NA
WK173414,Randwijk,2014,4.155590843219424,0.05332599207573833,-0.02386879272679596,0.0895434045809684,0.06963031383529979,-0.12623908743797982,0.044260153824245585
WK173414,Randwijk,2016,4.179290596636285,0.07702574549260062,NA,NA,NA,NA,NA
WK173414,Randwijk,2018,4.1487794660443695,0.04651461490068387,-0.03871800105131045,0.0984987954225255,0.06448060273607649,-0.12039655295910416,0.042649770752496215
WK173414,Randwijk,2020,4.154259812894156,0.051994961750470726,-0.022608361914302714,0.08785643012798673,0.06176473687165658,-0.1240319459598471,0.04901410262497693
WK173414,Randwijk,2022,4.1338820058012455,0.03161715465756028,-0.02093462931444723,0.10282266317818099,0.06414732280250082,-0.16821727319504687,0.05379907118637228
WK173415,Kern Heteren,2002,4.079709185898453,-0.022555665245231997,NA,NA,NA,NA,NA
WK173415,Kern Heteren,2008,4.099095191464672,-0.0031696596790136682,NA,NA,NA,NA,NA
WK173415,Kern Heteren,2012,4.0913120593133385,-0.010952791830346677,NA,NA,NA,NA,NA
WK173415,Kern Heteren,2014,4.109825210316916,0.0075603591732304526,0.006339059548402622,0.06466224448462664,0.03440190284072438,-0.10266472496327694,0.004821877262753464
WK173415,Kern Heteren,2016,4.131578068490431,0.029313217346746294,NA,NA,NA,NA,NA
WK173415,Kern Heteren,2018,4.125711615260285,0.023446764116600197,0.0022669709087769618,0.0848262024122987,0.030126668709429125,-0.10050364612667487,0.006730568212770009
WK173415,Kern Heteren,2020,4.147720696692748,0.0454558455490627,0.007166218118979515,0.08292498036812582,0.030974215291411658,-0.08414556627921109,0.008535998049756528
WK173415,Kern Heteren,2022,4.132055260163093,0.029790409019408423,0.01473991281393024,0.07509538900665894,0.030490463914669596,-0.10768659443245035,0.017151237716599734
WK173416,Buitengebied Heteren,2002,4.223844773344868,0.121579922201183,NA,NA,NA,NA,NA
WK173416,Buitengebied Heteren,2008,4.2546713285999145,0.1524064774562296,NA,NA,NA,NA,NA
WK173416,Buitengebied Heteren,2012,4.2413223272070155,0.13905747606333058,NA,NA,NA,NA,NA
WK173416,Buitengebied Heteren,2014,4.245728298010195,0.14346344686650936,-0.013076940504159086,0.09790169472093833,0.091755625957817,-0.12250064776812825,0.0893837144600411
WK173416,Buitengebied Heteren,2016,4.292912593732813,0.19064774258912837,NA,NA,NA,NA,NA
WK173416,Buitengebied Heteren,2018,4.280608409044653,0.17834355790096865,-0.008691211097867113,0.11908315202937862,0.09413169311771245,-0.12064077516056479,0.09446069901230919
WK173416,Buitengebied Heteren,2020,4.273400107546175,0.17113525640248992,-0.012416610413356498,0.11807952834658485,0.08990021070274043,-0.10950555035242333,0.08507767811894419
WK173416,Buitengebied Heteren,2022,4.247633448644217,0.14536859750053202,-0.010594719647370928,0.11459127989852802,0.08331210095973637,-0.1280787617533066,0.08613869804294474
WK173417,Valburg,2002,4.113225726132161,0.010960874988475675,NA,NA,NA,NA,NA
WK173417,Valburg,2008,4.135887641721764,0.03362279057807867,NA,NA,NA,NA,NA
WK173417,Valburg,2012,4.146417915450388,0.0441530643067028,NA,NA,NA,NA,NA
WK173417,Valburg,2014,4.124936374713243,0.022671523569557275,-0.02868923408218252,0.07388124239020982,0.060449575511707106,-0.13646402886927636,0.053493968619098976
WK173417,Valburg,2016,4.1579834670225875,0.0557186158789018,NA,NA,NA,NA,NA
WK173417,Valburg,2018,4.144608005312556,0.042343154168870675,-0.024561198173495058,0.09416127423841412,0.056734987348288315,-0.1334568531240285,0.0494649438796915
WK173417,Valburg,2020,4.164795947409027,0.0625310962653411,-0.021299556254256335,0.08851701582898466,0.05837514125114866,-0.1113524410034555,0.048290936442919395
WK173417,Valburg,2022,4.158307027355758,0.056042176212073073,-0.016911982254574107,0.09689688148296124,0.055127993396784924,-0.12747033376807965,0.04839961735498041
WK173418,Driel,2002,4.068496386917224,-0.03376846422646145,NA,NA,NA,NA,NA
WK173418,Driel,2008,4.0676641835158405,-0.034600667627844924,NA,NA,NA,NA,NA
WK173418,Driel,2012,4.081920540204362,-0.020344310939323155,NA,NA,NA,NA,NA
WK173418,Driel,2014,4.061522133725606,-0.0407427174180794,-0.010344275422163905,0.04260797282945426,0.0420207703230868,-0.11420310225955159,-8.240828889053138e-4
WK173418,Driel,2016,4.104410635138062,0.0021457839943760295,NA,NA,NA,NA,NA
WK173418,Driel,2018,4.1009545587073,-0.001310292436385737,-0.0019685945653572473,0.05252889538644775,0.0433220501351928,-0.10707146176669483,0.011878818374025463
WK173418,Driel,2020,4.12582993728729,0.02356508614360491,0.0030346645107274914,0.054916933745560524,0.03895504259392748,-0.0845952631796761,0.011253708473065284
WK173418,Driel,2022,4.14342570576871,0.04116085462502474,0.009875998127418802,0.07192877387406896,0.035101841344267075,-0.09992195819088663,0.024176199470156274
WK173500,Wijk 00 Goor,2002,4.095460250529195,-0.006804600614490024,NA,NA,NA,NA,NA
WK173500,Wijk 00 Goor,2008,4.101692795650968,-5.720554927169703e-4,NA,NA,NA,NA,NA
WK173500,Wijk 00 Goor,2012,4.110500457503026,0.008235606359340657,NA,NA,NA,NA,NA
WK173500,Wijk 00 Goor,2014,4.107538558524278,0.005273707380593456,0.0022725519869796896,0.03410428150664472,0.03156719005044017,-0.08215708317211108,0.01948676700863971
WK173500,Wijk 00 Goor,2016,4.121124562171029,0.01885971102734365,NA,NA,NA,NA,NA
WK173500,Wijk 00 Goor,2018,4.131321339211659,0.029056488067973413,0.004637614249311713,0.03732175221067613,0.03199043150882226,-0.0674069422182506,0.022513632317413622
WK173500,Wijk 00 Goor,2020,4.106120804450031,0.003855953306346008,0.009189318448433572,0.03608326575917286,0.02728172921928407,-0.0966036307694647,0.0279052706489199
WK173500,Wijk 00 Goor,2022,4.086572827862187,-0.015692023281498102,0.007208770509455581,0.04159911753807276,0.023104745300718495,-0.11165294125722901,0.024048284627483818
WK173501,Wijk 01 De Whee II,2002,4.092144233511738,-0.010120617631947191,NA,NA,NA,NA,NA
WK173501,Wijk 01 De Whee II,2008,4.110420844371668,0.00815599322798332,NA,NA,NA,NA,NA
WK173501,Wijk 01 De Whee II,2012,4.133896088035553,0.031631236891867864,NA,NA,NA,NA,NA
WK173501,Wijk 01 De Whee II,2014,4.117004292004448,0.014739440860762723,0.004949673293359079,0.06432252283452246,0.04486922916737436,-0.10960761026338808,0.010205625828894638
WK173501,Wijk 01 De Whee II,2016,4.155765022080664,0.05350017093697853,NA,NA,NA,NA,NA
WK173501,Wijk 01 De Whee II,2018,4.1629933719649985,0.06072852082131379,0.010064009067844115,0.0795433854601414,0.04597802220013945,-0.09641753076259901,0.02156063485578751
WK173501,Wijk 01 De Whee II,2020,4.116559881060786,0.014295029917100846,0.01278924980916663,0.07054497274667385,0.04224967826278207,-0.126103035681652,0.014814164780130002
WK173501,Wijk 01 De Whee II,2022,4.123080953627901,0.02081610248421571,0.013603810384999259,0.07514225654381937,0.03977127756907578,-0.1384018907863619,0.030700648772682953
WK173502,Wijk 02 Markelo,2002,4.177926489433284,0.07566163828959907,NA,NA,NA,NA,NA
WK173502,Wijk 02 Markelo,2008,4.178868445771493,0.07660359462780772,NA,NA,NA,NA,NA
WK173502,Wijk 02 Markelo,2012,4.207499092246332,0.1052342411026462,NA,NA,NA,NA,NA
WK173502,Wijk 02 Markelo,2014,4.220600941206197,0.11833609006251145,0.03083792850823049,0.09427259500507995,0.09261239554420435,-0.16044277393046955,0.06105594493546592
WK173502,Wijk 02 Markelo,2016,4.250642209661675,0.14837735851798967,NA,NA,NA,NA,NA
WK173502,Wijk 02 Markelo,2018,4.226877749671841,0.12461289852815602,0.03784356673991005,0.1030972959498976,0.08586738956646836,-0.16239399297627008,0.06019863924814979
WK173502,Wijk 02 Markelo,2020,4.226317915624202,0.12405306448051652,0.03958694535399416,0.10745015402794948,0.08086520125455288,-0.16144809153194878,0.0575988553759685
WK173502,Wijk 02 Markelo,2022,4.2169625379938465,0.11469768685016178,0.04212187332514842,0.10713804928618216,0.0732978673526876,-0.16643288777765555,0.05857278466379887
WK173503,Wijk 03 Verspr.h. Kerspel en omgeving,2002,4.604262733955137,0.5019978828114517,NA,NA,NA,NA,NA
WK173503,Wijk 03 Verspr.h. Kerspel en omgeving,2008,4.53208178687246,0.4298169357287756,NA,NA,NA,NA,NA
WK173503,Wijk 03 Verspr.h. Kerspel en omgeving,2012,4.546815500183316,0.44455064903963043,NA,NA,NA,NA,NA
WK173503,Wijk 03 Verspr.h. Kerspel en omgeving,2014,4.542875059451717,0.44061020830803127,0.058925191311258826,0.15138154061987785,0.23538133029755126,-0.17212255910586732,0.16704470518521028
WK173503,Wijk 03 Verspr.h. Kerspel en omgeving,2016,4.529115409077107,0.4268505579334221,NA,NA,NA,NA,NA
WK173503,Wijk 03 Verspr.h. Kerspel en omgeving,2018,4.5083019580356085,0.4060371068919231,0.07159842131419018,0.11767886196040674,0.23908321943233196,-0.16200739724121832,0.13968400142621232
WK173503,Wijk 03 Verspr.h. Kerspel en omgeving,2020,4.361907516308114,0.2596426651644287,0.0725764810574576,0.13152824847313632,0.0957456634603048,-0.17756386435437554,0.1373561365279052
WK173503,Wijk 03 Verspr.h. Kerspel en omgeving,2022,4.3401058359771865,0.2378409848335013,0.07608398582329505,0.12784197860896618,0.07935991225546998,-0.18295371608460434,0.13750882423037425
WK173504,Wijk 04 Elsen,2002,4.416930102283019,0.31466525113933347,NA,NA,NA,NA,NA
WK173504,Wijk 04 Elsen,2008,4.356532038916239,0.25426718777255336,NA,NA,NA,NA,NA
WK173504,Wijk 04 Elsen,2012,4.379545044620576,0.2772801934768913,NA,NA,NA,NA,NA
WK173504,Wijk 04 Elsen,2014,4.364392921387366,0.26212807024368123,0.03857351471851849,0.14453027371160249,0.13716323386541526,-0.1716358429555018,0.11349689090364658
WK173504,Wijk 04 Elsen,2016,4.37312679185463,0.2708619407109442,NA,NA,NA,NA,NA
WK173504,Wijk 04 Elsen,2018,4.355221007945891,0.25295615680220634,0.04722032333356194,0.1381423477397375,0.1279467915219345,-0.17062989252110677,0.11027658672807879
WK173504,Wijk 04 Elsen,2020,4.347533176364663,0.24526832522097722,0.04918736421951336,0.13021200855366327,0.13481761274989035,-0.1772238292278892,0.10827516892579911
WK173504,Wijk 04 Elsen,2022,4.3305091714692026,0.2282443203255175,0.048529568244100325,0.12690650409529333,0.12291176981558564,-0.1812254615549602,0.11112193972549823
WK173505,Wijk 05 Diepenheim,2002,4.197526798708436,0.09526194756475168,NA,NA,NA,NA,NA
WK173505,Wijk 05 Diepenheim,2008,4.21259378795467,0.11032893681098463,NA,NA,NA,NA,NA
WK173505,Wijk 05 Diepenheim,2012,4.2255031385048785,0.1232382873611934,NA,NA,NA,NA,NA
WK173505,Wijk 05 Diepenheim,2014,4.218353475575676,0.11608862443199085,0.035399211698341454,0.0947236682553739,0.07645117690837376,-0.16177723981708886,0.07129180738699026
WK173505,Wijk 05 Diepenheim,2016,4.264100598462823,0.16183574731913797,NA,NA,NA,NA,NA
WK173505,Wijk 05 Diepenheim,2018,4.249748825934681,0.1474839747909961,0.04148235631434497,0.11662746092031692,0.07671898980048834,-0.15219195883852885,0.0648471265943744
WK173505,Wijk 05 Diepenheim,2020,4.217965609478703,0.11570075833501718,0.04641756254834154,0.10277742899976516,0.07368651821205319,-0.1750377710586417,0.06785701963349874
WK173505,Wijk 05 Diepenheim,2022,4.220960340702301,0.11869548955861565,0.04440277484409017,0.11577059482957981,0.0673544586993909,-0.17859967069110375,0.06976733187665826
WK173506,Wijk 06 Delden,2002,4.246771177720139,0.14450632657645376,NA,NA,NA,NA,NA
WK173506,Wijk 06 Delden,2008,4.265345391857244,0.16308054071355893,NA,NA,NA,NA,NA
WK173506,Wijk 06 Delden,2012,4.278404449125695,0.1761395979820096,NA,NA,NA,NA,NA
WK173506,Wijk 06 Delden,2014,4.240391244970231,0.13812639382654524,0.010508488398949004,0.07741714045673474,0.05163777310355433,-0.03998548890355983,0.03854848077086674
WK173506,Wijk 06 Delden,2016,4.24607790117271,0.14381305002902534,NA,NA,NA,NA,NA
WK173506,Wijk 06 Delden,2018,4.262181077705152,0.1599162265614664,0.013177091503635191,0.09234860526852912,0.055013596849571994,-0.04134896867500956,0.04072590161473941
WK173506,Wijk 06 Delden,2020,4.271751381797663,0.16948653065397803,0.013401539781324428,0.08825798643753804,0.05043251634919625,-0.02303824892229635,0.040432737008215376
WK173506,Wijk 06 Delden,2022,4.275031712765913,0.17276686162222776,0.014812971819897658,0.09187211244350234,0.045673376011065255,-0.024814677876619316,0.04522307922438154
WK173507,Wijk 07 Overig Delden,2002,4.375868398751688,0.2736035476080036,NA,NA,NA,NA,NA
WK173507,Wijk 07 Overig Delden,2008,4.3618131643492815,0.25954831320559685,NA,NA,NA,NA,NA
WK173507,Wijk 07 Overig Delden,2012,4.319546359313358,0.21728150816967287,NA,NA,NA,NA,NA
WK173507,Wijk 07 Overig Delden,2014,4.264264037784135,0.16199918664044988,-0.027809649092414172,0.07343270593211533,0.10573852021824551,-0.09636538305764647,0.10700299264014937
WK173507,Wijk 07 Overig Delden,2016,4.324437928977084,0.2221730778333993,NA,NA,NA,NA,NA
WK173507,Wijk 07 Overig Delden,2018,4.284494583692963,0.18222973254927702,-0.040539634664218234,0.10351267598411049,0.11666977540468276,-0.0973644010423312,0.09995131686703278
WK173507,Wijk 07 Overig Delden,2020,4.310578143089623,0.20831329194593795,-0.04770213825620649,0.12139560878392894,0.12190115916094171,-0.08416774577614906,0.09688640803342267
WK173507,Wijk 07 Overig Delden,2022,4.28866652552822,0.18640167438453467,-0.03875814768965369,0.10055978390049589,0.10966733341937501,-0.07962433144794287,0.09455703620226011
WK173508,Wijk 08 Hengevelde,2002,4.261139570514531,0.15887471937084494,NA,NA,NA,NA,NA
WK173508,Wijk 08 Hengevelde,2008,4.253149606733503,0.15088475558981762,NA,NA,NA,NA,NA
WK173508,Wijk 08 Hengevelde,2012,4.288838911803063,0.1865740606593788,NA,NA,NA,NA,NA
WK173508,Wijk 08 Hengevelde,2014,4.242052132695386,0.13978728155170117,0.025886461083339026,0.09229362491154801,0.09635906938886084,-0.14550054953035108,0.07074867569830415
WK173508,Wijk 08 Hengevelde,2016,4.282281994357806,0.18001714321412138,NA,NA,NA,NA,NA
WK173508,Wijk 08 Hengevelde,2018,4.278328137397684,0.17606328625399859,0.025750878613659406,0.11518126615030486,0.10092888389760866,-0.13492739160802436,0.06912964920044977
WK173508,Wijk 08 Hengevelde,2020,4.265311465519445,0.16304661437575935,0.02968328418172871,0.10784668437415751,0.09680613146465486,-0.13655787658911064,0.06526839094432861
WK173508,Wijk 08 Hengevelde,2022,4.265768304428562,0.16350345328487684,0.025101459562400286,0.11234125303633703,0.09192079941354887,-0.13645730530372796,0.0705972465763184
WK173509,Wijk 09 Bentelo,2002,4.2473779647074,0.1451131135637152,NA,NA,NA,NA,NA
WK173509,Wijk 09 Bentelo,2008,4.206776490583376,0.1045116394396914,NA,NA,NA,NA,NA
WK173509,Wijk 09 Bentelo,2012,4.230831702533782,0.12856685139009666,NA,NA,NA,NA,NA
WK173509,Wijk 09 Bentelo,2014,4.194941131503554,0.09267628035986912,0.008300128172642378,0.10516486752234619,0.09216787907168708,-0.17613253246407848,0.06317593805727162
WK173509,Wijk 09 Bentelo,2016,4.241910498719676,0.13964564757599102,NA,NA,NA,NA,NA
WK173509,Wijk 09 Bentelo,2018,4.22944747820247,0.1271826270587847,0.0156089265349271,0.12254411175336577,0.09584623294292482,-0.17102664498853284,0.06421000081609961
WK173509,Wijk 09 Bentelo,2020,4.2289932832075205,0.126728432063835,0.01876002244845474,0.1102874372417735,0.09443638419482046,-0.16248786238370733,0.06573245056249334
WK173509,Wijk 09 Bentelo,2022,4.216887772311035,0.11462292116735015,0.017617854261500702,0.11673250301411973,0.08571914619004385,-0.16735931665216827,0.06191273435385399
WK174000,Wijk 00 Kesteren,2002,3.9935329435264753,-0.10873190761721004,NA,NA,NA,NA,NA
WK174000,Wijk 00 Kesteren,2008,3.9849560045216403,-0.11730884662204467,NA,NA,NA,NA,NA
WK174000,Wijk 00 Kesteren,2012,3.995343623797851,-0.1069212273458347,NA,NA,NA,NA,NA
WK174000,Wijk 00 Kesteren,2014,4.029234055442689,-0.07303079570099588,-0.03388457343872687,0.02704601358009524,0.03428737799787488,-0.1077723755291718,0.0072927616889323565
WK174000,Wijk 00 Kesteren,2016,4.03119217841133,-0.07107267273235479,NA,NA,NA,NA,NA
WK174000,Wijk 00 Kesteren,2018,4.067251603826371,-0.035013247317314304,-0.03217720112082144,0.055364099302926906,0.037261544418155365,-0.10481755189170285,0.009355861974127392
WK174000,Wijk 00 Kesteren,2020,4.0602733678515435,-0.04199148329214184,-0.03161819244961182,0.05159090894643699,0.03657232047533042,-0.09949122816580931,9.547079015116212e-4
WK174000,Wijk 00 Kesteren,2022,4.101542975828969,-7.218753147158162e-4,-0.026613658009808396,0.05465162939977783,0.04259903595017465,-0.09547280200627534,0.02411391935141517
WK174001,Wijk 01 Echteld,2002,4.008988536502268,-0.09327631464141717,NA,NA,NA,NA,NA
WK174001,Wijk 01 Echteld,2008,4.003165422949328,-0.09909942819435671,NA,NA,NA,NA,NA
WK174001,Wijk 01 Echteld,2012,4.001868209284764,-0.10039664185892126,NA,NA,NA,NA,NA
WK174001,Wijk 01 Echteld,2014,4.011855372008754,-0.0904094791349307,-0.030137691972948567,0.03211918621149517,0.046978485396524494,-0.1498403246336262,0.01047086586362407
WK174001,Wijk 01 Echteld,2016,4.010556502072489,-0.091708349071196,NA,NA,NA,NA,NA
WK174001,Wijk 01 Echteld,2018,4.0265173765203794,-0.07574747462330582,-0.02808115610822237,0.04611226899430265,0.036745568186825575,-0.14787784834837128,0.017353692652159317
WK174001,Wijk 01 Echteld,2020,4.0257134282525415,-0.0765514228911442,-0.029593667720588187,0.057908485451517146,0.02790469386625761,-0.1416151000242776,0.008844165535946562
WK174001,Wijk 01 Echteld,2022,4.075699665904861,-0.026565185238824077,-0.026450485299359807,0.07558094857336443,0.03582732216286039,-0.14356384900356978,0.032040878327880405
WK174002,Wijk 02 Dodewaard,2002,4.048900688666831,-0.053364162476854375,NA,NA,NA,NA,NA
WK174002,Wijk 02 Dodewaard,2008,4.03031040675946,-0.07195444438422494,NA,NA,NA,NA,NA
WK174002,Wijk 02 Dodewaard,2012,4.014199976283956,-0.0880648748597287,NA,NA,NA,NA,NA
WK174002,Wijk 02 Dodewaard,2014,4.033903259470008,-0.06836159167367722,-0.018743645428641067,0.03263349327378008,0.0421569925550279,-0.15401788892279622,0.029609456848951797
WK174002,Wijk 02 Dodewaard,2016,4.031858473811171,-0.07040637733251394,NA,NA,NA,NA,NA
WK174002,Wijk 02 Dodewaard,2018,4.03878007037458,-0.06348478076910478,-0.027929365880327506,0.05413694109850723,0.03478102349359061,-0.15357511456293105,0.029101735082055668
WK174002,Wijk 02 Dodewaard,2020,4.029838719326239,-0.07242613181744632,-0.030293248847798167,0.058155516631268916,0.026502420011137465,-0.1487966053067796,0.0220057856947248
WK174002,Wijk 02 Dodewaard,2022,4.0591240459889,-0.04314080515478481,-0.02510939090033922,0.07684248120889246,0.03119591547847518,-0.15747167731663,0.03140186637481651
WK174200,Wijk 00 Stad Rijssen,2002,4.105068892261157,0.0028040411174712287,NA,NA,NA,NA,NA
WK174200,Wijk 00 Stad Rijssen,2008,4.132255957003465,0.029991105859779744,NA,NA,NA,NA,NA
WK174200,Wijk 00 Stad Rijssen,2012,4.13926990395941,0.03700505281572444,NA,NA,NA,NA,NA
WK174200,Wijk 00 Stad Rijssen,2014,4.187399901464383,0.08513505032069797,0.00990750850815031,0.0505298685918294,0.018784604211045795,-0.0010334726585391448,0.006946541668211365
WK174200,Wijk 00 Stad Rijssen,2016,4.195209771769925,0.09294492062623916,NA,NA,NA,NA,NA
WK174200,Wijk 00 Stad Rijssen,2018,4.187763647424966,0.08549879628128117,0.00767185678570831,0.05292202157891271,0.013132435619199415,0.003764187470433895,0.008008294827026523
WK174200,Wijk 00 Stad Rijssen,2020,4.197893477957667,0.09562862681398152,0.010673147121782661,0.0637322062202359,0.011538733587661873,5.947552660006472e-4,0.009089784618300109
WK174200,Wijk 00 Stad Rijssen,2022,4.2267216231214455,0.12445677197775984,0.012508550081739756,0.07356303601397005,0.014269456960145517,-0.0045853965217187865,0.02870112544362302
WK174201,Wijk 01 Stadsrand,2002,4.109081185595983,0.00681633445229718,NA,NA,NA,NA,NA
WK174201,Wijk 01 Stadsrand,2008,4.125745798257834,0.02348094711414902,NA,NA,NA,NA,NA
WK174201,Wijk 01 Stadsrand,2012,4.124650740212751,0.022385889069064885,NA,NA,NA,NA,NA
WK174201,Wijk 01 Stadsrand,2014,4.141419185288787,0.03915433414510167,0.015216383310504305,0.05802951050481839,0.04803893830901768,-0.06171027237354064,-0.020420225605698315
WK174201,Wijk 01 Stadsrand,2016,4.168720162535295,0.06645531139160961,NA,NA,NA,NA,NA
WK174201,Wijk 01 Stadsrand,2018,4.166184220742612,0.06391936959892713,0.017749662398780317,0.07009540403424305,0.044178700072154554,-0.06104079291579007,-0.007063603990460974
WK174201,Wijk 01 Stadsrand,2020,4.173095587684726,0.07083073654104097,0.01799165431140111,0.07694977372969287,0.03953940742053153,-0.058437404625609576,-0.005212694294975258
WK174201,Wijk 01 Stadsrand,2022,4.187735093464414,0.08547024232072939,0.016948698024918087,0.07630007931598752,0.04125403507432443,-0.06649577615878971,0.017463206064288805
WK174202,Wijk 02 Buitengebied Rijssen,2002,4.296283682906533,0.19401883176284773,NA,NA,NA,NA,NA
WK174202,Wijk 02 Buitengebied Rijssen,2008,4.303182942587101,0.20091809144341594,NA,NA,NA,NA,NA
WK174202,Wijk 02 Buitengebied Rijssen,2012,4.284563858948141,0.182299007804456,NA,NA,NA,NA,NA
WK174202,Wijk 02 Buitengebied Rijssen,2014,4.343761013571209,0.24149616242752364,0.023929828424080864,0.11692122291729624,0.14464405179053913,-0.1251339681799403,0.08113502747554735
WK174202,Wijk 02 Buitengebied Rijssen,2016,4.339713922942378,0.2374490717986926,NA,NA,NA,NA,NA
WK174202,Wijk 02 Buitengebied Rijssen,2018,4.346953301409944,0.24468845026625874,0.05169389148302011,0.11559036893270871,0.13067895225787915,-0.1301467715781246,0.0768720091707751
WK174202,Wijk 02 Buitengebied Rijssen,2020,4.31712249908145,0.21485764793776482,0.03993997381933903,0.1236267377195043,0.11720449404373126,-0.1292441159605929,0.06333055831578281
WK174202,Wijk 02 Buitengebied Rijssen,2022,4.317314129593674,0.21504927844998842,0.038436911340038994,0.12725724179737868,0.12026934620911335,-0.13501493251549998,0.06410071161895725
WK174203,Wijk 03 Holten,2002,4.136540498722388,0.03427564757870263,NA,NA,NA,NA,NA
WK174203,Wijk 03 Holten,2008,4.153830175843376,0.051565324699690857,NA,NA,NA,NA,NA
WK174203,Wijk 03 Holten,2012,4.170839454218247,0.06857460307456137,NA,NA,NA,NA,NA
WK174203,Wijk 03 Holten,2014,4.208683799275853,0.1064189481321682,0.0059282480062659935,0.09178159790151413,0.05456005218924998,-0.08130260648020683,0.03545165651534468
WK174203,Wijk 03 Holten,2016,4.2149634993836,0.11269864823991468,NA,NA,NA,NA,NA
WK174203,Wijk 03 Holten,2018,4.207083500100237,0.10481864895655131,0.007864217771700292,0.07992616355777436,0.04988829101788426,-0.06739759321403209,0.03453756982322418
WK174203,Wijk 03 Holten,2020,4.223645530439731,0.12138067929604537,0.007586772570763562,0.09353156133785098,0.04605978646812827,-0.06169180291235557,0.03589436183165782
WK174203,Wijk 03 Holten,2022,4.228348882818883,0.12608403167519822,0.009398854062802121,0.10454487447370715,0.049157928772553525,-0.07394930018426003,0.03693167455039521
WK174204,Wijk 04 Bedrijventerrein Holten,2002,4.016986458239732,-0.08527839290395296,NA,NA,NA,NA,NA
WK174204,Wijk 04 Bedrijventerrein Holten,2008,4.018259911716404,-0.08400493942728066,NA,NA,NA,NA,NA
WK174204,Wijk 04 Bedrijventerrein Holten,2012,4.042769705846516,-0.059495145297168504,NA,NA,NA,NA,NA
WK174204,Wijk 04 Bedrijventerrein Holten,2014,4.074134071096446,-0.028130780047239234,-0.16898506705235156,0.06246680798581632,0.07286036424756202,-0.09032636338788788,0.09585347815962195
WK174204,Wijk 04 Bedrijventerrein Holten,2016,4.126640689135598,0.024375837991912563,NA,NA,NA,NA,NA
WK174204,Wijk 04 Bedrijventerrein Holten,2018,4.127748109421273,0.025483258277588572,-0.18449057095173094,0.08068776856409782,0.11202108851236148,-0.07151400782327112,0.08877897997613118
WK174204,Wijk 04 Bedrijventerrein Holten,2020,4.137977777481891,0.03571292633820533,-0.17689361479391266,0.0977373453472624,0.08530727671401556,-0.059520944534101214,0.08908286360494094
WK174204,Wijk 04 Bedrijventerrein Holten,2022,4.141040850399554,0.03877599925586885,-0.16150646545388364,0.10409544699326649,0.09231477490592352,-0.07231563746939221,0.0761878802799543
WK174205,Wijk 05 Buitengebied Holten,2002,4.225695432193912,0.12343058105022658,NA,NA,NA,NA,NA
WK174205,Wijk 05 Buitengebied Holten,2008,4.1920468029457485,0.08978195180206339,NA,NA,NA,NA,NA
WK174205,Wijk 05 Buitengebied Holten,2012,4.205808700022871,0.1035438488791861,NA,NA,NA,NA,NA
WK174205,Wijk 05 Buitengebied Holten,2014,4.244690679709394,0.14242582856570876,-0.04757908857848284,0.1362743282084283,0.14677760781572508,-0.1715802608916104,0.07853324201164828
WK174205,Wijk 05 Buitengebied Holten,2016,4.2558720819248554,0.15360723078117003,NA,NA,NA,NA,NA
WK174205,Wijk 05 Buitengebied Holten,2018,4.256926940176222,0.15466208903253728,-0.008606460894134402,0.12385358079805478,0.13370187145308282,-0.1660486869708293,0.0717617846463631
WK174205,Wijk 05 Buitengebied Holten,2020,4.23651770515434,0.13425285401065493,-0.023841410588214047,0.12203889050629542,0.1294201025177713,-0.16490159550123648,0.07153686707603847
WK174205,Wijk 05 Buitengebied Holten,2022,4.236349371204714,0.1340845200610289,-0.02328438967590298,0.1258187848843321,0.1308134783467766,-0.17106438688200656,0.07180103338782941
WK174207,Wijk 07 Bedrijventerrein Rijssen,2002,4.128160729372996,0.02589587822931023,NA,NA,NA,NA,NA
WK174207,Wijk 07 Bedrijventerrein Rijssen,2008,4.154070887756417,0.05180603661273103,NA,NA,NA,NA,NA
WK174207,Wijk 07 Bedrijventerrein Rijssen,2012,4.128951372855243,0.026686521711558196,NA,NA,NA,NA,NA
WK174207,Wijk 07 Bedrijventerrein Rijssen,2014,4.1730227515916685,0.07075790044798333,-0.13496456904744755,0.0921924356503282,0.12262694857305692,-0.08711145866908465,0.07801454394113018
WK174207,Wijk 07 Bedrijventerrein Rijssen,2016,4.15194796552845,0.049683114384765095,NA,NA,NA,NA,NA
WK174207,Wijk 07 Bedrijventerrein Rijssen,2018,4.139710013977792,0.03744516283410742,-0.148293849497199,0.08052744410028868,0.11235578836400084,-0.08335125369098934,0.0762070335580061
WK174207,Wijk 07 Bedrijventerrein Rijssen,2020,4.131334434515914,0.029069583372228744,-0.14099362837120413,0.09336575756967176,0.09990934956779945,-0.07851024643465729,0.055298351040618685
WK174207,Wijk 07 Bedrijventerrein Rijssen,2022,4.156324014036724,0.0540591628930396,-0.14734684788088595,0.10372009378709647,0.10117589794530862,-0.08267594294161205,0.07918596198313216
WK174208,Wijk 08 Recreatiegebied De Borkeld,2002,4.309838808487011,0.207573957343325,NA,NA,NA,NA,NA
WK174208,Wijk 08 Recreatiegebied De Borkeld,2008,4.324480392442134,0.2222155412984484,NA,NA,NA,NA,NA
WK174208,Wijk 08 Recreatiegebied De Borkeld,2012,4.28852750004125,0.1862626488975647,NA,NA,NA,NA,NA
WK174208,Wijk 08 Recreatiegebied De Borkeld,2014,4.292431557824351,0.19016670668066551,0.02550464938922717,0.12722662137031765,0.1357613351644473,-0.16139602562952512,0.06307012638619829
WK174208,Wijk 08 Recreatiegebied De Borkeld,2016,4.331458477055866,0.22919362591218181,NA,NA,NA,NA,NA
WK174208,Wijk 08 Recreatiegebied De Borkeld,2018,4.28685078239367,0.18458593124998507,0.035025883202299476,0.1199767366861139,0.12757651076305626,-0.1566777757905819,0.05868457638909708
WK174208,Wijk 08 Recreatiegebied De Borkeld,2020,4.278772994330486,0.17650814318680164,0.03111777584791031,0.11724590357973146,0.1258560322358286,-0.15804568488662016,0.06033411640995117
WK174208,Wijk 08 Recreatiegebied De Borkeld,2022,4.257577395845868,0.15531254470218234,0.02219452909850031,0.12934828642142482,0.10650027264343788,-0.16611648865649395,0.06338594519531303
WK177100,Wijk 00 Geldrop,2002,4.058140412182247,-0.04412443896143847,NA,NA,NA,NA,NA
WK177100,Wijk 00 Geldrop,2008,4.074068419399467,-0.028196431744218573,NA,NA,NA,NA,NA
WK177100,Wijk 00 Geldrop,2012,4.073410529163847,-0.028854321979838702,NA,NA,NA,NA,NA
WK177100,Wijk 00 Geldrop,2014,4.107919853879001,0.005655002735315649,-0.011589514479967101,0.016840871406853045,0.005504424068949359,-0.004724763464838094,-3.7601479568183995e-4
WK177100,Wijk 00 Geldrop,2016,4.119570840077307,0.017305988933621598,NA,NA,NA,NA,NA
WK177100,Wijk 00 Geldrop,2018,4.128513892697798,0.026249041554112874,-0.006386465120466378,0.023297776538682615,0.005439057609481798,-0.004657857679107225,0.008556530205521804
WK177100,Wijk 00 Geldrop,2020,4.141187854627672,0.03892300348398746,-0.003406136291738818,0.02237259288435428,0.005133047260993763,0.006153742674944709,0.008669756955433268
WK177100,Wijk 00 Geldrop,2022,4.134676707033199,0.03241185588951356,-0.0037358416539133342,0.019645142528656293,0.0065335755666133186,0.0021668733006762046,0.007802106147480813
WK177101,Wijk 01 Mierlo,2002,4.05982300536477,-0.0424418457789153,NA,NA,NA,NA,NA
WK177101,Wijk 01 Mierlo,2008,4.054530085358259,-0.04773476578542636,NA,NA,NA,NA,NA
WK177101,Wijk 01 Mierlo,2012,4.0791939954038465,-0.02307085573983865,NA,NA,NA,NA,NA
WK177101,Wijk 01 Mierlo,2014,4.1188665000590605,0.01660164891537498,-0.003787023156194252,0.03290988317213083,0.023038126621088117,-0.0724332737068024,0.03687393598515245
WK177101,Wijk 01 Mierlo,2016,4.119130984901089,0.01686613375740372,NA,NA,NA,NA,NA
WK177101,Wijk 01 Mierlo,2018,4.115793819092572,0.013528967948886776,0.004413628922982848,0.023861862632435477,0.02467237663511366,-0.074557798799997,0.03513889855835152
WK177101,Wijk 01 Mierlo,2020,4.124624018248956,0.02235916710527098,0.007513405600442863,0.03023150024302191,0.021138388645778477,-0.06941425722771236,0.03289012984373977
WK177101,Wijk 01 Mierlo,2022,4.122824506159254,0.020559655015569073,0.007437141041632579,0.03856126557661166,0.017931444013527493,-0.0792112368422777,0.03584104122607474
WK177301,Wijk 01 Olst,2002,4.01777170685263,-0.08449314429105415,NA,NA,NA,NA,NA
WK177301,Wijk 01 Olst,2008,4.025982895194478,-0.07628195594920742,NA,NA,NA,NA,NA
WK177301,Wijk 01 Olst,2012,4.02861969155585,-0.07364515958783531,NA,NA,NA,NA,NA
WK177301,Wijk 01 Olst,2014,4.048245338543351,-0.054019512600333594,-0.0017018030124216074,0.06377742417159961,0.027982704105977384,-0.16760562236760448,0.02352778450211523
WK177301,Wijk 01 Olst,2016,4.065152443717941,-0.03711240742574402,NA,NA,NA,NA,NA
WK177301,Wijk 01 Olst,2018,4.058956040288928,-0.043308810854757226,0.001362008776935569,0.07264552434287865,0.024474650898141836,-0.16507279917203074,0.02328180429931716
WK177301,Wijk 01 Olst,2020,4.091668766616775,-0.010596084526910911,0.004828675579794841,0.09378036539147265,0.022644679708865564,-0.15848133964427846,0.026631534437234195
WK177301,Wijk 01 Olst,2022,4.075004628553274,-0.027260222590410478,0.008298866420544348,0.08560269083699186,0.024121049201650514,-0.17105026833887552,0.025767439289278056
WK177302,Wijk 02 Wijhe,2002,4.108349468978098,0.006084617834412563,NA,NA,NA,NA,NA
WK177302,Wijk 02 Wijhe,2008,4.13110421706627,0.02883936592258488,NA,NA,NA,NA,NA
WK177302,Wijk 02 Wijhe,2012,4.130610135274182,0.028345284130496994,NA,NA,NA,NA,NA
WK177302,Wijk 02 Wijhe,2014,4.146637041603797,0.0443721904601117,0.021962700897518225,0.07806619322271045,0.03826240261631378,-0.13055512669904012,0.03663602042260907
WK177302,Wijk 02 Wijhe,2016,4.18428492823625,0.0820200770925652,NA,NA,NA,NA,NA
WK177302,Wijk 02 Wijhe,2018,4.156925867502941,0.054661016359255486,0.0303047119354049,0.07777887953693922,0.04060885510519406,-0.12453603073357629,0.030504600515293318
WK177302,Wijk 02 Wijhe,2020,4.171240179219541,0.06897532807585548,0.02601237881220786,0.08176408672626831,0.04187118928994252,-0.1160955959007857,0.0354232691482222
WK177302,Wijk 02 Wijhe,2022,4.170010437498401,0.0677455863547154,0.0282785674271027,0.10238837911705158,0.04182049484705929,-0.13746640598756366,0.03272455095106519
WK177303,Wijk 03 Wesepe,2002,4.183921271064636,0.0816564199209509,NA,NA,NA,NA,NA
WK177303,Wijk 03 Wesepe,2008,4.171518535919992,0.06925368477630629,NA,NA,NA,NA,NA
WK177303,Wijk 03 Wesepe,2012,4.17605143270624,0.07378658156255474,NA,NA,NA,NA,NA
WK177303,Wijk 03 Wesepe,2014,4.17243398841937,0.07016913727568509,0.01579237859749229,0.10805067040010329,0.08452619645849554,-0.19293443861661638,0.05473433043621005
WK177303,Wijk 03 Wesepe,2016,4.152009810117478,0.04974495897379244,NA,NA,NA,NA,NA
WK177303,Wijk 03 Wesepe,2018,4.187207385558502,0.08494253441481685,0.02710217761781594,0.11392511555772249,0.08471065664210553,-0.19291865262478647,0.05212323722195903
WK177303,Wijk 03 Wesepe,2020,4.183704794954728,0.08143994381104327,0.01573674651644113,0.12018977303983819,0.07407436880563398,-0.18780981613606537,0.05924887158519513
WK177303,Wijk 03 Wesepe,2022,4.163188202953583,0.06092335180989755,0.013895780777924775,0.10682182470556321,0.07371352109569551,-0.1966452950271883,0.06313752025790215
WK177304,Wijk 04 Boskamp,2002,4.090826085278351,-0.011438765865333905,NA,NA,NA,NA,NA
WK177304,Wijk 04 Boskamp,2008,4.087619843409642,-0.014645007734043307,NA,NA,NA,NA,NA
WK177304,Wijk 04 Boskamp,2012,4.081687502886909,-0.02057734825677641,NA,NA,NA,NA,NA
WK177304,Wijk 04 Boskamp,2014,4.115351093749908,0.01308624260622255,0.01604264857069988,0.09097231905852922,0.055562449276876424,-0.17613628675616205,0.026645112456278788
WK177304,Wijk 04 Boskamp,2016,4.075157977885711,-0.027106873257974607,NA,NA,NA,NA,NA
WK177304,Wijk 04 Boskamp,2018,4.090974990018337,-0.011289861125348197,0.015051637636994492,0.09633374794746109,0.053636992462493614,-0.18144169115373562,0.005129451981437903
WK177304,Wijk 04 Boskamp,2020,4.118254876248268,0.01599002510458239,0.01835129890954455,0.09223010100708127,0.043149988328517415,-0.1701203504392241,0.03237898729866285
WK177304,Wijk 04 Boskamp,2022,4.1256873268055845,0.023422475661898607,0.020437688332689954,0.0984834631775076,0.04422870783675354,-0.1822660829948322,0.04253869930977934
WK177305,Wijk 05 Boerhaar,2002,4.301812985476946,0.19954813433326127,NA,NA,NA,NA,NA
WK177305,Wijk 05 Boerhaar,2008,4.301152310045492,0.19888745890180595,NA,NA,NA,NA,NA
WK177305,Wijk 05 Boerhaar,2012,4.2368050352078175,0.13454018406413176,NA,NA,NA,NA,NA
WK177305,Wijk 05 Boerhaar,2014,4.230449246242668,0.12818439509898255,-0.014358497189817626,0.11843311474112071,0.1388455112889365,-0.19960430503643156,0.0848685712951743
WK177305,Wijk 05 Boerhaar,2016,4.233484896657206,0.13122004551352012,NA,NA,NA,NA,NA
WK177305,Wijk 05 Boerhaar,2018,4.23611323621871,0.13384838507502464,0.0056310210436952435,0.11528200036196179,0.12718184141793287,-0.19184707074580493,0.07760059299723936
WK177305,Wijk 05 Boerhaar,2020,4.231867553980564,0.12960270283687866,-0.0052173729750960495,0.11403120481619614,0.12764597532165792,-0.1888885332949378,0.08203142896905799
WK177305,Wijk 05 Boerhaar,2022,4.236442599144578,0.13417774800089272,-0.004261494685431627,0.1276747202309528,0.12206107848689081,-0.1956645426280471,0.08436798659652762
WK177306,Wijk 06 Welsum,2002,4.196017800838259,0.09375294969457339,NA,NA,NA,NA,NA
WK177306,Wijk 06 Welsum,2008,4.18885964388743,0.08659479274374514,NA,NA,NA,NA,NA
WK177306,Wijk 06 Welsum,2012,4.184107588852384,0.08184273770869842,NA,NA,NA,NA,NA
WK177306,Wijk 06 Welsum,2014,4.226713364695201,0.12444851355151616,0.00611064467144601,0.11037592875773206,0.13593811086861685,-0.2285804244549299,0.10060425370865086
WK177306,Wijk 06 Welsum,2016,4.233890567249464,0.13162571610577867,NA,NA,NA,NA,NA
WK177306,Wijk 06 Welsum,2018,4.233649184111299,0.13138433296761434,0.014591012361426577,0.12501194691114073,0.12090408678909097,-0.2272391765087419,0.09811646341469778
WK177306,Wijk 06 Welsum,2020,4.210549352285911,0.10828450114222528,0.013582200639766813,0.12818243480189645,0.0956874379837624,-0.22324431205745343,0.09407673977425281
WK177306,Wijk 06 Welsum,2022,4.199419045762257,0.09715419461857164,0.012107377052618723,0.12050497845956007,0.09494574649473089,-0.2273330411980495,0.09692913380971117
WK177307,Wijk 07 Den Nul,2002,4.1239521049740375,0.021687253830352672,NA,NA,NA,NA,NA
WK177307,Wijk 07 Den Nul,2008,4.1122577806988865,0.009992929555201664,NA,NA,NA,NA,NA
WK177307,Wijk 07 Den Nul,2012,4.132067844407984,0.02980299326429919,NA,NA,NA,NA,NA
WK177307,Wijk 07 Den Nul,2014,4.12876700967891,0.02650215853522476,0.003222181003350129,0.09058593902608943,0.0906417276620401,-0.204799623621212,0.046851934464956814
WK177307,Wijk 07 Den Nul,2016,4.156775646771331,0.05451079562764565,NA,NA,NA,NA,NA
WK177307,Wijk 07 Den Nul,2018,4.153279639884443,0.051014788740757114,0.010372866992564967,0.10328130075740898,0.08161482169904817,-0.2017308949066557,0.05747669419839044
WK177307,Wijk 07 Den Nul,2020,4.172332508559159,0.07006765741547427,0.011608316458198664,0.12315127237687243,0.07487526097168652,-0.19823244528541578,0.05866525289413209
WK177307,Wijk 07 Den Nul,2022,4.164825264700035,0.06256041355634999,0.015410862138755314,0.12064322994751635,0.07294797632138686,-0.20841386460789663,0.06197220975658779
WK177308,Wijk 08 Eikelhof,2002,4.240848263583805,0.13858341244012,NA,NA,NA,NA,NA
WK177308,Wijk 08 Eikelhof,2008,4.249287780443927,0.14702292930024138,NA,NA,NA,NA,NA
WK177308,Wijk 08 Eikelhof,2012,4.251072104127509,0.1488072529838238,NA,NA,NA,NA,NA
WK177308,Wijk 08 Eikelhof,2014,4.2607788198238525,0.1585139686801673,0.016756911272447553,0.11542508678302141,0.1290080762129527,-0.1979412065089297,0.09526510092067517
WK177308,Wijk 08 Eikelhof,2016,4.224386397179137,0.12212154603545125,NA,NA,NA,NA,NA
WK177308,Wijk 08 Eikelhof,2018,4.2454324904627025,0.14316763931901724,0.017105616969981877,0.11557173655110488,0.11776062594946962,-0.19982440713261443,0.09255406698107509
WK177308,Wijk 08 Eikelhof,2020,4.239795873178096,0.13753102203441098,0.017113196562630714,0.1159354151912204,0.10981991754498191,-0.1962615679176853,0.09092406065326307
WK177308,Wijk 08 Eikelhof,2022,4.244603791415461,0.1423389402717759,0.016824774205018034,0.11973289108119342,0.11096519520568111,-0.20004539524168116,0.09486147502156425
WK177309,Wijk 09 Elshof,2002,4.276380102046416,0.17411525090273133,NA,NA,NA,NA,NA
WK177309,Wijk 09 Elshof,2008,4.285943594818633,0.18367874367494755,NA,NA,NA,NA,NA
WK177309,Wijk 09 Elshof,2012,4.222997147122565,0.12073229597888033,NA,NA,NA,NA,NA
WK177309,Wijk 09 Elshof,2014,4.241196576686035,0.13893172554235023,-0.013712673005033807,0.12008980776223636,0.15906073113636882,-0.21389651947469257,0.0873903791234712
WK177309,Wijk 09 Elshof,2016,4.232394510545028,0.1301296594013425,NA,NA,NA,NA,NA
WK177309,Wijk 09 Elshof,2018,4.241775208986558,0.13951035784287277,0.0035498751539116673,0.11883377986176076,0.13585745579655661,-0.2047397742385564,0.08600902126919996
WK177309,Wijk 09 Elshof,2020,4.236711292726201,0.13444644158251653,-0.008473559163697195,0.12141642235045393,0.13792799235231262,-0.2024038942754551,0.08597948031890194
WK177309,Wijk 09 Elshof,2022,4.259834734061689,0.15756988291800386,-0.00850426308177203,0.13606027940463145,0.13448423880526117,-0.20500516557867968,0.10053479336856268
WK177310,Wijk 10 Marle,2002,4.184699396291561,0.0824345451478754,NA,NA,NA,NA,NA
WK177310,Wijk 10 Marle,2008,4.193658921865441,0.09139407072175594,NA,NA,NA,NA,NA
WK177310,Wijk 10 Marle,2012,4.199153310859773,0.09688845971608857,NA,NA,NA,NA,NA
WK177310,Wijk 10 Marle,2014,4.29003050334262,0.18776565219893515,0.00403279580525244,0.15819812361759442,0.13954785254496999,-0.236761592481021,0.122748472712139
WK177310,Wijk 10 Marle,2016,4.338591461875384,0.23632661073169867,NA,NA,NA,NA,NA
WK177310,Wijk 10 Marle,2018,4.3024584561043495,0.20019360496066355,0.022413546386901878,0.14736008941561235,0.14188847316353073,-0.2315649553027708,0.12009645129738934
WK177310,Wijk 10 Marle,2020,4.298290544822702,0.19602569367901712,0.01199480202643947,0.14729289936514153,0.14915149439640593,-0.23734653929694324,0.12493303718797295
WK177310,Wijk 10 Marle,2022,4.235954188103411,0.1336893369597252,-0.011311991714078158,0.13815327355089194,0.14516768543849692,-0.25582162354696986,0.11750199323138429
WK177311,Wijk 11 Middel,2002,4.202769004252451,0.100504153108765,NA,NA,NA,NA,NA
WK177311,Wijk 11 Middel,2008,4.234724472175553,0.1324596210318679,NA,NA,NA,NA,NA
WK177311,Wijk 11 Middel,2012,4.2728539698241,0.17058911868041426,NA,NA,NA,NA,NA
WK177311,Wijk 11 Middel,2014,4.264066870039689,0.16180201889600382,-0.019206959945057885,0.13816559985617263,0.1928693448763654,-0.2309759110446285,0.08094994515315185
WK177311,Wijk 11 Middel,2016,4.237973685351163,0.13570883420747704,NA,NA,NA,NA,NA
WK177311,Wijk 11 Middel,2018,4.256056664195131,0.15379181305144557,-0.004246147728069485,0.13829593571074153,0.17044357714695282,-0.23083536390803777,0.0801338118298583
WK177311,Wijk 11 Middel,2020,4.205089392346037,0.10282454120235178,-0.00996384197903895,0.13342453104190288,0.12676352543646738,-0.2285878295045296,0.0811881562075498
WK177311,Wijk 11 Middel,2022,4.1826377305742515,0.08037287943056648,-0.009221625011067118,0.11274059563191298,0.12477718782847223,-0.233721140556678,0.08579786153792597
WK177312,Wijk 12 Herxen,2002,4.221862052280734,0.11959720113704893,NA,NA,NA,NA,NA
WK177312,Wijk 12 Herxen,2008,4.217629880955424,0.11536502981173835,NA,NA,NA,NA,NA
WK177312,Wijk 12 Herxen,2012,4.21072356443792,0.10845871329423493,NA,NA,NA,NA,NA
WK177312,Wijk 12 Herxen,2014,4.2416460535443585,0.13938120240067323,0.0016395959672202878,0.11493253575989797,0.15575453160748506,-0.2241978054944046,0.09125234456047432
WK177312,Wijk 12 Herxen,2016,4.2472510809260635,0.14498622978237796,NA,NA,NA,NA,NA
WK177312,Wijk 12 Herxen,2018,4.248042091063371,0.14577723991968558,0.025210489682917305,0.11340578485015773,0.13435713666464258,-0.22188336806397757,0.09468719678594548
WK177312,Wijk 12 Herxen,2020,4.219550361789697,0.11728551064601131,0.019650432063919247,0.10690970239573898,0.11760458872672874,-0.2218571601184891,0.09497794757811324
WK177312,Wijk 12 Herxen,2022,4.220505390104272,0.11824053896058702,0.02040600911760441,0.11502419717240646,0.10894582207931425,-0.22366787314816108,0.0975323837394227
WK177410,Wijk 10 Denekamp,2002,4.074684477589293,-0.02758037355439229,NA,NA,NA,NA,NA
WK177410,Wijk 10 Denekamp,2008,4.095228052224331,-0.007036798919353975,NA,NA,NA,NA,NA
WK177410,Wijk 10 Denekamp,2012,4.107388269799016,0.005123418655330815,NA,NA,NA,NA,NA
WK177410,Wijk 10 Denekamp,2014,4.138837407529027,0.03657255638534151,0.03440115655911632,0.060336101225603796,0.05738036912829011,-0.14433821604234903,0.02879314551468
WK177410,Wijk 10 Denekamp,2016,4.169005949083134,0.06674109793944945,NA,NA,NA,NA,NA
WK177410,Wijk 10 Denekamp,2018,4.147402364847919,0.045137513704233634,0.03412366165365557,0.07319503012770245,0.06027507316491748,-0.15022968027360598,0.027773429031563823
WK177410,Wijk 10 Denekamp,2020,4.160590383232029,0.05832553208834364,0.03955213235993479,0.08676837530196599,0.05526031686499918,-0.15065023013589637,0.027394937697339784
WK177410,Wijk 10 Denekamp,2022,4.1692748571393965,0.06701000599571072,0.03731906280087927,0.08844689850736452,0.05478964692430484,-0.15061170191423198,0.03706609967739381
WK177411,Wijk 11 Lattrop-Breklenkamp,2002,4.149837535088431,0.04757268394474574,NA,NA,NA,NA,NA
WK177411,Wijk 11 Lattrop-Breklenkamp,2008,4.178016202491368,0.07575135134768328,NA,NA,NA,NA,NA
WK177411,Wijk 11 Lattrop-Breklenkamp,2012,4.156184526678447,0.05391967553476189,NA,NA,NA,NA,NA
WK177411,Wijk 11 Lattrop-Breklenkamp,2014,4.208786350082727,0.10652149893904153,0.0718835349993902,0.10928883394662539,0.12851163183313657,-0.2487070799093184,0.045544578069207496
WK177411,Wijk 11 Lattrop-Breklenkamp,2016,4.15270840260439,0.05044355146070471,NA,NA,NA,NA,NA
WK177411,Wijk 11 Lattrop-Breklenkamp,2018,4.208720525864504,0.10645567472081915,0.07287005178656211,0.1078576180934536,0.13306029359446314,-0.2557293331639792,0.048397044410319244
WK177411,Wijk 11 Lattrop-Breklenkamp,2020,4.200493874467862,0.09822902332417738,0.07128270938992687,0.11447585035238811,0.12049102080174343,-0.25538310671239683,0.04736254949251567
WK177411,Wijk 11 Lattrop-Breklenkamp,2022,4.2140560159930835,0.1117911648493986,0.06339009799203467,0.11848319825569308,0.11728364547829942,-0.25112399134926644,0.0637582144726377
WK177412,Wijk 12 Tilligte,2002,4.197637387753367,0.09537253660968205,NA,NA,NA,NA,NA
WK177412,Wijk 12 Tilligte,2008,4.154525372686343,0.05226052154265761,NA,NA,NA,NA,NA
WK177412,Wijk 12 Tilligte,2012,4.207126401483465,0.10486155033977942,NA,NA,NA,NA,NA
WK177412,Wijk 12 Tilligte,2014,4.2353405422017145,0.1330756910580297,0.05368309407022708,0.10084441014136425,0.15493914100597964,-0.23520987505594732,0.05881892089640565
WK177412,Wijk 12 Tilligte,2016,4.222861145482413,0.12059629433872765,NA,NA,NA,NA,NA
WK177412,Wijk 12 Tilligte,2018,4.245677050346397,0.14341219920271195,0.05906038515448189,0.1301248643377707,0.12371427187064642,-0.2268883428803904,0.05740102072020311
WK177412,Wijk 12 Tilligte,2020,4.215568193698662,0.11330334255497664,0.052695086134108345,0.1273839628702919,0.10050703423800746,-0.22481427450319022,0.05753153381575883
WK177412,Wijk 12 Tilligte,2022,4.222221253476132,0.11995640233244616,0.056213141938204286,0.13226876505078464,0.10407451398629025,-0.2228331870976688,0.050233168454835456
WK177413,Wijk 13 Agelo,2002,4.253527360943649,0.15126250979996417,NA,NA,NA,NA,NA
WK177413,Wijk 13 Agelo,2008,4.263212190527594,0.16094733938390887,NA,NA,NA,NA,NA
WK177413,Wijk 13 Agelo,2012,4.2619155921161145,0.15965074097242907,NA,NA,NA,NA,NA
WK177413,Wijk 13 Agelo,2014,4.253439083232074,0.15117423208838887,0.06443947730021694,0.09363512253418119,0.128430070399336,-0.20692177615756818,0.07159133801222267
WK177413,Wijk 13 Agelo,2016,4.315313135183594,0.21304828403990878,NA,NA,NA,NA,NA
WK177413,Wijk 13 Agelo,2018,4.329073394330281,0.22680854318659507,0.06865577327830387,0.13568674857485943,0.15071364009194585,-0.19283058142723747,0.06458296266872324
WK177413,Wijk 13 Agelo,2020,4.319823940936228,0.21755908979254293,0.06813868449143178,0.1365387139785121,0.14008143470299242,-0.19219241851384536,0.06499267513345162
WK177413,Wijk 13 Agelo,2022,4.334715281284924,0.23245043014123912,0.07778036391277625,0.13702998430074695,0.13615042924327886,-0.1927179933363484,0.07420764602078522
WK177414,Wijk 14 Noord Deurningen,2002,4.155527958809662,0.053263107665976896,NA,NA,NA,NA,NA
WK177414,Wijk 14 Noord Deurningen,2008,4.213228600930611,0.11096374978692569,NA,NA,NA,NA,NA
WK177414,Wijk 14 Noord Deurningen,2012,4.179320967792052,0.07705611664836698,NA,NA,NA,NA,NA
WK177414,Wijk 14 Noord Deurningen,2014,4.161850453119561,0.059585601975875195,0.06407846558329579,0.08364299589852144,0.09980442190099607,-0.2228992375111352,0.034958956104196866
WK177414,Wijk 14 Noord Deurningen,2016,4.2107663699278115,0.1085015187841263,NA,NA,NA,NA,NA
WK177414,Wijk 14 Noord Deurningen,2018,4.173163965146135,0.0708991140024495,0.06498597685268576,0.08627092451612708,0.09723878682752615,-0.2127686650964019,0.035172090902512144
WK177414,Wijk 14 Noord Deurningen,2020,4.203603469961118,0.10133861881743299,0.06839428777265692,0.10283692559090717,0.10600861920286163,-0.21138939406275492,0.035488180313761906
WK177414,Wijk 14 Noord Deurningen,2022,4.221190901923625,0.11892605077993904,0.0674548400663119,0.1218747315809391,0.10583445187539586,-0.21435435903849476,0.03811638629578675
WK177415,Wijk 15 Ootmarsum,2002,4.103900745364726,0.0016358942210410114,NA,NA,NA,NA,NA
WK177415,Wijk 15 Ootmarsum,2008,4.128345100655664,0.02608024951197837,NA,NA,NA,NA,NA
WK177415,Wijk 15 Ootmarsum,2012,4.1510004598418195,0.04873560869813411,NA,NA,NA,NA,NA
WK177415,Wijk 15 Ootmarsum,2014,4.164123923914273,0.061859072770587886,0.024257936251819615,0.07562144918803954,0.07288032148598068,-0.14135504012407574,0.030454405968823508
WK177415,Wijk 15 Ootmarsum,2016,4.187689137264488,0.08542428612080404,NA,NA,NA,NA,NA
WK177415,Wijk 15 Ootmarsum,2018,4.225519838755668,0.12325498761198314,0.028603566333685337,0.10029818100148875,0.07521914536924408,-0.11455298084470661,0.033687075752271305
WK177415,Wijk 15 Ootmarsum,2020,4.227465395251091,0.12520054410740586,0.03223640955186593,0.10054825602748928,0.07339909709215504,-0.1154531683069396,0.03446994974283489
WK177415,Wijk 15 Ootmarsum,2022,4.252051264379321,0.14978641323563613,0.03554696456105941,0.1134901064149083,0.07248983961070721,-0.11611789937109321,0.04437740202005416
WK177416,Wijk 16 Weerselo,2002,4.173118402907033,0.07085355176334776,NA,NA,NA,NA,NA
WK177416,Wijk 16 Weerselo,2008,4.177979216977927,0.07571436583424154,NA,NA,NA,NA,NA
WK177416,Wijk 16 Weerselo,2012,4.188587675805454,0.08632282466176888,NA,NA,NA,NA,NA
WK177416,Wijk 16 Weerselo,2014,4.190191835707219,0.08792698456353426,0.028971113693877334,0.08993133880762473,0.09832432842943165,-0.17407683754325676,0.044777041175857055
WK177416,Wijk 16 Weerselo,2016,4.223794618846348,0.12152976770266297,NA,NA,NA,NA,NA
WK177416,Wijk 16 Weerselo,2018,4.214157248283374,0.11189239713968835,0.02838924914706069,0.11105300040725151,0.09973465164863889,-0.17110700447075985,0.04382250040749685
WK177416,Wijk 16 Weerselo,2020,4.226360996429279,0.12409614528559397,0.028390109714239227,0.11959376746977421,0.09132331992485927,-0.15953977111612355,0.044328719292844536
WK177416,Wijk 16 Weerselo,2022,4.223203726002748,0.12093887485906292,0.03160253254860091,0.12302688810785692,0.09087406812882957,-0.17525602670940335,0.050691412783178603
WK177417,Wijk 17 Rossum,2002,4.197024796727853,0.09475994558416784,NA,NA,NA,NA,NA
WK177417,Wijk 17 Rossum,2008,4.20308704254914,0.10082219140545537,NA,NA,NA,NA,NA
WK177417,Wijk 17 Rossum,2012,4.22127856470543,0.11901371356174449,NA,NA,NA,NA,NA
WK177417,Wijk 17 Rossum,2014,4.201034929224558,0.09877007808087253,0.037306304956025486,0.09407007225868634,0.11631579551127758,-0.1874278990114538,0.038505804366336646
WK177417,Wijk 17 Rossum,2016,4.201880152182282,0.09961530103859646,NA,NA,NA,NA,NA
WK177417,Wijk 17 Rossum,2018,4.227817193420032,0.12555234227634718,0.03982281549819785,0.11112845908756323,0.11962394989147497,-0.18464173824144228,0.039618856040553097
WK177417,Wijk 17 Rossum,2020,4.215200900169207,0.11293604902552142,0.03704058991064073,0.11561339552764016,0.10287742416791278,-0.18179815507177746,0.03920279449110497
WK177417,Wijk 17 Rossum,2022,4.214165193384839,0.11190034224115362,0.04058508241496827,0.11309777881506335,0.10204290545980431,-0.1866861205788285,0.04286069613014606
WK177418,Wijk 18 Saasveld,2002,4.298543408490982,0.1962785573472969,NA,NA,NA,NA,NA
WK177418,Wijk 18 Saasveld,2008,4.275453839258089,0.17318898811440395,NA,NA,NA,NA,NA
WK177418,Wijk 18 Saasveld,2012,4.259712100556165,0.15744724941247976,NA,NA,NA,NA,NA
WK177418,Wijk 18 Saasveld,2014,4.273498344292683,0.17123349314899802,0.047651232549239,0.09673683312265507,0.16361208628140944,-0.1843310472237534,0.047564388419447656
WK177418,Wijk 18 Saasveld,2016,4.291099901845873,0.18883505070218784,NA,NA,NA,NA,NA
WK177418,Wijk 18 Saasveld,2018,4.293295027476942,0.19103017633325678,0.05888740714745163,0.1120727926738957,0.15911110540966267,-0.18840441252531434,0.04936328362756081
WK177418,Wijk 18 Saasveld,2020,4.265672694947189,0.16340784380350415,0.053972005963143735,0.11571144183956535,0.12585611155155224,-0.18242057990085692,0.05028886435009943
WK177418,Wijk 18 Saasveld,2022,4.275616113832589,0.17335126268890355,0.050090101921084526,0.12831531677335656,0.12528057793773764,-0.1846617803602397,0.05432704641696425
WK177419,Wijk 19 Deurningen,2002,4.214262182268501,0.11199733112481632,NA,NA,NA,NA,NA
WK177419,Wijk 19 Deurningen,2008,4.217210268876926,0.11494541773324023,NA,NA,NA,NA,NA
WK177419,Wijk 19 Deurningen,2012,4.247780642426406,0.14551579128272066,NA,NA,NA,NA,NA
WK177419,Wijk 19 Deurningen,2014,4.24413161381608,0.1418667626723947,0.022168773389733408,0.08909595364257164,0.1077434833549319,-0.12436022119898504,0.047218773484142586
WK177419,Wijk 19 Deurningen,2016,4.252616237422522,0.1503513862788369,NA,NA,NA,NA,NA
WK177419,Wijk 19 Deurningen,2018,4.25588224615332,0.15361739500963428,0.03229014601429737,0.09624916570666715,0.1011478912797035,-0.12158705762754317,0.045517249636509216
WK177419,Wijk 19 Deurningen,2020,4.267894629172982,0.1656297780292973,0.030568500725702847,0.09816277833695652,0.10692683307583901,-0.11610412647810293,0.0460757923689016
WK177419,Wijk 19 Deurningen,2022,4.286724711063773,0.18445985992008804,0.03544103887345724,0.10731038806448655,0.10376763880784995,-0.11332179454441232,0.05126258871870635
WK177420,Wijk 20 Nutter,2002,4.236453090934378,0.13418823979069316,NA,NA,NA,NA,NA
WK177420,Wijk 20 Nutter,2008,4.228249465006354,0.12598461386266913,NA,NA,NA,NA,NA
WK177420,Wijk 20 Nutter,2012,4.274707224198296,0.1724423730546108,NA,NA,NA,NA,NA
WK177420,Wijk 20 Nutter,2014,4.289441419164268,0.18717656802058213,0.08387244703658985,0.11783759607989377,0.14263136192197204,-0.22445249835285735,0.06728766133498366
WK177420,Wijk 20 Nutter,2016,4.334235001830756,0.23197015068707064,NA,NA,NA,NA,NA
WK177420,Wijk 20 Nutter,2018,4.306890943500079,0.20462609235639354,0.08822975564635603,0.12739106113830678,0.1319983536656653,-0.20321797821912965,0.06022490012519489
WK177420,Wijk 20 Nutter,2020,4.299483817011519,0.19721896586783402,0.08767000106528336,0.11806693391166269,0.1390412911579422,-0.20484368983133985,0.057284429564285415
WK177420,Wijk 20 Nutter,2022,4.330588037785263,0.22832318664157739,0.09184804339570862,0.1346971599312672,0.1364475068709272,-0.2073841784841666,0.07271465492784061
WK177421,Wijk 21 Oud Ootmarsum,2002,4.144240491588252,0.04197564044456647,NA,NA,NA,NA,NA
WK177421,Wijk 21 Oud Ootmarsum,2008,4.209684044142945,0.10741919299925912,NA,NA,NA,NA,NA
WK177421,Wijk 21 Oud Ootmarsum,2012,4.244915401364509,0.142650550220824,NA,NA,NA,NA,NA
WK177421,Wijk 21 Oud Ootmarsum,2014,4.269085530954477,0.16682067981079216,0.06427035676934081,0.12920626772251906,0.1351111433573975,-0.21715891647341215,0.05539182843494665
WK177421,Wijk 21 Oud Ootmarsum,2016,4.326753474496747,0.2244886233530619,NA,NA,NA,NA,NA
WK177421,Wijk 21 Oud Ootmarsum,2018,4.304556884961972,0.20229203381828714,0.06647900937500771,0.1442712241218287,0.1267844463708971,-0.19224927886202176,0.057006632812575134
WK177421,Wijk 21 Oud Ootmarsum,2020,4.340037020533365,0.23777216938967988,0.0682314634388491,0.14063734514487597,0.16304665587941272,-0.19246514145766203,0.05832184638420385
WK177421,Wijk 21 Oud Ootmarsum,2022,4.348759303440308,0.2464944522966225,0.07751575329424583,0.14382135585265007,0.15021222263860454,-0.19312331453146658,0.06806843504258842
WK178301,Wijk 01 Naaldwijk,2002,4.052673548032638,-0.04959130311104701,NA,NA,NA,NA,NA
WK178301,Wijk 01 Naaldwijk,2008,4.052369508804313,-0.04989534233937201,NA,NA,NA,NA,NA
WK178301,Wijk 01 Naaldwijk,2012,4.084313149203693,-0.01795170193999266,NA,NA,NA,NA,NA
WK178301,Wijk 01 Naaldwijk,2014,4.076743703083233,-0.025521148060452747,-0.003826347405350653,-0.0038266377697888185,0.008003817544640785,-0.025709659764091917,-1.6232066586240268e-4
WK178301,Wijk 01 Naaldwijk,2016,4.105821892515808,0.0035570413721223064,NA,NA,NA,NA,NA
WK178301,Wijk 01 Naaldwijk,2018,4.109282700598659,0.007017849454974471,-0.018910741026150514,0.021054110988907436,0.01089796400994427,-0.009291548971642888,0.0032680644539158825
WK178301,Wijk 01 Naaldwijk,2020,4.127105421326616,0.024840570182930448,-0.006688276366980638,0.02225791897254148,0.007700282042822383,-0.004623834759493417,0.006194480294040331
WK178301,Wijk 01 Naaldwijk,2022,4.135982711122985,0.033717859979298936,-0.003094395613476368,0.026996670503869193,0.00914827997307431,-0.01081883601267214,0.011486141128503635
WK178302,Wijk 02 Honselersdijk,2002,4.117253547095279,0.01498869595159388,NA,NA,NA,NA,NA
WK178302,Wijk 02 Honselersdijk,2008,4.110208583100432,0.007943731956747005,NA,NA,NA,NA,NA
WK178302,Wijk 02 Honselersdijk,2012,4.111518887767487,0.009254036623801953,NA,NA,NA,NA,NA
WK178302,Wijk 02 Honselersdijk,2014,4.068066096272326,-0.034198754871358934,-0.019133512017410335,0.010106325725233099,0.026746555711840838,-0.055464578927236184,0.0035464546362133707
WK178302,Wijk 02 Honselersdijk,2016,4.098113396705637,-0.004151454438047811,NA,NA,NA,NA,NA
WK178302,Wijk 02 Honselersdijk,2018,4.12146493460111,0.01920008345742438,-0.02330851770706022,0.04349831611092312,0.02952229962343068,-0.03831262074738701,0.0078006061775175335
WK178302,Wijk 02 Honselersdijk,2020,4.116599307086502,0.014334455942816505,-0.015196531523574254,0.034530161008539756,0.019447238233931543,-0.03459173948709946,0.010145327711018663
WK178302,Wijk 02 Honselersdijk,2022,4.115590191408938,0.013325340265252837,-0.010880959599750328,0.04143015220490202,0.01744355465898347,-0.03780927269260834,0.003141865693725741
WK178303,Wijk 03 Maasdijk,2002,4.099289278415638,-0.002975572728047615,NA,NA,NA,NA,NA
WK178303,Wijk 03 Maasdijk,2008,4.100028350431981,-0.0022365007117044395,NA,NA,NA,NA,NA
WK178303,Wijk 03 Maasdijk,2012,4.086794913625405,-0.015469937518280383,NA,NA,NA,NA,NA
WK178303,Wijk 03 Maasdijk,2014,4.1010020301272085,-0.0012628210164768304,-0.03655723510581526,0.06258263238185426,0.04177827884182099,-0.0846225921064572,0.015556094972120101
WK178303,Wijk 03 Maasdijk,2016,4.095268315964641,-0.006996535179044077,NA,NA,NA,NA,NA
WK178303,Wijk 03 Maasdijk,2018,4.08709961748089,-0.01516523366279542,-0.04756881572743106,0.05172908889957289,0.03799168129002684,-0.07667896846835427,0.019361780343389878
WK178303,Wijk 03 Maasdijk,2020,4.122490638679639,0.020225787535953915,-0.03287988527722011,0.06317094676733681,0.03193987686015205,-0.0632366410890939,0.021231490274778764
WK178303,Wijk 03 Maasdijk,2022,4.112144486682912,0.00987963553922749,-0.03466448595082692,0.07245527659098278,0.029091645252548835,-0.07576375407353085,0.018760953720053385
WK178304,Wijk 04 's-Gravenzande,2002,3.992274538108574,-0.1099903130351118,NA,NA,NA,NA,NA
WK178304,Wijk 04 's-Gravenzande,2008,4.025077610016179,-0.0771872411275066,NA,NA,NA,NA,NA
WK178304,Wijk 04 's-Gravenzande,2012,4.0383132414637375,-0.06395160967994729,NA,NA,NA,NA,NA
WK178304,Wijk 04 's-Gravenzande,2014,4.079840091251472,-0.022424759892213316,0.018084675208540846,0.03197576235054866,0.01345261942770031,-0.0833551852333135,-0.002582631645689915
WK178304,Wijk 04 's-Gravenzande,2016,4.120871547093512,0.018606695949826595,NA,NA,NA,NA,NA
WK178304,Wijk 04 's-Gravenzande,2018,4.138120205430782,0.03585535428709693,0.00501260794431009,0.05322990018439611,0.016460893909234168,-0.04136634609676666,0.0025182983459229413
WK178304,Wijk 04 's-Gravenzande,2020,4.159004456567518,0.05673960542383292,0.020502912587103926,0.047886718429461864,0.014865243134264796,-0.03266853458070918,0.006153265853711228
WK178304,Wijk 04 's-Gravenzande,2022,4.153587532314395,0.051322681170710094,0.019146668026483973,0.0475932699866441,0.01396062828215586,-0.03729287433512556,0.007914989210551447
WK178305,Wijk 05 Monster,2002,4.13278634099672,0.030521489853035447,NA,NA,NA,NA,NA
WK178305,Wijk 05 Monster,2008,4.090821544205756,-0.011443306937929706,NA,NA,NA,NA,NA
WK178305,Wijk 05 Monster,2012,4.1108442010741,0.008579349930414877,NA,NA,NA,NA,NA
WK178305,Wijk 05 Monster,2014,4.14537988372347,0.04311503257978456,0.0698346330560419,0.026436744929044177,0.005123400011002071,-0.05117502660529327,-0.007104718811010585
WK178305,Wijk 05 Monster,2016,4.165079730230335,0.06281487908665011,NA,NA,NA,NA,NA
WK178305,Wijk 05 Monster,2018,4.1662086184899465,0.06394376734626152,0.05400523434230411,0.04329149421331865,0.010500691485635417,-0.044535597763883335,6.819450688863882e-4
WK178305,Wijk 05 Monster,2020,4.165588313982093,0.06332346283840794,0.06947523629552961,0.03554985293044523,0.011618462831223983,-0.051681142627107046,-0.0016389465916841223
WK178305,Wijk 05 Monster,2022,4.159064971498557,0.05680012035487155,0.07010142034341882,0.02273150973251754,0.005883907039833899,-0.05299818686501367,0.011081470104114687
WK178306,Wijk 06 Wateringen,2002,4.076281706285619,-0.025983144858066548,NA,NA,NA,NA,NA
WK178306,Wijk 06 Wateringen,2008,4.097444327354976,-0.0048205237887088475,NA,NA,NA,NA,NA
WK178306,Wijk 06 Wateringen,2012,4.104414508341551,0.002149657197865763,NA,NA,NA,NA,NA
WK178306,Wijk 06 Wateringen,2014,4.12984426805129,0.027579416907604615,-0.0012340767035472172,-0.0026392727773348924,0.003864600621896691,0.03283612910554619,-0.0052479633389564346
WK178306,Wijk 06 Wateringen,2016,4.14445050334544,0.042185652201754104,NA,NA,NA,NA,NA
WK178306,Wijk 06 Wateringen,2018,4.163406027523564,0.06114117637987845,-0.00741800975066849,0.027933508101822623,0.003462044615891275,0.035241644558826425,0.0019219888540063026
WK178306,Wijk 06 Wateringen,2020,4.184521356215092,0.08225650507140733,4.706861633692698e-4,0.02773574427792767,0.004105732662311882,0.048831476723153286,0.0011128652446449473
WK178306,Wijk 06 Wateringen,2022,4.188125816392481,0.08586096524879634,1.391546326421914e-4,0.022659254626522674,0.003480249705286632,0.05245209158714795,0.007130214697196609
WK178307,Wijk 07 De Lier,2002,4.023050088876012,-0.07921476226767327,NA,NA,NA,NA,NA
WK178307,Wijk 07 De Lier,2008,4.067901795231458,-0.03436305591222807,NA,NA,NA,NA,NA
WK178307,Wijk 07 De Lier,2012,4.083318384657466,-0.018946466486218567,NA,NA,NA,NA,NA
WK178307,Wijk 07 De Lier,2014,4.091387784583479,-0.01087706656020627,-0.022552955164660146,0.043428690037628094,0.02953869796743064,-0.07034536657786059,0.009053867177255414
WK178307,Wijk 07 De Lier,2016,4.0868206597616314,-0.015444191382053302,NA,NA,NA,NA,NA
WK178307,Wijk 07 De Lier,2018,4.085483293708902,-0.016781557434783725,-0.03004731142582432,0.05235550739685603,0.025552642301165728,-0.07562527696818698,0.010982881261205519
WK178307,Wijk 07 De Lier,2020,4.112970147091523,0.010705295947837796,-0.018769749479888232,0.05011126208256859,0.021245251646856762,-0.055264674682888024,0.01338320638118843
WK178307,Wijk 07 De Lier,2022,4.11315891872702,0.010894067583334738,-0.016255456571497465,0.064144607405194,0.01969403919971905,-0.07321088147660583,0.01652175902652471
WK178308,Wijk 08 Kwintsheul,2002,4.077431097053126,-0.024833754090558643,NA,NA,NA,NA,NA
WK178308,Wijk 08 Kwintsheul,2008,4.06007905170414,-0.04218579943954567,NA,NA,NA,NA,NA
WK178308,Wijk 08 Kwintsheul,2012,4.085519400166688,-0.01674545097699692,NA,NA,NA,NA,NA
WK178308,Wijk 08 Kwintsheul,2014,4.096953234543588,-0.005311616600097482,-0.01894936150649854,0.026393829764916978,0.03185743244692717,-0.052541404528086824,0.007927887222643397
WK178308,Wijk 08 Kwintsheul,2016,4.12110854798017,0.01884369683648447,NA,NA,NA,NA,NA
WK178308,Wijk 08 Kwintsheul,2018,4.151898195061694,0.04963334391800815,-0.021633764767416252,0.06279901654449298,0.029887615982384694,-0.0344460930891021,0.01302656924764858
WK178308,Wijk 08 Kwintsheul,2020,4.173786259199318,0.07152140805563292,-0.017856988234826655,0.05710359339261266,0.03745551095869538,-0.016358114868292452,0.011177406807443759
WK178308,Wijk 08 Kwintsheul,2022,4.18884740510878,0.08658255396509519,-0.018359763710198554,0.06666908324723747,0.03429041009256667,-0.015823349119728533,0.019806173455217835
WK178309,Wijk 09 Poeldijk,2002,4.131536986438927,0.02927213529524146,NA,NA,NA,NA,NA
WK178309,Wijk 09 Poeldijk,2008,4.0786654827900115,-0.023599368353673104,NA,NA,NA,NA,NA
WK178309,Wijk 09 Poeldijk,2012,4.094508174306778,-0.007756676836907455,NA,NA,NA,NA,NA
WK178309,Wijk 09 Poeldijk,2014,4.114880198624367,0.012615347480681468,-0.02263438229012307,0.03530028205003466,0.009047380166308103,-0.010545713342784941,0.0014477808972464166
WK178309,Wijk 09 Poeldijk,2016,4.098884240949699,-0.0033806101939862984,NA,NA,NA,NA,NA
WK178309,Wijk 09 Poeldijk,2018,4.114214102020496,0.01194925087681032,-0.025628305993117825,0.024129800266770612,0.006391978409811452,0.005650715843638552,0.0014050623497072554
WK178309,Wijk 09 Poeldijk,2020,4.107870241212963,0.0056053900692772515,-0.017828368429827934,0.014221311662155338,0.011834397872388774,0.0025957832617377326,-0.0052177342971769245
WK178309,Wijk 09 Poeldijk,2022,4.121123632142662,0.01885878099897639,-0.013012507585172344,0.011749228387037344,0.012558414489836137,-0.001700168008558924,0.009263813715833881
WK178310,Wijk 10 Ter Heijde,2002,4.155151838881406,0.052886987737721505,NA,NA,NA,NA,NA
WK178310,Wijk 10 Ter Heijde,2008,4.144935836455705,0.04267098531201985,NA,NA,NA,NA,NA
WK178310,Wijk 10 Ter Heijde,2012,4.153892327479878,0.05162747633619264,NA,NA,NA,NA,NA
WK178310,Wijk 10 Ter Heijde,2014,4.265196748305614,0.16293189716192857,0.2773897553149763,-0.020480195541178647,-0.03067790852235351,-0.058065636833580354,-0.005234117255935512
WK178310,Wijk 10 Ter Heijde,2016,4.215466137801852,0.1132012866581662,NA,NA,NA,NA,NA
WK178310,Wijk 10 Ter Heijde,2018,4.18677111527637,0.08450626413268426,0.19554087758664118,-0.024479440145992317,-0.02908813610928839,-0.05305218590309777,-0.00441485129557872
WK178310,Wijk 10 Ter Heijde,2020,4.2359944253319615,0.1337295741882761,0.21981380770611536,0.0074738574200491105,-0.02780968825997619,-0.06747432873888484,0.0017259260609723676
WK178310,Wijk 10 Ter Heijde,2022,4.181219608450738,0.07895475730705284,0.19652404238765303,-0.002606791761947705,-0.03646258925291679,-0.06141325026382676,-0.017086653801909046
WK184200,Wijk 00 Schipluiden,2002,4.127194934548475,0.02493008340478996,NA,NA,NA,NA,NA
WK184200,Wijk 00 Schipluiden,2008,4.153283067749124,0.051018216605438614,NA,NA,NA,NA,NA
WK184200,Wijk 00 Schipluiden,2012,4.152978343299591,0.050713492155905315,NA,NA,NA,NA,NA
WK184200,Wijk 00 Schipluiden,2014,4.204274135115573,0.10200928397188742,-0.014522797131605644,0.06934656528305139,0.027405157481177354,0.0026373101917208587,0.017143048147543187
WK184200,Wijk 00 Schipluiden,2016,4.240165420099484,0.137900568955799,NA,NA,NA,NA,NA
WK184200,Wijk 00 Schipluiden,2018,4.224940931004594,0.12267607986090821,-0.015841978375158723,0.08499649424858234,0.02616007163861941,0.0071237470500661254,0.020237745298798765
WK184200,Wijk 00 Schipluiden,2020,4.231896133716116,0.12963128257243126,-0.006506041326020297,0.07028675625557047,0.02319623505954403,0.019767171877071766,0.02288716070626498
WK184200,Wijk 00 Schipluiden,2022,4.248626171960963,0.1463613208172778,-0.004959252067795868,0.09045777475985704,0.026808041302241993,0.008769594219851597,0.025285162603122725
WK184201,Wijk 01 Maasland,2002,4.154782750563725,0.05251789942004005,NA,NA,NA,NA,NA
WK184201,Wijk 01 Maasland,2008,4.1434059097573295,0.041141058613644386,NA,NA,NA,NA,NA
WK184201,Wijk 01 Maasland,2012,4.162329632992276,0.06006478184859104,NA,NA,NA,NA,NA
WK184201,Wijk 01 Maasland,2014,4.2401352259839395,0.13787037484025388,0.012299588639354282,0.09638374266348751,0.03499889147550044,-0.04096016229572117,0.03514831435763257
WK184201,Wijk 01 Maasland,2016,4.236872966450997,0.13460811530731176,NA,NA,NA,NA,NA
WK184201,Wijk 01 Maasland,2018,4.202970546700937,0.10070569555725085,-5.296346739501048e-4,0.08891435712794327,0.035094706599496296,-0.05501589764726644,0.03224216415102757
WK184201,Wijk 01 Maasland,2020,4.228521884331807,0.1262570331881211,0.01002362985092987,0.0908723515689816,0.035048721595100654,-0.04158350900455211,0.0318958391776608
WK184201,Wijk 01 Maasland,2022,4.23402399342842,0.1317591422847354,0.011722032698639674,0.10273227886116942,0.03592462085081823,-0.05301779065467981,0.03439800052878762
WK185900,Wijk 00 Borculo,2002,4.110863819697543,0.008598968553857113,NA,NA,NA,NA,NA
WK185900,Wijk 00 Borculo,2008,4.107429556836163,0.0051647056924773475,NA,NA,NA,NA,NA
WK185900,Wijk 00 Borculo,2012,4.13762749215703,0.035362641013344256,NA,NA,NA,NA,NA
WK185900,Wijk 00 Borculo,2014,4.138493896848021,0.03622904570433589,0.012277733542264775,0.08739022213783881,0.05852976951257228,-0.14846555158539734,0.026496872097057107
WK185900,Wijk 00 Borculo,2016,4.151581340734974,0.04931648959128853,NA,NA,NA,NA,NA
WK185900,Wijk 00 Borculo,2018,4.143034030526972,0.04076917938328654,0.015567185409853083,0.08623240803832888,0.059073980147932116,-0.14945793682723132,0.0293535426144035
WK185900,Wijk 00 Borculo,2020,4.133543154188911,0.03127830304522563,0.014820859181395555,0.08081679738681498,0.053497565368551735,-0.14668469486886657,0.028827775977329627
WK185900,Wijk 00 Borculo,2022,4.1562168114027305,0.05395196025904523,0.019370522590821025,0.09094707308851738,0.05508476986656963,-0.1548250819767023,0.043374676689839235
WK185901,Wijk 01 Eibergen,2002,4.067971338604438,-0.03429351253924726,NA,NA,NA,NA,NA
WK185901,Wijk 01 Eibergen,2008,4.09907502286832,-0.003189828275366208,NA,NA,NA,NA,NA
WK185901,Wijk 01 Eibergen,2012,4.123981111271794,0.021716260128108844,NA,NA,NA,NA,NA
WK185901,Wijk 01 Eibergen,2014,4.134164212634236,0.031899361490550233,0.017694280304938897,0.04030478702351521,0.05143371530500385,-0.09965903004074447,0.022125608897836484
WK185901,Wijk 01 Eibergen,2016,4.1236672863525285,0.021402435208842902,NA,NA,NA,NA,NA
WK185901,Wijk 01 Eibergen,2018,4.154427807839031,0.05216295669534678,0.017685382701818665,0.06699168979830998,0.046526821655293434,-0.112882520218219,0.033841582758143404
WK185901,Wijk 01 Eibergen,2020,4.162598297036416,0.060333445892730875,0.021165430118098703,0.08417224829304304,0.04158678513264307,-0.111830897415527,0.025239879764472766
WK185901,Wijk 01 Eibergen,2022,4.167279119550153,0.06501426840646726,0.024543325372464193,0.07919250072433802,0.04273723000884529,-0.1224730926325908,0.04101430493341028
WK185902,Wijk 02 Beltrum,2002,4.185672111193842,0.08340726005015636,NA,NA,NA,NA,NA
WK185902,Wijk 02 Beltrum,2008,4.166423199724433,0.06415834858074838,NA,NA,NA,NA,NA
WK185902,Wijk 02 Beltrum,2012,4.16787704703334,0.0656121958896545,NA,NA,NA,NA,NA
WK185902,Wijk 02 Beltrum,2014,4.1637482819772655,0.061483430833579863,-0.017877353476070588,0.10153341669789454,0.11104440094205108,-0.19469293851074948,0.061475905180453996
WK185902,Wijk 02 Beltrum,2016,4.199939025612053,0.09767417446836728,NA,NA,NA,NA,NA
WK185902,Wijk 02 Beltrum,2018,4.212592856753682,0.11032800560999691,0.0022392729647396892,0.12642354659758226,0.11191453322704921,-0.19375528548309182,0.06350593830371727
WK185902,Wijk 02 Beltrum,2020,4.220807039584585,0.11854218844089988,-0.007449429083675123,0.13557265718177333,0.11721195009036887,-0.1918473363652401,0.06505434661767269
WK185902,Wijk 02 Beltrum,2022,4.220889955884409,0.11862510474072306,-0.0025723396480100023,0.1310815525712278,0.11638864433946593,-0.19524180551742745,0.06896905299546655
WK185903,Wijk 03 Neede,2002,4.111774065427375,0.009509214283690075,NA,NA,NA,NA,NA
WK185903,Wijk 03 Neede,2008,4.110406716394232,0.008141865250546807,NA,NA,NA,NA,NA
WK185903,Wijk 03 Neede,2012,4.1359650753092625,0.03370022416557787,NA,NA,NA,NA,NA
WK185903,Wijk 03 Neede,2014,4.1156616761419444,0.013396824998259532,0.008570453693035758,0.06791968528970618,0.0519219511726968,-0.15001879094953702,0.035003525792357534
WK185903,Wijk 03 Neede,2016,4.123664690028005,0.021399838884319917,NA,NA,NA,NA,NA
WK185903,Wijk 03 Neede,2018,4.126447505894943,0.024182654751256902,0.003708412540633341,0.07386236379474626,0.05268217273236996,-0.13875397773745096,0.032683683420958023
WK185903,Wijk 03 Neede,2020,4.109746874039265,0.007482022895580165,0.010416000215469463,0.05732226608187522,0.050258492079853785,-0.14310596106773285,0.03259122558611422
WK185903,Wijk 03 Neede,2022,4.131718806086941,0.02945395494325642,0.010726283836028057,0.08572023652946842,0.05177334448786004,-0.16234916470332544,0.04358325479322507
WK185904,Wijk 04 Ruurlo,2002,4.17015221919761,0.06788736805392499,NA,NA,NA,NA,NA
WK185904,Wijk 04 Ruurlo,2008,4.193126785391157,0.09086193424747147,NA,NA,NA,NA,NA
WK185904,Wijk 04 Ruurlo,2012,4.192238818474232,0.0899739673305466,NA,NA,NA,NA,NA
WK185904,Wijk 04 Ruurlo,2014,4.179509639373244,0.07724478822955834,0.019968650348782632,0.08489350997962597,0.0756951155486706,-0.1507520477932728,0.0474395601457517
WK185904,Wijk 04 Ruurlo,2016,4.2093810913392575,0.10711624019557256,NA,NA,NA,NA,NA
WK185904,Wijk 04 Ruurlo,2018,4.20480261217792,0.10253776103423454,0.021741117379168014,0.10530386577359725,0.07418046042242538,-0.1492717470245101,0.050584064483553744
WK185904,Wijk 04 Ruurlo,2020,4.2183892108565075,0.11612435971282246,0.020575398561118043,0.11700658367015147,0.0719072823464701,-0.14508852800491553,0.05172362313999806
WK185904,Wijk 04 Ruurlo,2022,4.207555347703813,0.10529049656012733,0.020756041315072422,0.11416022583710318,0.07003402569807053,-0.1546425658164898,0.0549827695263707
WK187600,Wijk 00 Hengelo,2002,4.10347182716179,0.001206976018104904,NA,NA,NA,NA,NA
WK187600,Wijk 00 Hengelo,2008,4.104483330786652,0.0022184796429668254,NA,NA,NA,NA,NA
WK187600,Wijk 00 Hengelo,2012,4.109373756677258,0.00710890553357329,NA,NA,NA,NA,NA
WK187600,Wijk 00 Hengelo,2014,4.1484615248826175,0.046196673738932395,-0.0077285833428186335,0.09499049450062359,0.06936472548576,-0.15907236159005136,0.048642398685418545
WK187600,Wijk 00 Hengelo,2016,4.1587961605491115,0.05653130940542635,NA,NA,NA,NA,NA
WK187600,Wijk 00 Hengelo,2018,4.18605750732771,0.08379265618402479,0.0012163888585948568,0.11930061961413892,0.07439163653835656,-0.1620890174933219,0.050973028666256096
WK187600,Wijk 00 Hengelo,2020,4.187044065250444,0.08477921410675947,-0.0023400300994055948,0.12166730271030471,0.0723560500842058,-0.15855904736211543,0.05165493877376974
WK187600,Wijk 00 Hengelo,2022,4.171868085674355,0.06960323453066979,-0.0018987047239690652,0.105794121568957,0.06991037044125839,-0.16065770662288167,0.056455153867304875
WK187601,Wijk 01 Zelhem,2002,4.078051345044374,-0.02421350609931116,NA,NA,NA,NA,NA
WK187601,Wijk 01 Zelhem,2008,4.080852436009358,-0.02141241513432772,NA,NA,NA,NA,NA
WK187601,Wijk 01 Zelhem,2012,4.084322146002018,-0.017942705141667323,NA,NA,NA,NA,NA
WK187601,Wijk 01 Zelhem,2014,4.133349870360056,0.03108501921637079,-0.00528623616285423,0.09996911930058307,0.07436490275632955,-0.18116547714147682,0.043202710463788915
WK187601,Wijk 01 Zelhem,2016,4.137233060804107,0.03496820966042114,NA,NA,NA,NA,NA
WK187601,Wijk 01 Zelhem,2018,4.147831976687704,0.045567125544018906,0.008417193242850935,0.10180534982397169,0.07274601259599639,-0.17895950948988695,0.0415580793710866
WK187601,Wijk 01 Zelhem,2020,4.149356149590125,0.04709129844643982,0.0056475060981350505,0.09059312101829942,0.06851951595818674,-0.164568583167599,0.04689973853941737
WK187601,Wijk 01 Zelhem,2022,4.145010631291563,0.042745780147878394,0.0028796962871608513,0.09670886997372069,0.06252696752485153,-0.16938374067166095,0.05001398703380597
WK187602,Wijk 02 Vorden,2002,4.193306698267117,0.09104184712343177,NA,NA,NA,NA,NA
WK187602,Wijk 02 Vorden,2008,4.177522026573971,0.07525717543028568,NA,NA,NA,NA,NA
WK187602,Wijk 02 Vorden,2012,4.182497419943124,0.08023256879943884,NA,NA,NA,NA,NA
WK187602,Wijk 02 Vorden,2014,4.212107218776812,0.10984236763312699,0.00888874156059718,0.104255769701793,0.07530746124048641,-0.1283226712131292,0.049713066343379346
WK187602,Wijk 02 Vorden,2016,4.226333228512494,0.12406837736880863,NA,NA,NA,NA,NA
WK187602,Wijk 02 Vorden,2018,4.250065040867445,0.14780018972375988,0.01745596697485299,0.1211475593957913,0.07839643751349644,-0.12320497327241796,0.05400519911203684
WK187602,Wijk 02 Vorden,2020,4.257515847273151,0.1552509961294652,0.017612330805159115,0.12599413240244794,0.0772353154131967,-0.11989786848294309,0.05430708599160426
WK187602,Wijk 02 Vorden,2022,4.240161542917835,0.1378966917741498,0.020571109207147047,0.10761956635415,0.07464158407249206,-0.12028460374371829,0.055349035884078676
WK187603,Wijk 03 Steenderen,2002,4.144267932120997,0.04200308097731192,NA,NA,NA,NA,NA
WK187603,Wijk 03 Steenderen,2008,4.103321458064589,0.0010566069209037253,NA,NA,NA,NA,NA
WK187603,Wijk 03 Steenderen,2012,4.113101991511559,0.01083714036787419,NA,NA,NA,NA,NA
WK187603,Wijk 03 Steenderen,2014,4.166086280597157,0.06382142945347186,-0.007311430918956121,0.10521552989841475,0.08634073886211888,-0.18446214373916017,0.06403873535105427
WK187603,Wijk 03 Steenderen,2016,4.165252566045306,0.06298771490162157,NA,NA,NA,NA,NA
WK187603,Wijk 03 Steenderen,2018,4.168222346726773,0.06595749558308761,0.0022452021711492232,0.09346564781927999,0.08601125042654494,-0.18076604025476897,0.0650014354208822
WK187603,Wijk 03 Steenderen,2020,4.149593638526252,0.04732878738256639,-0.0032484876927534566,0.08728984890138583,0.0807181383890957,-0.18323491288194757,0.06580420066678569
WK187603,Wijk 03 Steenderen,2022,4.160407585812203,0.05814273466851846,-0.0033244964973333743,0.09938278023740493,0.07714214316953676,-0.18565743514198427,0.07059974290089412
WK187604,Wijk 04 Hummelo en Keppel,2002,4.20174109905291,0.09947624790922466,NA,NA,NA,NA,NA
WK187604,Wijk 04 Hummelo en Keppel,2008,4.1691342058329495,0.06686935468926376,NA,NA,NA,NA,NA
WK187604,Wijk 04 Hummelo en Keppel,2012,4.182403645918691,0.08013879477500607,NA,NA,NA,NA,NA
WK187604,Wijk 04 Hummelo en Keppel,2014,4.195310134162054,0.09304528301836874,0.012775703785945971,0.1159613927879627,0.08071148392113064,-0.1726964302324776,0.056293132755806795
WK187604,Wijk 04 Hummelo en Keppel,2016,4.211771122460454,0.10950627131676913,NA,NA,NA,NA,NA
WK187604,Wijk 04 Hummelo en Keppel,2018,4.198842931256881,0.09657808011319656,0.020273641387596113,0.09993943305323168,0.08418833385364205,-0.16538881697892885,0.05756548879765529
WK187604,Wijk 04 Hummelo en Keppel,2020,4.178984921250387,0.07672007010670212,0.02008600976387149,0.09089703209295344,0.07455020719108875,-0.16528560202898995,0.0564724230877781
WK187604,Wijk 04 Hummelo en Keppel,2022,4.193209687027166,0.09094483588348115,0.017993907187135363,0.10070161774517977,0.07083961930968694,-0.16194353069197737,0.06335322233345618
WK188300,Wijk 00 Limbrichterveld,2002,3.769790749703825,-0.3324741014398601,NA,NA,NA,NA,NA
WK188300,Wijk 00 Limbrichterveld,2008,3.9175244569824623,-0.18474039416122245,NA,NA,NA,NA,NA
WK188300,Wijk 00 Limbrichterveld,2012,3.932741748430791,-0.1695231027128938,NA,NA,NA,NA,NA
WK188300,Wijk 00 Limbrichterveld,2014,3.9615212581849595,-0.14074359295872543,-0.032283814258817094,-0.07764532795963854,-0.014510993895324476,0.00644966742067851,-0.0227531242656241
WK188300,Wijk 00 Limbrichterveld,2016,3.952510633011496,-0.14975421813218898,NA,NA,NA,NA,NA
WK188300,Wijk 00 Limbrichterveld,2018,3.979089579656328,-0.12317527148735703,-0.014644049076594614,-0.09071249480710285,-0.02014264948675596,0.021343013415064765,-0.019019091531968624
WK188300,Wijk 00 Limbrichterveld,2020,3.999706185846606,-0.10255866529707917,-0.007303497874652432,-0.09846517282735204,-0.015505031149654156,0.031745917234329,-0.013030880679749845
WK188300,Wijk 00 Limbrichterveld,2022,4.008433111033191,-0.09383174011049436,-0.004069775592920979,-0.07039192461530307,-0.01482938179866865,0.02145418032912848,-0.02599483843273038
WK188301,Wijk 01 Sittard,2002,4.112987466756416,0.010722615612731011,NA,NA,NA,NA,NA
WK188301,Wijk 01 Sittard,2008,4.098451952756484,-0.0038128983872010407,NA,NA,NA,NA,NA
WK188301,Wijk 01 Sittard,2012,4.112513235811626,0.010248384667940386,NA,NA,NA,NA,NA
WK188301,Wijk 01 Sittard,2014,4.103980065488362,0.0017152143446774286,-0.019596837477377282,-0.04700258393577518,0.011918560725872272,0.040310925639074874,0.016085149392882483
WK188301,Wijk 01 Sittard,2016,4.107043824832993,0.004778973689307092,NA,NA,NA,NA,NA
WK188301,Wijk 01 Sittard,2018,4.112867375488531,0.010602524344846449,-0.00498279106582985,-0.06465017461755353,0.007835410476444414,0.06117797294392401,0.011222106607861113
WK188301,Wijk 01 Sittard,2020,4.1171231915072,0.01485834036351438,0.007869429640980415,-0.07265497274431859,0.004825616611061868,0.06606831518306923,0.008749951672721175
WK188301,Wijk 01 Sittard,2022,4.131778762805954,0.029513911662269094,0.0075939267804872625,-0.06279801563863956,0.0060187862639819205,0.0647078431051765,0.013991371151262724
WK188302,Wijk 02 Overhoven,2002,3.9893905122947397,-0.11287433884894556,NA,NA,NA,NA,NA
WK188302,Wijk 02 Overhoven,2008,3.9458206629456853,-0.15644418819799935,NA,NA,NA,NA,NA
WK188302,Wijk 02 Overhoven,2012,3.996353620097565,-0.10591123104612025,NA,NA,NA,NA,NA
WK188302,Wijk 02 Overhoven,2014,3.9839641859710175,-0.11830066517266818,-0.013475131444600065,-0.07992291415728661,-0.009754763940976411,-0.011610949572499375,-0.0035369060573059927
WK188302,Wijk 02 Overhoven,2016,3.9815471754996286,-0.12071767564405672,NA,NA,NA,NA,NA
WK188302,Wijk 02 Overhoven,2018,4.012903940249175,-0.08936091089451044,-5.175990918059162e-4,-0.08265905888315654,-0.01153405528672871,0.005331190560349248,1.86118068311963e-5
WK188302,Wijk 02 Overhoven,2020,4.013130709593678,-0.08913414155000712,0.007364009510079793,-0.09301723600375487,-0.011610630263036882,0.006946003868505332,0.0011837113381992334
WK188302,Wijk 02 Overhoven,2022,4.009444317483322,-0.09282053366036339,0.006840360648831176,-0.09569810794210906,-0.011445059917221438,0.003972094516396108,0.0035101790337395363
WK188303,Wijk 03 Munstergeleen,2002,4.144684429666927,0.042419578523241006,NA,NA,NA,NA,NA
WK188303,Wijk 03 Munstergeleen,2008,4.1282746444243434,0.026009793280658042,NA,NA,NA,NA,NA
WK188303,Wijk 03 Munstergeleen,2012,4.145827900667918,0.04356304952423276,NA,NA,NA,NA,NA
WK188303,Wijk 03 Munstergeleen,2014,4.116125927269084,0.013861076125398667,-0.009872108796446786,0.028316635088490312,0.034958627543346645,-0.0519476702156789,0.012405592505687098
WK188303,Wijk 03 Munstergeleen,2016,4.13043108595912,0.028166234815434354,NA,NA,NA,NA,NA
WK188303,Wijk 03 Munstergeleen,2018,4.157084195294091,0.05481934415040592,0.0022320800419882566,0.032776179311438926,0.033746481677111057,-0.04072028464754228,0.026784887767409657
WK188303,Wijk 03 Munstergeleen,2020,4.170192183023994,0.06792733188030926,0.00887965931108322,0.029409931635622923,0.033639166293473376,-0.028718794962541275,0.024717369602670788
WK188303,Wijk 03 Munstergeleen,2022,4.187261425305364,0.08499657416167872,0.007403094582724059,0.04881812414147513,0.037309935041327735,-0.040167201956675246,0.03163262235282675
WK188304,Wijk 04 Guttecoven,2002,4.129552393925308,0.027287542781623,NA,NA,NA,NA,NA
WK188304,Wijk 04 Guttecoven,2008,4.136591985492349,0.03432713434866395,NA,NA,NA,NA,NA
WK188304,Wijk 04 Guttecoven,2012,4.151060522748147,0.04879567160446246,NA,NA,NA,NA,NA
WK188304,Wijk 04 Guttecoven,2014,4.133355124273923,0.03109027313023748,-0.04666346811902858,0.03690350814803829,0.0438487716760635,-0.04332830295247942,0.04032976437764343
WK188304,Wijk 04 Guttecoven,2016,4.143555331294691,0.04129048015100556,NA,NA,NA,NA,NA
WK188304,Wijk 04 Guttecoven,2018,4.190718978911899,0.08845412776821358,-0.020763774200487008,0.05915861063393282,0.041693730932155566,-0.033440414224842875,0.0418059746274548
WK188304,Wijk 04 Guttecoven,2020,4.195470208874344,0.09320535773065876,-0.013357531990741309,0.04959219535464421,0.03765887238318382,-0.023364496211885907,0.042676318195457676
WK188304,Wijk 04 Guttecoven,2022,4.157910497829715,0.055645646686029095,-0.019942781002623703,0.02988187172589727,0.037979235619361756,-0.03603334091546476,0.04376066125885824
WK188305,Wijk 05 Geleen,2002,3.972936756905825,-0.12932809423786032,NA,NA,NA,NA,NA
WK188305,Wijk 05 Geleen,2008,3.9704225310829555,-0.1318423200607301,NA,NA,NA,NA,NA
WK188305,Wijk 05 Geleen,2012,3.982366894260494,-0.11989795688319138,NA,NA,NA,NA,NA
WK188305,Wijk 05 Geleen,2014,3.970952705055687,-0.1313121460879977,-0.03199386410111287,-0.06844480791330287,-0.005211799598476068,-0.005652840893085651,-0.02000883358202052
WK188305,Wijk 05 Geleen,2016,3.971564418002663,-0.13070043314102228,NA,NA,NA,NA,NA
WK188305,Wijk 05 Geleen,2018,3.9731625603763936,-0.12910229076729168,-0.015076239165180824,-0.08721810088971273,-0.008921669071913357,-0.006125363727629928,-0.011760917912855124
WK188305,Wijk 05 Geleen,2020,3.962276525339165,-0.13998832580451998,-0.00995773616118263,-0.10513625155431601,-0.009653744743420942,0.0015201704399908987,-0.016760763785591593
WK188305,Wijk 05 Geleen,2022,3.996004771778908,-0.10626007936477716,-0.013590054939532132,-0.07197816433282492,-0.00933537831724991,-0.005914848531614947,-0.00544163324355552
WK188306,Wijk 06 Holtum-Born,2002,4.09521776535123,-0.00704708579245486,NA,NA,NA,NA,NA
WK188306,Wijk 06 Holtum-Born,2008,4.081944670856718,-0.02032018028696786,NA,NA,NA,NA,NA
WK188306,Wijk 06 Holtum-Born,2012,4.116718511232272,0.014453660088587283,NA,NA,NA,NA,NA
WK188306,Wijk 06 Holtum-Born,2014,4.093012118905422,-0.0092527322382628,-0.027249892268299238,0.036862900379272444,0.030262577051262757,-0.07922714883896605,0.03009883143846702
WK188306,Wijk 06 Holtum-Born,2016,4.095015010369048,-0.007249840774637749,NA,NA,NA,NA,NA
WK188306,Wijk 06 Holtum-Born,2018,4.111754702302443,0.009489851158757391,-0.019128184066376244,0.03434127902602111,0.030077563121995263,-0.06935042825067388,0.03354962132779085
WK188306,Wijk 06 Holtum-Born,2020,4.144745398849555,0.042480547705869544,-0.01059757635587697,0.04543501799222603,0.03490151164191945,-0.0591584750414381,0.03190006946903886
WK188306,Wijk 06 Holtum-Born,2022,4.1392668291770836,0.03700197803339821,-0.00614158081966422,0.04647108172205669,0.03138754949695274,-0.07324104845162298,0.03852597608567569
WK188307,Wijk 07 Obbicht en Papenhoven,2002,4.127607998409202,0.025343147265517202,NA,NA,NA,NA,NA
WK188307,Wijk 07 Obbicht en Papenhoven,2008,4.104792341609438,0.0025274904657533277,NA,NA,NA,NA,NA
WK188307,Wijk 07 Obbicht en Papenhoven,2012,4.122704857079546,0.02044000593586039,NA,NA,NA,NA,NA
WK188307,Wijk 07 Obbicht en Papenhoven,2014,4.1172394571045645,0.014974605960879182,-0.012777057851129972,0.05884067239785153,0.04870854685964133,-0.13120824384704624,0.051410688401562224
WK188307,Wijk 07 Obbicht en Papenhoven,2016,4.125591966681933,0.02332711553824764,NA,NA,NA,NA,NA
WK188307,Wijk 07 Obbicht en Papenhoven,2018,4.138467399701665,0.0362025485579798,0.0010541361919300073,0.05686484267642173,0.04751152998530179,-0.12081474181775742,0.05158678152208346
WK188307,Wijk 07 Obbicht en Papenhoven,2020,4.152405011964836,0.050140160821151414,0.0075300340231444565,0.05356718264332258,0.048136102885682035,-0.10806826286316101,0.04897510413216306
WK188307,Wijk 07 Obbicht en Papenhoven,2022,4.157594329674409,0.05532947853072416,0.01583515476767792,0.06633923779710536,0.04541951283135927,-0.12607019139529965,0.053805764529881034
WK188400,Wijk 00 Roelofarendsveen,2002,4.03965022173732,-0.0626146294063651,NA,NA,NA,NA,NA
WK188400,Wijk 00 Roelofarendsveen,2008,4.048831877100541,-0.05343297404314393,NA,NA,NA,NA,NA
WK188400,Wijk 00 Roelofarendsveen,2012,4.073923664983213,-0.02834118616047226,NA,NA,NA,NA,NA
WK188400,Wijk 00 Roelofarendsveen,2014,4.132131833280737,0.02986698213705128,-0.00521539232263706,0.062372742200273154,0.024075889623534893,-0.06624676678677999,0.014880509422660006
WK188400,Wijk 00 Roelofarendsveen,2016,4.1026463799612625,3.815288175769011e-4,NA,NA,NA,NA,NA
WK188400,Wijk 00 Roelofarendsveen,2018,4.113982155604149,0.011717304460464217,-0.005133850955414039,0.06658024330608801,0.022399641234581165,-0.08738654226073893,0.015257813135947748
WK188400,Wijk 00 Roelofarendsveen,2020,4.103966589653114,0.001701738509428394,-0.0036159635383615787,0.059249119330944414,0.018425193170947044,-0.09081900113563712,0.018462390681535348
WK188400,Wijk 00 Roelofarendsveen,2022,4.088727234131757,-0.013537617011928812,-0.002060901970279235,0.05641662567471229,0.02258137780615384,-0.10661557314798076,0.01614085462546476
WK188401,Wijk 01 Overig Alkemade,2002,4.081416742339385,-0.02084810880430041,NA,NA,NA,NA,NA
WK188401,Wijk 01 Overig Alkemade,2008,4.068051379844545,-0.034213471299140354,NA,NA,NA,NA,NA
WK188401,Wijk 01 Overig Alkemade,2012,4.066728495118222,-0.035536356025463095,NA,NA,NA,NA,NA
WK188401,Wijk 01 Overig Alkemade,2014,4.165396853676459,0.06313200253277296,-0.010324897045597612,0.07812117916978242,0.06258948494020079,-0.09912568831760384,0.03187192378599093
WK188401,Wijk 01 Overig Alkemade,2016,4.1545631636909155,0.05229831254723043,NA,NA,NA,NA,NA
WK188401,Wijk 01 Overig Alkemade,2018,4.151053351821083,0.04878850067739739,-0.020862109624049975,0.09020923183647162,0.05656639396247025,-0.10660663205338886,0.02948161655589404
WK188401,Wijk 01 Overig Alkemade,2020,4.159708384114074,0.057443532970389184,-0.02100187726905502,0.08994184725615244,0.05689683336429836,-0.1042810990442594,0.035887828663252616
WK188401,Wijk 01 Overig Alkemade,2022,4.130207031508849,0.02794218036516416,-0.020294885613165198,0.07504803750666127,0.05039302936361962,-0.11275847445583807,0.03555447356388628
WK188402,Wijk 02 Woubrugge,2002,4.053206198158159,-0.049058652985526446,NA,NA,NA,NA,NA
WK188402,Wijk 02 Woubrugge,2008,4.075195189958346,-0.02706966118533936,NA,NA,NA,NA,NA
WK188402,Wijk 02 Woubrugge,2012,4.072341192780951,-0.029923658362734855,NA,NA,NA,NA,NA
WK188402,Wijk 02 Woubrugge,2014,4.1465016476862555,0.04423679654257054,-0.013522508007429167,0.06369267490385706,0.039690833578575356,-0.06289718949369763,0.0172729855612646
WK188402,Wijk 02 Woubrugge,2016,4.16320997274744,0.06094512160375527,NA,NA,NA,NA,NA
WK188402,Wijk 02 Woubrugge,2018,4.154821163043223,0.05255631189953782,-0.018174985613467996,0.07938000144024089,0.03643799572593768,-0.07068355707309015,0.02559685741991715
WK188402,Wijk 02 Woubrugge,2020,4.156117714445924,0.05385286330223821,-0.010745933246222111,0.0729837288720148,0.029476117361821295,-0.06549679902723857,0.027635749341862498
WK188402,Wijk 02 Woubrugge,2022,4.118346385914458,0.01608153477077242,-0.014732932427575292,0.052046291861721286,0.024314766311229342,-0.07362195908574402,0.02807536811114084
WK188403,Wijk 03 Rijnsaterwoude,2002,4.137174076951053,0.03490922580736831,NA,NA,NA,NA,NA
WK188403,Wijk 03 Rijnsaterwoude,2008,4.145861420773091,0.043596569629405786,NA,NA,NA,NA,NA
WK188403,Wijk 03 Rijnsaterwoude,2012,4.165479242979465,0.06321439183578004,NA,NA,NA,NA,NA
WK188403,Wijk 03 Rijnsaterwoude,2014,4.140607270500556,0.03834241935687087,-0.00862617479112196,0.06777282923363075,0.04846946788925346,-0.09476780530559217,0.02549410233070049
WK188403,Wijk 03 Rijnsaterwoude,2016,4.187481366179551,0.08521651503586587,NA,NA,NA,NA,NA
WK188403,Wijk 03 Rijnsaterwoude,2018,4.120381866328358,0.018117015184672132,-0.00895655941111646,0.07730327304651,0.04681024654802493,-0.12578953184898012,0.02874958685023359
WK188403,Wijk 03 Rijnsaterwoude,2020,4.10597973358201,0.003714882438324055,-0.006280864333582328,0.07385860841880433,0.03913273515913833,-0.1282646353795688,0.025269038573532347
WK188403,Wijk 03 Rijnsaterwoude,2022,4.125489028818701,0.023224177675016524,-0.013579865553546601,0.07164713694733026,0.04386531086425438,-0.11443329532159738,0.035724890738575606
WK188404,Wijk 04 Leimuiden,2002,4.074263016744953,-0.02800183439873228,NA,NA,NA,NA,NA
WK188404,Wijk 04 Leimuiden,2008,4.07546783287753,-0.026797018266154903,NA,NA,NA,NA,NA
WK188404,Wijk 04 Leimuiden,2012,4.079019024865155,-0.023245826278530248,NA,NA,NA,NA,NA
WK188404,Wijk 04 Leimuiden,2014,4.079474643991169,-0.022790207152516076,-0.022519405068787135,0.04577223633506383,0.030284679513863096,-0.0944063006982011,0.018078582765544988
WK188404,Wijk 04 Leimuiden,2016,4.0817265166175645,-0.02053833452612035,NA,NA,NA,NA,NA
WK188404,Wijk 04 Leimuiden,2018,4.073993239272845,-0.02827161187084023,-0.029953542175876157,0.07232448453493175,0.027541949442775736,-0.11241313888772556,0.01422863521505373
WK188404,Wijk 04 Leimuiden,2020,4.079507688110227,-0.022757163033458323,-0.026312484000214385,0.057295874054460454,0.024240237263246617,-0.09841649841715058,0.020435708066199307
WK188404,Wijk 04 Leimuiden,2022,4.072924768195,-0.02934008294868603,-0.03378011136259091,0.06378579804958548,0.02693252900516471,-0.1089091324059907,0.022630833765145148
WK189100,Wijk 00 Centrum,2002,4.103163878074757,8.990269310717525e-4,NA,NA,NA,NA,NA
WK189100,Wijk 00 Centrum,2008,4.115727210344251,0.013462359200565563,NA,NA,NA,NA,NA
WK189100,Wijk 00 Centrum,2012,4.115014915387421,0.012750064243736179,NA,NA,NA,NA,NA
WK189100,Wijk 00 Centrum,2014,4.13172792714963,0.02946307600594444,0.04930192156400797,0.05958218466447512,0.057034420613163925,-0.17222396739610463,0.035768516560401774
WK189100,Wijk 00 Centrum,2016,4.2112318803837585,0.1089670292400738,NA,NA,NA,NA,NA
WK189100,Wijk 00 Centrum,2018,4.130748215705517,0.028483364561831755,0.047308131207458644,0.0718767986554143,0.05856966593224868,-0.18645872913483266,0.03718749790154248
WK189100,Wijk 00 Centrum,2020,4.1255076673459925,0.023242816202307368,0.041100726468671425,0.06939673068604758,0.04794267325925645,-0.17516335584198062,0.03996604163031228
WK189100,Wijk 00 Centrum,2022,4.123724991753467,0.0214601406097822,0.04285830712282404,0.07862478919665772,0.048988018510676905,-0.19389241124650997,0.04488143702613321
WK189101,Wijk 01 Oost,2002,4.212402348801682,0.11013749765799681,NA,NA,NA,NA,NA
WK189101,Wijk 01 Oost,2008,4.1659658835725795,0.06370103242889413,NA,NA,NA,NA,NA
WK189101,Wijk 01 Oost,2012,4.182004063951701,0.07973921280801521,NA,NA,NA,NA,NA
WK189101,Wijk 01 Oost,2014,4.163721494815689,0.061456643672003416,0.048198759635142585,0.11187678954175077,0.0982175002355745,-0.22055412823720422,0.023717722496739528
WK189101,Wijk 01 Oost,2016,4.175614730394405,0.07334987925071967,NA,NA,NA,NA,NA
WK189101,Wijk 01 Oost,2018,4.117224747608962,0.014959896465276526,0.041590544021407376,0.076214189957269,0.09072837730576813,-0.23175550309082882,0.03818228827166057
WK189101,Wijk 01 Oost,2020,4.097567864660084,-0.00469698648360108,0.03334064702390609,0.07042064522593243,0.0776623752714276,-0.22316120035332768,0.03704054634846026
WK189101,Wijk 01 Oost,2022,4.093956492017446,-0.008308359126239628,0.03815997761863187,0.0478457985264554,0.07384299541368662,-0.23028817790296224,0.062131047217948356
WK189102,Wijk 02 Zuid,2002,4.1144879413516176,0.012223090207932804,NA,NA,NA,NA,NA
WK189102,Wijk 02 Zuid,2008,4.1087582526489355,0.006493401505250576,NA,NA,NA,NA,NA
WK189102,Wijk 02 Zuid,2012,4.109853571614747,0.0075887204710617445,NA,NA,NA,NA,NA
WK189102,Wijk 02 Zuid,2014,4.100984613089089,-0.001280238054595692,0.04516582675028412,0.04818859141170317,0.04366641788987934,-0.15846356635497372,0.02016249224851112
WK189102,Wijk 02 Zuid,2016,4.112763414260843,0.010498563117157666,NA,NA,NA,NA,NA
WK189102,Wijk 02 Zuid,2018,4.096337610727325,-0.0059272404163600145,0.047697337605140895,0.04148885670976471,0.040399341937808836,-0.16461917620211644,0.029106399533041703
WK189102,Wijk 02 Zuid,2020,4.072049198845497,-0.0302156522981886,0.038945320668438504,0.024433596895638322,0.034436019869061626,-0.1577234342085407,0.02969284447721337
WK189102,Wijk 02 Zuid,2022,4.053145867006593,-0.0491189841370916,0.0425984380715229,0.013455031957313249,0.03438104756265583,-0.176380812279682,0.03682731055109815
WK189103,Wijk 03 West,2002,4.134192767413998,0.031927916270312176,NA,NA,NA,NA,NA
WK189103,Wijk 03 West,2008,4.141978348877788,0.03971349773410296,NA,NA,NA,NA,NA
WK189103,Wijk 03 West,2012,4.164267212614128,0.062002361470443,NA,NA,NA,NA,NA
WK189103,Wijk 03 West,2014,4.179182534958073,0.07691768381438854,0.028677304400740844,0.11226021336163293,0.08166965455109207,-0.2279073267886397,0.0822178382895621
WK189103,Wijk 03 West,2016,4.234792769307313,0.13252791816362758,NA,NA,NA,NA,NA
WK189103,Wijk 03 West,2018,4.145958239118538,0.04369338797485207,0.02752003698630065,0.09276137653406062,0.07983357246277427,-0.23179270775263605,0.0753711097443524
WK189103,Wijk 03 West,2020,4.137548975754976,0.03528412461129113,0.013219933594231159,0.09483017519853881,0.07226326149335124,-0.23037976010876396,0.08535051443393366
WK189103,Wijk 03 West,2022,4.164313732149335,0.062048881005650224,0.015057210364680985,0.11698724066137182,0.07084956041518928,-0.23145608184585392,0.09061095141026172
WK189201,Moerkapelle wijk 01,2002,4.046776575016435,-0.05548827612725026,NA,NA,NA,NA,NA
WK189201,Moerkapelle wijk 01,2008,4.009333310513999,-0.09293154062968628,NA,NA,NA,NA,NA
WK189201,Moerkapelle wijk 01,2012,4.010394124503163,-0.09187072664052275,NA,NA,NA,NA,NA
WK189201,Moerkapelle wijk 01,2014,4.051476948806818,-0.05078790233686759,-0.030532855021422698,0.06542641490940386,0.04044772004523799,-0.13333359270880035,0.007204410438713389
WK189201,Moerkapelle wijk 01,2016,4.0466997741104,-0.05556507703328491,NA,NA,NA,NA,NA
WK189201,Moerkapelle wijk 01,2018,4.057563605145158,-0.044701245998526935,-0.02980868514434119,0.07738148004748072,0.04102293129421567,-0.12480709575770754,-0.008489876438174898
WK189201,Moerkapelle wijk 01,2020,4.077091508616978,-0.025173342526706978,-0.025815753244323118,0.06553641598410297,0.035133874523239884,-0.11204804560510298,0.012020165815375964
WK189201,Moerkapelle wijk 01,2022,4.0858286775601025,-0.01643617358358297,-0.026031508502583733,0.07735261936225586,0.03795002939582992,-0.12056710351973217,0.014859789680646825
WK189202,Zevenhuizen wijk 02,2002,4.010573564212971,-0.09169128693071399,NA,NA,NA,NA,NA
WK189202,Zevenhuizen wijk 02,2008,3.9931241373846262,-0.10914071375905902,NA,NA,NA,NA,NA
WK189202,Zevenhuizen wijk 02,2012,4.0242390472255325,-0.07802580391815266,NA,NA,NA,NA,NA
WK189202,Zevenhuizen wijk 02,2014,4.040926759615455,-0.0613380915282306,-0.023263075021215107,0.031826272942551845,0.022724669660316093,-0.10889422415246383,0.016268265042580134
WK189202,Zevenhuizen wijk 02,2016,4.097363299707932,-0.004901551435753161,NA,NA,NA,NA,NA
WK189202,Zevenhuizen wijk 02,2018,4.0807581659765875,-0.021506685167098215,-0.02403920119464747,0.06244724788443427,0.033617217382460915,-0.1121557762291016,0.018623826989755423
WK189202,Zevenhuizen wijk 02,2020,4.112666429849522,0.010401578705836668,-0.01878971814692513,0.07450185712353835,0.028965759859518214,-0.09942561664197241,0.025149296511677344
WK189202,Zevenhuizen wijk 02,2022,4.106808085312508,0.004543234168823391,-0.020867620683752093,0.06610527433571849,0.04067763268208036,-0.10715844390752446,0.02578639174230083
WK189203,Moordrecht wijk 03,2002,3.931494019129104,-0.1707708320145813,NA,NA,NA,NA,NA
WK189203,Moordrecht wijk 03,2008,3.9294747494178415,-0.17279010172584378,NA,NA,NA,NA,NA
WK189203,Moordrecht wijk 03,2012,3.9533864996715202,-0.1488783514721648,NA,NA,NA,NA,NA
WK189203,Moordrecht wijk 03,2014,4.00529334806717,-0.09697150307651571,-0.009907091471991092,-0.035092407602706696,0.008205368568626364,-0.053820616945193724,-0.006356755625250844
WK189203,Moordrecht wijk 03,2016,4.0304290813511034,-0.07183576979258209,NA,NA,NA,NA,NA
WK189203,Moordrecht wijk 03,2018,4.03336538683746,-0.06889946430622533,-0.010408091602867086,-0.007681378035672664,0.009824058367464843,-0.05153302178959719,-0.00910103124555347
WK189203,Moordrecht wijk 03,2020,4.061323820732995,-0.04094103041068993,-0.005618440619250231,-2.4794232284210557e-5,0.002789064866962895,-0.03512383864509911,-0.0029630217810195578
WK189203,Moordrecht wijk 03,2022,4.062771195956882,-0.03949365518680261,-0.008651245658732178,0.0086034468050582,0.006596211050831167,-0.05097324598698209,0.004931178603022058
WK189204,Nieuwerkerk aan den IJssel wijk 04,2002,4.012406412795566,-0.08985843834811863,NA,NA,NA,NA,NA
WK189204,Nieuwerkerk aan den IJssel wijk 04,2008,3.9941704452489883,-0.10809440589469692,NA,NA,NA,NA,NA
WK189204,Nieuwerkerk aan den IJssel wijk 04,2012,4.022040557594472,-0.0802242935492128,NA,NA,NA,NA,NA
WK189204,Nieuwerkerk aan den IJssel wijk 04,2014,4.076711804197333,-0.025553046946352548,-0.019692547980746815,0.01228060818427355,0.0045978701935654835,-0.023590767725130555,8.517903816855525e-4
WK189204,Nieuwerkerk aan den IJssel wijk 04,2016,4.111873215773404,0.009608364629718272,NA,NA,NA,NA,NA
WK189204,Nieuwerkerk aan den IJssel wijk 04,2018,4.125197941831608,0.0229330906879225,-0.016845883432560736,0.04497700463212415,0.0032106461489423677,-0.010875785445658787,0.002467108785075212
WK189204,Nieuwerkerk aan den IJssel wijk 04,2020,4.140484569063983,0.03821971792029751,-0.010058152155746654,0.05214033407369392,0.0029002125184948305,-0.011118558966943439,0.00435588245079856
WK189204,Nieuwerkerk aan den IJssel wijk 04,2022,4.132104496804701,0.029839645661015886,-0.011193235228444436,0.04241632025215337,0.007929797459274478,-0.018936777053079078,0.009623540231111297
WK189400,Wijk 00 Grashoek-Koningslust,2002,4.142284959403093,0.040020108259407286,NA,NA,NA,NA,NA
WK189400,Wijk 00 Grashoek-Koningslust,2008,4.118338682878305,0.01607383173461959,NA,NA,NA,NA,NA
WK189400,Wijk 00 Grashoek-Koningslust,2012,4.135512094429278,0.03324724328559278,NA,NA,NA,NA,NA
WK189400,Wijk 00 Grashoek-Koningslust,2014,4.143887577487127,0.04162272634344194,-0.00457553069788232,0.086414602245604,0.08725692287563357,-0.18044064696067855,0.052967378880765
WK189400,Wijk 00 Grashoek-Koningslust,2016,4.174318389140565,0.0720535379968796,NA,NA,NA,NA,NA
WK189400,Wijk 00 Grashoek-Koningslust,2018,4.153837560174444,0.05157270903075822,4.3722506407378525e-4,0.09247447132101784,0.08246288726900412,-0.1770053226999807,0.053203448076642915
WK189400,Wijk 00 Grashoek-Koningslust,2020,4.15151122859218,0.049246377448494603,0.005462148734497946,0.08249225829525254,0.06604098022710998,-0.15811177849429625,0.05336276868593012
WK189400,Wijk 00 Grashoek-Koningslust,2022,4.16373512327997,0.061470272136285475,0.005030145660946222,0.09307491309600972,0.07252616079214373,-0.16976782735997165,0.0606068799471572
WK189401,Wijk 01 Panningen,2002,4.084747031204719,-0.017517819938965968,NA,NA,NA,NA,NA
WK189401,Wijk 01 Panningen,2008,4.0920765237846695,-0.010188327359015871,NA,NA,NA,NA,NA
WK189401,Wijk 01 Panningen,2012,4.122156520822579,0.019891669678893893,NA,NA,NA,NA,NA
WK189401,Wijk 01 Panningen,2014,4.1431114261797815,0.040846575036096476,-0.004965704446042703,0.05347400289281668,0.04914396151811969,-0.09467340260097233,0.03786771767217484
WK189401,Wijk 01 Panningen,2016,4.146288664818663,0.04402381367497794,NA,NA,NA,NA,NA
WK189401,Wijk 01 Panningen,2018,4.15926255813191,0.05699770698822443,0.001955675101953196,0.055870133633315944,0.044026579625186114,-0.08592586135099321,0.041071179978762105
WK189401,Wijk 01 Panningen,2020,4.178378841573214,0.07611399042952934,0.004816404532359635,0.05924970519535041,0.03771437434724307,-0.062340454582301606,0.03667396093687757
WK189401,Wijk 01 Panningen,2022,4.2005139654668655,0.09824911432317981,0.006712510983178976,0.07278989571954475,0.04269883736807712,-0.06802735589299301,0.04407522614537169
WK189402,Wijk 02 Kessel,2002,4.145695803613754,0.043430952470068715,NA,NA,NA,NA,NA
WK189402,Wijk 02 Kessel,2008,4.111965266347558,0.009700415203872862,NA,NA,NA,NA,NA
WK189402,Wijk 02 Kessel,2012,4.151990360920823,0.0497255097771378,NA,NA,NA,NA,NA
WK189402,Wijk 02 Kessel,2014,4.138346501512933,0.03608165036924777,-0.0222165447692521,0.08279296235649708,0.06607505684121126,-0.1236377041113517,0.03306788005214297
WK189402,Wijk 02 Kessel,2016,4.125483680416514,0.023218829272829197,NA,NA,NA,NA,NA
WK189402,Wijk 02 Kessel,2018,4.142837245261379,0.04057239411769387,-0.020232471797756203,0.0780279279222017,0.056245842079011905,-0.11450903365050165,0.041040129564737855
WK189402,Wijk 02 Kessel,2020,4.135734454968579,0.03346960382489276,-0.013258068096042895,0.06128611301425024,0.047751413773131995,-0.10362381805513213,0.041313963188685215
WK189402,Wijk 02 Kessel,2022,4.137950695552852,0.03568584440916662,-0.00792098825399068,0.05221255886359898,0.048844086775827515,-0.10762642402401155,0.05017661104774213
WK189403,Wijk 03 Maasbree,2002,4.063355248304714,-0.0389096028389706,NA,NA,NA,NA,NA
WK189403,Wijk 03 Maasbree,2008,4.095917174715586,-0.006347676428099649,NA,NA,NA,NA,NA
WK189403,Wijk 03 Maasbree,2012,4.120324909173045,0.018060058029360358,NA,NA,NA,NA,NA
WK189403,Wijk 03 Maasbree,2014,4.127469005830754,0.025204154687068447,-0.013247159656015884,0.07720065690928377,0.06200811877210832,-0.14692563271172734,0.04616817137341932
WK189403,Wijk 03 Maasbree,2016,4.148193563602098,0.04592871245841303,NA,NA,NA,NA,NA
WK189403,Wijk 03 Maasbree,2018,4.1400433611939,0.03777851005021503,-0.008479763545653978,0.07697078842890753,0.058129151369893224,-0.1412840677441957,0.0524424015412637
WK189403,Wijk 03 Maasbree,2020,4.16598245197796,0.06371760083427438,-0.006937057345184709,0.09011159804696217,0.0546445505385178,-0.12282266637364285,0.048721175967621676
WK189403,Wijk 03 Maasbree,2022,4.148125183401756,0.04586033225807121,-0.002824538237187658,0.08298694921793724,0.05176486874232085,-0.13984957022266986,0.053782622757670366
WK189404,Wijk 04 Baarlo,2002,4.108740630929107,0.006475779785422229,NA,NA,NA,NA,NA
WK189404,Wijk 04 Baarlo,2008,4.11349206412064,0.011227212976954688,NA,NA,NA,NA,NA
WK189404,Wijk 04 Baarlo,2012,4.1442436745549225,0.04197882341123713,NA,NA,NA,NA,NA
WK189404,Wijk 04 Baarlo,2014,4.146346270532435,0.04408141938874996,-0.025224301483209217,0.06635448775360504,0.052738228551596204,-0.09598895972221337,0.046201964288971005
WK189404,Wijk 04 Baarlo,2016,4.155036344546258,0.05277149340257259,NA,NA,NA,NA,NA
WK189404,Wijk 04 Baarlo,2018,4.165529979593742,0.06326512845005709,-0.014858648746078234,0.07616425230187435,0.04937395461542394,-0.09529934303242107,0.04788491331125784
WK189404,Wijk 04 Baarlo,2020,4.172856144948115,0.07059129380442981,-0.006649928740971027,0.07575929598329612,0.047528369915007675,-0.09336793161681639,0.04732148826391317
WK189404,Wijk 04 Baarlo,2022,4.158540932836554,0.05627608169286942,-0.005128796630772108,0.07201821342786704,0.045924968318423534,-0.10667667150127699,0.050138368078627704
WK189405,Wijk 05 Meijel,2002,4.118891595509885,0.01662674436619924,NA,NA,NA,NA,NA
WK189405,Wijk 05 Meijel,2008,4.136474391883381,0.03420954073969552,NA,NA,NA,NA,NA
WK189405,Wijk 05 Meijel,2012,4.164786240929806,0.0625213897861209,NA,NA,NA,NA,NA
WK189405,Wijk 05 Meijel,2014,4.138065186045936,0.03580033490225133,-0.0034972208655252475,0.06992846970961536,0.0658504886414536,-0.14309938192290497,0.0466179793396123
WK189405,Wijk 05 Meijel,2016,4.11748375587105,0.01521890472736459,NA,NA,NA,NA,NA
WK189405,Wijk 05 Meijel,2018,4.152877120635642,0.0506122694919563,0.00843978511593271,0.0721064411834033,0.062333085757019596,-0.13918063707114509,0.04691359450674552
WK189405,Wijk 05 Meijel,2020,4.161130274807647,0.058865423663961754,0.011510610736054014,0.07667827986677375,0.05268122915557796,-0.12829252579330372,0.046287829698859403
WK189405,Wijk 05 Meijel,2022,4.195163938708813,0.09289908756512734,0.012188738720094176,0.08887097487614602,0.05944797726812393,-0.119231957870752,0.05162335457151497
WK189500,Wijk 00 Winschoten,2002,4.007926437504851,-0.09433841363883376,NA,NA,NA,NA,NA
WK189500,Wijk 00 Winschoten,2008,3.9951827651661094,-0.1070820859775761,NA,NA,NA,NA,NA
WK189500,Wijk 00 Winschoten,2012,4.035650890941164,-0.06661396020252093,NA,NA,NA,NA,NA
WK189500,Wijk 00 Winschoten,2014,4.022252714658738,-0.08001213648494684,0.037374823520575896,-0.016770009984156876,0.012718856045163691,-0.09616218807495198,-0.017173617991577843
WK189500,Wijk 00 Winschoten,2016,4.081871739731026,-0.0203931114126585,NA,NA,NA,NA,NA
WK189500,Wijk 00 Winschoten,2018,4.075601229572453,-0.02666362157123146,0.03490948705801798,-7.756736839744408e-4,0.0102328771390744,-0.06893711259770406,-0.002093199486645622
WK189500,Wijk 00 Winschoten,2020,4.065555048466115,-0.03670980267756999,0.03289662954070738,0.00996890448947273,0.007880223409864754,-0.0756916815497535,-0.011763878567861633
WK189500,Wijk 00 Winschoten,2022,4.099634918232597,-0.002629932911088583,0.036588220663590916,0.02076817910066926,0.013028828686250401,-0.09455051600676781,0.021535354645168377
WK189501,Wijk 01 Finsterwolde,2002,4.059046897953508,-0.04321795319017727,NA,NA,NA,NA,NA
WK189501,Wijk 01 Finsterwolde,2008,4.006808911209823,-0.09545593993386232,NA,NA,NA,NA,NA
WK189501,Wijk 01 Finsterwolde,2012,4.0520894386299435,-0.05017541251374138,NA,NA,NA,NA,NA
WK189501,Wijk 01 Finsterwolde,2014,4.117234228997275,0.014969377853590054,0.07334947179282279,0.06928168596492802,0.07950314296644569,-0.24734643883510365,0.04018151596449693
WK189501,Wijk 01 Finsterwolde,2016,4.1324961879072,0.030231336763513958,NA,NA,NA,NA,NA
WK189501,Wijk 01 Finsterwolde,2018,4.120368270881757,0.018103419738072463,0.07167405363022963,0.07087363672791187,0.07398039616460853,-0.23049394317890384,0.03206927639422602
WK189501,Wijk 01 Finsterwolde,2020,4.151257020252641,0.04899216910895548,0.06596046507231834,0.07334339087578637,0.06571970503695876,-0.22041193531690428,0.06438054344079604
WK189501,Wijk 01 Finsterwolde,2022,4.0942943974650445,-0.007970453678640287,0.06464015974893017,0.05340918734931267,0.0590683670499558,-0.24247322729602425,0.05738505946918506
WK189502,Wijk 02 Drieborg,2002,4.09026246337609,-0.012002387767595402,NA,NA,NA,NA,NA
WK189502,Wijk 02 Drieborg,2008,4.0463936784246055,-0.0558711727190794,NA,NA,NA,NA,NA
WK189502,Wijk 02 Drieborg,2012,4.042799783686147,-0.05946506745753855,NA,NA,NA,NA,NA
WK189502,Wijk 02 Drieborg,2014,4.0997935183667895,-0.0024713327768956066,0.018316278371163897,0.09100732396542664,0.08475499814148885,-0.2891112412414876,0.09256130798651223
WK189502,Wijk 02 Drieborg,2016,4.120576267127308,0.018311415983622206,NA,NA,NA,NA,NA
WK189502,Wijk 02 Drieborg,2018,4.112706018379189,0.010441167235504294,0.02629382656734541,0.09083470467906204,0.07711546664845298,-0.2828178990624719,0.09901506840311537
WK189502,Wijk 02 Drieborg,2020,4.063906704111122,-0.03835814703256348,0.014817850739317512,0.06757554073500362,0.07423023093215896,-0.2842131032263714,0.0892313337873276
WK189502,Wijk 02 Drieborg,2022,4.035485002938762,-0.06677984820492372,0.015086498045951635,0.0602188994795536,0.06972632357695943,-0.2959737270863903,0.08416215777900167
WK189503,Wijk 03 Beerta,2002,4.050820052343719,-0.051444798799966655,NA,NA,NA,NA,NA
WK189503,Wijk 03 Beerta,2008,3.991376159234344,-0.11088869190934107,NA,NA,NA,NA,NA
WK189503,Wijk 03 Beerta,2012,4.011978955991251,-0.0902858951524344,NA,NA,NA,NA,NA
WK189503,Wijk 03 Beerta,2014,4.053788326884146,-0.048476524259539217,0.03819390615365227,0.030209740315343035,0.03806947476629219,-0.21406030074044752,0.059110655245620536
WK189503,Wijk 03 Beerta,2016,4.0705397535448675,-0.03172509759881754,NA,NA,NA,NA,NA
WK189503,Wijk 03 Beerta,2018,4.083815289944212,-0.018449561199472914,0.05856150487899158,0.0334995069027207,0.02364274649401088,-0.1935089671957805,0.05935564772058411
WK189503,Wijk 03 Beerta,2020,4.065691884088503,-0.036572967055182704,0.05470368606887942,0.013326152231611679,0.02851861904585592,-0.19291949108947137,0.059798066687941395
WK189503,Wijk 03 Beerta,2022,4.050255534732501,-0.05200931641118436,0.05799101044156168,0.008488724792694621,0.021671803200954215,-0.20343306591979018,0.06327221107339503
WK189504,Wijk 04 Nieuw-Beerta,2002,4.053486439323008,-0.04877841182067782,NA,NA,NA,NA,NA
WK189504,Wijk 04 Nieuw-Beerta,2008,4.063511673811687,-0.03875317733199758,NA,NA,NA,NA,NA
WK189504,Wijk 04 Nieuw-Beerta,2012,4.087915274866265,-0.014349576277420062,NA,NA,NA,NA,NA
WK189504,Wijk 04 Nieuw-Beerta,2014,4.07526959184624,-0.02699525929744529,0.052492150130351405,0.06559275274916454,0.07527579067027729,-0.28845707844347734,0.06810112559623853
WK189504,Wijk 04 Nieuw-Beerta,2016,4.044907154960391,-0.05735769618329419,NA,NA,NA,NA,NA
WK189504,Wijk 04 Nieuw-Beerta,2018,4.166790355332987,0.0645255041893016,0.04745984531380696,0.11623363264592278,0.10709782324666126,-0.2790517716903161,0.07278597467322644
WK189504,Wijk 04 Nieuw-Beerta,2020,4.1490683179633745,0.04680346681968898,0.04065911471910071,0.12545277586986814,0.09751314537192993,-0.2811326693594355,0.06431110021822517
WK189504,Wijk 04 Nieuw-Beerta,2022,4.024685481985862,-0.07757936915782354,0.04251916428995922,0.028448705846785376,0.0801636151263875,-0.2918867014294699,0.06317584700851385
WK189505,Wijk 05 Nieuweschans,2002,4.014953463510487,-0.08731138763319832,NA,NA,NA,NA,NA
WK189505,Wijk 05 Nieuweschans,2008,3.9638124853630763,-0.13845236578060893,NA,NA,NA,NA,NA
WK189505,Wijk 05 Nieuweschans,2012,3.935849942583385,-0.16641490856030022,NA,NA,NA,NA,NA
WK189505,Wijk 05 Nieuweschans,2014,3.975864894494611,-0.12639995664907455,0.032390960103250065,-0.022795314223554655,0.04092779600509891,-0.19028015911424417,0.013356760580375018
WK189505,Wijk 05 Nieuweschans,2016,4.025333616559059,-0.07693123458462658,NA,NA,NA,NA,NA
WK189505,Wijk 05 Nieuweschans,2018,3.9721138128064357,-0.13015103833724923,0.03289277935443524,0.004823361208902128,0.025575698459079952,-0.19526003233411257,0.0018171549744457345
WK189505,Wijk 05 Nieuweschans,2020,3.9852980576754073,-0.11696679346827736,0.03208980013778564,0.0017917943278029874,0.035250321208700516,-0.20637573557758956,0.02027702643502274
WK189505,Wijk 05 Nieuweschans,2022,3.9923533555729236,-0.10991149557076159,0.028377863282986,0.01833415202968251,0.031514717290610283,-0.212241849892467,0.024103621718426324
WK189506,Wijk 06 Scheemda-Heiligerlee,2002,4.090306935360418,-0.011957915783268196,NA,NA,NA,NA,NA
WK189506,Wijk 06 Scheemda-Heiligerlee,2008,4.0944453626368515,-0.007819488506834216,NA,NA,NA,NA,NA
WK189506,Wijk 06 Scheemda-Heiligerlee,2012,4.1126942662590436,0.010429415115358423,NA,NA,NA,NA,NA
WK189506,Wijk 06 Scheemda-Heiligerlee,2014,4.146152802483749,0.04388795134006401,0.048643920710717735,0.04642401167127067,0.04339424445903125,-0.12975485797511685,0.035180632474160936
WK189506,Wijk 06 Scheemda-Heiligerlee,2016,4.159594090961441,0.057329239817755714,NA,NA,NA,NA,NA
WK189506,Wijk 06 Scheemda-Heiligerlee,2018,4.1617139104830025,0.059449059339317545,0.04893336150937878,0.04737548524164677,0.042866563313654085,-0.11820468932109081,0.038478338595728426
WK189506,Wijk 06 Scheemda-Heiligerlee,2020,4.181514064862659,0.07924921371897353,0.04571475257767365,0.05740526015764085,0.04272299117776178,-0.10382531939806587,0.03723152920396282
WK189506,Wijk 06 Scheemda-Heiligerlee,2022,4.130626848711242,0.02836199756755669,0.046305081257942644,0.02850679381368976,0.025013164419595377,-0.11398312491239607,0.042520082988724735
WK189507,Wijk 01 Westerlee,2002,4.166986197223355,0.06472134607966948,NA,NA,NA,NA,NA
WK189507,Wijk 01 Westerlee,2008,4.166623002399086,0.06435815125540065,NA,NA,NA,NA,NA
WK189507,Wijk 01 Westerlee,2012,4.160738628950646,0.058473777806960184,NA,NA,NA,NA,NA
WK189507,Wijk 01 Westerlee,2014,4.179338584181304,0.07707373303761868,0.040116341783590234,0.0759692237122502,0.07360262902195924,-0.18231033521858878,0.06969587373840751
WK189507,Wijk 01 Westerlee,2016,4.190506500468405,0.08824164932471924,NA,NA,NA,NA,NA
WK189507,Wijk 01 Westerlee,2018,4.206917550380213,0.10465269923652833,0.04677025151069483,0.0749045475810431,0.07663173049825057,-0.16343160432493054,0.06977777397147002
WK189507,Wijk 01 Westerlee,2020,4.201973935681456,0.09970908453776992,0.037977976807846016,0.08715593372140465,0.06823197669854583,-0.16220676348760446,0.06854996079757765
WK189507,Wijk 01 Westerlee,2022,4.132069019745334,0.029804168601649236,0.0407022003854731,0.042650144958753015,0.050414862720697534,-0.17297794103560102,0.06901490157232634
WK189508,Wijk 02 Noord,2002,4.055121790855181,-0.04714306028850436,NA,NA,NA,NA,NA
WK189508,Wijk 02 Noord,2008,4.079207347057988,-0.02305750408569734,NA,NA,NA,NA,NA
WK189508,Wijk 02 Noord,2012,4.054720251525042,-0.04754459961864348,NA,NA,NA,NA,NA
WK189508,Wijk 02 Noord,2014,4.139304729570007,0.037039878426322066,0.03334799930654593,0.03976160052647992,0.09996370963215709,-0.2297734122258133,0.09373998118695222
WK189508,Wijk 02 Noord,2016,4.12802440777997,0.02575955663628434,NA,NA,NA,NA,NA
WK189508,Wijk 02 Noord,2018,4.179948957971937,0.07768410682825161,0.03664366602917815,0.0517178568430743,0.12285383718041004,-0.23490709182404199,0.10137583859963087
WK189508,Wijk 02 Noord,2020,4.153274148138898,0.051009296995212984,0.02183915224889518,0.05650364166007438,0.09466543486339041,-0.23028576798253247,0.10828683620538525
WK189508,Wijk 02 Noord,2022,4.136612760684385,0.03434790954069983,0.027764587657081244,0.03994181440219815,0.07510162289206684,-0.22887066692318606,0.12041055151253939
WK189509,Wijk 03 Midwolda,2002,4.051619055436912,-0.050645795706773584,NA,NA,NA,NA,NA
WK189509,Wijk 03 Midwolda,2008,4.065612618128973,-0.03665223301471209,NA,NA,NA,NA,NA
WK189509,Wijk 03 Midwolda,2012,4.100830238030544,-0.0014346131131406535,NA,NA,NA,NA,NA
WK189509,Wijk 03 Midwolda,2014,4.1191239473028265,0.01685909615914116,0.04705171551374057,0.07187340993767646,0.06491532067955502,-0.22035741024202393,0.05337606027019277
WK189509,Wijk 03 Midwolda,2016,4.168151984230887,0.06588713308720147,NA,NA,NA,NA,NA
WK189509,Wijk 03 Midwolda,2018,4.164254298650398,0.06198944750671276,0.05315972029975433,0.09031953899323585,0.0640310028669613,-0.20249248505537082,0.05697167040213181
WK189509,Wijk 03 Midwolda,2020,4.174460549722392,0.07219569857870665,0.046743049465593274,0.0922420767801477,0.0587881376517653,-0.19106849142669208,0.06549092610789214
WK189509,Wijk 03 Midwolda,2022,4.1468523960337125,0.0445875448900273,0.052916086886675144,0.07474448168312768,0.043525599198995006,-0.19594381066722472,0.06934518778845394
WK189510,Wijk 04 Nieuwolda,2002,4.151829032000928,0.04956418085724269,NA,NA,NA,NA,NA
WK189510,Wijk 04 Nieuwolda,2008,4.165560204838135,0.06329535369444983,NA,NA,NA,NA,NA
WK189510,Wijk 04 Nieuwolda,2012,4.139625127373665,0.037360276229979415,NA,NA,NA,NA,NA
WK189510,Wijk 04 Nieuwolda,2014,4.130861665652105,0.028596814508420554,0.04758222515494065,0.07320144126570487,0.07451620541192831,-0.23923033677417901,0.07252727945002542
WK189510,Wijk 04 Nieuwolda,2016,4.159518316611684,0.0572534654679987,NA,NA,NA,NA,NA
WK189510,Wijk 04 Nieuwolda,2018,4.164312109173063,0.06204725802937797,0.047874477040211305,0.0934430154135796,0.08089087190889624,-0.235136210892415,0.07497510455910551
WK189510,Wijk 04 Nieuwolda,2020,4.157364691749709,0.0550998406060243,0.03820297914448022,0.09914953598701852,0.0711511264442256,-0.2253465339112217,0.07194273294152147
WK189510,Wijk 04 Nieuwolda,2022,4.087252792177788,-0.015012058965897333,0.03137207982028771,0.05351054575457674,0.05098237929871686,-0.2265030071725229,0.07562594333304394
WK189600,Wijk 00 Genemuiden,2002,4.050351209205724,-0.0519136419379614,NA,NA,NA,NA,NA
WK189600,Wijk 00 Genemuiden,2008,4.0610684526971506,-0.04119639844653429,NA,NA,NA,NA,NA
WK189600,Wijk 00 Genemuiden,2012,4.067851346037665,-0.03441350510601976,NA,NA,NA,NA,NA
WK189600,Wijk 00 Genemuiden,2014,4.047885012476024,-0.054379838667661655,0.02820707774235105,0.062278866465644865,0.05639608483317179,-0.17104552566559295,-0.030216342043236713
WK189600,Wijk 00 Genemuiden,2016,4.075112345721482,-0.02715250542220311,NA,NA,NA,NA,NA
WK189600,Wijk 00 Genemuiden,2018,4.094041623540816,-0.0082232276028692,0.025704165524592152,0.06885695163566348,0.057403610397332515,-0.14939014294371428,-0.01079781221674335
WK189600,Wijk 00 Genemuiden,2020,4.085199433974739,-0.017065417168945777,0.02166437266789454,0.0647277478457273,0.057441949830916855,-0.14746483318739498,-0.01343465432608982
WK189600,Wijk 00 Genemuiden,2022,4.098783229860385,-0.0034816212833002932,0.02334562793835366,0.07295202600716345,0.04605794727348583,-0.15730091951663513,0.01146369701433165
WK189601,Wijk 01 Kamperzeedijk,2002,4.109718491239446,0.007453640095760862,NA,NA,NA,NA,NA
WK189601,Wijk 01 Kamperzeedijk,2008,4.1232371158436605,0.020972264699975568,NA,NA,NA,NA,NA
WK189601,Wijk 01 Kamperzeedijk,2012,4.104721669938147,0.0024568187944618777,NA,NA,NA,NA,NA
WK189601,Wijk 01 Kamperzeedijk,2014,4.103241825509139,9.769743654534397e-4,-0.027434418679150672,0.08617231068516508,0.13342129022834626,-0.21962444777689033,0.028442239907982864
WK189601,Wijk 01 Kamperzeedijk,2016,4.074811715842039,-0.02745313530164607,NA,NA,NA,NA,NA
WK189601,Wijk 01 Kamperzeedijk,2018,4.1505508159202975,0.04828596477661286,-0.008704983677702172,0.1052142990317593,0.1291426880571395,-0.20985351311900355,0.032487474484419535
WK189601,Wijk 01 Kamperzeedijk,2020,4.130591764058114,0.028326912914428473,-0.022583552943367526,0.09256901322435176,0.1305479049282478,-0.20621142887827973,0.0340049765834758
WK189601,Wijk 01 Kamperzeedijk,2022,4.167631990081942,0.06536713893825633,-0.01996640313306427,0.10561857468697032,0.11946533782687306,-0.20847981129998797,0.06872944085746469
WK189602,Wijk 02 Hasselt,2002,4.076622850821001,-0.025642000322684287,NA,NA,NA,NA,NA
WK189602,Wijk 02 Hasselt,2008,4.046550482814766,-0.05571436832891962,NA,NA,NA,NA,NA
WK189602,Wijk 02 Hasselt,2012,4.059957993345475,-0.04230685779820984,NA,NA,NA,NA,NA
WK189602,Wijk 02 Hasselt,2014,4.112864222265626,0.01059937112194149,0.024458123729389235,0.06380402114447684,0.03887488074467567,-0.1437688682125993,0.027231213715998744
WK189602,Wijk 02 Hasselt,2016,4.129654701544576,0.0273898504008905,NA,NA,NA,NA,NA
WK189602,Wijk 02 Hasselt,2018,4.131454241855544,0.029189390711859147,0.02282806972660143,0.07554112081520456,0.04428667371153189,-0.14741967267965825,0.0339531991381792
WK189602,Wijk 02 Hasselt,2020,4.140071386573884,0.037806535430199066,0.02105479386752654,0.08192227004167846,0.0433286263769115,-0.1371112285338035,0.02861207367788578
WK189602,Wijk 02 Hasselt,2022,4.103989938735391,0.0017250875917052576,0.021623465668690174,0.07854226366958689,0.034803469019328764,-0.1665489613178888,0.03330485055198795
WK189603,Wijk 03 Landelijk gebied Hasselt,2002,4.198423273923647,0.09615842277996155,NA,NA,NA,NA,NA
WK189603,Wijk 03 Landelijk gebied Hasselt,2008,4.111567117501377,0.009302266357691578,NA,NA,NA,NA,NA
WK189603,Wijk 03 Landelijk gebied Hasselt,2012,4.154559481704024,0.05229463056033849,NA,NA,NA,NA,NA
WK189603,Wijk 03 Landelijk gebied Hasselt,2014,4.23786688493002,0.13560203378633462,-0.03541709811294361,0.13462659711694994,0.1322105472677222,-0.18283531582551685,0.08701730334012273
WK189603,Wijk 03 Landelijk gebied Hasselt,2016,4.236530867528865,0.13426601638518001,NA,NA,NA,NA,NA
WK189603,Wijk 03 Landelijk gebied Hasselt,2018,4.264499170538511,0.16223431939482572,-0.008968788185437358,0.13271163317835782,0.13111420855733913,-0.18755925546571345,0.0949365213102793
WK189603,Wijk 03 Landelijk gebied Hasselt,2020,4.244751694573808,0.14248684343012308,-0.026331328108332348,0.12008618572647749,0.11590336398562334,-0.1832083760345345,0.11603699786088886
WK189603,Wijk 03 Landelijk gebied Hasselt,2022,4.212132124612163,0.10986727346847752,-0.024522986640973115,0.10206280119664621,0.10485441602228755,-0.19588246933176004,0.12335551222227657
WK189604,Wijk 04 Zwartsluis,2002,4.17883860117375,0.07657375003006496,NA,NA,NA,NA,NA
WK189604,Wijk 04 Zwartsluis,2008,4.165015479546648,0.06275062840296275,NA,NA,NA,NA,NA
WK189604,Wijk 04 Zwartsluis,2012,4.150359969422038,0.0480951182783517,NA,NA,NA,NA,NA
WK189604,Wijk 04 Zwartsluis,2014,4.1725112560634345,0.07024640491974972,0.0405901569517824,0.06499231976346717,0.03786617519995881,-0.0906016637899877,0.017399416794528753
WK189604,Wijk 04 Zwartsluis,2016,4.173079453704899,0.07081460256121383,NA,NA,NA,NA,NA
WK189604,Wijk 04 Zwartsluis,2018,4.189408654003575,0.08714380285989003,0.03962381037197315,0.06961697470600349,0.039077192109201714,-0.0855996384397161,0.024425464112427457
WK189604,Wijk 04 Zwartsluis,2020,4.176984080860813,0.07471922971712834,0.0390156908177709,0.07627627429952039,0.03402436370197765,-0.10409901813161897,0.0295019190294781
WK189604,Wijk 04 Zwartsluis,2022,4.165024127479613,0.06275927633592801,0.04065964715706685,0.061984167720919164,0.024586047647722577,-0.1046915894776731,0.04022100328789226
WK189605,Wijk 05 Mastenbroek,2002,4.101361159488932,-9.036916547531771e-4,NA,NA,NA,NA,NA
WK189605,Wijk 05 Mastenbroek,2008,4.066142742066549,-0.03612210907713677,NA,NA,NA,NA,NA
WK189605,Wijk 05 Mastenbroek,2012,4.060129342753679,-0.04213550839000631,NA,NA,NA,NA,NA
WK189605,Wijk 05 Mastenbroek,2014,4.1198947935824455,0.017629942438759597,-0.12789446416121222,0.12756943221822153,0.14720020677944828,-0.22006043568095524,0.09081520328325686
WK189605,Wijk 05 Mastenbroek,2016,4.152345599091296,0.050080747947610846,NA,NA,NA,NA,NA
WK189605,Wijk 05 Mastenbroek,2018,4.181563671737828,0.07929882059414271,-0.053313879924233,0.1065379038079875,0.15152633906070662,-0.2262834867307728,0.10083194438045416
WK189605,Wijk 05 Mastenbroek,2020,4.217551105530214,0.11528625438652872,-0.08566871916386094,0.13284719455618096,0.15317264818109527,-0.22061656528077825,0.13555169609389142
WK189605,Wijk 05 Mastenbroek,2022,4.167758553574041,0.06549370243035592,-0.08661576078656463,0.11786818659110264,0.1366677877414191,-0.22406045791246607,0.12163394679686476
WK190000,Wijk 00 Bolsward,2002,4.0171888011240595,-0.08507605001962579,NA,NA,NA,NA,NA
WK190000,Wijk 00 Bolsward,2008,4.066564550026703,-0.03570030111698275,NA,NA,NA,NA,NA
WK190000,Wijk 00 Bolsward,2012,4.087962921890628,-0.01430192925305685,NA,NA,NA,NA,NA
WK190000,Wijk 00 Bolsward,2014,4.127278204536586,0.02501335339290113,0.027609905614338,0.061755659808679114,0.008655204164831294,-0.08997911780918329,0.016971701614235727
WK190000,Wijk 00 Bolsward,2016,4.180202164853701,0.07793731371001571,NA,NA,NA,NA,NA
WK190000,Wijk 00 Bolsward,2018,4.128106865127087,0.025842013983401822,0.02061077508825844,0.05279938993649754,0.009112235565086873,-0.08324867778598902,0.026568291179547735
WK190000,Wijk 00 Bolsward,2020,4.121012424023281,0.018747572879595633,0.018283716181142242,0.048460327683915075,0.007561535409900562,-0.07983092227497687,0.024272915879614335
WK190000,Wijk 00 Bolsward,2022,4.1492008130469396,0.04693596190325434,0.01342834546965772,0.06638881269449316,0.01534297894022465,-0.08262949513584399,0.03440531993472251
WK190001,Wijk 01 Sneek,2002,4.079915557712877,-0.022349293430807896,NA,NA,NA,NA,NA
WK190001,Wijk 01 Sneek,2008,4.133322762904595,0.031057911760909784,NA,NA,NA,NA,NA
WK190001,Wijk 01 Sneek,2012,4.146940568826963,0.04467571768327764,NA,NA,NA,NA,NA
WK190001,Wijk 01 Sneek,2014,4.158626940856398,0.05636208971271282,0.044213107849324015,0.01825721842707504,0.007469705550186499,-0.008290157294770643,-0.005287784819102352
WK190001,Wijk 01 Sneek,2016,4.179298905492163,0.07703405434847858,NA,NA,NA,NA,NA
WK190001,Wijk 01 Sneek,2018,4.173273307864194,0.07100845672050865,0.04220822396972514,0.016689260426896602,0.008843568880968575,4.918735919626033e-4,0.002775529850955463
WK190001,Wijk 01 Sneek,2020,4.1787413116481416,0.07647646050445674,0.03901511028895348,0.014573788949039856,0.006786329713704002,0.010668448386472903,0.005432783166286235
WK190001,Wijk 01 Sneek,2022,4.1852066802657575,0.08294182912207182,0.04147999962838687,0.019867470540372495,5.941134659424793e-4,0.007875500758941624,0.013124744728428084
WK190002,Wijk 02 Nijefurd,2002,4.106392051044161,0.004127199900476681,NA,NA,NA,NA,NA
WK190002,Wijk 02 Nijefurd,2008,4.142204365495905,0.03993951435222024,NA,NA,NA,NA,NA
WK190002,Wijk 02 Nijefurd,2012,4.163213241840319,0.060948390696633506,NA,NA,NA,NA,NA
WK190002,Wijk 02 Nijefurd,2014,4.160165972502123,0.05790112135843824,0.030417056468796597,0.08365315688353377,0.055284630970299065,-0.1656892673724951,0.05423554440830365
WK190002,Wijk 02 Nijefurd,2016,4.167977788993447,0.06571293784976216,NA,NA,NA,NA,NA
WK190002,Wijk 02 Nijefurd,2018,4.143615009541847,0.041350158398161724,0.024334201595411692,0.08302288665446031,0.0502362154485962,-0.1674201678207621,0.05117702252045531
WK190002,Wijk 02 Nijefurd,2020,4.140131885865641,0.037867034721956024,0.024214370810714807,0.07525046808595753,0.04593125131233554,-0.16589227977965812,0.05836322429260597
WK190002,Wijk 02 Nijefurd,2022,4.142534295648959,0.04026944450527354,0.013107696392901097,0.09130016587342442,0.0490372946821537,-0.16893204068026382,0.05575632823705787
WK190003,Wijk 03 Koudum,2002,4.137784288808001,0.03551943766431633,NA,NA,NA,NA,NA
WK190003,Wijk 03 Koudum,2008,4.161427157756366,0.05916230661268031,NA,NA,NA,NA,NA
WK190003,Wijk 03 Koudum,2012,4.184719151243376,0.08245430009969137,NA,NA,NA,NA,NA
WK190003,Wijk 03 Koudum,2014,4.158870275817111,0.056605424673425636,0.033544412412242264,0.10338466559047207,0.07967472657086255,-0.22089353376763804,0.060895153867486514
WK190003,Wijk 03 Koudum,2016,4.157546584787897,0.05528173364421204,NA,NA,NA,NA,NA
WK190003,Wijk 03 Koudum,2018,4.170999088569005,0.06873423742531941,0.03479381667305248,0.10303870291826843,0.08214638121848997,-0.21392788024150897,0.06268321685701725
WK190003,Wijk 03 Koudum,2020,4.1656275412542785,0.06336269011059373,0.023384577876983958,0.11102894397820659,0.0867447142853552,-0.21891650011039407,0.061120954080441776
WK190003,Wijk 03 Koudum,2022,4.14879269998246,0.046527848838774324,0.02129530955701276,0.10234428662849868,0.08122616871017828,-0.22184556765100472,0.06350765159408907
WK190004,Wijk 04 Hemelum,2002,4.0914879035873755,-0.010776947556310125,NA,NA,NA,NA,NA
WK190004,Wijk 04 Hemelum,2008,4.145180062677928,0.04291521153424198,NA,NA,NA,NA,NA
WK190004,Wijk 04 Hemelum,2012,4.160393148185932,0.05812829704224674,NA,NA,NA,NA,NA
WK190004,Wijk 04 Hemelum,2014,4.149443659581288,0.047178808437603054,0.04101623060065738,0.09961576235013508,0.08905718621303559,-0.25419670590037785,0.07168633517415259
WK190004,Wijk 04 Hemelum,2016,4.139501830817196,0.03723697967351015,NA,NA,NA,NA,NA
WK190004,Wijk 04 Hemelum,2018,4.141603632487098,0.03933878134341298,0.037517198418190734,0.09298641712331525,0.08856119628748728,-0.24860577185731286,0.0688797413717323
WK190004,Wijk 04 Hemelum,2020,4.116807343475927,0.014542492332242557,0.0328064287342344,0.08619206276937745,0.07641316188133919,-0.2555383166399812,0.07466915558727243
WK190004,Wijk 04 Hemelum,2022,4.0889878785765985,-0.013276972567086551,0.017648433100752564,0.08786187040055046,0.06748652112480699,-0.26175386108448295,0.0754800638912861
WK190005,Wijk 05 IJlst,2002,4.2072099047687335,0.10494505362504838,NA,NA,NA,NA,NA
WK190005,Wijk 05 IJlst,2008,4.196796869502907,0.09453201835922141,NA,NA,NA,NA,NA
WK190005,Wijk 05 IJlst,2012,4.228118711167059,0.12585386002337412,NA,NA,NA,NA,NA
WK190005,Wijk 05 IJlst,2014,4.188765239303358,0.08650038815967209,0.040032163508527216,0.09633915855414218,0.045994632159713625,-0.10944737123795496,0.01358180517524373
WK190005,Wijk 05 IJlst,2016,4.243598909022811,0.1413340578791259,NA,NA,NA,NA,NA
WK190005,Wijk 05 IJlst,2018,4.190654745000313,0.08838989385662807,0.04148657438610977,0.08665259208166955,0.04181823751089147,-0.10711687449681166,0.025549364374768697
WK190005,Wijk 05 IJlst,2020,4.191530530328159,0.08926567918447427,0.035610266010147655,0.08587435226725125,0.039302688360998095,-0.09261267489807222,0.021091047444149236
WK190005,Wijk 05 IJlst,2022,4.235756735769404,0.13349188462571845,0.0363052383893616,0.09705401008570028,0.04669299375884029,-0.07469607024635255,0.028135712638168605
WK190006,Wijk 06 Zuid IJlst,2002,4.1047111068188755,0.002446255675190016,NA,NA,NA,NA,NA
WK190006,Wijk 06 Zuid IJlst,2008,4.1356461689608075,0.033381317817122357,NA,NA,NA,NA,NA
WK190006,Wijk 06 Zuid IJlst,2012,4.154890624927001,0.05262577378331619,NA,NA,NA,NA,NA
WK190006,Wijk 06 Zuid IJlst,2014,4.186851973409179,0.08458712226549388,0.04322667495977927,0.10015995671324966,0.07318914227310508,-0.16732895133003534,0.03534029964939486
WK190006,Wijk 06 Zuid IJlst,2016,4.189583624971895,0.08731877382821059,NA,NA,NA,NA,NA
WK190006,Wijk 06 Zuid IJlst,2018,4.196110750006355,0.09384589886267003,0.04724062487662465,0.10119066182858114,0.07846451810469313,-0.1814023129406374,0.04835240699340826
WK190006,Wijk 06 Zuid IJlst,2020,4.198686373679627,0.09642152253594236,0.03565245107882061,0.08449399182115211,0.0827919303927808,-0.1597945147746044,0.053277664017793006
WK190006,Wijk 06 Zuid IJlst,2022,4.213558764784191,0.11129391364050582,0.03953593837010258,0.10055852257616704,0.07561634066990419,-0.1620154282423541,0.057598540266685774
WK190007,Wijk 07 Oost IJlst,2002,4.14243748058082,0.040172629437134594,NA,NA,NA,NA,NA
WK190007,Wijk 07 Oost IJlst,2008,4.182284975190612,0.08002012404692684,NA,NA,NA,NA,NA
WK190007,Wijk 07 Oost IJlst,2012,4.205013984497216,0.10274913335353102,NA,NA,NA,NA,NA
WK190007,Wijk 07 Oost IJlst,2014,4.210569469246635,0.10830461810295026,0.030481306928474016,0.10260253315282436,0.06738432836326279,-0.14401285641195627,0.05184930607034511
WK190007,Wijk 07 Oost IJlst,2016,4.192650596298452,0.09038574515476697,NA,NA,NA,NA,NA
WK190007,Wijk 07 Oost IJlst,2018,4.203986445432538,0.10172159428885316,0.03712540985493026,0.0992002690968163,0.06498302124802052,-0.148621092583593,0.049033986672678845
WK190007,Wijk 07 Oost IJlst,2020,4.180792802004307,0.07852795086062178,0.027081166011122256,0.08992913477290264,0.05272123645285459,-0.14060538831860703,0.04940180194234895
WK190007,Wijk 07 Oost IJlst,2022,4.205662187825251,0.10339733668156585,0.028162940514615195,0.09468887853175557,0.06732267127120112,-0.14452833483870445,0.057751181202698114
WK190008,Wijk 08 West IJlst,2002,4.055857396874253,-0.04640745426943195,NA,NA,NA,NA,NA
WK190008,Wijk 08 West IJlst,2008,4.044045189941108,-0.05821966120257771,NA,NA,NA,NA,NA
WK190008,Wijk 08 West IJlst,2012,4.0597569261777355,-0.0425079249659497,NA,NA,NA,NA,NA
WK190008,Wijk 08 West IJlst,2014,4.18040809010181,0.07814323895812497,0.04747900513173127,0.1289104430269724,0.08164909052532143,-0.24391924309570995,0.0640239433698095
WK190008,Wijk 08 West IJlst,2016,4.22881590589937,0.12655105475568393,NA,NA,NA,NA,NA
WK190008,Wijk 08 West IJlst,2018,4.2018883931326085,0.09962354198892344,0.05624466728016038,0.1149558198419534,0.08946374292140206,-0.2255813191262591,0.06454063107166631
WK190008,Wijk 08 West IJlst,2020,4.174601620647652,0.07233676950396792,0.03601614709811272,0.10433330499595046,0.0861667494744612,-0.22371520134980905,0.06953576928525232
WK190008,Wijk 08 West IJlst,2022,4.136957600929456,0.03469274978577154,0.03562728620843388,0.11731187842216229,0.07543677018258928,-0.25523443143443336,0.06155124640701917
WK190009,Wijk 09 Oosthem,2002,4.1681736806018765,0.06590882945819156,NA,NA,NA,NA,NA
WK190009,Wijk 09 Oosthem,2008,4.195985848637524,0.09372099749383901,NA,NA,NA,NA,NA
WK190009,Wijk 09 Oosthem,2012,4.226413963309697,0.12414911216601146,NA,NA,NA,NA,NA
WK190009,Wijk 09 Oosthem,2014,4.218183441091053,0.11591858994736826,0.025774751000708133,0.12572553670814574,0.09795494095877494,-0.20698679752244523,0.07345015880218433
WK190009,Wijk 09 Oosthem,2016,4.249688255085746,0.1474234039420614,NA,NA,NA,NA,NA
WK190009,Wijk 09 Oosthem,2018,4.2448873107295295,0.14262245958584432,0.03767408386838985,0.13955362280548902,0.09683981660212465,-0.2022585893882661,0.07081352569810663
WK190009,Wijk 09 Oosthem,2020,4.199356946151287,0.09709209500760188,0.018813719804645405,0.12907987340255414,0.0776879972229828,-0.19928506551339079,0.07079557009081008
WK190009,Wijk 09 Oosthem,2022,4.208712771399413,0.10644792025572725,0.021034989364682535,0.12575954012014412,0.08455971047507922,-0.20239995071120226,0.07749363100702335
WK190010,Wijk 10 Noordwest IJlst,2002,4.141461988063776,0.03919713692009122,NA,NA,NA,NA,NA
WK190010,Wijk 10 Noordwest IJlst,2008,4.136782299805828,0.03451744866214272,NA,NA,NA,NA,NA
WK190010,Wijk 10 Noordwest IJlst,2012,4.189375062539167,0.08711021139548131,NA,NA,NA,NA,NA
WK190010,Wijk 10 Noordwest IJlst,2014,4.195285284221396,0.09302043307771062,0.012504859983729683,0.09686171298393777,0.0709360568492201,-0.15126378486990588,0.06398158813072863
WK190010,Wijk 10 Noordwest IJlst,2016,4.2128149643255535,0.11055011318186837,NA,NA,NA,NA,NA
WK190010,Wijk 10 Noordwest IJlst,2018,4.1993257944961275,0.09706094335244275,0.020239198061571578,0.08952724237984985,0.07043191099958793,-0.1513248304162439,0.06818742232767702
WK190010,Wijk 10 Noordwest IJlst,2020,4.196286712469933,0.09402186132624736,0.004774437016975401,0.10094410527762673,0.06172601264133166,-0.14551559193757513,0.07209289832788847
WK190010,Wijk 10 Noordwest IJlst,2022,4.20660695875987,0.1043421076161839,0.012102011561636468,0.0930323777248435,0.06909116699323302,-0.1469343429314236,0.0770508942678942
WK190011,Wijk 11 Zuidoost IJlst,2002,4.116657824381103,0.014392973237417502,NA,NA,NA,NA,NA
WK190011,Wijk 11 Zuidoost IJlst,2008,4.158051053465856,0.055786202322170915,NA,NA,NA,NA,NA
WK190011,Wijk 11 Zuidoost IJlst,2012,4.230510769418408,0.1282459182747226,NA,NA,NA,NA,NA
WK190011,Wijk 11 Zuidoost IJlst,2014,4.246571276966095,0.14430642582240985,0.03686742411552175,0.11135025186764186,0.08123386692857376,-0.12972782476098504,0.04458270767165719
WK190011,Wijk 11 Zuidoost IJlst,2016,4.2642405637352665,0.1619757125915813,NA,NA,NA,NA,NA
WK190011,Wijk 11 Zuidoost IJlst,2018,4.212712904652534,0.11044805350884883,0.041058886718139294,0.06927039358627707,0.07119831383285456,-0.12031772057764054,0.04923817994921811
WK190011,Wijk 11 Zuidoost IJlst,2020,4.191791680196019,0.08952682905233372,0.034875119073034686,0.06638369616852031,0.06582024306094528,-0.12285451064087598,0.04530228139070909
WK190011,Wijk 11 Zuidoost IJlst,2022,4.198992639521061,0.09672778837737486,0.03032402868647824,0.07495009464390778,0.05819263135189547,-0.1201316282109562,0.05339266190604916
WK190012,Wijk 12 Woudsend,2002,4.073269564258204,-0.028995286885481,NA,NA,NA,NA,NA
WK190012,Wijk 12 Woudsend,2008,4.097892122559068,-0.0043727285846171405,NA,NA,NA,NA,NA
WK190012,Wijk 12 Woudsend,2012,4.141394468288062,0.03912961714437641,NA,NA,NA,NA,NA
WK190012,Wijk 12 Woudsend,2014,4.120655958836862,0.01839110769317621,0.04507380941804373,0.09947705519965644,0.06820276328756528,-0.20582997037056605,0.011467450158476476
WK190012,Wijk 12 Woudsend,2016,4.13206782603956,0.029802974895873954,NA,NA,NA,NA,NA
WK190012,Wijk 12 Woudsend,2018,4.167964251264772,0.0656994001210865,0.04956515785569818,0.09807367195464285,0.07470873171372659,-0.20038022676003286,0.043732065357051535
WK190012,Wijk 12 Woudsend,2020,4.139109818473245,0.03684496732956006,0.04131203382026726,0.08725010527584698,0.07189420051888598,-0.19620506577372188,0.03259369348828146
WK190012,Wijk 12 Woudsend,2022,4.14603238516727,0.04376753402358433,0.038340487035388324,0.09222743519097464,0.06060249014302494,-0.2082059523087453,0.060803073962941455
WK190013,Wijk 13 Bouwhoek,2002,4.096650898677952,-0.005613952465732837,NA,NA,NA,NA,NA
WK190013,Wijk 13 Bouwhoek,2008,4.095137234266427,-0.007127616877258421,NA,NA,NA,NA,NA
WK190013,Wijk 13 Bouwhoek,2012,4.107562828419722,0.00529797727603666,NA,NA,NA,NA,NA
WK190013,Wijk 13 Bouwhoek,2014,4.143212307839131,0.04094745669544592,0.02683731903580772,0.09232889212348608,0.06613372484643698,-0.19581875017969796,0.05146627086941289
WK190013,Wijk 13 Bouwhoek,2016,4.145412733053239,0.04314788190955335,NA,NA,NA,NA,NA
WK190013,Wijk 13 Bouwhoek,2018,4.140362040504799,0.0380971893611137,0.024490346894673082,0.07278994424352651,0.06844916254688321,-0.19627305394280978,0.06864078961884039
WK190013,Wijk 13 Bouwhoek,2020,4.097664218763095,-0.0046006323805907,0.017431706687678798,0.04007245709911376,0.061741470734333975,-0.18835658439001352,0.06451031748829601
WK190013,Wijk 13 Bouwhoek,2022,4.117286816596097,0.015021965452412427,0.010376626148175725,0.06284509732413265,0.060663060790882004,-0.1911956331246836,0.07233281431390536
WK190014,Wijk 14 Weidestreek Oost,2002,4.2551443988582625,0.15287954771457724,NA,NA,NA,NA,NA
WK190014,Wijk 14 Weidestreek Oost,2008,4.24860979984723,0.1463449487035457,NA,NA,NA,NA,NA
WK190014,Wijk 14 Weidestreek Oost,2012,4.251279474958377,0.14901462381469133,NA,NA,NA,NA,NA
WK190014,Wijk 14 Weidestreek Oost,2014,4.2570676226295765,0.1548027714858907,0.004739393314935434,0.1294483745745026,0.11835667536694626,-0.22711033417571486,0.12936866240522096
WK190014,Wijk 14 Weidestreek Oost,2016,4.294927355802987,0.19266250465930138,NA,NA,NA,NA,NA
WK190014,Wijk 14 Weidestreek Oost,2018,4.256789072164889,0.1545242210212041,0.0230041839555747,0.11566279908366428,0.11624827140999408,-0.23095529844946266,0.13056426502143337
WK190014,Wijk 14 Weidestreek Oost,2020,4.197588691034847,0.09532383989116198,-9.514054710593987e-4,0.0875978634028811,0.10148962162718558,-0.23129400603880718,0.13848176637096157
WK190014,Wijk 14 Weidestreek Oost,2022,4.205650950301645,0.1033860991579597,-0.004437749343765765,0.10452530919766956,0.10340317258166763,-0.2334371787959975,0.13333254551838553
WK190015,Wijk 15 Weidestreek West,2002,4.205425477181003,0.10316062603731722,NA,NA,NA,NA,NA
WK190015,Wijk 15 Weidestreek West,2008,4.160146803309573,0.05788195216588801,NA,NA,NA,NA,NA
WK190015,Wijk 15 Weidestreek West,2012,4.196190948610923,0.09392609746723797,NA,NA,NA,NA,NA
WK190015,Wijk 15 Weidestreek West,2014,4.2045610076713285,0.10229615652764298,0.030622026584991628,0.1004657384131969,0.10855569563825689,-0.22945824247501984,0.09211093836621707
WK190015,Wijk 15 Weidestreek West,2016,4.213216058349522,0.11095120720583695,NA,NA,NA,NA,NA
WK190015,Wijk 15 Weidestreek West,2018,4.210192997025226,0.10792814588154077,0.03441002992953205,0.09072991488743072,0.11709933436287541,-0.231713271323519,0.09740213802522132
WK190015,Wijk 15 Weidestreek West,2020,4.186608475975245,0.08434362483156002,0.021991549686716984,0.09417323345490818,0.09801002632103796,-0.23074554287417084,0.10091435824306746
WK190015,Wijk 15 Weidestreek West,2022,4.167943182338282,0.06567833119459772,-0.014239644539753876,0.11044737472370243,0.09646807657340256,-0.22956039703504263,0.10256292147228906
WK190016,Wijk 16 Weidestreek Zuid,2002,4.159094737213384,0.056829886069699166,NA,NA,NA,NA,NA
WK190016,Wijk 16 Weidestreek Zuid,2008,4.151491271175662,0.04922642003197656,NA,NA,NA,NA,NA
WK190016,Wijk 16 Weidestreek Zuid,2012,4.166509376610149,0.06424452546646392,NA,NA,NA,NA,NA
WK190016,Wijk 16 Weidestreek Zuid,2014,4.177376840472507,0.07511198932882254,-0.01452751482416538,0.11190619211629418,0.0990475386305372,-0.22997362257907075,0.10865939598522704
WK190016,Wijk 16 Weidestreek Zuid,2016,4.208753387382655,0.10648853623896913,NA,NA,NA,NA,NA
WK190016,Wijk 16 Weidestreek Zuid,2018,4.198208578302628,0.09594372715894268,-0.001917580386588564,0.11809400288666425,0.1014261070658828,-0.22679374270301453,0.10513494029599842
WK190016,Wijk 16 Weidestreek Zuid,2020,4.163839766626062,0.06157491548237629,-0.020202571740646106,0.11199799483003266,0.09134246585255815,-0.22735161219347289,0.10578863873390423
WK190016,Wijk 16 Weidestreek Zuid,2022,4.147642633526357,0.04537778238267181,-0.029576016948244827,0.11154527181788054,0.0868049174651622,-0.22926796819692358,0.10587157824479718
WK190017,Wijk 17 Makkum,2002,4.055453590026548,-0.046811261117138236,NA,NA,NA,NA,NA
WK190017,Wijk 17 Makkum,2008,4.0158190407079895,-0.08644581043569599,NA,NA,NA,NA,NA
WK190017,Wijk 17 Makkum,2012,4.046281574192552,-0.05598327695113381,NA,NA,NA,NA,NA
WK190017,Wijk 17 Makkum,2014,4.1056343592436315,0.00336950809994602,0.0430470807478989,0.06446153256874759,0.04433861184694084,-0.17025190711636182,0.021774190052720223
WK190017,Wijk 17 Makkum,2016,4.150631287931309,0.048366436787623694,NA,NA,NA,NA,NA
WK190017,Wijk 17 Makkum,2018,4.1454970136611555,0.04323216251747085,0.039468381181830874,0.0850376065293383,0.05169454943524816,-0.16782333023860432,0.03485495560965758
WK190017,Wijk 17 Makkum,2020,4.147920435951182,0.04565558480749681,0.03881718461401348,0.09398216820578714,0.04989999787512055,-0.1704797441514146,0.03343597826398994
WK190017,Wijk 17 Makkum,2022,4.152861789653394,0.05059693850970859,0.03380792558899211,0.10870274985446214,0.038650408155959944,-0.17058282976876912,0.04001868467906334
WK190018,Wijk 18 Weidestreek Zuidwest,2002,4.186917897194077,0.08465304605039135,NA,NA,NA,NA,NA
WK190018,Wijk 18 Weidestreek Zuidwest,2008,4.15431369574776,0.05204884460407476,NA,NA,NA,NA,NA
WK190018,Wijk 18 Weidestreek Zuidwest,2012,4.191225562144473,0.08896071100078885,NA,NA,NA,NA,NA
WK190018,Wijk 18 Weidestreek Zuidwest,2014,4.238871737028247,0.13660688588456243,-0.0077029689901334155,0.13750729530989386,0.13843430296785347,-0.25279676370532833,0.1211650203022765
WK190018,Wijk 18 Weidestreek Zuidwest,2016,4.287768723672819,0.18550387252913364,NA,NA,NA,NA,NA
WK190018,Wijk 18 Weidestreek Zuidwest,2018,4.249561050816213,0.14729619967252836,0.010171149541570852,0.11784534998921445,0.1508889616450394,-0.2538544656235425,0.12224520412024593
WK190018,Wijk 18 Weidestreek Zuidwest,2020,4.187498464114178,0.08523361297049253,-0.011002484237950753,0.12278750602901232,0.10487224187923921,-0.25706653810175273,0.1256428874019443
WK190018,Wijk 18 Weidestreek Zuidwest,2022,4.188110483762543,0.0858456326188578,-0.014783970165050456,0.12742288029712548,0.10159086958624296,-0.2570203542204207,0.12863620712096024
WK190019,Wijk 19 Boarnsterhim,2002,4.156503336182589,0.05423848503890457,NA,NA,NA,NA,NA
WK190019,Wijk 19 Boarnsterhim,2008,4.233264167607512,0.13099931646382684,NA,NA,NA,NA,NA
WK190019,Wijk 19 Boarnsterhim,2012,4.244803318136594,0.1425384669929085,NA,NA,NA,NA,NA
WK190019,Wijk 19 Boarnsterhim,2014,4.214632474700707,0.1123676235570224,0.019194510916321593,0.1365372663358222,0.0966617315762227,-0.21007998839310088,0.07005410312175656
WK190019,Wijk 19 Boarnsterhim,2016,4.216559669850635,0.1142948187069491,NA,NA,NA,NA,NA
WK190019,Wijk 19 Boarnsterhim,2018,4.216724697211855,0.11445984606816922,0.02944596769900961,0.12331145477117399,0.10013598288007175,-0.21114296279987985,0.07270940351779348
WK190019,Wijk 19 Boarnsterhim,2020,4.200227940276922,0.09796308913323717,0.013887941846741221,0.11682515270432549,0.09113935118042503,-0.2036821872960376,0.07979283069778279
WK190019,Wijk 19 Boarnsterhim,2022,4.214305816295519,0.11204096515183368,0.008621875943211212,0.12848228096879202,0.09397225915881013,-0.20676870714999634,0.08773325623101641
WK190020,Wijk 20 Littenseradiel,2002,4.1099281151887945,0.007663264045108893,NA,NA,NA,NA,NA
WK190020,Wijk 20 Littenseradiel,2008,4.111126806922839,0.008861955779153765,NA,NA,NA,NA,NA
WK190020,Wijk 20 Littenseradiel,2012,4.130093033752438,0.02782818260875326,NA,NA,NA,NA,NA
WK190020,Wijk 20 Littenseradiel,2014,4.155074781204302,0.05280993006061682,0.0014034418806488204,0.11810232221374713,0.07998414819150493,-0.20449176640617614,0.05781178418089178
WK190020,Wijk 20 Littenseradiel,2016,4.181685405039672,0.07942055389598737,NA,NA,NA,NA,NA
WK190020,Wijk 20 Littenseradiel,2018,4.159072451726775,0.056807600583090125,0.013853740141362718,0.09163293545282611,0.07990955135803206,-0.20250238481828645,0.0739137584491554
WK190020,Wijk 20 Littenseradiel,2020,4.157481677663277,0.05521682651959217,6.350609458028044e-4,0.09739098453767646,0.07477850725687381,-0.19699567890868033,0.07940795268791913
WK190020,Wijk 20 Littenseradiel,2022,4.138553303123339,0.03628845197965297,-0.012944270523902148,0.10482868933622326,0.07327304314338048,-0.20968195298830417,0.08081294301225524
WK190101,Bodegraven-Noord,2002,4.021799693946664,-0.08046515719702073,NA,NA,NA,NA,NA
WK190101,Bodegraven-Noord,2008,4.035408506244636,-0.06685634489904986,NA,NA,NA,NA,NA
WK190101,Bodegraven-Noord,2012,4.025212018784356,-0.07705283235932914,NA,NA,NA,NA,NA
WK190101,Bodegraven-Noord,2014,4.100795131520572,-0.001469719623113238,-0.003564752422406128,0.0264534374229271,0.003313053382555397,-0.037570925312212275,0.009899467306022463
WK190101,Bodegraven-Noord,2016,4.124193328132917,0.021928476989231685,NA,NA,NA,NA,NA
WK190101,Bodegraven-Noord,2018,4.092899938226862,-0.009364912916823582,-0.004466773035509868,0.012398674509926544,0.0019254661882350454,-0.03362386939858486,0.014401588819109265
WK190101,Bodegraven-Noord,2020,4.128038227416378,0.025773376272692734,-0.0012533327121128945,0.015765417855590998,-0.001501002646161766,-0.0038150648141701497,0.016577358589546277
WK190101,Bodegraven-Noord,2022,4.136929016765051,0.03466416562136611,-0.0010327123851815805,0.018897241992206607,-7.616480949483621e-4,-8.286115682664203e-4,0.01838989567755557
WK190102,Bodegraven-Zuid,2002,3.995282948069677,-0.10698190307400832,NA,NA,NA,NA,NA
WK190102,Bodegraven-Zuid,2008,4.0293824526951845,-0.07288239844850057,NA,NA,NA,NA,NA
WK190102,Bodegraven-Zuid,2012,4.023690528042224,-0.07857432310146056,NA,NA,NA,NA,NA
WK190102,Bodegraven-Zuid,2014,4.082750780069482,-0.0195140710742028,-0.007840615858149292,0.015784702753244867,0.013963504462966141,-0.03555249407835505,-0.005869168353909738
WK190102,Bodegraven-Zuid,2016,4.108624131635565,0.006359280491880017,NA,NA,NA,NA,NA
WK190102,Bodegraven-Zuid,2018,4.105995685307886,0.003730834164200761,-0.0139287958111542,0.022850292485625687,0.016141919841126454,-0.030207827458242152,0.008875245106844712
WK190102,Bodegraven-Zuid,2020,4.132120514139112,0.029855662995427235,-0.00984297659232706,0.02617408240030234,0.007646725183225488,-0.007552434326448627,0.013430266330674814
WK190102,Bodegraven-Zuid,2022,4.155928468404676,0.0536636172609909,-0.00983603212059542,0.037251392156649445,0.014525386212343006,-0.008388432352208564,0.020111303364802154
WK190103,Nieuwerbrug aan den Rijn,2002,4.120274877182441,0.018010026038755612,NA,NA,NA,NA,NA
WK190103,Nieuwerbrug aan den Rijn,2008,4.055059275460524,-0.047205575683161395,NA,NA,NA,NA,NA
WK190103,Nieuwerbrug aan den Rijn,2012,4.069839184383529,-0.03242566676015634,NA,NA,NA,NA,NA
WK190103,Nieuwerbrug aan den Rijn,2014,4.120932302193205,0.018667451049520233,-0.04241046341003446,0.06361903297336538,0.05889105713391999,-0.11280872276796522,0.05137654712023431
WK190103,Nieuwerbrug aan den Rijn,2016,4.1534385725837,0.051173721440015356,NA,NA,NA,NA,NA
WK190103,Nieuwerbrug aan den Rijn,2018,4.130230931337653,0.0279660801939683,-0.027773571015960015,0.05814410219019712,0.054431575175389574,-0.10738169910268935,0.050545672947030655
WK190103,Nieuwerbrug aan den Rijn,2020,4.155077836516574,0.05281298537288872,-0.03052790813888643,0.07389428560919759,0.05033939832052764,-0.09254824233102493,0.05165545191307455
WK190103,Nieuwerbrug aan den Rijn,2022,4.144705113270702,0.042440262127017285,-0.02763833423303574,0.0631902253134782,0.05348553372793868,-0.10501268044822011,0.058415517766856044
WK190104,Reeuwijk-Dorp,2002,4.17606275919397,0.07379790805028522,NA,NA,NA,NA,NA
WK190104,Reeuwijk-Dorp,2008,4.14076902127601,0.038504170132324635,NA,NA,NA,NA,NA
WK190104,Reeuwijk-Dorp,2012,4.175082156769034,0.07281730562534823,NA,NA,NA,NA,NA
WK190104,Reeuwijk-Dorp,2014,4.217331467887939,0.11506661674425356,-0.030159541266725553,0.09349345801631803,0.08117265768721409,-0.07072904158818548,0.04128908389563224
WK190104,Reeuwijk-Dorp,2016,4.246054280763347,0.14378942961966168,NA,NA,NA,NA,NA
WK190104,Reeuwijk-Dorp,2018,4.231534192819909,0.1292693416762239,-0.024682043075983075,0.09729545225581158,0.08313161170575661,-0.06502892616278338,0.03855324695342195
WK190104,Reeuwijk-Dorp,2020,4.215717582668308,0.11345273152462289,-0.02125195037324998,0.09248913954991665,0.07703858096017847,-0.06388427738113917,0.029061238768916572
WK190104,Reeuwijk-Dorp,2022,4.2363642835432085,0.13409943239952318,-0.02041580095130043,0.09487391666706076,0.08072106249367955,-0.06582575685175632,0.044746011041839354
WK190105,Reeuwijk-Brug,2002,4.081424420596467,-0.020840430547218135,NA,NA,NA,NA,NA
WK190105,Reeuwijk-Brug,2008,4.099025362815623,-0.003239488328062071,NA,NA,NA,NA,NA
WK190105,Reeuwijk-Brug,2012,4.132688810049283,0.030423958905597553,NA,NA,NA,NA,NA
WK190105,Reeuwijk-Brug,2014,4.185559384528804,0.08329453338511812,0.019916613910781904,0.05464158778154732,0.03671304325313013,-0.0342883439587029,0.006311632398361395
WK190105,Reeuwijk-Brug,2016,4.2053726413244705,0.10310779018078484,NA,NA,NA,NA,NA
WK190105,Reeuwijk-Brug,2018,4.199479145775909,0.09721429463222397,0.014175751028398484,0.0706377126084198,0.03277516698473602,-0.027159440473009923,0.006785104483679288
WK190105,Reeuwijk-Brug,2020,4.190059284767989,0.0877944336243043,0.014999237593846077,0.05781734501140379,0.026174845456709072,-0.01889052999956703,0.007693535561912104
WK190105,Reeuwijk-Brug,2022,4.206752765995969,0.10448791485228302,0.01630890418952561,0.06518375449894713,0.026431295417881095,-0.02779818966296386,0.02436215040889278
WK190106,Driebruggen,2002,4.042442194519245,-0.05982265662444023,NA,NA,NA,NA,NA
WK190106,Driebruggen,2008,4.022351874600187,-0.07991297654349763,NA,NA,NA,NA,NA
WK190106,Driebruggen,2012,4.044834320273085,-0.05743053087060031,NA,NA,NA,NA,NA
WK190106,Driebruggen,2014,4.088585497260255,-0.01367935388342991,-0.01904672890029468,0.08393978012961152,0.055862985782458574,-0.1537658253868057,0.019330434491600094
WK190106,Driebruggen,2016,4.101890925455723,-3.7392568796232897e-4,NA,NA,NA,NA,NA
WK190106,Driebruggen,2018,4.097899214434272,-0.004365636709413225,-0.020526743573389728,0.08897401563965113,0.05967470868151612,-0.14795743370712686,0.01546981624993587
WK190106,Driebruggen,2020,4.07375038463963,-0.028514466504055595,-0.022271591618081964,0.06843348838760202,0.048730436915280534,-0.14005513772671208,0.01664833753785554
WK190106,Driebruggen,2022,4.098245819528577,-0.0040190316151080705,-0.02648247756159293,0.08848060681985452,0.04853460586425998,-0.14515608864994065,0.030604321912310672
WK190107,Waarder,2002,4.008724031286384,-0.0935408198573013,NA,NA,NA,NA,NA
WK190107,Waarder,2008,4.036982067558043,-0.06528278358564242,NA,NA,NA,NA,NA
WK190107,Waarder,2012,4.083271497879006,-0.018993353264678693,NA,NA,NA,NA,NA
WK190107,Waarder,2014,4.116201696744163,0.013936845600477329,-0.02812869290761671,0.0805384809134937,0.05334743895873691,-0.09662877196234296,0.004808390598206037
WK190107,Waarder,2016,4.13372789368057,0.03146304253688527,NA,NA,NA,NA,NA
WK190107,Waarder,2018,4.111515171996006,0.009250320852320037,-0.025613617867297423,0.07268610673912904,0.04792393145442173,-0.0925155200279653,0.006769420554031684
WK190107,Waarder,2020,4.122723589502991,0.020458738359305794,-0.02704654539739971,0.07087405319668613,0.041065396246113925,-0.08393274432321447,0.01949857863711964
WK190107,Waarder,2022,4.129833149983833,0.027568298840148366,-0.02302620145097204,0.07518495854882282,0.04161444715016434,-0.09159711286950263,0.025392207461635622
WK190300,Wijk 00 Eijsden,2002,4.051780588637304,-0.050484262506380856,NA,NA,NA,NA,NA
WK190300,Wijk 00 Eijsden,2008,4.027473381952145,-0.07479146919153958,NA,NA,NA,NA,NA
WK190300,Wijk 00 Eijsden,2012,4.05983372117227,-0.042431129971415675,NA,NA,NA,NA,NA
WK190300,Wijk 00 Eijsden,2014,4.092266873820684,-0.00999797732300105,-0.0270791945172555,0.04772651764457651,0.048214254700480075,-0.12880303531089135,0.04994348016008893
WK190300,Wijk 00 Eijsden,2016,4.138597391007812,0.036332539864125935,NA,NA,NA,NA,NA
WK190300,Wijk 00 Eijsden,2018,4.132765179866539,0.03050032872285339,-0.010591167043430737,0.05643000416316941,0.0488956750425576,-0.11252258863236356,0.048288405192920415
WK190300,Wijk 00 Eijsden,2020,4.144742166395324,0.0424773152516386,-0.005338318118150837,0.057977902863642704,0.04546386819195617,-0.10892998420299117,0.05330384651718145
WK190300,Wijk 00 Eijsden,2022,4.1573822092420105,0.05511735809832521,0.0010700745622919039,0.06413461806349566,0.04406007602261043,-0.11284456685838144,0.05869715630830838
WK190301,Wijk 01 Gronsveld,2002,4.153974204735444,0.05170935359175908,NA,NA,NA,NA,NA
WK190301,Wijk 01 Gronsveld,2008,4.12770308295804,0.025438231814355013,NA,NA,NA,NA,NA
WK190301,Wijk 01 Gronsveld,2012,4.1189360499261545,0.016671198782469157,NA,NA,NA,NA,NA
WK190301,Wijk 01 Gronsveld,2014,4.131352161623635,0.02908731047994961,-0.02186015108012108,0.06258413305753714,0.06245677766065104,-0.12852672547914348,0.05443327632102576
WK190301,Wijk 01 Gronsveld,2016,4.19141765779581,0.08915280665212556,NA,NA,NA,NA,NA
WK190301,Wijk 01 Gronsveld,2018,4.195077566790975,0.09281271564729071,-0.0015315108723160248,0.07432597850345238,0.061049076716343395,-0.09321721440092354,0.05218638570073425
WK190301,Wijk 01 Gronsveld,2020,4.201663603698853,0.09939875255516752,0.004135102534731802,0.06040746825130918,0.05394426415519921,-0.07931779287132265,0.06022971048524972
WK190301,Wijk 01 Gronsveld,2022,4.216576182487976,0.11431133134429075,0.0087891921568228875,0.08227758842471167,0.05441030149390586,-0.09632082589160623,0.06515507516045632
WK190302,Wijk 02 Margraten,2002,4.085221777636367,-0.017043073507318873,NA,NA,NA,NA,NA
WK190302,Wijk 02 Margraten,2008,4.106121180250451,0.0038563291067656674,NA,NA,NA,NA,NA
WK190302,Wijk 02 Margraten,2012,4.118018635786251,0.015753784642566205,NA,NA,NA,NA,NA
WK190302,Wijk 02 Margraten,2014,4.140739566011399,0.038474714867713575,-0.011119793228224957,0.06933382846205606,0.06232885471239064,-0.12394086380330994,0.0418726887248015
WK190302,Wijk 02 Margraten,2016,4.121972410766554,0.019707559622868652,NA,NA,NA,NA,NA
WK190302,Wijk 02 Margraten,2018,4.158032010375929,0.05576715923224339,0.007906988350847662,0.06171451254151399,0.06102081969159669,-0.12217086851863472,0.047295707166919485
WK190302,Wijk 02 Margraten,2020,4.166204974219055,0.06394012307536981,0.006993962371289801,0.06616227841876382,0.05681195064531678,-0.11574364363721124,0.04971557527721032
WK190302,Wijk 02 Margraten,2022,4.169934438862115,0.0676695877184304,0.005900659021370698,0.069587402506745,0.0558891344295299,-0.1223157008670096,0.05860809262779416
WK190303,Wijk 03 Cadier en Keer,2002,4.116171472919137,0.013906621775451912,NA,NA,NA,NA,NA
WK190303,Wijk 03 Cadier en Keer,2008,4.120985176713339,0.018720325569653945,NA,NA,NA,NA,NA
WK190303,Wijk 03 Cadier en Keer,2012,4.122024032158358,0.019759181014673013,NA,NA,NA,NA,NA
WK190303,Wijk 03 Cadier en Keer,2014,4.149632287838544,0.04736743669485847,-0.0060408561577300875,0.05354678229494452,0.059439429711148836,-0.10763282244657772,0.048054903293072625
WK190303,Wijk 03 Cadier en Keer,2016,4.211031929124147,0.10876707798046154,NA,NA,NA,NA,NA
WK190303,Wijk 03 Cadier en Keer,2018,4.191599224785839,0.08933437364215309,0.0031035875203286128,0.06167088425389745,0.05990486454109591,-0.08685849921039325,0.05151353653722406
WK190303,Wijk 03 Cadier en Keer,2020,4.183638164119721,0.08137331297603548,5.201946359438474e-5,0.05642308307662647,0.054274798033081266,-0.07413338132887819,0.04475679373161124
WK190303,Wijk 03 Cadier en Keer,2022,4.214586300831248,0.11232144968756239,0.007390708144080125,0.06784361693846375,0.05271560384540499,-0.0752954882576123,0.05966700901722561
WK190304,Wijk 04 Sint Geertruid,2002,4.11938658165428,0.017121730510594586,NA,NA,NA,NA,NA
WK190304,Wijk 04 Sint Geertruid,2008,4.075416994095023,-0.026847857048662292,NA,NA,NA,NA,NA
WK190304,Wijk 04 Sint Geertruid,2012,4.075581179935726,-0.026683671207958438,NA,NA,NA,NA,NA
WK190304,Wijk 04 Sint Geertruid,2014,4.122915597462427,0.020650746318741885,-0.018399248638890815,0.07870562430655897,0.08302084036304483,-0.1738931883014661,0.05121671858949479
WK190304,Wijk 04 Sint Geertruid,2016,4.194399070663594,0.0921342195199085,NA,NA,NA,NA,NA
WK190304,Wijk 04 Sint Geertruid,2018,4.179151244195841,0.07688639305215557,0.0025572893097220314,0.07696539884553458,0.08371695719969166,-0.1466187621462344,0.060265509843441374
WK190304,Wijk 04 Sint Geertruid,2020,4.1701533659613625,0.0678885148176768,0.00440597200415879,0.06669007567221955,0.07092225962735622,-0.14302076367496847,0.06889097118891038
WK190304,Wijk 04 Sint Geertruid,2022,4.166158008870559,0.06389315772687301,0.010025735109969272,0.0791479573767545,0.06985485450572346,-0.1716130908913243,0.07647770162574977
WK190305,Wijk 05 Mheer - Noorbeek,2002,4.104202919751081,0.001938068607396105,NA,NA,NA,NA,NA
WK190305,Wijk 05 Mheer - Noorbeek,2008,4.092864420688223,-0.009400430455461755,NA,NA,NA,NA,NA
WK190305,Wijk 05 Mheer - Noorbeek,2012,4.110203756910843,0.00793890576715749,NA,NA,NA,NA,NA
WK190305,Wijk 05 Mheer - Noorbeek,2014,4.141717898076987,0.039453046933301726,0.005707302750538192,0.09173329156064393,0.0841047692004412,-0.19959219218394167,0.05749987560561979
WK190305,Wijk 05 Mheer - Noorbeek,2016,4.177938200622342,0.07567334947865671,NA,NA,NA,NA,NA
WK190305,Wijk 05 Mheer - Noorbeek,2018,4.173905071802137,0.07164022065845173,0.009473965283853303,0.08813824989379952,0.08336248721454077,-0.18328693878893088,0.07395245705518873
WK190305,Wijk 05 Mheer - Noorbeek,2020,4.155852877572474,0.0535880264287885,0.009744453526819382,0.08385790692382955,0.06768609860757328,-0.1798315364281587,0.07213110379872477
WK190305,Wijk 05 Mheer - Noorbeek,2022,4.1701049377009625,0.06784008655727687,0.014092033910066172,0.08919769175347972,0.06596153899474719,-0.18431585179278118,0.08290467369176467
WK190401,Wijk 01 Maarssen,2002,4.093144932814481,-0.00911991832920378,NA,NA,NA,NA,NA
WK190401,Wijk 01 Maarssen,2008,4.102850387409473,5.855362657871221e-4,NA,NA,NA,NA,NA
WK190401,Wijk 01 Maarssen,2012,4.11011503031227,0.007850179168585613,NA,NA,NA,NA,NA
WK190401,Wijk 01 Maarssen,2014,4.155735021180163,0.05347017003647824,-0.003717578737155348,0.03283544509110751,0.016338942374719077,-0.010498883317426115,0.018512244625232835
WK190401,Wijk 01 Maarssen,2016,4.197980191301488,0.09571534015780267,NA,NA,NA,NA,NA
WK190401,Wijk 01 Maarssen,2018,4.177901147582192,0.07563629643850703,-0.0010366606344048397,0.042350220773363645,0.0173629768520937,-0.0022750776367075343,0.019234837084161762
WK190401,Wijk 01 Maarssen,2020,4.2091017202824,0.10683686913871522,0.0015395949051294434,0.05146657770932874,0.016437380387759718,0.01736744438929974,0.020025871747197357
WK190401,Wijk 01 Maarssen,2022,4.185077158217944,0.08281230707425914,0.002603035605086521,0.04672176331859347,0.014672439835183416,0.0017449896740735174,0.017070078641321963
WK190402,Wijk 02 Breukelen,2002,4.053557736888581,-0.04870711425510442,NA,NA,NA,NA,NA
WK190402,Wijk 02 Breukelen,2008,4.064356395310603,-0.03790845583308267,NA,NA,NA,NA,NA
WK190402,Wijk 02 Breukelen,2012,4.069343450480845,-0.032921400662840924,NA,NA,NA,NA,NA
WK190402,Wijk 02 Breukelen,2014,4.061426434240232,-0.0408384169034533,0.007224889725584098,0.022980762761731593,0.016280038521122676,-0.07815562742750967,-0.009168480484382261
WK190402,Wijk 02 Breukelen,2016,4.084573908825299,-0.017690942318386353,NA,NA,NA,NA,NA
WK190402,Wijk 02 Breukelen,2018,4.071592666258021,-0.030672184885664425,0.008138575552858992,0.034837256457659276,0.01408795575425819,-0.0801247862502941,-0.007611186400147047
WK190402,Wijk 02 Breukelen,2020,4.098230004470455,-0.004034846673230363,0.009315319485180834,0.03618870962904885,0.008453241125528794,-0.05294761396282606,-0.005044502950163058
WK190402,Wijk 02 Breukelen,2022,4.0910587944017465,-0.011206056741938706,0.012405414520491832,0.02002438585094468,0.012074255468764115,-0.05096317292775103,-0.0047469396543885775
WK190403,Wijk 03 Loenen aan de Vecht,2002,4.0117348979062815,-0.09052995323740325,NA,NA,NA,NA,NA
WK190403,Wijk 03 Loenen aan de Vecht,2008,3.9891464235164165,-0.11311842762726916,NA,NA,NA,NA,NA
WK190403,Wijk 03 Loenen aan de Vecht,2012,4.026861309525925,-0.07540354161776014,NA,NA,NA,NA,NA
WK190403,Wijk 03 Loenen aan de Vecht,2014,4.081702955077883,-0.020561896065801378,0.004029975339741843,0.04454880550741266,0.02366465059089551,-0.11746721093836299,0.024661883434511336
WK190403,Wijk 03 Loenen aan de Vecht,2016,4.117214897287869,0.014950046144183318,NA,NA,NA,NA,NA
WK190403,Wijk 03 Loenen aan de Vecht,2018,4.0933164693293715,-0.008948381814313995,0.00691335235704805,0.04930210068059709,0.026757301317941535,-0.11770544166971537,0.025784305499814426
WK190403,Wijk 03 Loenen aan de Vecht,2020,4.092322014250759,-0.009942836892925964,0.00594736700420618,0.051055039697452995,0.018934144775122622,-0.11247234852695322,0.026592960157245205
WK190403,Wijk 03 Loenen aan de Vecht,2022,4.113278375136605,0.011013523992919988,0.011623080416759739,0.05994334723768737,0.02146095256325092,-0.11431346984557793,0.03229961362079964
WK190404,Wijk 04 Nieuwer Ter Aa,2002,4.001923211344778,-0.10034163979890727,NA,NA,NA,NA,NA
WK190404,Wijk 04 Nieuwer Ter Aa,2008,4.00720183191279,-0.09506301923089606,NA,NA,NA,NA,NA
WK190404,Wijk 04 Nieuwer Ter Aa,2012,4.022016237240546,-0.08024861390313884,NA,NA,NA,NA,NA
WK190404,Wijk 04 Nieuwer Ter Aa,2014,4.029071199905777,-0.07319365123790772,-0.020077708800328088,0.06691419553412101,0.05973513465919421,-0.199826390738231,0.020061118107335858
WK190404,Wijk 04 Nieuwer Ter Aa,2016,4.02052553537751,-0.08173931576617562,NA,NA,NA,NA,NA
WK190404,Wijk 04 Nieuwer Ter Aa,2018,4.06639678324134,-0.03586806790234547,-0.021496856580069744,0.11308274068911661,0.06071209365788099,-0.20132221511600704,0.013156169446733553
WK190404,Wijk 04 Nieuwer Ter Aa,2020,4.093946910669197,-0.008317940474488188,-0.023594148618809863,0.11043436345012625,0.05936908939184884,-0.1974086945269977,0.04288144982934373
WK190404,Wijk 04 Nieuwer Ter Aa,2022,4.120489275559229,0.018224424415543505,-0.021989557678778877,0.11537371053853955,0.06497397079717157,-0.19847160771811198,0.05833790847672287
WK190405,Wijk 05 Kockengen,2002,4.063076003637286,-0.03918884750639952,NA,NA,NA,NA,NA
WK190405,Wijk 05 Kockengen,2008,4.095395898648363,-0.006868952495322181,NA,NA,NA,NA,NA
WK190405,Wijk 05 Kockengen,2012,4.0992508658536995,-0.0030139852899856655,NA,NA,NA,NA,NA
WK190405,Wijk 05 Kockengen,2014,4.1132013151926055,0.010936464048920388,0.01423129158702465,0.05114148576525298,0.0432290219606465,-0.13092824118283056,0.033262905918826476
WK190405,Wijk 05 Kockengen,2016,4.1065885657003465,0.004323714556660703,NA,NA,NA,NA,NA
WK190405,Wijk 05 Kockengen,2018,4.143768070489534,0.0415032193458485,0.020695444133971015,0.0717370671186689,0.04177750603555653,-0.12520682436690478,0.03250002642455656
WK190405,Wijk 05 Kockengen,2020,4.142216205092803,0.03995135394911768,0.014765516046365543,0.07274317086616314,0.029741315138934354,-0.11205116953324717,0.03475252143090155
WK190405,Wijk 05 Kockengen,2022,4.140584389630653,0.038319538486967494,0.01647449460845746,0.0863465999236405,0.03366621186795807,-0.13177965309666842,0.033611885183579576
WK190406,Wijk 06 Vreeland,2002,4.167598664530651,0.06533381338696563,NA,NA,NA,NA,NA
WK190406,Wijk 06 Vreeland,2008,4.142495052550374,0.04023020140668895,NA,NA,NA,NA,NA
WK190406,Wijk 06 Vreeland,2012,4.142183786637993,0.03991893549430753,NA,NA,NA,NA,NA
WK190406,Wijk 06 Vreeland,2014,4.143620464073031,0.041355612929345795,-3.244618877465315e-4,0.07998092701194423,0.034928758112383426,-0.10203118574984445,0.02880157544260878
WK190406,Wijk 06 Vreeland,2016,4.183653033958279,0.08138818281459445,NA,NA,NA,NA,NA
WK190406,Wijk 06 Vreeland,2018,4.139876198320305,0.03761134717662012,0.0013438794313921291,0.07934785103936398,0.03701875561384084,-0.11129110938103233,0.03119197047305524
WK190406,Wijk 06 Vreeland,2020,4.132761078411913,0.03049622726822823,0.003401753949838681,0.06275127926131412,0.035522218170402214,-0.1126738464713437,0.04149482235801664
WK190406,Wijk 06 Vreeland,2022,4.150588553210215,0.04832370206653035,4.600555598833595e-4,0.07269506829416754,0.038637867778758474,-0.10816325564728298,0.04469396608100369
WK190407,Wijk 07 Tienhoven,2002,4.139682087167019,0.03741723602333401,NA,NA,NA,NA,NA
WK190407,Wijk 07 Tienhoven,2008,4.195530258381909,0.09326540723822453,NA,NA,NA,NA,NA
WK190407,Wijk 07 Tienhoven,2012,4.201015569594263,0.09875071845057849,NA,NA,NA,NA,NA
WK190407,Wijk 07 Tienhoven,2014,4.224530113035071,0.12226526189138563,0.041876842000302755,0.08443632885360018,0.10302995142486743,-0.15717066415702882,0.05009280376964382
WK190407,Wijk 07 Tienhoven,2016,4.191228052054984,0.08896320091129903,NA,NA,NA,NA,NA
WK190407,Wijk 07 Tienhoven,2018,4.148688061818578,0.04642321067489295,0.05044916160762456,0.06412601956597519,0.08396003955946775,-0.1497429964064928,-0.002369013651682169
WK190407,Wijk 07 Tienhoven,2020,4.1676843418431035,0.06541949069941798,0.052870802205449326,0.07756476749996538,0.08089798237415595,-0.13998652623542238,-0.005927535144730591
WK190407,Wijk 07 Tienhoven,2022,4.163275410374928,0.06101055923124359,0.05358242200484639,0.08034457902682839,0.07019121616058252,-0.1450587590537485,0.0019511010927344636
WK190408,Wijk 08 Nigtevecht,2002,4.167106129930148,0.06484127878646292,NA,NA,NA,NA,NA
WK190408,Wijk 08 Nigtevecht,2008,4.1733271177977995,0.07106226665411428,NA,NA,NA,NA,NA
WK190408,Wijk 08 Nigtevecht,2012,4.143554179527087,0.04128932838340209,NA,NA,NA,NA,NA
WK190408,Wijk 08 Nigtevecht,2014,4.122084741009174,0.0198198898654891,0.022666713127625623,0.06802732462388987,0.030602510260125636,-0.13238773372240778,0.030911075576255467
WK190408,Wijk 08 Nigtevecht,2016,4.154279664799692,0.05201481365600682,NA,NA,NA,NA,NA
WK190408,Wijk 08 Nigtevecht,2018,4.139434797663722,0.037169946520036884,0.013415212919663737,0.09276778385428905,0.03041885063016996,-0.12694844202409428,0.02751654114000804
WK190408,Wijk 08 Nigtevecht,2020,4.142061900152872,0.039797049009186895,0.01421072649866065,0.08765233426043154,0.03037482740236281,-0.12396991524522417,0.03152907609295581
WK190408,Wijk 08 Nigtevecht,2022,4.142795851827939,0.040531000684253776,0.014170087112959386,0.09198939202048703,0.02713838904284998,-0.12503835416089024,0.03227148666884727
WK190409,Wijk 09 Nieuwersluis,2002,4.226870656179451,0.12460580503576606,NA,NA,NA,NA,NA
WK190409,Wijk 09 Nieuwersluis,2008,4.254018190382675,0.15175333923898973,NA,NA,NA,NA,NA
WK190409,Wijk 09 Nieuwersluis,2012,4.260311738515628,0.15804688737194222,NA,NA,NA,NA,NA
WK190409,Wijk 09 Nieuwersluis,2014,4.259367790364807,0.15710293922112192,0.011787505882498895,0.0950867690895595,0.10419892040159126,-0.1529797791626649,0.09900952301013699
WK190409,Wijk 09 Nieuwersluis,2016,4.3080726233986235,0.205807772254938,NA,NA,NA,NA,NA
WK190409,Wijk 09 Nieuwersluis,2018,4.260428796742331,0.15816394559864547,0.00869655453070034,0.09573624172534688,0.09957669752642245,-0.14960527079705513,0.1037597226132306
WK190409,Wijk 09 Nieuwersluis,2020,4.265791316241902,0.16352646509821706,0.013581043413243095,0.09421329952377767,0.08164620915135724,-0.13562171046457844,0.10970762347441716
WK190409,Wijk 09 Nieuwersluis,2022,4.2474091246636885,0.14514427352000345,-2.080779562276725e-4,0.10217885507271096,0.07264430576720668,-0.14629262868701723,0.11682181932333038
WK190410,Wijk 10 Loenersloot,2002,4.04572874920127,-0.05653610194241526,NA,NA,NA,NA,NA
WK190410,Wijk 10 Loenersloot,2008,4.053876852160123,-0.04838799898356292,NA,NA,NA,NA,NA
WK190410,Wijk 10 Loenersloot,2012,4.064932799774354,-0.03733205136933112,NA,NA,NA,NA,NA
WK190410,Wijk 10 Loenersloot,2014,4.145613817572007,0.04334896642832212,-0.028240130828324776,0.09134059975941797,0.08343770853275909,-0.1410910659441935,0.03790185490866315
WK190410,Wijk 10 Loenersloot,2016,4.120827651744523,0.018562800600837592,NA,NA,NA,NA,NA
WK190410,Wijk 10 Loenersloot,2018,4.133917157561982,0.03165230641829741,-0.023643763341058242,0.08664479880674632,0.07255336071503841,-0.14120320791327773,0.03730111815084847
WK190410,Wijk 10 Loenersloot,2020,4.138928232384692,0.03666338124100673,-0.030136359791599142,0.10696762091539948,0.05603409748445357,-0.13948191984686892,0.04327994247962145
WK190410,Wijk 10 Loenersloot,2022,4.134013764308055,0.031748913164369376,-0.03347230856373278,0.10212374506017985,0.055720522326449515,-0.13905787597425606,0.0464348303157286
WK190411,Wijk 11 Oud Zuilen,2002,4.191058865766715,0.08879401462303038,NA,NA,NA,NA,NA
WK190411,Wijk 11 Oud Zuilen,2008,4.230151331887975,0.1278864807442901,NA,NA,NA,NA,NA
WK190411,Wijk 11 Oud Zuilen,2012,4.248199106212842,0.14593425506915672,NA,NA,NA,NA,NA
WK190411,Wijk 11 Oud Zuilen,2014,4.308080086670842,0.20581523552715714,0.022130633930730604,0.07399755801502143,0.07080856164225094,-0.027025129325557496,0.06590361126471146
WK190411,Wijk 11 Oud Zuilen,2016,4.306887895280396,0.20462304413671156,NA,NA,NA,NA,NA
WK190411,Wijk 11 Oud Zuilen,2018,4.314736907608088,0.21247205646440329,0.022366414584427834,0.081608035985933,0.06859766966729414,-0.02997415471574724,0.06987409094249528
WK190411,Wijk 11 Oud Zuilen,2020,4.32742918691917,0.22516433577548506,0.024727414064263663,0.0897446175642008,0.06427860787289798,-0.01696788574726811,0.06338158202139042
WK190411,Wijk 11 Oud Zuilen,2022,4.294085808730546,0.19182095758685996,0.02665452607633267,0.06862807110458095,0.06210553543970378,-0.03130157616169563,0.06573440112793791
WK190412,Wijk 12 Maarssenbroek,2002,3.94639755738641,-0.1558672937572751,NA,NA,NA,NA,NA
WK190412,Wijk 12 Maarssenbroek,2008,3.966058095256522,-0.13620675588716297,NA,NA,NA,NA,NA
WK190412,Wijk 12 Maarssenbroek,2012,3.9971890702290294,-0.10507578091465611,NA,NA,NA,NA,NA
WK190412,Wijk 12 Maarssenbroek,2014,4.02411687437662,-0.07814797676706549,-0.012449469669437132,-0.031105281920090995,-0.010805821789308761,-0.005728368412947177,-0.018059034975281718
WK190412,Wijk 12 Maarssenbroek,2016,4.052841540374084,-0.04942331076960112,NA,NA,NA,NA,NA
WK190412,Wijk 12 Maarssenbroek,2018,4.058265724627443,-0.04399912651624209,-0.016479055788758985,-0.002091386034934486,-0.014651218645026767,0.006827458477892119,-0.01760492452541425
WK190412,Wijk 12 Maarssenbroek,2020,4.075131238217548,-0.027133612926138074,-0.015119127078180748,0.0033277718899918374,-0.013348263318653934,0.018579761468146307,-0.020573755887441817
WK190412,Wijk 12 Maarssenbroek,2022,4.044132433826104,-0.05813241731758083,-0.011765769565071532,-0.021959946692175186,-0.01003477852228775,-0.0046919930040156535,-0.009679929534030978
WK191101,Anna Paulowna,2002,3.9445322972412984,-0.15773255390238666,NA,NA,NA,NA,NA
WK191101,Anna Paulowna,2008,3.9553815865917237,-0.14688326455196166,NA,NA,NA,NA,NA
WK191101,Anna Paulowna,2012,3.964795501103378,-0.13746935004030733,NA,NA,NA,NA,NA
WK191101,Anna Paulowna,2014,4.0383506614734355,-0.06391418967024982,0.02922249576225061,0.039047783459593484,0.027445236964091162,-0.17982441817972483,0.020194712323539477
WK191101,Anna Paulowna,2016,4.044667209564202,-0.05759764157948293,NA,NA,NA,NA,NA
WK191101,Anna Paulowna,2018,4.068127147478341,-0.034137703665344084,0.020252068847192124,0.06220814165150866,0.028121071678663533,-0.17444646626883176,0.029727480426123044
WK191101,Anna Paulowna,2020,4.053292893673851,-0.04897195746983381,0.020059645583450705,0.06127158915920243,0.024753729066241403,-0.17781034825270714,0.02275342697397853
WK191101,Anna Paulowna,2022,4.049611797366567,-0.052653053777118417,0.019492183532628767,0.06176795981327163,0.024013971902767217,-0.1946880375641029,0.0367608685383166
WK191102,Breezand,2002,4.007980354490529,-0.09428449665315598,NA,NA,NA,NA,NA
WK191102,Breezand,2008,3.9774788317021526,-0.12478601944153299,NA,NA,NA,NA,NA
WK191102,Breezand,2012,3.9863771899868334,-0.11588766115685188,NA,NA,NA,NA,NA
WK191102,Breezand,2014,4.051864875425206,-0.050399975718479074,-0.0172925710520242,0.06793425048552207,0.06153658238374722,-0.20764806972569697,0.045069832189972514
WK191102,Breezand,2016,4.075604775106177,-0.026660076037508102,NA,NA,NA,NA,NA
WK191102,Breezand,2018,4.060178003567728,-0.042086847575957174,-0.0202741474610061,0.08303237143950959,0.06973241737228257,-0.22307898387446734,0.048501494947723836
WK191102,Breezand,2020,4.070913161226625,-0.03135168991705999,-0.0124246397910148,0.08537165350345037,0.06136536929751799,-0.21035337414276611,0.0446893012157523
WK191102,Breezand,2022,4.074232177550026,-0.02803267359366012,-0.006781184772949637,0.08751098853520281,0.056844505375354834,-0.22512590492808246,0.059518922196814
WK191103,Wieringerwaard,2002,3.9655345392169457,-0.13673031192673957,NA,NA,NA,NA,NA
WK191103,Wieringerwaard,2008,3.8974837561247404,-0.20478109501894484,NA,NA,NA,NA,NA
WK191103,Wieringerwaard,2012,3.9511198170005266,-0.15114503414315858,NA,NA,NA,NA,NA
WK191103,Wieringerwaard,2014,4.006409986275273,-0.09585486486841284,0.0027200962029227567,0.03330053558537048,0.055277034785470226,-0.2264839483907512,0.03933141694857462
WK191103,Wieringerwaard,2016,4.023909127517411,-0.07835572362627445,NA,NA,NA,NA,NA
WK191103,Wieringerwaard,2018,4.024785840584226,-0.0774790105594593,-0.0025490058229500102,0.05967329551216217,0.049060580967225126,-0.2205188493958943,0.03685496817999744
WK191103,Wieringerwaard,2020,4.043584981853696,-0.058679869289989355,-0.0056892752072998974,0.07705832481985357,0.05271638014118653,-0.21651700865658546,0.03375170961285562
WK191103,Wieringerwaard,2022,4.020849497518391,-0.08141535362529428,-0.02393052373622048,0.07945865403907452,0.055649843550009515,-0.2446757130237588,0.05208238554560069
WK191104,Westerland,2002,4.021482444699758,-0.08078240644392749,NA,NA,NA,NA,NA
WK191104,Westerland,2008,4.025751287376303,-0.07651356376738187,NA,NA,NA,NA,NA
WK191104,Westerland,2012,4.052650047328114,-0.04961480381557173,NA,NA,NA,NA,NA
WK191104,Westerland,2014,4.108293029939799,0.00602817879611374,0.05310351342230276,0.06505692602130386,0.0856416356444382,-0.24876900864311816,0.05099511235118674
WK191104,Westerland,2016,4.069445574808046,-0.032819276335639615,NA,NA,NA,NA,NA
WK191104,Westerland,2018,4.101829106206962,-4.357449367230577e-4,0.036296949660095036,0.07709099262075483,0.0855095612385505,-0.2509652868951999,0.051632038439076273
WK191104,Westerland,2020,4.089263890858542,-0.013000960285142863,0.0405210090821396,0.07360007871310986,0.06125660770359315,-0.24050996561931887,0.05213130983533316
WK191104,Westerland,2022,4.09655666604766,-0.0057081850960244975,0.0441666599330162,0.0672693105746975,0.05441185291258481,-0.23706685894642646,0.06551085043010307
WK191105,Hippolytushoef,2002,3.9574989779873877,-0.14476587315629783,NA,NA,NA,NA,NA
WK191105,Hippolytushoef,2008,3.949644086170769,-0.15262076497291607,NA,NA,NA,NA,NA
WK191105,Hippolytushoef,2012,3.960424579560532,-0.14184027158315324,NA,NA,NA,NA,NA
WK191105,Hippolytushoef,2014,3.999905760809535,-0.10235909033414975,0.05575253350498152,0.024182938494958457,0.02293898329102862,-0.2270590496769359,0.021825504051817258
WK191105,Hippolytushoef,2016,4.008307430666713,-0.09395742047697256,NA,NA,NA,NA,NA
WK191105,Hippolytushoef,2018,4.000687817320745,-0.10157703382293992,0.0382794674930392,0.05084127388480403,0.0212468758677897,-0.23618798087846343,0.02424332980989034
WK191105,Hippolytushoef,2020,4.0422890335874015,-0.059975817556283555,0.04107070317768051,0.05425655884450008,0.02698660636853225,-0.19980624399937125,0.017516558052374596
WK191105,Hippolytushoef,2022,4.045767829177157,-0.056497021966528,0.042710970100626966,0.04825552324734831,0.022640830740749632,-0.20175693154893234,0.031652585493679136
WK191106,Den Oever,2002,4.019126222682102,-0.0831386284615827,NA,NA,NA,NA,NA
WK191106,Den Oever,2008,4.023954039920298,-0.07831081122338744,NA,NA,NA,NA,NA
WK191106,Den Oever,2012,4.037471210422909,-0.06479364072077627,NA,NA,NA,NA,NA
WK191106,Den Oever,2014,4.090671790247021,-0.011593060896663945,0.08714349412627868,0.056445034167271646,0.038700744359803876,-0.19936764193407558,0.005485308384057159
WK191106,Den Oever,2016,4.0980760594777035,-0.004188791665981212,NA,NA,NA,NA,NA
WK191106,Den Oever,2018,4.107714889055125,0.005450037911440085,0.07480442741981824,0.07827732945011749,0.04114079113624118,-0.200692664830887,0.011920154736149895
WK191106,Den Oever,2020,4.098486607176423,-0.0037782439672620093,0.07661389475596354,0.06779208226965094,0.041851989252089355,-0.1978724951624922,0.007836284917526115
WK191106,Den Oever,2022,4.098181116808114,-0.004083734335571664,0.06658935934698841,0.0604039239268514,0.03417193951883524,-0.18912392156094082,0.023874964432693845
WK191107,Wieringerwerf,2002,3.9737932027984453,-0.12847164834523953,NA,NA,NA,NA,NA
WK191107,Wieringerwerf,2008,3.974437156228784,-0.1278276949149013,NA,NA,NA,NA,NA
WK191107,Wieringerwerf,2012,3.997561177665482,-0.10470367347820289,NA,NA,NA,NA,NA
WK191107,Wieringerwerf,2014,4.01903029572043,-0.08323455542325459,0.01507131706188292,0.01574203357325703,0.03464749753462741,-0.15931082998381385,0.010615426390791629
WK191107,Wieringerwerf,2016,4.025341589475432,-0.07692326166825293,NA,NA,NA,NA,NA
WK191107,Wieringerwerf,2018,4.042442882161572,-0.05982196898211327,0.009382182505994307,0.031318221155112444,0.03161469033969282,-0.15320561075086717,0.021068547767954054
WK191107,Wieringerwerf,2020,4.042238821111713,-0.06002603003197174,0.007593608344475754,0.03686032440168962,0.03391062253676263,-0.1501822023858605,0.01179161707096046
WK191107,Wieringerwerf,2022,4.049577587353241,-0.05268726379044448,0.0015579277289271567,0.028759474468593497,0.03208137089802331,-0.1374288078015332,0.022342770915544492
WK191108,Kreileroord,2002,3.76993904419553,-0.3323258069481553,NA,NA,NA,NA,NA
WK191108,Kreileroord,2008,3.8129431169785883,-0.28932173416509693,NA,NA,NA,NA,NA
WK191108,Kreileroord,2012,3.817633470269636,-0.28463138087404943,NA,NA,NA,NA,NA
WK191108,Kreileroord,2014,3.760750209213669,-0.3415146419300166,-0.017755123315610702,-0.0029258225768714497,0.031390739670471506,-0.2598029100319596,-0.09242152567604679
WK191108,Kreileroord,2016,3.856910174304642,-0.24535467683904322,NA,NA,NA,NA,NA
WK191108,Kreileroord,2018,3.8617386530140942,-0.240526198129591,-0.04228542344652026,0.0602712260508828,0.02820734217687754,-0.2642529310678485,-0.022466411842982915
WK191108,Kreileroord,2020,3.8400209500214255,-0.2622439011222595,-0.046336681341738385,0.028836364132900378,0.0402535195097199,-0.2625563290407251,-0.02244077438241652
WK191108,Kreileroord,2022,3.8585060073814774,-0.2437588437622076,-0.054889233167461436,0.0031423530033011845,0.03958769699117503,-0.2502370060561747,0.01863734546695201
WK191109,Slootdorp,2002,3.8971849229640485,-0.20507992817963644,NA,NA,NA,NA,NA
WK191109,Slootdorp,2008,3.935705652793954,-0.1665591983497314,NA,NA,NA,NA,NA
WK191109,Slootdorp,2012,3.9436542926753284,-0.1586105584683572,NA,NA,NA,NA,NA
WK191109,Slootdorp,2014,3.9853225257607874,-0.11694232538289775,-0.028818226204362175,0.027905397675215524,0.06096421492125388,-0.20651148689700013,0.029517775121994844
WK191109,Slootdorp,2016,4.011396556512975,-0.09086829463071028,NA,NA,NA,NA,NA
WK191109,Slootdorp,2018,4.0535213018381775,-0.04874354930550744,-0.02451356992164689,0.05487823364742973,0.07374291620063901,-0.20228218249029206,0.04943105325836248
WK191109,Slootdorp,2020,4.033589984067811,-0.068674867075874,-0.0335818077546782,0.058614682676849425,0.060959917538617285,-0.20178084963108806,0.04711319009442527
WK191109,Slootdorp,2022,4.010163927614543,-0.09210092352914258,-0.048248903450468325,0.045475852623400884,0.054552690505257406,-0.19812185403994356,0.054241290832610735
WK191110,Middenmeer,2002,3.9180647717511805,-0.1842000793925046,NA,NA,NA,NA,NA
WK191110,Middenmeer,2008,3.944492609308782,-0.1577722418349033,NA,NA,NA,NA,NA
WK191110,Middenmeer,2012,3.9584169540085976,-0.1438478971350875,NA,NA,NA,NA,NA
WK191110,Middenmeer,2014,3.979127091531647,-0.12313775961203842,-0.006006306071522894,0.022158168279922206,0.05278476519757978,-0.21109087832400067,0.019016491305982854
WK191110,Middenmeer,2016,3.9992475614128744,-0.10301728973081069,NA,NA,NA,NA,NA
WK191110,Middenmeer,2018,4.012164361134553,-0.09010049000913196,-0.010940187425062618,0.03997443277032105,0.05050024564460731,-0.19345957483674578,0.02382459383774782
WK191110,Middenmeer,2020,4.022532043370497,-0.07973280777318813,-0.015204487022264249,0.03617784386201661,0.06994791537838141,-0.18167156344997534,0.011017483458653166
WK191110,Middenmeer,2022,4.021754106793444,-0.08051074435024122,-0.017306701527870155,0.023923221157482195,0.0628545761199529,-0.184212779105565,0.0342309390057585
WK191111,Kolhorn,2002,3.936275694161529,-0.16598915698215602,NA,NA,NA,NA,NA
WK191111,Kolhorn,2008,3.961169909519608,-0.1410949416240772,NA,NA,NA,NA,NA
WK191111,Kolhorn,2012,3.9637468491932526,-0.13851800195043248,NA,NA,NA,NA,NA
WK191111,Kolhorn,2014,4.038773958011033,-0.06349089313265222,0.025776238683181695,0.06478463704264895,0.0553045369317011,-0.23903545112136726,0.029679145331182964
WK191111,Kolhorn,2016,4.068769859803981,-0.033494991339703545,NA,NA,NA,NA,NA
WK191111,Kolhorn,2018,4.046136388826087,-0.056128462317598986,0.017975338600352456,0.07261192032570277,0.05573816941951819,-0.23547289890069178,0.03301900823751911
WK191111,Kolhorn,2020,4.051465304501593,-0.05079954664209253,0.017328608621237866,0.07365975534042991,0.05382895542076786,-0.22395284900689938,0.02833598298237087
WK191111,Kolhorn,2022,4.078552724747553,-0.023712126396131735,0.014340841333610334,0.0937320227073878,0.04795157095856538,-0.2260122546218593,0.046275693226163796
WK191112,Barsingerhorn,2002,4.077936079271137,-0.02432877187254792,NA,NA,NA,NA,NA
WK191112,Barsingerhorn,2008,4.052343038011843,-0.04992181313184213,NA,NA,NA,NA,NA
WK191112,Barsingerhorn,2012,4.078500145073018,-0.02376470607066746,NA,NA,NA,NA,NA
WK191112,Barsingerhorn,2014,4.128904693512683,0.026639842368997937,0.017885001001341615,0.07411024156580337,0.09448391621628927,-0.22397138868246824,0.06413207226803173
WK191112,Barsingerhorn,2016,4.064850142955931,-0.03741470818775369,NA,NA,NA,NA,NA
WK191112,Barsingerhorn,2018,4.133616764952694,0.03135191380900855,0.008984932686847876,0.0970257387072137,0.0816777618115804,-0.2247004688500996,0.0683639494534658
WK191112,Barsingerhorn,2020,4.142739173883573,0.04047432273988754,0.0060500190496432515,0.108561341587926,0.08351337202127453,-0.2209508545795848,0.06330044466062823
WK191112,Barsingerhorn,2022,4.1496374438225425,0.04737259267885709,0.006521127458521052,0.10680316098504075,0.0744060067742178,-0.22172914460887627,0.0813714420699535
WK191113,Haringhuizen,2002,4.013616712387188,-0.08864813875649723,NA,NA,NA,NA,NA
WK191113,Haringhuizen,2008,4.032032549689585,-0.07023230145410028,NA,NA,NA,NA,NA
WK191113,Haringhuizen,2012,4.145232016482861,0.04296716533917603,NA,NA,NA,NA,NA
WK191113,Haringhuizen,2014,4.224652329760242,0.12238747861655692,0.0072838161055482275,0.06982192690724959,0.13876030955997096,-0.18824643805735147,0.09476786410113955
WK191113,Haringhuizen,2016,4.228346799092984,0.12608194794929853,NA,NA,NA,NA,NA
WK191113,Haringhuizen,2018,4.26181526132477,0.15955041018108565,0.0166043978442463,0.08071046026955157,0.15426533590155364,-0.18709567026984641,0.09506588643558016
WK191113,Haringhuizen,2020,4.256660459869588,0.15439560872590263,0.012629127738694708,0.09541484911368292,0.13440090590954787,-0.18436232402967825,0.09631304999365514
WK191113,Haringhuizen,2022,4.251344386228047,0.1490795350843624,-0.00436498132735781,0.09069392753411971,0.12348886299809776,-0.18259697586119533,0.12185870174069786
WK191114,Lutjewinkel,2002,4.0326595825779625,-0.06960526856572323,NA,NA,NA,NA,NA
WK191114,Lutjewinkel,2008,4.040176249823498,-0.062088601320187765,NA,NA,NA,NA,NA
WK191114,Lutjewinkel,2012,4.075328140056421,-0.02693671108726359,NA,NA,NA,NA,NA
WK191114,Lutjewinkel,2014,4.09057351926002,-0.011691331883665576,0.011068254621282114,0.07809652720807977,0.09287019231749119,-0.24496050299615887,0.05123419696563992
WK191114,Lutjewinkel,2016,4.092420235415539,-0.009844615728146353,NA,NA,NA,NA,NA
WK191114,Lutjewinkel,2018,4.09781359516313,-0.004451255980555069,0.005535896543214529,0.11452734866927737,0.081654630947997,-0.24850833025399774,0.04233919811295339
WK191114,Lutjewinkel,2020,4.089754862198693,-0.012509988944991739,6.335719674473053e-4,0.10888674637273493,0.06247128641651742,-0.23962822762209585,0.055126633920404164
WK191114,Lutjewinkel,2022,4.122195081835812,0.019930230692126537,-0.005510452611907912,0.11298050038528233,0.058394457020562854,-0.21266332647104721,0.06672905236923624
WK191115,Winkel,2002,3.980594030009841,-0.12167082113384452,NA,NA,NA,NA,NA
WK191115,Winkel,2008,4.012240398186048,-0.09002445295763704,NA,NA,NA,NA,NA
WK191115,Winkel,2012,4.024022880964508,-0.07824197017917688,NA,NA,NA,NA,NA
WK191115,Winkel,2014,4.033877907961102,-0.06838694318258277,0.010674765845973776,0.05082668134639752,0.0581423475946326,-0.2103133741412937,0.022282636171706737
WK191115,Winkel,2016,4.060657291151212,-0.041607559992473044,NA,NA,NA,NA,NA
WK191115,Winkel,2018,4.0524587972026245,-0.04980605394106044,0.010007602213745052,0.07132521265827493,0.05398520315561786,-0.21690907803171103,0.031785006063012405
WK191115,Winkel,2020,4.063405281337721,-0.03885956980596414,0.01163863315990865,0.07403091768553016,0.0498992037250068,-0.20088616017954017,0.02645783580313014
WK191115,Winkel,2022,4.093696293234099,-0.00856855790958623,0.005991127557944993,0.08586366348905099,0.045153957329427424,-0.17720551133788162,0.03162820505187171
WK191116,Nieuwe Niedorp,2002,4.047252341365091,-0.05501250977859357,NA,NA,NA,NA,NA
WK191116,Nieuwe Niedorp,2008,4.077941346604404,-0.024323504539281622,NA,NA,NA,NA,NA
WK191116,Nieuwe Niedorp,2012,4.073603873232461,-0.02866097791122398,NA,NA,NA,NA,NA
WK191116,Nieuwe Niedorp,2014,4.0680482277452255,-0.03421662339846009,0.025915786738321008,0.05219624315746154,0.06175888504752524,-0.19733259651409882,0.0232450581723306
WK191116,Nieuwe Niedorp,2016,4.102108600854395,-1.5625028929033588e-4,NA,NA,NA,NA,NA
WK191116,Nieuwe Niedorp,2018,4.098779644866249,-0.003485206277436086,0.021137884930938405,0.07542371166098724,0.06368812341143332,-0.1978410757604111,0.03410614947961582
WK191116,Nieuwe Niedorp,2020,4.103097096915528,8.322457718425711e-4,0.024455800496355512,0.06763129823592597,0.05759283615112839,-0.1814931008505584,0.032645411738990826
WK191116,Nieuwe Niedorp,2022,4.131556877419163,0.02929202627547797,0.013024110444063614,0.09101781030996427,0.04984844219217599,-0.16730151793905176,0.04270318126832559
WK191117,'t Veld,2002,3.9859361811414136,-0.11632867000227141,NA,NA,NA,NA,NA
WK191117,'t Veld,2008,3.963901579315417,-0.13836327182826832,NA,NA,NA,NA,NA
WK191117,'t Veld,2012,3.9904175950447707,-0.1118472560989145,NA,NA,NA,NA,NA
WK191117,'t Veld,2014,4.0580276404913995,-0.04423721065228514,-0.0016802109797817522,0.06714319502124519,0.07217091887718485,-0.20491744103195011,0.023046327461016352
WK191117,'t Veld,2016,4.086519079740056,-0.015745771403628636,NA,NA,NA,NA,NA
WK191117,'t Veld,2018,4.0926088754070555,-0.00965597573662949,-1.3918074329685422e-4,0.09333426857924415,0.07345606531922756,-0.19088655943696836,0.014579430545163736
WK191117,'t Veld,2020,4.108007878733622,0.005743027589936484,-8.065001443393212e-4,0.10107940690091544,0.06755618178566859,-0.18332861202707862,0.02124255107477009
WK191117,'t Veld,2022,4.114860644729577,0.012595793585891402,-0.0025448086517503477,0.08706557751118837,0.06103275874535729,-0.16989758586780696,0.03693985184890277
WK191118,Zijdewind,2002,4.018509084582742,-0.0837557665609441,NA,NA,NA,NA,NA
WK191118,Zijdewind,2008,4.054657369531023,-0.047607481612661866,NA,NA,NA,NA,NA
WK191118,Zijdewind,2012,4.063983808526675,-0.0382810426170099,NA,NA,NA,NA,NA
WK191118,Zijdewind,2014,4.156412892456775,0.05414804131308998,-0.01532678753473524,0.08703076936058207,0.10860672589021556,-0.1980713209239183,0.0719086545209457
WK191118,Zijdewind,2016,4.165444670438839,0.06317981929515268,NA,NA,NA,NA,NA
WK191118,Zijdewind,2018,4.175845211653968,0.07358036051028308,-0.01878918528617012,0.10495726028348436,0.1153396745432795,-0.19895243731731016,0.07102504828699921
WK191118,Zijdewind,2020,4.1665003238792,0.06423547273551498,-0.011172716005404879,0.10858032309366662,0.09531346193899867,-0.19592282359208724,0.06743722730034162
WK191118,Zijdewind,2022,4.171648809126928,0.06938395798324358,-0.017327653514469802,0.10603871840874123,0.08617480674944904,-0.18958257215967184,0.08408065849919474
WK191119,Oude Niedorp,2002,4.2135994983670715,0.1113346472233859,NA,NA,NA,NA,NA
WK191119,Oude Niedorp,2008,4.166940300418295,0.06467544927460996,NA,NA,NA,NA,NA
WK191119,Oude Niedorp,2012,4.176459926425428,0.07419507528174325,NA,NA,NA,NA,NA
WK191119,Oude Niedorp,2014,4.182737125688494,0.08047227454480906,-0.006409199391625203,0.06532691303679675,0.13718622095273852,-0.19131253391681557,0.07568087386371411
WK191119,Oude Niedorp,2016,4.208955914475177,0.1066910633314916,NA,NA,NA,NA,NA
WK191119,Oude Niedorp,2018,4.2192200174295875,0.11695516628590277,-0.007784460892316058,0.11647127068652027,0.1273277472840448,-0.19635648244215423,0.0772970916498077
WK191119,Oude Niedorp,2020,4.201938666643968,0.0996738155002831,-0.010245174236734373,0.12184957097599708,0.10163570591767293,-0.19103788978403682,0.07747160262738392
WK191119,Oude Niedorp,2022,4.212191100055467,0.10992624891178229,-0.008333269297991993,0.11637757011482382,0.10171436098922092,-0.1932092853008389,0.09337687240656824
WK191601,De Zijde / Duivenvoorde / Park Veursehou,2002,4.159870672014732,0.05760582087104667,NA,NA,NA,NA,NA
WK191601,De Zijde / Duivenvoorde / Park Veursehou,2008,4.146664658527466,0.04439980738378013,NA,NA,NA,NA,NA
WK191601,De Zijde / Duivenvoorde / Park Veursehou,2012,4.1469578648513625,0.04469301370767686,NA,NA,NA,NA,NA
WK191601,De Zijde / Duivenvoorde / Park Veursehou,2014,4.184117176158536,0.08185232501485161,-0.0012620665068329066,0.05040492982823131,-9.645185127032129e-4,0.048136866289281884,-0.014462886083125735
WK191601,De Zijde / Duivenvoorde / Park Veursehou,2016,4.210270863978511,0.10800601283482643,NA,NA,NA,NA,NA
WK191601,De Zijde / Duivenvoorde / Park Veursehou,2018,4.219313686962516,0.11704883581883047,-0.007998283707604461,0.07840505639636229,9.67594471668482e-4,0.049524678418715454,-0.003850209760311555
WK191601,De Zijde / Duivenvoorde / Park Veursehou,2020,4.229124304921346,0.12685945377766067,1.821367049607635e-4,0.0879106054249146,0.0010239881894312287,0.05156222782421463,-0.013819504365860815
WK191601,De Zijde / Duivenvoorde / Park Veursehou,2022,4.174670046162867,0.0724051950191818,0.007777611908971636,0.027579871791517933,-0.010156569271639064,0.056634133474105376,-0.009429852883774355
WK191602,Prinsenhof,2002,3.80510161889655,-0.297163232247135,NA,NA,NA,NA,NA
WK191602,Prinsenhof,2008,3.8222527802187805,-0.28001207092490515,NA,NA,NA,NA,NA
WK191602,Prinsenhof,2012,3.8156215022002637,-0.2866433489434219,NA,NA,NA,NA,NA
WK191602,Prinsenhof,2014,3.836082583168283,-0.2661822679754015,0.005715752994196627,-0.13849573633821996,-0.07736320120954425,0.030337740461024526,-0.08637682388285871
WK191602,Prinsenhof,2016,3.8723213204717304,-0.22994353067195442,NA,NA,NA,NA,NA
WK191602,Prinsenhof,2018,3.898314918181343,-0.20394993296234185,-0.005802104975509436,-0.0939427223809997,-0.07063001457410098,0.033340234154336984,-0.06691532518606899
WK191602,Prinsenhof,2020,3.885777591619461,-0.21648725952422398,0.001784710474182159,-0.10895606478983745,-0.07106558238977907,0.04103642045245773,-0.07928674327124761
WK191602,Prinsenhof,2022,3.863349521352071,-0.2389153297916142,0.0018201302999683935,-0.1459740788280556,-0.07492133526368379,0.03644264888889212,-0.05628269488873564
WK191603,'t Lien / De Rietvink,2002,4.0545761396570885,-0.047688711486596584,NA,NA,NA,NA,NA
WK191603,'t Lien / De Rietvink,2008,4.045440394616065,-0.05682445652762028,NA,NA,NA,NA,NA
WK191603,'t Lien / De Rietvink,2012,4.053908153021693,-0.04835669812199198,NA,NA,NA,NA,NA
WK191603,'t Lien / De Rietvink,2014,4.1151347492955015,0.012869898151816094,-0.007785148815633689,-0.0018949200696505122,-0.01716005806499914,0.04399806906567833,-0.004288043963579181
WK191603,'t Lien / De Rietvink,2016,4.152662680159784,0.05039782901609887,NA,NA,NA,NA,NA
WK191603,'t Lien / De Rietvink,2018,4.152701934451028,0.05043708330734305,-0.010470240277419616,0.03423538631255732,-0.020117843658394967,0.04654565304677603,2.4412788382400234e-4
WK191603,'t Lien / De Rietvink,2020,4.182925576545168,0.08066072540148242,-0.0036000932199824988,0.0447671972793248,-0.02065244516109473,0.0619309293028918,-0.0017848627996572362
WK191603,'t Lien / De Rietvink,2022,4.179867139099812,0.07760228795612757,0.003114034148080359,0.028497740017931778,-0.017008347341574824,0.05797595001170815,0.0050229111199818705
WK191604,Stompwijk,2002,4.1795820040179414,0.07731715287425582,NA,NA,NA,NA,NA
WK191604,Stompwijk,2008,4.134967484614975,0.03270263347129043,NA,NA,NA,NA,NA
WK191604,Stompwijk,2012,4.148215921902175,0.04595107075848917,NA,NA,NA,NA,NA
WK191604,Stompwijk,2014,4.170890483631479,0.06862563248779392,-0.045313713659582935,0.07574841979064596,0.06683914547890864,-0.04682875058322071,0.018180531461042742
WK191604,Stompwijk,2016,4.192768346286746,0.0905034951430604,NA,NA,NA,NA,NA
WK191604,Stompwijk,2018,4.197067922481222,0.09480307133753635,-0.04286541541617196,0.0913384732226988,0.07015785127339635,-0.04725843402844081,0.02343059628605374
WK191604,Stompwijk,2020,4.202340896391539,0.1000760452478542,-0.03686561779988227,0.08305292001042426,0.06429996367401992,-0.031338764556073734,0.020927543919365774
WK191604,Stompwijk,2022,4.192939992898986,0.0906751417553004,-0.03824744888515985,0.0762385612796134,0.061125031285737805,-0.039609052526253394,0.031168050601362154
WK191605,Leidschendam - Zuid en omgeving,2002,4.111980340674312,0.009715489530626327,NA,NA,NA,NA,NA
WK191605,Leidschendam - Zuid en omgeving,2008,4.116750978371712,0.014486127228026299,NA,NA,NA,NA,NA
WK191605,Leidschendam - Zuid en omgeving,2012,4.113359522558267,0.011094671414581994,NA,NA,NA,NA,NA
WK191605,Leidschendam - Zuid en omgeving,2014,4.139775442004317,0.03751059086063104,-0.0173917407610771,-0.005353962288700004,-0.012578004469635003,0.08197564223304338,-0.009141343853000536
WK191605,Leidschendam - Zuid en omgeving,2016,4.173512074424341,0.07124722328065558,NA,NA,NA,NA,NA
WK191605,Leidschendam - Zuid en omgeving,2018,4.154461543522804,0.05219669237911819,-0.030697926999183348,0.009813684848380728,-0.01812682482491234,0.08496775659637831,0.006240002758454566
WK191605,Leidschendam - Zuid en omgeving,2020,4.194961460747426,0.09269660960374075,-0.02012577216995422,0.016526683545459536,-0.014160348401987556,0.11263020715031492,-0.002174160520092256
WK191605,Leidschendam - Zuid en omgeving,2022,4.169828852416358,0.06756400127267273,-0.025795733854673646,0.001284872062622325,-0.012182226616520006,0.09847896633528566,0.005778123345958143
WK191606,De Heuvel / Amstelwijk,2002,4.029171940161598,-0.07309291098208685,NA,NA,NA,NA,NA
WK191606,De Heuvel / Amstelwijk,2008,3.977862365687181,-0.12440248545650383,NA,NA,NA,NA,NA
WK191606,De Heuvel / Amstelwijk,2012,3.92288827439651,-0.17937657674717558,NA,NA,NA,NA,NA
WK191606,De Heuvel / Amstelwijk,2014,3.9904565170202986,-0.11180833412338641,-8.297605838751396e-4,-0.10194401468117235,-0.05211368170721165,0.12282769526579439,-0.07974857241692197
WK191606,De Heuvel / Amstelwijk,2016,3.978057319619755,-0.1242075315239301,NA,NA,NA,NA,NA
WK191606,De Heuvel / Amstelwijk,2018,3.964366664633709,-0.13789818650997598,-0.023144645709550396,-0.10208094665127997,-0.06525682536942518,0.11609292959627253,-0.06350869837599321
WK191606,De Heuvel / Amstelwijk,2020,3.9854796627530975,-0.11678518839058791,-0.010539262795158435,-0.08980150531760146,-0.05573692349712524,0.11289877864197416,-0.07360627542267721
WK191606,De Heuvel / Amstelwijk,2022,3.968814227783261,-0.133450623360424,8.601165400053487e-4,-0.112615175839744,-0.06338784380367504,0.11008777834591682,-0.06839549860292736
WK191607,Damsigt en omgeving,2002,4.2007049433794625,0.09844009223577774,NA,NA,NA,NA,NA
WK191607,Damsigt en omgeving,2008,4.164145928561479,0.06188107741779404,NA,NA,NA,NA,NA
WK191607,Damsigt en omgeving,2012,4.188175985848861,0.08591113470517645,NA,NA,NA,NA,NA
WK191607,Damsigt en omgeving,2014,4.2258690358567375,0.1236041847130522,-0.012961429481599002,0.032573348277381946,0.00983097342666669,0.09263738330330151,0.0015239091873007773
WK191607,Damsigt en omgeving,2016,4.254884483877469,0.152619632733784,NA,NA,NA,NA,NA
WK191607,Damsigt en omgeving,2018,4.2560245058932376,0.15375965474955228,-0.014866134399774519,0.059212877770770264,0.010551785604899772,0.09241891668788572,0.006442209085770763
WK191607,Damsigt en omgeving,2020,4.273729275854779,0.1714644247110942,-0.007416337248416381,0.058395093373038526,0.009674603491992954,0.10639534829322163,0.004415716801257136
WK191607,Damsigt en omgeving,2022,4.281243798654188,0.1789789475105029,-0.004127415385834734,0.05129340443886324,0.009575211161026172,0.10495400816811523,0.01728373912833271
WK191608,Essesteijn,2002,4.1772941003475506,0.07502924920386551,NA,NA,NA,NA,NA
WK191608,Essesteijn,2008,4.1982649522909945,0.09600010114730934,NA,NA,NA,NA,NA
WK191608,Essesteijn,2012,4.1911351943591875,0.08887034321550208,NA,NA,NA,NA,NA
WK191608,Essesteijn,2014,4.186084981208813,0.08382013006512747,-0.020091922630620075,0.04975489649480221,-0.009386676499105866,0.09415188612868705,-0.030608053428636085
WK191608,Essesteijn,2016,4.208864981047772,0.10660012990408688,NA,NA,NA,NA,NA
WK191608,Essesteijn,2018,4.220028070703987,0.11776321956030147,-0.026136664595524512,0.051318647791040395,-0.004157427998884739,0.10367564586772803,-0.006936981504057966
WK191608,Essesteijn,2020,4.1960053199383776,0.09374046879469176,-0.013113577897591319,0.0244566955148766,-0.004343723575435536,0.1117796703756573,-0.025038595622815588
WK191608,Essesteijn,2022,4.213406682450001,0.11114183130631611,-0.009969585693989222,0.015266444661747763,-0.009482995900826345,0.11864723741442439,-0.003319269175040727
WK191609,Voorburg Midden,2002,4.190349156021974,0.08808430487828885,NA,NA,NA,NA,NA
WK191609,Voorburg Midden,2008,4.182060931018169,0.07979607987448392,NA,NA,NA,NA,NA
WK191609,Voorburg Midden,2012,4.159003608237502,0.05673875709381693,NA,NA,NA,NA,NA
WK191609,Voorburg Midden,2014,4.1767168167261595,0.07445196558247387,-0.012288353768804766,-0.009144412916189688,-0.03741572211556733,0.18480864702888647,-0.05150819264585107
WK191609,Voorburg Midden,2016,4.225963550352706,0.12369869920902066,NA,NA,NA,NA,NA
WK191609,Voorburg Midden,2018,4.207398909566648,0.10513405842296303,-0.01622945432947285,-0.009467319404179263,-0.041530632643564956,0.19740646083449878,-0.02504499603431895
WK191609,Voorburg Midden,2020,4.195626477562852,0.09336162641916704,-0.006938279953571735,-0.024751459545625357,-0.03919464646275581,0.20957415407163202,-0.04532814169051236
WK191609,Voorburg Midden,2022,4.221530937171253,0.1192660860275685,-0.00753712831304752,-0.029045841855803344,-0.040849689543250384,0.22049692996365639,-0.02379818422398688
WK191610,Bovenveen,2002,4.0450386274470445,-0.057226223696640606,NA,NA,NA,NA,NA
WK191610,Bovenveen,2008,4.0427918180037405,-0.05947303313994497,NA,NA,NA,NA,NA
WK191610,Bovenveen,2012,4.00931400038457,-0.09295085075911538,NA,NA,NA,NA,NA
WK191610,Bovenveen,2014,4.057463520743257,-0.04480133040042797,-0.01682932881191843,-0.05864148106051807,-0.06447845712693202,0.16198766894835903,-0.06683973234941876
WK191610,Bovenveen,2016,4.108708357456925,0.006443506313240599,NA,NA,NA,NA,NA
WK191610,Bovenveen,2018,4.0813891697725575,-0.020875681371127774,-0.025716524324378792,-0.07322074053984926,-0.06371426136808556,0.19642631828247561,-0.0546504734212901
WK191610,Bovenveen,2020,4.064875033126493,-0.037389818017192294,-0.015976400663477882,-0.09278433904057688,-0.061166121952853654,0.20306169934396828,-0.07052465570425237
WK191610,Bovenveen,2022,4.119354190858828,0.01708933971514212,-0.013382367415030747,-0.08589414081819348,-0.060522428549713986,0.22015563797873067,-0.043267361480650586
WK191611,Voorburg Noord,2002,4.148375177755851,0.046110326612165194,NA,NA,NA,NA,NA
WK191611,Voorburg Noord,2008,4.123965224132146,0.02170037298846101,NA,NA,NA,NA,NA
WK191611,Voorburg Noord,2012,4.1162137270253325,0.013948875881647522,NA,NA,NA,NA,NA
WK191611,Voorburg Noord,2014,4.1177726578792955,0.015507806735610051,-0.043780712559831285,-0.012482277825888071,-0.04327621018566378,0.1942000923654323,-0.07915308505843936
WK191611,Voorburg Noord,2016,4.170609956223995,0.06834510508030915,NA,NA,NA,NA,NA
WK191611,Voorburg Noord,2018,4.154739453601727,0.05247460245804142,-0.06071951948994177,-0.00246428666993258,-0.04784138817880344,0.2187306095100029,-0.055230812713283985
WK191611,Voorburg Noord,2020,4.147108324065409,0.04484347292172442,-0.04736791976061885,-0.011426731057120896,-0.04732184040433353,0.22349589532860595,-0.07253593118480853
WK191611,Voorburg Noord,2022,4.219070607946001,0.11680575680231672,-0.04329875135169495,5.799531371453303e-4,-0.04480164379508258,0.24334018987542258,-0.039013991063473974
WK191612,Voorburg West / Park Leeuwenbergh,2002,4.289924456334858,0.1876596051911726,NA,NA,NA,NA,NA
WK191612,Voorburg West / Park Leeuwenbergh,2008,4.26623535165289,0.16397050050920503,NA,NA,NA,NA,NA
WK191612,Voorburg West / Park Leeuwenbergh,2012,4.293547266179165,0.1912824150354799,NA,NA,NA,NA,NA
WK191612,Voorburg West / Park Leeuwenbergh,2014,4.340577802449473,0.23831295130578783,-0.015663382139567222,0.020401046610116706,0.01674657227272962,0.1904436248570977,0.026385089705410765
WK191612,Voorburg West / Park Leeuwenbergh,2016,4.390224350037052,0.2879594988933663,NA,NA,NA,NA,NA
WK191612,Voorburg West / Park Leeuwenbergh,2018,4.4073204992372155,0.3050556480935301,-0.01653713988148959,0.061383730940563534,0.019582864338630074,0.20538855978812084,0.0352376329077049
WK191612,Voorburg West / Park Leeuwenbergh,2020,4.440768439037213,0.3385035878935277,-0.00991020581731363,0.07784041441977663,0.02699035581788303,0.2153855441915387,0.02819747928164265
WK191612,Voorburg West / Park Leeuwenbergh,2022,4.45187788729256,0.3496130361488748,-0.008356276251150388,0.06926840876200663,0.0216767534423247,0.22441108436504326,0.04261306583065027
WK191613,Voorburg Oud,2002,4.280714750310706,0.17844989916702017,NA,NA,NA,NA,NA
WK191613,Voorburg Oud,2008,4.262918952679701,0.1606541015360155,NA,NA,NA,NA,NA
WK191613,Voorburg Oud,2012,4.2538567373279115,0.15159188618422642,NA,NA,NA,NA,NA
WK191613,Voorburg Oud,2014,4.307075695609711,0.20481084446602565,-0.018581988290223506,0.019943047635786942,0.0029997973817147945,0.1786439621822744,0.021806025556472704
WK191613,Voorburg Oud,2016,4.331163975464671,0.22889912432098553,NA,NA,NA,NA,NA
WK191613,Voorburg Oud,2018,4.34792374083663,0.2456588896929452,-0.03254748602564133,0.05117164307167073,0.006508788107875076,0.18624407878269483,0.034281865756345606
WK191613,Voorburg Oud,2020,4.3782868860415665,0.2760220348978817,-0.023823706736256067,0.05728064152801163,0.011409753643178444,0.20007449044884623,0.031080856014101186
WK191613,Voorburg Oud,2022,4.385996495830078,0.28373164468639306,-0.020629129523797963,0.052261737642649186,0.006556194096262602,0.2022645408235354,0.04327830164774356
WK192400,Goedereede,2002,4.142927997977301,0.04066314683361593,NA,NA,NA,NA,NA
WK192400,Goedereede,2008,4.129011508346905,0.0267466572032201,NA,NA,NA,NA,NA
WK192400,Goedereede,2012,4.151633495464326,0.04936864432064098,NA,NA,NA,NA,NA
WK192400,Goedereede,2014,4.2119406859047235,0.10967583476103791,0.09688772015388389,0.0867811172475529,0.06419106446444052,-0.19250548133589238,0.05432141423105267
WK192400,Goedereede,2016,4.235400267306382,0.13313541616269722,NA,NA,NA,NA,NA
WK192400,Goedereede,2018,4.205669854261662,0.10340500311797604,0.09240244055878355,0.08927397421037368,0.06630371091111553,-0.19873192161252595,0.05415679905022896
WK192400,Goedereede,2020,4.1842627210464,0.08199786990271508,0.09269413388833748,0.07251115048216128,0.05248552357714479,-0.19469371225681434,0.05900077421188562
WK192400,Goedereede,2022,4.182861346969552,0.08059649582586635,0.09760532911467566,0.07447793382200193,0.052888366139012606,-0.19621004066437617,0.051834907414551976
WK192401,Ouddorp,2002,4.0693518555676524,-0.03291299557603284,NA,NA,NA,NA,NA
WK192401,Ouddorp,2008,4.058086316763179,-0.04417853438050649,NA,NA,NA,NA,NA
WK192401,Ouddorp,2012,4.089394122776382,-0.012870728367302266,NA,NA,NA,NA,NA
WK192401,Ouddorp,2014,4.202781951920329,0.10051710077664411,0.08484451648140562,0.08397123479320305,0.07032661312190332,-0.18666304879808013,0.04803778517821197
WK192401,Ouddorp,2016,4.211731611602285,0.10946676045859947,NA,NA,NA,NA,NA
WK192401,Ouddorp,2018,4.1690358279513235,0.06677097680763788,0.06555472809111393,0.08658375944234883,0.06266011160978485,-0.19038237089165547,0.042354748556045436
WK192401,Ouddorp,2020,4.176863822493154,0.07459897134946834,0.07407762804450696,0.09049219976247302,0.059186966711997066,-0.19223942267416977,0.04308159950466079
WK192401,Ouddorp,2022,4.196000298039631,0.09373544689594615,0.08869010631831419,0.09585668694753932,0.05740983577684655,-0.1907182083826698,0.04249702623591563
WK192402,Stellendam,2002,3.9641438735052295,-0.1381209776384555,NA,NA,NA,NA,NA
WK192402,Stellendam,2008,3.9427180610211714,-0.15954679012251374,NA,NA,NA,NA,NA
WK192402,Stellendam,2012,3.952124363949867,-0.15014048719381806,NA,NA,NA,NA,NA
WK192402,Stellendam,2014,4.0570739385523895,-0.04519091259129561,0.03511767773930543,0.05322282748208904,0.026066814884898072,-0.1925554823971291,0.032957249699540815
WK192402,Stellendam,2016,4.065808913192628,-0.036455937951056915,NA,NA,NA,NA,NA
WK192402,Stellendam,2018,4.061728860953119,-0.04053599019056574,0.028237734931835415,0.06326062053514782,0.024476044146392296,-0.1884687160449997,0.03195832624105821
WK192402,Stellendam,2020,4.039799403480518,-0.06246544766316798,0.02896584426748697,0.044033557199565386,0.020634858818260698,-0.18657082438091227,0.030471116432431
WK192402,Stellendam,2022,4.050982010827468,-0.05128284031621656,0.03293661382876459,0.05394378747175368,0.021187411607333746,-0.18516793229397877,0.02581727906990994
WK192403,Middelharnis,2002,3.9398530853805247,-0.16241176576316016,NA,NA,NA,NA,NA
WK192403,Middelharnis,2008,3.965132037831258,-0.13713281331242763,NA,NA,NA,NA,NA
WK192403,Middelharnis,2012,3.9883060639447225,-0.11395878719896291,NA,NA,NA,NA,NA
WK192403,Middelharnis,2014,4.029571964695647,-0.07269288644803801,0.019982822006452423,0.03507541361887391,0.017632202605714978,-0.16617659309102692,0.020793268411947292
WK192403,Middelharnis,2016,4.050389564074665,-0.05187528706901953,NA,NA,NA,NA,NA
WK192403,Middelharnis,2018,4.050771228286406,-0.051493622857279604,0.01203976558481335,0.05085143680904551,0.022217561344436372,-0.1609696046606527,0.024367218065077648
WK192403,Middelharnis,2020,4.0526950400588895,-0.04956981108479579,0.013219761722054671,0.040981273081268345,0.015935774733118545,-0.14172293500428243,0.022016314383044803
WK192403,Middelharnis,2022,4.021621115536313,-0.08064373560737224,0.0116126686895595,0.018766557388110464,0.012146440443004329,-0.1485111182901658,0.02534171616211901
WK192404,Ooltgensplaat,2002,3.8835121642990096,-0.21875268684467553,NA,NA,NA,NA,NA
WK192404,Ooltgensplaat,2008,3.8985472105642507,-0.2037176405794345,NA,NA,NA,NA,NA
WK192404,Ooltgensplaat,2012,3.905265914210164,-0.19699893693352116,NA,NA,NA,NA,NA
WK192404,Ooltgensplaat,2014,3.922285715376974,-0.17997913576671118,-0.007566726586441794,0.040493137862268096,0.030735541487668556,-0.2563759802416055,0.012734891711399113
WK192404,Ooltgensplaat,2016,3.9775024182339687,-0.12476243290971645,NA,NA,NA,NA,NA
WK192404,Ooltgensplaat,2018,3.946158258582708,-0.15610659256097728,-0.004702785428084995,0.07437774917598018,0.029668419836936046,-0.2631302707695808,0.007680294623771985
WK192404,Ooltgensplaat,2020,3.969458524470597,-0.132806326673088,-0.005995853567667557,0.07113998750382487,0.028726498230446755,-0.2461437843597028,0.01946682552001044
WK192404,Ooltgensplaat,2022,3.9574162988184525,-0.1448485523252331,-0.004114290208356202,0.0754556972281907,0.024349411076138295,-0.267022024017673,0.026482653596466815
WK192405,Den Bommel,2002,3.918385261867511,-0.18387958927617434,NA,NA,NA,NA,NA
WK192405,Den Bommel,2008,3.937373812457532,-0.16489103868615287,NA,NA,NA,NA,NA
WK192405,Den Bommel,2012,3.947977437373472,-0.15428741377021332,NA,NA,NA,NA,NA
WK192405,Den Bommel,2014,4.000348926934366,-0.10191592420931853,0.02944389576595701,0.05361520335964649,0.02911533586276636,-0.2557815636319479,0.041691204434259305
WK192405,Den Bommel,2016,4.04181426463895,-0.060450586504734984,NA,NA,NA,NA,NA
WK192405,Den Bommel,2018,4.018634952432906,-0.08362989871077844,0.03549248350147987,0.07249975392348235,0.026902433178568178,-0.2582544617639348,0.0397298924496257
WK192405,Den Bommel,2020,4.035076474045834,-0.06718837709785164,0.03665320635499942,0.07893722268077454,0.027007939816737183,-0.2500910010531944,0.0403042551028313
WK192405,Den Bommel,2022,4.04844593193933,-0.05381891920435489,0.03725031726246327,0.0819467471494502,0.02282484430704574,-0.24530262078177756,0.049461792858463145
WK192406,Oude-Tonge,2002,3.936858953409777,-0.16540589773390862,NA,NA,NA,NA,NA
WK192406,Oude-Tonge,2008,3.944338424325774,-0.1579264268179113,NA,NA,NA,NA,NA
WK192406,Oude-Tonge,2012,3.968426961178307,-0.13383788996537796,NA,NA,NA,NA,NA
WK192406,Oude-Tonge,2014,4.023910238968944,-0.07835461217474048,0.027238377383685057,0.021852616987798397,0.013480482725231375,-0.16518097695649514,0.024254887685039594
WK192406,Oude-Tonge,2016,4.033944088601108,-0.06832076254257748,NA,NA,NA,NA,NA
WK192406,Oude-Tonge,2018,4.055719007457094,-0.04654584368659079,0.01805955660121902,0.05728801097056702,0.015121093605686437,-0.1610515174657261,0.0240370126016626
WK192406,Oude-Tonge,2020,4.0694669237319605,-0.032797927411724395,0.023711226746563115,0.06449202919086401,0.013119398550334503,-0.15774854769261917,0.023627965793132852
WK192406,Oude-Tonge,2022,4.031974555276661,-0.07029029586702423,0.024728912902959494,0.022982015815757848,0.0029108391471826933,-0.1482863528370029,0.027374289104078384
WK192407,Dirksland,2002,3.9627683151310764,-0.13949653601260872,NA,NA,NA,NA,NA
WK192407,Dirksland,2008,3.962410904465191,-0.13985394667849427,NA,NA,NA,NA,NA
WK192407,Dirksland,2012,3.98804738370026,-0.11421746744342565,NA,NA,NA,NA,NA
WK192407,Dirksland,2014,4.059527606585268,-0.04273724455841613,0.03643541006016787,0.051309060907796696,0.04317474583864336,-0.1985919994378679,0.02493553807284351
WK192407,Dirksland,2016,4.101237223553573,-0.001027627590112004,NA,NA,NA,NA,NA
WK192407,Dirksland,2018,4.077515562466306,-0.024749288677378252,0.026675452780444215,0.06830106159968197,0.0438305654986554,-0.19565793964952835,0.03210157109336824
WK192407,Dirksland,2020,4.103744505583053,0.0014796544393674267,0.029823819186319787,0.07495876942523583,0.0414574336329553,-0.17254754395438435,0.02778717614924063
WK192407,Dirksland,2022,4.089697782113305,-0.012567069030380145,0.036271734905048064,0.06086977159074537,0.03504944511521871,-0.18167549061599259,0.036917469974600006
WK192408,Melissant,2002,3.965669963476255,-0.1365948876674305,NA,NA,NA,NA,NA
WK192408,Melissant,2008,3.9406082903403252,-0.16165656080336013,NA,NA,NA,NA,NA
WK192408,Melissant,2012,3.948129004628366,-0.15413584651531945,NA,NA,NA,NA,NA
WK192408,Melissant,2014,4.008059570776394,-0.0942052803672908,0.01844869607860642,0.04791594733999516,0.03903705581642884,-0.23490629689340095,0.03529931729107942
WK192408,Melissant,2016,4.04021723245256,-0.06204761869112562,NA,NA,NA,NA,NA
WK192408,Melissant,2018,4.026970280233456,-0.07529457091022852,0.009669014498979217,0.06046527826908632,0.03659040691169624,-0.23117076475317042,0.04915149416317985
WK192408,Melissant,2020,4.033920703614912,-0.06834414752877284,0.009081628124565371,0.05216637079731578,0.03340571079768564,-0.21474380026497403,0.051745943016634106
WK192408,Melissant,2022,4.041470383167963,-0.06079446797572277,0.025988286375567975,0.047432028726140954,0.026943825775341834,-0.21716511605014352,0.056006507197369645
WK192409,Herkingen,2002,3.896198515258225,-0.20606633588545997,NA,NA,NA,NA,NA
WK192409,Herkingen,2008,3.906245555876655,-0.19601929526703038,NA,NA,NA,NA,NA
WK192409,Herkingen,2012,3.961420908220643,-0.14084394292304173,NA,NA,NA,NA,NA
WK192409,Herkingen,2014,4.007338403208564,-0.09492644793512169,0.03670917689322274,0.0493389526994834,0.030219622371010148,-0.2589080031001762,0.047713803201337945
WK192409,Herkingen,2016,4.039304005935881,-0.06296084520780487,NA,NA,NA,NA,NA
WK192409,Herkingen,2018,4.04097691156968,-0.061287939574005634,0.035506938117965854,0.07956178197541795,0.037655899166532295,-0.2580135300483675,0.044000971214445524
WK192409,Herkingen,2020,4.05826963365149,-0.04399521749219484,0.034030087165141304,0.0858076336137971,0.03707342060202133,-0.2471061732808806,0.046199814407725734
WK192409,Herkingen,2022,4.06133608861877,-0.040928762524915015,0.031441967217310796,0.0894961572651119,0.03600298938571686,-0.24757348098144516,0.04970360458839037
WK192410,Sommelsdijk,2002,3.921415286135771,-0.180849565007914,NA,NA,NA,NA,NA
WK192410,Sommelsdijk,2008,3.910126777064339,-0.1921380740793461,NA,NA,NA,NA,NA
WK192410,Sommelsdijk,2012,3.95094580280557,-0.15131904833811524,NA,NA,NA,NA,NA
WK192410,Sommelsdijk,2014,4.017370903354355,-0.08489394778933004,0.020617915060908727,0.04071242541044538,0.00890391325550869,-0.1662626176024046,0.011134416086211471
WK192410,Sommelsdijk,2016,4.029780430665223,-0.07248442047846218,NA,NA,NA,NA,NA
WK192410,Sommelsdijk,2018,4.0033849049836725,-0.09887994616001285,0.010199814734219052,0.0448408519790933,0.0027864517863086776,-0.16353375830273356,0.0068266936430994045
WK192410,Sommelsdijk,2020,4.038837787552267,-0.06342706359141793,0.015976392708147512,0.04769291758212172,0.002412427140896197,-0.14532413983205708,0.015815338809473462
WK192410,Sommelsdijk,2022,4.026075971744842,-0.07618887939884283,0.02448483914977586,0.023474369079208992,0.006495079504925952,-0.14823479231818598,0.017591625185432027
WK192411,Nieuwe-Tonge,2002,3.9199947762211913,-0.18227007492249422,NA,NA,NA,NA,NA
WK192411,Nieuwe-Tonge,2008,3.912374597143862,-0.18989025399982307,NA,NA,NA,NA,NA
WK192411,Nieuwe-Tonge,2012,3.9585673087788784,-0.14369754236480614,NA,NA,NA,NA,NA
WK192411,Nieuwe-Tonge,2014,4.034254331981843,-0.068010519161843,0.015944334472390582,0.0678991816736751,0.02695992627209699,-0.20738453398219298,0.028570572402187026
WK192411,Nieuwe-Tonge,2016,4.0499228116921495,-0.05234203945153618,NA,NA,NA,NA,NA
WK192411,Nieuwe-Tonge,2018,4.076157329074457,-0.026107522069228607,0.010493198607017593,0.10208527510738541,0.030966543628917674,-0.20361230196177446,0.03395976254922482
WK192411,Nieuwe-Tonge,2020,4.078402852700317,-0.023861998443368292,0.014593490801545666,0.09300197186354259,0.03373318478884031,-0.19916701195756212,0.033976366060264995
WK192411,Nieuwe-Tonge,2022,4.074686435089443,-0.02757841605424271,0.014364943579233744,0.07602242966506427,0.03141262966179924,-0.189842629198724,0.040464210238383765
WK192412,Stad aan 't Haringvliet,2002,3.8881700781528434,-0.21409477299084148,NA,NA,NA,NA,NA
WK192412,Stad aan 't Haringvliet,2008,3.8935274711871255,-0.2087373799565593,NA,NA,NA,NA,NA
WK192412,Stad aan 't Haringvliet,2012,3.926922802899478,-0.17534204824420782,NA,NA,NA,NA,NA
WK192412,Stad aan 't Haringvliet,2014,4.015158437653237,-0.08710641349044854,9.420632363772085e-4,0.08845472774329548,0.0456662064377427,-0.26658438761363756,0.04441497670577327
WK192412,Stad aan 't Haringvliet,2016,4.054361169935241,-0.04790368120844452,NA,NA,NA,NA,NA
WK192412,Stad aan 't Haringvliet,2018,4.033571803811264,-0.06869304733242174,0.01258699287793926,0.09942776295290913,0.041470296596570505,-0.26662408475674493,0.044445984996904
WK192412,Stad aan 't Haringvliet,2020,4.028022383524318,-0.07424246761936733,-0.0037513061984865478,0.10208230438689547,0.04094678750066841,-0.26039379052348105,0.046873537215036135
WK192412,Stad aan 't Haringvliet,2022,3.990254639963311,-0.11201021118037395,-0.02869494267834804,0.07934953856052242,0.03904984567405475,-0.24739634040396047,0.04568168766735718
WK192413,Achthuizen,2002,3.910141900658987,-0.19212295048469835,NA,NA,NA,NA,NA
WK192413,Achthuizen,2008,3.9167430186315233,-0.18552183251216198,NA,NA,NA,NA,NA
WK192413,Achthuizen,2012,3.9306468937255734,-0.17161795741811178,NA,NA,NA,NA,NA
WK192413,Achthuizen,2014,3.9668042889566517,-0.13546056218703362,0.01618962445632495,0.02955067248929758,0.031127291969931848,-0.25366550730964116,0.04133735620705291
WK192413,Achthuizen,2016,3.9751698445876036,-0.12709500655608122,NA,NA,NA,NA,NA
WK192413,Achthuizen,2018,4.004184956049182,-0.09807989509450439,0.01637776883143521,0.0683918130155597,0.03420765563630286,-0.2610105841066089,0.043953451528806524
WK192413,Achthuizen,2020,3.9953139271707117,-0.10695092397297364,0.014000121849915276,0.05724782669812062,0.03396442532808426,-0.2546548368300535,0.04249153898095944
WK192413,Achthuizen,2022,4.000068022052038,-0.10219682909164719,0.012065708815779428,0.051652666605431496,0.03502857986733152,-0.25150668321460723,0.05056289883441731
WK192601,Pijnacker,2002,4.029137049880754,-0.07312780126293152,NA,NA,NA,NA,NA
WK192601,Pijnacker,2008,4.054392156908368,-0.047872694235316995,NA,NA,NA,NA,NA
WK192601,Pijnacker,2012,4.057237684719938,-0.04502716642374716,NA,NA,NA,NA,NA
WK192601,Pijnacker,2014,4.081897253779565,-0.02036759736412046,-0.012985200355596502,0.020729988291503975,0.018053079118200706,-0.05844516190301414,0.012279697484785192
WK192601,Pijnacker,2016,4.127782253455674,0.025517402311988863,NA,NA,NA,NA,NA
WK192601,Pijnacker,2018,4.119005112541276,0.016740261397590918,-0.020448064912417394,0.05381307502482928,0.02164909278179668,-0.05496542515308379,0.016691583656465867
WK192601,Pijnacker,2020,4.140478455891427,0.03821360474774132,-0.008122735113749486,0.06028524400322666,0.01550133091243459,-0.03871312150236704,0.009262886448196304
WK192601,Pijnacker,2022,4.167320518751594,0.065055667607909,-0.002890357737508842,0.0707150556762434,0.02516081435345567,-0.04590892909819506,0.017979084413913587
WK192602,Nootdorp,2002,4.198656766231782,0.09639191508809633,NA,NA,NA,NA,NA
WK192602,Nootdorp,2008,4.196893210094739,0.0946283589510539,NA,NA,NA,NA,NA
WK192602,Nootdorp,2012,4.18617378334255,0.08390893219886508,NA,NA,NA,NA,NA
WK192602,Nootdorp,2014,4.220545287813625,0.11828043666994005,0.0021166502132792635,0.023802294929117514,0.029291622944360187,0.04906979178310878,0.014000076800074016
WK192602,Nootdorp,2016,4.227152454197588,0.12488760305390256,NA,NA,NA,NA,NA
WK192602,Nootdorp,2018,4.215153285863187,0.11288843471950219,-0.00625459208048876,0.03719610810687515,0.021811792391988053,0.042956526085009064,0.017178600216118438
WK192602,Nootdorp,2020,4.250167482707481,0.14790263156379577,0.0036662890230973366,0.046360789855612275,0.017976206911826834,0.06050857832028971,0.019390767452969356
WK192602,Nootdorp,2022,4.248599564613728,0.14633471347004226,0.007882966028405736,0.044537100463667156,0.0218453825773946,0.04651285590967021,0.02555640849090425
WK192603,Delfgauw,2002,4.0685247158738,-0.03374013526988443,NA,NA,NA,NA,NA
WK192603,Delfgauw,2008,4.128055950366214,0.02579109922252871,NA,NA,NA,NA,NA
WK192603,Delfgauw,2012,4.101920233871911,-3.4461727177429e-4,NA,NA,NA,NA,NA
WK192603,Delfgauw,2014,4.138825156517379,0.036560305373694556,-0.014757020901821221,0.048308429910721096,0.018354948144153792,-0.025371171293201253,0.010025119513841902
WK192603,Delfgauw,2016,4.16378854552978,0.061523694386095035,NA,NA,NA,NA,NA
WK192603,Delfgauw,2018,4.151709937983782,0.04944508684009601,-0.012067146127862992,0.054221006278182764,0.011452962726399674,-0.017184653300818323,0.013022917264194599
WK192603,Delfgauw,2020,4.16395323764655,0.06168838650286424,-0.007219528890178122,0.07206393188914965,0.006163816911180467,-0.015695849535372963,0.006376016128084885
WK192603,Delfgauw,2022,4.161994064980712,0.059729213837027145,-0.0027066659979824406,0.0529326075454986,0.009317096472089264,-0.018132554049052483,0.018318729866473933
WK193001,Centrum,2002,3.9021418365288434,-0.200123014614842,NA,NA,NA,NA,NA
WK193001,Centrum,2008,3.878108132053048,-0.22415671909063734,NA,NA,NA,NA,NA
WK193001,Centrum,2012,3.9292648884103536,-0.1729999627333317,NA,NA,NA,NA,NA
WK193001,Centrum,2014,3.9346553052369635,-0.16760954590672128,0.0246693552419954,-0.12048358006858388,-0.04686153353944601,-5.272764536009537e-4,-0.024406511087086146
WK193001,Centrum,2016,3.96758924704399,-0.1346756040996953,NA,NA,NA,NA,NA
WK193001,Centrum,2018,3.9477957076529795,-0.15446914349070556,-0.005018763595060381,-0.08922133955187915,-0.045458680611116645,-0.0020951719146118037,-0.012675187818037857
WK193001,Centrum,2020,3.9696690472850236,-0.13259580385866174,-1.2000629295717576e-4,-0.0860451545836171,-0.04689532685207971,0.01137991077952003,-0.010915226909528064
WK193001,Centrum,2022,3.955411845601674,-0.14685300554201133,-0.0012990921343501828,-0.11185760556599926,-0.04449032445708252,0.019451301228123,-0.008657284612702647
WK193002,Schiekamp,2002,3.900415032364835,-0.20184981877885017,NA,NA,NA,NA,NA
WK193002,Schiekamp,2008,3.870480279627272,-0.23178457151641313,NA,NA,NA,NA,NA
WK193002,Schiekamp,2012,3.905979230561017,-0.1962856205826683,NA,NA,NA,NA,NA
WK193002,Schiekamp,2014,3.8892920983043204,-0.2129727528393651,-0.003963420887078189,-0.04957438241362353,-0.024664739780538323,-0.020382845807841013,-0.11438736395028434
WK193002,Schiekamp,2016,3.9278833352112783,-0.1743815159324067,NA,NA,NA,NA,NA
WK193002,Schiekamp,2018,3.980017903391401,-0.12224694775228404,-0.0031332368722364256,-1.362796348174217e-4,-0.021793329201498374,-0.013830715743568664,-0.08335338630016355
WK193002,Schiekamp,2020,3.972727376789654,-0.12953747435403143,-0.004137405622255032,-0.003154778877108087,-0.0242588210511853,0.0016427863548688455,-0.0996292551583521
WK193002,Schiekamp,2022,3.9470759269996525,-0.1551889241440328,-0.004252024948479889,-0.04631596160044046,-0.02177402953621293,0.005557630316063812,-0.08840453837496359
WK193003,Hoogwerf,2002,3.873794353992052,-0.2284704971516334,NA,NA,NA,NA,NA
WK193003,Hoogwerf,2008,3.8941363742370685,-0.20812847690661684,NA,NA,NA,NA,NA
WK193003,Hoogwerf,2012,3.9361501591126435,-0.16611469203104173,NA,NA,NA,NA,NA
WK193003,Hoogwerf,2014,3.934022527413301,-0.16824232373038375,-0.0013543437263456007,-0.06036986595037108,-0.03636412394043293,-0.011117450756191149,-0.05903653935704327
WK193003,Hoogwerf,2016,3.9065684462341497,-0.19569640490953533,NA,NA,NA,NA,NA
WK193003,Hoogwerf,2018,3.97228004338362,-0.12998480776006546,-0.004693437522019806,-0.028561893653862802,-0.03549577928040533,-0.009829003597596763,-0.05140469370618105
WK193003,Hoogwerf,2020,3.980875626560871,-0.12138922458281426,-0.004479096585204344,-0.029802066694072177,-0.03822728156690327,0.005346537386604717,-0.05422731712323946
WK193003,Hoogwerf,2022,3.977212004914594,-0.1250528462290912,-0.004800699598427104,-0.04835091816399004,-0.03570510967104176,0.011230701899611489,-0.047426820695244086
WK193004,Vierambachten,2002,4.144340327768265,0.042075476624579784,NA,NA,NA,NA,NA
WK193004,Vierambachten,2008,4.080489443753648,-0.021775407390037395,NA,NA,NA,NA,NA
WK193004,Vierambachten,2012,4.0957007264632095,-0.006564124680475544,NA,NA,NA,NA,NA
WK193004,Vierambachten,2014,4.090592018604682,-0.011672832539002859,-0.018865499685702967,0.006227341230830813,0.013444585125471729,-0.016507344855437357,0.004028085645834595
WK193004,Vierambachten,2016,4.089595394830195,-0.012669456313489702,NA,NA,NA,NA,NA
WK193004,Vierambachten,2018,4.110551206856545,0.00828635571285992,-0.017498735012571764,0.023031673624904325,0.0021982744680809317,-0.015175170738382412,0.015730313370828645
WK193004,Vierambachten,2020,4.128430984614038,0.026166133470352924,-0.01702028763818759,0.01867151215844306,0.004022260571053859,0.001976271895402598,0.01851637648364071
WK193004,Vierambachten,2022,4.126053415776591,0.023788564632905566,-0.011772617888884042,0.007747450818088089,0.008483755215677805,2.8905528950006593e-4,0.01904092119852337
WK193005,De Hoek,2002,3.8900196062406045,-0.2122452449030805,NA,NA,NA,NA,NA
WK193005,De Hoek,2008,3.8681569952256476,-0.2341078559180374,NA,NA,NA,NA,NA
WK193005,De Hoek,2012,3.89067407798192,-0.21159077316176514,NA,NA,NA,NA,NA
WK193005,De Hoek,2014,3.9212293793787496,-0.1810354717649357,-0.004435170061789324,-0.07262397387326557,-0.03949580817836968,-0.04244489679529608,-0.0220356228562153
WK193005,De Hoek,2016,3.9410223388956447,-0.1612425122480406,NA,NA,NA,NA,NA
WK193005,De Hoek,2018,3.903825567550109,-0.19843928359357635,-0.010619143507950764,-0.07587666664560336,-0.04692588696273978,-0.038965087202302046,-0.026052499274980698
WK193005,De Hoek,2020,3.954678605492059,-0.14758624565162623,-0.005275027854004179,-0.060886234827383076,-0.042608779233920806,-0.0179572932029562,-0.020858910533362234
WK193005,De Hoek,2022,3.9304341180507247,-0.1718307330929606,-0.002327272130211973,-0.0836777839522653,-0.03753816086970293,-0.0253612935191335,-0.022926222621647157
WK193006,Gildenwijk,2002,3.8232637832369862,-0.2790010679066991,NA,NA,NA,NA,NA
WK193006,Gildenwijk,2008,3.7901190218827305,-0.31214582926095485,NA,NA,NA,NA,NA
WK193006,Gildenwijk,2012,3.841869648376679,-0.2603952027670063,NA,NA,NA,NA,NA
WK193006,Gildenwijk,2014,3.8533786466834283,-0.24888620446025672,-0.016715222237222802,-0.12713365312285518,-0.051559452578434944,-0.010344519786350245,-0.04313335673539394
WK193006,Gildenwijk,2016,3.7801050064502775,-0.3221598446934075,NA,NA,NA,NA,NA
WK193006,Gildenwijk,2018,3.8435482736180555,-0.2587165775256298,-0.022715206565022187,-0.11429893623467388,-0.06086684535407025,-0.014118137608294907,-0.04671745176356898
WK193006,Gildenwijk,2020,3.869920066633068,-0.23234478451061708,-0.016966461233118738,-0.11858585512914398,-0.05818852555370508,-0.005199450032136194,-0.03340449256251329
WK193006,Gildenwijk,2022,3.863856056809215,-0.23840879433447013,-0.014586202013586153,-0.13503619984680562,-0.04999004184537079,-0.003934746372585518,-0.03486160425612231
WK193007,Groenewoud,2002,3.8857416375895664,-0.21652321355411855,NA,NA,NA,NA,NA
WK193007,Groenewoud,2008,3.8174312871923797,-0.28483356395130555,NA,NA,NA,NA,NA
WK193007,Groenewoud,2012,3.857902530195034,-0.24436232094865123,NA,NA,NA,NA,NA
WK193007,Groenewoud,2014,3.8851024392346356,-0.21716241190904928,-0.0013429974960996111,-0.07987532329772767,-0.039722898458945395,-0.04429122754438177,-0.05192996511189502
WK193007,Groenewoud,2016,3.8881524463347974,-0.2141124048088881,NA,NA,NA,NA,NA
WK193007,Groenewoud,2018,3.8742607495836014,-0.2280041015600838,-0.001712922014606694,-0.07766938209703277,-0.04776617720297597,-0.05921244448257805,-0.041643175762890665
WK193007,Groenewoud,2020,3.885938783495934,-0.2163260676477514,0.0013817499313964795,-0.08203167847998906,-0.0530847926473163,-0.04830917054691443,-0.03428217590492839
WK193007,Groenewoud,2022,3.893130098183306,-0.20913475296037923,-0.00213514027415006,-0.08588200747622615,-0.04032067880427692,-0.04470799224768936,-0.03608893415803706
WK193008,Sterrenkwartier,2002,3.810516514299791,-0.2917483368438938,NA,NA,NA,NA,NA
WK193008,Sterrenkwartier,2008,3.805801060041292,-0.2964637911023931,NA,NA,NA,NA,NA
WK193008,Sterrenkwartier,2012,3.83493065995361,-0.2673341911900752,NA,NA,NA,NA,NA
WK193008,Sterrenkwartier,2014,3.8440363206696064,-0.25822853047407823,-0.014729295217043694,-0.11881397353485393,-0.04277503113110386,-0.057091123600578914,-0.024819106990498132
WK193008,Sterrenkwartier,2016,3.869837938970644,-0.2324269121730413,NA,NA,NA,NA,NA
WK193008,Sterrenkwartier,2018,3.8726142019378282,-0.22965064920585715,-0.005251799766367097,-0.10692479368887681,-0.042102644919820326,-0.055432719596323066,-0.01993869123447011
WK193008,Sterrenkwartier,2020,3.868911154407244,-0.23335369673644174,-0.0014353293872441074,-0.11610569191759565,-0.04103362264773396,-0.04093340885359149,-0.03384564393027685
WK193008,Sterrenkwartier,2022,3.9005033653155943,-0.2017614858280908,-0.005484991712522535,-0.0895693565477769,-0.02747084388086664,-0.047438317604604985,-0.03179797608232005
WK193009,Schenkel,2002,4.015959858874289,-0.08630499226939682,NA,NA,NA,NA,NA
WK193009,Schenkel,2008,3.981174157211977,-0.12109069393170865,NA,NA,NA,NA,NA
WK193009,Schenkel,2012,3.9951284388664328,-0.1071364122772522,NA,NA,NA,NA,NA
WK193009,Schenkel,2014,4.029049207242725,-0.07321564390096019,0.008984587939704417,0.01783198732592408,-0.015124773656308224,-0.07935705647974836,-0.005550389030532241
WK193009,Schenkel,2016,4.003269318385059,-0.09899553275862574,NA,NA,NA,NA,NA
WK193009,Schenkel,2018,4.029917379633004,-0.07234747151068037,0.0015076217613844245,0.01361460773483092,-0.01388828992360072,-0.07877152850083445,0.005190117417539196
WK193009,Schenkel,2020,4.021753193832847,-0.08051165731083819,0.007053979914601433,-7.934017832707561e-4,-0.018502860700438342,-0.06964658324369762,0.001377208501966823
WK193009,Schenkel,2022,4.036859269668552,-0.06540558147513324,0.012151931109735932,0.006813644374427256,-0.018346724316448893,-0.07311696565015843,0.00709253300731057
WK193010,De Elementen,2002,3.7237746660101942,-0.3784901851334909,NA,NA,NA,NA,NA
WK193010,De Elementen,2008,3.6770345078815465,-0.42523034326213865,NA,NA,NA,NA,NA
WK193010,De Elementen,2012,3.9255024234988567,-0.17676242764482833,NA,NA,NA,NA,NA
WK193010,De Elementen,2014,3.9833430137617785,-0.11892183738190608,-0.014415294165536703,0.03031410473076597,-0.04335219675335011,-0.05402360917120786,-0.03744484202257784
WK193010,De Elementen,2016,4.014339623795529,-0.08792522734815668,NA,NA,NA,NA,NA
WK193010,De Elementen,2018,4.067492103683296,-0.03477274746038945,-0.01206744819298652,0.07232457150686585,-0.037350246388297155,-0.029526167979218188,-0.02815345640675365
WK193010,De Elementen,2020,4.147048414975635,0.044783563831950146,-0.015437160030498975,0.0805517014590661,0.008065957249229351,-0.014838784855281492,-0.013558149990565203
WK193010,De Elementen,2022,4.136307453372451,0.034042602228766136,-0.014191152033752971,0.05334054830947705,0.024646888453966367,-0.017357559065408312,-0.01239612343551614
WK193011,Vogelenzang,2002,3.853678836852048,-0.24858601429163701,NA,NA,NA,NA,NA
WK193011,Vogelenzang,2008,3.847100000843433,-0.2551648503002525,NA,NA,NA,NA,NA
WK193011,Vogelenzang,2012,3.8908854124835774,-0.21137943866010772,NA,NA,NA,NA,NA
WK193011,Vogelenzang,2014,3.919602512106256,-0.18266233903742918,0.00584663856530941,-0.0696914636403094,-0.017849419848859658,-0.08420632862065394,-0.016761765492915873
WK193011,Vogelenzang,2016,3.9048968311338954,-0.19736802000979004,NA,NA,NA,NA,NA
WK193011,Vogelenzang,2018,3.931267016634541,-0.17099783450914394,0.001212673617746194,-0.04906147767735139,-0.019670380703773874,-0.08739846606514498,-0.016080183680620138
WK193011,Vogelenzang,2020,3.9504710554534137,-0.1517937956902717,0.003474701971152877,-0.03587474677263787,-0.021576490885549016,-0.07977676103572047,-0.018040498967517492
WK193011,Vogelenzang,2022,3.960524726595575,-0.14174012454810997,0.005001868407751157,-0.029176961004738107,-0.023412122725420894,-0.08081256329841251,-0.013340345927289856
WK193012,De Akkers,2002,3.7562256685935482,-0.34603918255013744,NA,NA,NA,NA,NA
WK193012,De Akkers,2008,3.7505990584165487,-0.35166579272713683,NA,NA,NA,NA,NA
WK193012,De Akkers,2012,3.766168368245167,-0.33609648289851796,NA,NA,NA,NA,NA
WK193012,De Akkers,2014,3.775242192447635,-0.32702265869605046,-0.013394718986539017,-0.14600976377388578,-0.04555440425843581,-0.08911490745442394,-0.032948864222766217
WK193012,De Akkers,2016,3.801603615432189,-0.3006612357114961,NA,NA,NA,NA,NA
WK193012,De Akkers,2018,3.8122792684291933,-0.28998558271449165,-0.014506838545076584,-0.10756128458735045,-0.04585438043910476,-0.08980302909863752,-0.032260050044322655
WK193012,De Akkers,2020,3.827037276043554,-0.2752275751001313,-0.011605719986723932,-0.11350328114536745,-0.04543929054162945,-0.0771603384135373,-0.02751894501287338
WK193012,De Akkers,2022,3.8423075461588927,-0.259957304984793,-0.014972980019809498,-0.0989036352601429,-0.04544378849138906,-0.07454676712699837,-0.026090134086453477
WK193013,Vriesland,2002,3.7839337185357222,-0.3183311326079633,NA,NA,NA,NA,NA
WK193013,Vriesland,2008,3.791722371555101,-0.3105424795885843,NA,NA,NA,NA,NA
WK193013,Vriesland,2012,3.8013770332050267,-0.30088781793865815,NA,NA,NA,NA,NA
WK193013,Vriesland,2014,3.8182925715425506,-0.283972279601135,-0.008824281649798281,-0.10682494134686576,-0.023806640321252816,-0.107205788916197,-0.03731062736702146
WK193013,Vriesland,2016,3.8434615595472743,-0.25880329159641047,NA,NA,NA,NA,NA
WK193013,Vriesland,2018,3.857174649818846,-0.24509020132483894,-0.015430346062275028,-0.06855323339612376,-0.023840432669641344,-0.10700249818119562,-0.030263691015603347
WK193013,Vriesland,2020,3.877185806047863,-0.2250790450958224,-0.01736490774002387,-0.05012702588407142,-0.02561646346518199,-0.0978674405050791,-0.034103207501466316
WK193013,Vriesland,2022,3.856418985566285,-0.24584586557740004,-0.020731824575607096,-0.07257577521670507,-0.029883211729344817,-0.09897261192193882,-0.023682442133804504
WK193014,Waterland,2002,3.8251401767923365,-0.2771246743513487,NA,NA,NA,NA,NA
WK193014,Waterland,2008,3.795167369906395,-0.30709748123728997,NA,NA,NA,NA,NA
WK193014,Waterland,2012,3.823884271876515,-0.27838057926716986,NA,NA,NA,NA,NA
WK193014,Waterland,2014,3.888117882997258,-0.21414696814642753,0.0021878746928048823,-0.0765561254023825,-0.011743369459686246,-0.0951761835417817,-0.032859164435382254
WK193014,Waterland,2016,3.885551210846932,-0.21671364029675308,NA,NA,NA,NA,NA
WK193014,Waterland,2018,3.8959645186580576,-0.2063003324856279,-0.013922784929916013,-0.054571351599776004,-0.015164106075323733,-0.10009867260856194,-0.022543417272050496
WK193014,Waterland,2020,3.922505027674255,-0.17975982346943062,-0.008973798866034458,-0.05070561054578732,-0.016618480267743044,-0.08486789947123263,-0.01859403431863341
WK193014,Waterland,2022,3.9419023600643803,-0.16036249107930525,-0.008338545320792708,-0.03986929639134929,-0.00931343190644852,-0.08834945766243471,-0.014491759798280247
WK193015,Maaswijk,2002,3.978978380592678,-0.12328647055100707,NA,NA,NA,NA,NA
WK193015,Maaswijk,2008,3.9620364762049847,-0.14022837493870055,NA,NA,NA,NA,NA
WK193015,Maaswijk,2012,3.9573261894696508,-0.14493866167403405,NA,NA,NA,NA,NA
WK193015,Maaswijk,2014,3.9980258674313656,-0.10423898371231981,0.005748001877473294,0.01010048108807735,0.0112602622173424,-0.13142116340664678,7.343451143372434e-5
WK193015,Maaswijk,2016,3.9814827826025976,-0.12078206854108743,NA,NA,NA,NA,NA
WK193015,Maaswijk,2018,3.999520802313656,-0.10274404883002924,-0.0032005854187137864,0.023343941099907096,0.008414515114552643,-0.13476869531414382,0.0034667756883683455
WK193015,Maaswijk,2020,4.005382125552257,-0.09688272559142878,0.0017512825991355114,0.011570116465098673,0.009105866486332157,-0.12691665510732142,0.00760666396532606
WK193015,Maaswijk,2022,4.039758095508378,-0.06250675563530715,0.008889085157985161,0.02854539442852837,0.008454927891993737,-0.12668574511339623,0.018289581999581583
WK193017,Buitengebied,2002,4.208545302975347,0.1062804518316617,NA,NA,NA,NA,NA
WK193017,Buitengebied,2008,4.226872543073972,0.12460769193028629,NA,NA,NA,NA,NA
WK193017,Buitengebied,2012,4.024688776652927,-0.07757607449075805,NA,NA,NA,NA,NA
WK193017,Buitengebied,2014,4.0984343894619055,-0.0038304616817799618,-0.05120778064486839,0.08226847226615294,0.06722781294049128,-0.11967078652180771,0.017551820278251643
WK193017,Buitengebied,2016,4.133911270288659,0.0316464191449737,NA,NA,NA,NA,NA
WK193017,Buitengebied,2018,4.1236617660821135,0.021396914938428623,-0.047872895951693,0.07331966143035028,0.07432655361659689,-0.12472811935519165,0.04635171519836582
WK193017,Buitengebied,2020,4.0426478524534675,-0.059616998690218054,-0.04274158676286432,0.07711216932800828,0.06965759652165518,-0.10418016293256707,-0.0594650148444503
WK193017,Buitengebied,2022,4.147568121823117,0.045303270679430845,-0.06384641774636149,0.06519549740287581,0.08473352457888564,-0.09380206113007962,0.053022727574110244
WK193025,Heenvliet,2002,3.9099146985275564,-0.1923501526161287,NA,NA,NA,NA,NA
WK193025,Heenvliet,2008,3.8859694960407833,-0.21629535510290196,NA,NA,NA,NA,NA
WK193025,Heenvliet,2012,3.914109720098687,-0.18815513104499818,NA,NA,NA,NA,NA
WK193025,Heenvliet,2014,3.959616438506107,-0.14264841263757852,-0.0889487773984542,0.03486792896898129,0.04028580143082291,-0.14762593308999894,0.018772567451070116
WK193025,Heenvliet,2016,4.011844057818939,-0.09042079332474652,NA,NA,NA,NA,NA
WK193025,Heenvliet,2018,3.993993226704589,-0.10827162443909633,-0.08447880839722428,0.06658042905264994,0.034729755698346014,-0.14785842500605242,0.022755424213184154
WK193025,Heenvliet,2020,4.032170644674308,-0.07009420646937697,-0.08389788792814637,0.08878563836445515,0.031018255187795735,-0.1310907520271662,0.025090539933684358
WK193025,Heenvliet,2022,3.9821973052294704,-0.12006754591421463,-0.10052155405773311,0.0580410670946282,0.03508692793672373,-0.13541449791326624,0.022740511025432515
WK193027,Geervliet,2002,3.941496624079894,-0.1607682270637917,NA,NA,NA,NA,NA
WK193027,Geervliet,2008,3.8791596125500942,-0.22310523859359072,NA,NA,NA,NA,NA
WK193027,Geervliet,2012,3.8977798110570934,-0.20448504008659185,NA,NA,NA,NA,NA
WK193027,Geervliet,2014,3.9300023286376753,-0.17226252250601026,-0.11436021904156919,0.026594653377547857,0.02507689226770353,-0.12665871861747593,0.01708486950778312
WK193027,Geervliet,2016,3.981138331106205,-0.12112652003748028,NA,NA,NA,NA,NA
WK193027,Geervliet,2018,3.9353556621199868,-0.16690918902369853,-0.13238332042776707,0.05695392650900189,0.015303810954994576,-0.12465032775699195,0.01786672169706374
WK193027,Geervliet,2020,3.9432160849326414,-0.15904876621104333,-0.13341187275212252,0.06780084802360688,0.01402799488108734,-0.12291234714019107,0.015446610776575762
WK193027,Geervliet,2022,3.9364160840636333,-0.16584876708005164,-0.1421910037714404,0.05374127113923366,0.02319505371223367,-0.11981128896394312,0.019217200803864246
WK193029,Abbenbroek,2002,4.109267230774822,0.007002379631136627,NA,NA,NA,NA,NA
WK193029,Abbenbroek,2008,4.031245087393976,-0.07101976374970996,NA,NA,NA,NA,NA
WK193029,Abbenbroek,2012,4.077118799874464,-0.025146051269221408,NA,NA,NA,NA,NA
WK193029,Abbenbroek,2014,4.097013968566219,-0.005250882577466407,-0.018163547858832927,0.07588651209149558,0.06199565138964988,-0.17774124725167234,0.05277174905189309
WK193029,Abbenbroek,2016,4.08411672168825,-0.01814812945543481,NA,NA,NA,NA,NA
WK193029,Abbenbroek,2018,4.110812422535161,0.008547571391474834,-0.011163335547394791,0.08278573536359304,0.06376228182779362,-0.18156497237982772,0.05472786212731045
WK193029,Abbenbroek,2020,4.098506781834338,-0.0037580693093469146,-0.012959907524071846,0.07803482814263055,0.04993555545971471,-0.16978961733353376,0.05102107194591302
WK193029,Abbenbroek,2022,4.096739640227856,-0.0055252109158286915,-0.010343949749279163,0.0782869570943694,0.056425360866860653,-0.1841899648741844,0.05429638574640445
WK193031,Zuidland,2002,4.012189780847034,-0.09007507029665043,NA,NA,NA,NA,NA
WK193031,Zuidland,2008,4.012614774769924,-0.08965007637376149,NA,NA,NA,NA,NA
WK193031,Zuidland,2012,4.042052686929281,-0.06021216421440335,NA,NA,NA,NA,NA
WK193031,Zuidland,2014,4.075334751274844,-0.026930099868841133,-0.0070021280928038625,0.06113220984692097,0.03508056805590592,-0.1355334382923858,0.01939268861352135
WK193031,Zuidland,2016,4.104151192140767,0.0018863409970818817,NA,NA,NA,NA,NA
WK193031,Zuidland,2018,4.1015120686096624,-7.527825340227198e-4,-0.001758384712815946,0.08318212791768013,0.03682901802324385,-0.14410622438396137,0.025100680621830324
WK193031,Zuidland,2020,4.110561824657927,0.008296973514241952,0.002422355994432344,0.08519198625418023,0.02924111070758801,-0.13926760803397967,0.030709128592020712
WK193031,Zuidland,2022,4.053203977236685,-0.04906087390700012,-5.269557959545901e-4,0.07032875553860934,0.035994498861661,-0.185916677966094,0.03105950545477783
WK193033,Simonshaven,2002,4.055889424707298,-0.04637542643638672,NA,NA,NA,NA,NA
WK193033,Simonshaven,2008,4.076583335131165,-0.02568151601252075,NA,NA,NA,NA,NA
WK193033,Simonshaven,2012,4.086805919879738,-0.015458931263947045,NA,NA,NA,NA,NA
WK193033,Simonshaven,2014,4.112853830947854,0.010588979804168707,0.01769093057938531,0.0618231851388286,0.06516400698631332,-0.17529012036694605,0.041200977466587255
WK193033,Simonshaven,2016,4.194714473043531,0.0924496218998457,NA,NA,NA,NA,NA
WK193033,Simonshaven,2018,4.157379187491994,0.05511433634830909,0.02821130498832015,0.08298908202372177,0.07808154900968413,-0.17591145112264342,0.04174385144922607
WK193033,Simonshaven,2020,4.156710624216132,0.05444577307244632,0.018403439903395723,0.09659942140647956,0.07363703635148984,-0.17603012865450293,0.04183600406558398
WK193033,Simonshaven,2022,4.091364456246451,-0.010900394897234838,0.014696233480374741,0.07023477674568351,0.05930729335173306,-0.19666474465311815,0.04152604617809168
WK193050,Hekelingen,2002,4.046115139473045,-0.056149711670640104,NA,NA,NA,NA,NA
WK193050,Hekelingen,2008,3.966620537952855,-0.1356443131908304,NA,NA,NA,NA,NA
WK193050,Hekelingen,2012,4.028309863569092,-0.07395498757459333,NA,NA,NA,NA,NA
WK193050,Hekelingen,2014,4.055521114808535,-0.04674373633514981,-0.007358032827936201,0.013491373696882879,0.04400243967418911,-0.12720347631762582,0.03032395943933995
WK193050,Hekelingen,2016,4.04225391028426,-0.0600109408594254,NA,NA,NA,NA,NA
WK193050,Hekelingen,2018,4.051626242312061,-0.05063860883162394,-0.013191527088855034,0.024225341191327278,0.04110623106948197,-0.13318098539569254,0.030402331392114176
WK193050,Hekelingen,2020,4.073168390821963,-0.029096460321722455,-0.01079316990167743,0.04198529329344311,0.03292022069117916,-0.12652507180985131,0.03331626740518369
WK193050,Hekelingen,2022,4.097902902393467,-0.004361948750218161,-0.0024975148119683135,0.04456189138962915,0.03221077098500795,-0.1138623406960525,0.035225244383165294
WK193100,Wijk 00 Lekkerkerk,2002,4.049742819066789,-0.05252203207689684,NA,NA,NA,NA,NA
WK193100,Wijk 00 Lekkerkerk,2008,4.028774596091583,-0.07349025505210267,NA,NA,NA,NA,NA
WK193100,Wijk 00 Lekkerkerk,2012,4.0749929907919356,-0.02727186035175012,NA,NA,NA,NA,NA
WK193100,Wijk 00 Lekkerkerk,2014,4.0539639867196,-0.04830086442408566,-0.001990803426504323,0.037737094144546825,0.023195834972106186,-0.11287630801294798,0.005633317898713342
WK193100,Wijk 00 Lekkerkerk,2016,4.063419266084292,-0.03884558505939316,NA,NA,NA,NA,NA
WK193100,Wijk 00 Lekkerkerk,2018,4.079928902631292,-0.022335948512392595,-0.002588915855835287,0.057042469646843535,0.023392211665065478,-0.11041811423440474,0.010236400265938132
WK193100,Wijk 00 Lekkerkerk,2020,4.092054200841746,-0.010210650301939243,-0.003464275044994512,0.06255207155099289,0.020691421062709287,-0.10613547177851536,0.01614560390786821
WK193100,Wijk 00 Lekkerkerk,2022,4.092442498125463,-0.00982235301822209,-0.002049833289350852,0.05214276106596074,0.029322749269883666,-0.10888483502887565,0.01964680496415974
WK193101,Wijk 01 Krimpen aan de Lek,2002,3.9336427676412002,-0.16862208350248517,NA,NA,NA,NA,NA
WK193101,Wijk 01 Krimpen aan de Lek,2008,3.9476590219322425,-0.15460582921144259,NA,NA,NA,NA,NA
WK193101,Wijk 01 Krimpen aan de Lek,2012,3.935071614405975,-0.16719323673770967,NA,NA,NA,NA,NA
WK193101,Wijk 01 Krimpen aan de Lek,2014,4.004025931471905,-0.0982389196717799,-0.009730602322569329,0.017616145603859292,0.008119695945216299,-0.10723066420103862,-0.007013494697247805
WK193101,Wijk 01 Krimpen aan de Lek,2016,4.01851429610019,-0.083750555043494615,NA,NA,NA,NA,NA
WK193101,Wijk 01 Krimpen aan de Lek,2018,4.030925624712481,-0.07133922643120445,-0.014594945203787376,0.0389691463052197,0.007308581027923278,-0.10959838892416816,0.006576380363607819
WK193101,Wijk 01 Krimpen aan de Lek,2020,4.034778470995256,-0.06748638014842893,-0.009685417946542358,0.03688681009269511,0.003389500358315256,-0.10072717400392202,0.002649901351024806
WK193101,Wijk 01 Krimpen aan de Lek,2022,4.042190193765645,-0.06007465737804059,-0.006494045988334312,0.033375882192277447,0.003733242238991819,-0.106392482963759,0.015702747142783198
WK193102,Wijk 02 Ouderkerk aan den IJssel,2002,3.9674914261146506,-0.13477342502903467,NA,NA,NA,NA,NA
WK193102,Wijk 02 Ouderkerk aan den IJssel,2008,3.960457202039916,-0.14180764910376917,NA,NA,NA,NA,NA
WK193102,Wijk 02 Ouderkerk aan den IJssel,2012,3.98100547044497,-0.12125938069871504,NA,NA,NA,NA,NA
WK193102,Wijk 02 Ouderkerk aan den IJssel,2014,4.0574461528252375,-0.04481869831844805,-0.015326827502968952,0.06337195559703858,0.04963215864206248,-0.16546075861253007,0.02296477355794967
WK193102,Wijk 02 Ouderkerk aan den IJssel,2016,4.065326661868166,-0.03693818927551922,NA,NA,NA,NA,NA
WK193102,Wijk 02 Ouderkerk aan den IJssel,2018,4.068842020604542,-0.03342283053914273,-0.01758827030737932,0.08051369361199931,0.047303028986117684,-0.16216934937752922,0.018518066547648492
WK193102,Wijk 02 Ouderkerk aan den IJssel,2020,4.071357405884176,-0.030907445259509187,-0.010467777525928947,0.0723917584703867,0.03973997998156291,-0.14757451572422933,0.015003109538699202
WK193102,Wijk 02 Ouderkerk aan den IJssel,2022,4.057452887018225,-0.04481196412546034,-0.006883909341783511,0.06316754496716935,0.035799416885385446,-0.16076989074823358,0.023874874112001697
WK193103,Wijk 03 Gouderak,2002,4.012633597658807,-0.0896312534848779,NA,NA,NA,NA,NA
WK193103,Wijk 03 Gouderak,2008,3.9908780957872985,-0.11138675535638656,NA,NA,NA,NA,NA
WK193103,Wijk 03 Gouderak,2012,3.9962984075043577,-0.10596644363932729,NA,NA,NA,NA,NA
WK193103,Wijk 03 Gouderak,2014,4.051528440142218,-0.050736411001467224,-0.005870676950448909,0.016001736262448517,0.013043345788504817,-0.07231402763695098,-0.0015967884650209007
WK193103,Wijk 03 Gouderak,2016,4.0255120619018845,-0.0767527892418003,NA,NA,NA,NA,NA
WK193103,Wijk 03 Gouderak,2018,4.069156896965468,-0.033107954178217644,-0.0025284397791406356,0.026099800220402803,0.01598905776582346,-0.08793479562842384,0.01526642324312027
WK193103,Wijk 03 Gouderak,2020,4.088395328429084,-0.013869522714601554,2.2022284952890518e-4,0.035933155832837675,0.014061332262046632,-0.07587004105900488,0.011785807399989877
WK193103,Wijk 03 Gouderak,2022,4.07703510646015,-0.025229744683534918,-0.006300286509128186,0.033412224375099026,0.007526177584617682,-0.08351586611242179,0.02364800597829805
WK193104,Wijk 04 Bergambacht,2002,4.026142787389464,-0.07612206375422116,NA,NA,NA,NA,NA
WK193104,Wijk 04 Bergambacht,2008,4.010634216107493,-0.09163063503619197,NA,NA,NA,NA,NA
WK193104,Wijk 04 Bergambacht,2012,4.013684909444784,-0.0885799416989016,NA,NA,NA,NA,NA
WK193104,Wijk 04 Bergambacht,2014,4.061044042618535,-0.04122080852514972,-0.005922343800803064,0.04285368498525026,0.024881860837242382,-0.11091742104265674,0.007883410495817162
WK193104,Wijk 04 Bergambacht,2016,4.069858061709673,-0.0324067894340125,NA,NA,NA,NA,NA
WK193104,Wijk 04 Bergambacht,2018,4.091244217384437,-0.01102063375924827,-0.007876215333388914,0.062023454460050295,0.02100951082998676,-0.10340555830897466,0.017228174593078002
WK193104,Wijk 04 Bergambacht,2020,4.0902081493685705,-0.012056701775114056,-0.009112500406407133,0.058465594499149676,0.02080616722739772,-0.09741226479101918,0.015196301695764542
WK193104,Wijk 04 Bergambacht,2022,4.070554541491699,-0.03171030965198634,-0.009478682186337604,0.04263100633234375,0.013185738887839336,-0.09971318508380174,0.02166481239796967
WK193105,Wijk 05 Bergstoep,2002,4.117856279552118,0.015591428408432821,NA,NA,NA,NA,NA
WK193105,Wijk 05 Bergstoep,2008,4.136148663543841,0.0338838124001554,NA,NA,NA,NA,NA
WK193105,Wijk 05 Bergstoep,2012,4.145517446388787,0.04325259524510146,NA,NA,NA,NA,NA
WK193105,Wijk 05 Bergstoep,2014,4.181351842509207,0.07908699136552176,-0.006911503334723538,0.09735584137446984,0.06011423163824508,-0.12424453146022488,0.05277295314775495
WK193105,Wijk 05 Bergstoep,2016,4.201764521669508,0.09949967052582359,NA,NA,NA,NA,NA
WK193105,Wijk 05 Bergstoep,2018,4.182016062162682,0.07975121101899692,-0.011493477898123954,0.10258765673191508,0.06379472141717688,-0.12206824119338651,0.04693055196141511
WK193105,Wijk 05 Bergstoep,2020,4.188101972994766,0.08583712185108092,-0.009683301388699246,0.1026574265016509,0.06054317270390037,-0.11449939339783234,0.04681921743206092
WK193105,Wijk 05 Bergstoep,2022,4.150801393905056,0.048536542761370115,-0.013949460041214678,0.08203256073277575,0.05098948009735022,-0.11904949640925189,0.04851345838171056
WK193106,Wijk 06 Ammerstol,2002,3.9976312909834135,-0.10463356016027175,NA,NA,NA,NA,NA
WK193106,Wijk 06 Ammerstol,2008,4.010447450015859,-0.091817401127826,NA,NA,NA,NA,NA
WK193106,Wijk 06 Ammerstol,2012,4.045926574360324,-0.056338276783360806,NA,NA,NA,NA,NA
WK193106,Wijk 06 Ammerstol,2014,4.076818309324764,-0.025446541818920823,0.021587291836772677,0.05717776199896135,0.018269567665915105,-0.15016344145987323,0.02768227813930307
WK193106,Wijk 06 Ammerstol,2016,4.113387864172307,0.011123013028622338,NA,NA,NA,NA,NA
WK193106,Wijk 06 Ammerstol,2018,4.069020394247466,-0.03324445689621884,0.01866307321003313,0.04595306559476584,0.016754012036052632,-0.14468564434836859,0.030071036611297893
WK193106,Wijk 06 Ammerstol,2020,4.124318978684196,0.022054127540510143,0.019688666365137112,0.0805915062055149,0.01435146879979206,-0.12506411844790746,0.032486604617973314
WK193106,Wijk 06 Ammerstol,2022,4.062561035931423,-0.03970381521226269,0.01782422857487949,0.0389874482343462,0.007843008325141142,-0.13703488696047644,0.03267638661384668
WK193107,Wijk 07 Berkenwoude,2002,4.097842852612123,-0.004421998531562527,NA,NA,NA,NA,NA
WK193107,Wijk 07 Berkenwoude,2008,4.064502622787775,-0.0377622283559102,NA,NA,NA,NA,NA
WK193107,Wijk 07 Berkenwoude,2012,4.098273418880867,-0.003991432262818345,NA,NA,NA,NA,NA
WK193107,Wijk 07 Berkenwoude,2014,4.118725640713801,0.0164607895701156,-0.0035504442779540767,0.11761031383786472,0.08344404225401941,-0.22035017544596155,0.039307053202146794
WK193107,Wijk 07 Berkenwoude,2016,4.134973390701594,0.03270853955790945,NA,NA,NA,NA,NA
WK193107,Wijk 07 Berkenwoude,2018,4.132281397876199,0.030016546732514263,0.008330968229318456,0.11896848785567571,0.08298571919092823,-0.22419668739316317,0.043928058849754696
WK193107,Wijk 07 Berkenwoude,2020,4.114485617716712,0.012220766573026745,0.007008793305995424,0.10779513482415777,0.07913057803848117,-0.21991161425689845,0.03819787466129057
WK193107,Wijk 07 Berkenwoude,2022,4.116696555028725,0.01443170388504004,0.00803404957085828,0.10172899510944222,0.07335624843810754,-0.22014514007159286,0.05145755083822462
WK193108,Wijk 08 Haastrecht,2002,4.091820468293268,-0.010444382850416871,NA,NA,NA,NA,NA
WK193108,Wijk 08 Haastrecht,2008,4.097122461980545,-0.005142389163140182,NA,NA,NA,NA,NA
WK193108,Wijk 08 Haastrecht,2012,4.081180155925269,-0.02108469521841609,NA,NA,NA,NA,NA
WK193108,Wijk 08 Haastrecht,2014,4.12045913542582,0.018194284282134925,-0.031861827618037346,0.04668137515261595,0.0339115071060704,-0.06252705686211156,0.0319902865035972
WK193108,Wijk 08 Haastrecht,2016,4.152808354446157,0.05054350330247243,NA,NA,NA,NA,NA
WK193108,Wijk 08 Haastrecht,2018,4.152762675225595,0.05049782408190959,-0.026941754467369964,0.06780897403176503,0.03615465557423243,-0.055748840800546415,0.02922478974382826
WK193108,Wijk 08 Haastrecht,2020,4.15978098014456,0.05751612900087455,-0.027201767432511733,0.06374390705713422,0.035024242626772,-0.048315996147726095,0.03426574289720587
WK193108,Wijk 08 Haastrecht,2022,4.129819562179945,0.027554711036259616,-0.02816038557173397,0.04665164224910382,0.02088141492136908,-0.045952131386486114,0.034134170824006514
WK193110,Wijk 10 Stolwijk,2002,4.115907593196157,0.013642742052472321,NA,NA,NA,NA,NA
WK193110,Wijk 10 Stolwijk,2008,4.101305670194002,-9.59180949683905e-4,NA,NA,NA,NA,NA
WK193110,Wijk 10 Stolwijk,2012,4.082695636229412,-0.0195692149142734,NA,NA,NA,NA,NA
WK193110,Wijk 10 Stolwijk,2014,4.107249765349012,0.00498491420532703,-0.024118182408182153,0.08005370139945354,0.04456924189288408,-0.1224976480259713,0.026977801347142578
WK193110,Wijk 10 Stolwijk,2016,4.152304916156273,0.050040065012587835,NA,NA,NA,NA,NA
WK193110,Wijk 10 Stolwijk,2018,4.13912871509535,0.03686386395166489,-0.017585777098699754,0.09239246601619375,0.0447017093911593,-0.11492379562059732,0.03227926126360859
WK193110,Wijk 10 Stolwijk,2020,4.158884940428002,0.05662008928431571,-0.016929866637312763,0.10105051110488578,0.039419693042904165,-0.09798410076681587,0.031063852540654104
WK193110,Wijk 10 Stolwijk,2022,4.113377437188432,0.011112586044746423,-0.012948361550513513,0.07540931468960836,0.03340482132616399,-0.11168721714243066,0.026934028721917937
WK193111,Wijk 11 Vlist,2002,4.068973188991424,-0.03329166215226115,NA,NA,NA,NA,NA
WK193111,Wijk 11 Vlist,2008,4.078592119980004,-0.023672731163681026,NA,NA,NA,NA,NA
WK193111,Wijk 11 Vlist,2012,4.1003573714536,-0.0019074796900848954,NA,NA,NA,NA,NA
WK193111,Wijk 11 Vlist,2014,4.136584934957889,0.034320083814204067,-0.038186991945909673,0.08869017851100522,0.08484008179147456,-0.16676372816375307,0.06574054362138679
WK193111,Wijk 11 Vlist,2016,4.111221183827303,0.008956332683618139,NA,NA,NA,NA,NA
WK193111,Wijk 11 Vlist,2018,4.129906692071727,0.027641840928042182,-0.017960999974926756,0.07696779261980041,0.07091279119663185,-0.16714906925875855,0.06487132634529487
WK193111,Wijk 11 Vlist,2020,4.133159538362002,0.030894687218316393,-0.03104333402031422,0.07714372227359081,0.0640792202893454,-0.1625350656723582,0.08325014434805234
WK193111,Wijk 11 Vlist,2022,4.076047965821216,-0.026216885322469366,-0.018808688350829366,0.048412945581919366,0.04705684187627937,-0.16642952640606865,0.06355154197622975
WK193112,Wijk 12 Schoonhoven,2002,3.9152594776204452,-0.18700537352324006,NA,NA,NA,NA,NA
WK193112,Wijk 12 Schoonhoven,2008,3.940690573551434,-0.16157427759225151,NA,NA,NA,NA,NA
WK193112,Wijk 12 Schoonhoven,2012,3.9615611554530488,-0.140703695690636,NA,NA,NA,NA,NA
WK193112,Wijk 12 Schoonhoven,2014,3.9956072797318574,-0.10665757141182777,-0.003031794289709689,-0.033217638206744705,-0.001451398485385331,-0.06745497126813181,-0.0015017691618565128
WK193112,Wijk 12 Schoonhoven,2016,4.009626973356244,-0.09263787778744122,NA,NA,NA,NA,NA
WK193112,Wijk 12 Schoonhoven,2018,4.0302154859665835,-0.07204936517710217,-0.00754379517946312,-0.012872098694612501,-0.00137410949399872,-0.059579413737743156,0.009320051928715056
WK193112,Wijk 12 Schoonhoven,2020,4.070746575168982,-0.03151827597470277,-0.0037166161225891687,0.024993684417007004,-0.002782150412158765,-0.05364514299895392,0.003631949141991797
WK193112,Wijk 12 Schoonhoven,2022,4.058194133361012,-0.04407071778267274,-0.003998942065927832,0.002442295535554126,2.6164482425923937e-4,-0.05733765782153702,0.014561941744978452
WK194001,Wijk 01 Akmarijp,2002,4.05326651186494,-0.04899833927874591,NA,NA,NA,NA,NA
WK194001,Wijk 01 Akmarijp,2008,4.200230647112337,0.09796579596865244,NA,NA,NA,NA,NA
WK194001,Wijk 01 Akmarijp,2012,4.2257924994210185,0.12352764827733412,NA,NA,NA,NA,NA
WK194001,Wijk 01 Akmarijp,2014,4.230831989120654,0.12856713797696864,-0.006935235092160585,0.11122428668396317,0.09427477581679074,-0.21487050407558958,0.14487381464396457
WK194001,Wijk 01 Akmarijp,2016,4.242355479922517,0.14009062877883072,NA,NA,NA,NA,NA
WK194001,Wijk 01 Akmarijp,2018,4.302057084007841,0.19979223286415637,0.017810868659881452,0.14421378889860983,0.10355546339353233,-0.20934582926417028,0.14355794117630272
WK194001,Wijk 01 Akmarijp,2020,4.282689755520434,0.18042490437674888,-0.010598493738229972,0.16251390656090078,0.10054713770387212,-0.21358703578831387,0.14154938963851935
WK194001,Wijk 01 Akmarijp,2022,4.268214855043964,0.16595000390027898,-0.008949205529182484,0.14571175884968215,0.09963049530521291,-0.21275567397205217,0.14231262924661844
WK194002,Wijk 02 Bakhuizen,2002,3.9759339821111186,-0.12633086903256666,NA,NA,NA,NA,NA
WK194002,Wijk 02 Bakhuizen,2008,3.9696943592952776,-0.13257049184840783,NA,NA,NA,NA,NA
WK194002,Wijk 02 Bakhuizen,2012,3.991148427395715,-0.11111642374797012,NA,NA,NA,NA,NA
WK194002,Wijk 02 Bakhuizen,2014,4.0362051571028355,-0.06605969404084978,0.052675398391748195,0.086535283704096,0.060159534225001296,-0.2729011314747944,0.007471221113098899
WK194002,Wijk 02 Bakhuizen,2016,4.041509544289315,-0.06075530685437,NA,NA,NA,NA,NA
WK194002,Wijk 02 Bakhuizen,2018,4.037464516227601,-0.06480033491608397,0.05008331096988932,0.09214228124065718,0.05103314202017817,-0.2692413966330903,0.011182327486281387
WK194002,Wijk 02 Bakhuizen,2020,4.054273327512246,-0.047991523631439395,0.05104676831123863,0.07816275861773538,0.049518135480281035,-0.2729428547868541,0.04622366874615947
WK194002,Wijk 02 Bakhuizen,2022,4.058080682860038,-0.044184168283646845,0.05016030599446979,0.08831372232097438,0.04965021634090818,-0.27351539169547184,0.04120697875547238
WK194003,Wijk 03 Balk,2002,4.080366616335085,-0.021898234808600103,NA,NA,NA,NA,NA
WK194003,Wijk 03 Balk,2008,4.0815069634547,-0.020757887688984945,NA,NA,NA,NA,NA
WK194003,Wijk 03 Balk,2012,4.107822782373427,0.005557931229741363,NA,NA,NA,NA,NA
WK194003,Wijk 03 Balk,2014,4.133701903508735,0.03143705236504962,0.06346981975380513,0.04710527194343909,0.030160667628802214,-0.13271030367772257,0.02341159671672544
WK194003,Wijk 03 Balk,2016,4.161593422190445,0.059328571046759745,NA,NA,NA,NA,NA
WK194003,Wijk 03 Balk,2018,4.140715402355557,0.03845055121187191,0.05738409124017789,0.04103897897359737,0.027800749703959956,-0.11020310404457057,0.022429835338706933
WK194003,Wijk 03 Balk,2020,4.099023510343142,-0.003241340800543284,0.05807303874683515,0.025899990303662374,0.026886244556104603,-0.14299154384447646,0.028890929437330768
WK194003,Wijk 03 Balk,2022,4.118261765475471,0.015996914331786207,0.05766958180219134,0.060980478526292,0.008691706411800141,-0.14250319002416484,0.031158337615667293
WK194004,Wijk 04 Bantega,2002,4.116414610371098,0.014149759227413029,NA,NA,NA,NA,NA
WK194004,Wijk 04 Bantega,2008,4.14772170877654,0.04545685763285481,NA,NA,NA,NA,NA
WK194004,Wijk 04 Bantega,2012,4.186267798843181,0.08400294769949532,NA,NA,NA,NA,NA
WK194004,Wijk 04 Bantega,2014,4.203655917904797,0.10139106676111145,3.037335025990825e-4,0.10156825716440279,0.13823753692657106,-0.25634521429972873,0.11762675346726696
WK194004,Wijk 04 Bantega,2016,4.191842235768091,0.08957738462440533,NA,NA,NA,NA,NA
WK194004,Wijk 04 Bantega,2018,4.207226262440177,0.10496141129649207,0.02363726321604197,0.08476028029811158,0.13749984480990882,-0.25839440636759403,0.11745842934002348
WK194004,Wijk 04 Bantega,2020,4.152369631528988,0.05010478038530284,-0.0035757377019915784,0.09065686168504261,0.10663938887665353,-0.2621262703665447,0.11851053789214275
WK194004,Wijk 04 Bantega,2022,4.152751621368755,0.050486770225069665,-1.0571004069376235e-4,0.09111405371255184,0.10775521724302069,-0.2629423101072904,0.11466551941748108
WK194005,Wijk 05 Boornzwaag,2002,4.236431743318387,0.13416689217470198,NA,NA,NA,NA,NA
WK194005,Wijk 05 Boornzwaag,2008,4.2433049675780055,0.14104011643432032,NA,NA,NA,NA,NA
WK194005,Wijk 05 Boornzwaag,2012,4.286094188356783,0.18382933721309702,NA,NA,NA,NA,NA
WK194005,Wijk 05 Boornzwaag,2014,4.408161561560835,0.30589671041714994,0.09564980266358857,0.15386072640201798,0.17942613448174702,-0.2168597260834148,0.0938197729532108
WK194005,Wijk 05 Boornzwaag,2016,4.410390619098248,0.3081257679545626,NA,NA,NA,NA,NA
WK194005,Wijk 05 Boornzwaag,2018,4.429131911942177,0.32686706079849176,0.09902617616827226,0.1491828415273388,0.19137536165008817,-0.21159101280106235,0.09887369425385464
WK194005,Wijk 05 Boornzwaag,2020,4.372756771348608,0.27049192020492285,0.09951660524402357,0.15836078825112662,0.13942091110377852,-0.21156693956199132,0.08476055516798521
WK194005,Wijk 05 Boornzwaag,2022,4.274891674307995,0.17262682316431083,0.10045570198385874,0.14118817309058676,0.10556896021232387,-0.2262583828596322,0.051672370737173616
WK194006,Wijk 06 Broek,2002,4.370935956694858,0.2686711055511728,NA,NA,NA,NA,NA
WK194006,Wijk 06 Broek,2008,4.357686820308004,0.25542196916431864,NA,NA,NA,NA,NA
WK194006,Wijk 06 Broek,2012,4.428205773432914,0.3259409222892291,NA,NA,NA,NA,NA
WK194006,Wijk 06 Broek,2014,4.370409094826463,0.2681442436827773,0.03148744952955779,0.16190659704309984,0.11526194978015879,-0.1734836356574443,0.13297188298740487
WK194006,Wijk 06 Broek,2016,4.407391514925184,0.30512666378149894,NA,NA,NA,NA,NA
WK194006,Wijk 06 Broek,2018,4.398102538325759,0.29583768718207354,0.05001970899235963,0.16090504085274174,0.11642415804428184,-0.1703125110770653,0.13880129036975541
WK194006,Wijk 06 Broek,2020,4.359136287373909,0.25687143623022385,0.039640658866675955,0.1514486138032269,0.09985152926828877,-0.1807537117335181,0.1466843460255503
WK194006,Wijk 06 Broek,2022,4.341354112852335,0.2390892617086505,0.04496238238934625,0.13644337738106102,0.09050144082716637,-0.16640432034311006,0.1335863814541867
WK194007,Wijk 07 Delfstrahuizen,2002,4.2093462816457805,0.10708143050209576,NA,NA,NA,NA,NA
WK194007,Wijk 07 Delfstrahuizen,2008,4.198176383515741,0.09591153237205564,NA,NA,NA,NA,NA
WK194007,Wijk 07 Delfstrahuizen,2012,4.215286493593504,0.1130216424498185,NA,NA,NA,NA,NA
WK194007,Wijk 07 Delfstrahuizen,2014,4.228772757330609,0.1265079061869239,0.05777735079396759,0.08024813940821209,0.0636292135459907,-0.1646726714487387,0.08952587388749193
WK194007,Wijk 07 Delfstrahuizen,2016,4.212312372772572,0.11004752162888622,NA,NA,NA,NA,NA
WK194007,Wijk 07 Delfstrahuizen,2018,4.236114235813007,0.1338493846693223,0.07677684046162433,0.0734121851088647,0.064110670568288,-0.16920079225796958,0.08875048078851465
WK194007,Wijk 07 Delfstrahuizen,2020,4.214191783410681,0.11192693226699522,0.07781356968072986,0.06082719218377484,0.05572237377355288,-0.17021415393567763,0.08777795056461511
WK194007,Wijk 07 Delfstrahuizen,2022,4.227028859095964,0.12476400795227907,0.055945499239658414,0.09951478086621145,0.05763479271148021,-0.17403190646887692,0.08570084160380562
WK194008,Wijk 08 Dijken,2002,4.0776445421999,-0.024620308943784863,NA,NA,NA,NA,NA
WK194008,Wijk 08 Dijken,2008,4.095222564754417,-0.007042286389268071,NA,NA,NA,NA,NA
WK194008,Wijk 08 Dijken,2012,4.118961666874795,0.016696815731109815,NA,NA,NA,NA,NA
WK194008,Wijk 08 Dijken,2014,4.3890700101587194,0.28680515901503423,0.03033455117754813,0.166356764232224,0.13301633374209493,-0.2285927912235982,0.18569030108676546
WK194008,Wijk 08 Dijken,2016,4.318714055327796,0.2164492041841104,NA,NA,NA,NA,NA
WK194008,Wijk 08 Dijken,2018,4.371464044865101,0.2691991937214162,0.047976221117990714,0.13507277476037832,0.12512993479181655,-0.23033077226420406,0.1913510353154349
WK194008,Wijk 08 Dijken,2020,4.3724422105237535,0.27017735938006826,0.02541146719601267,0.158006301577417,0.11286506025511794,-0.2300740188063065,0.20396854915782664
WK194008,Wijk 08 Dijken,2022,4.3469150349307055,0.2446501837870203,0.023690530958275835,0.1559089768671856,0.11009607387567412,-0.245293019996211,0.20024762208209523
WK194009,Wijk 09 Doniaga,2002,4.208318673827814,0.10605382268412927,NA,NA,NA,NA,NA
WK194009,Wijk 09 Doniaga,2008,4.351993523968579,0.2497286728248933,NA,NA,NA,NA,NA
WK194009,Wijk 09 Doniaga,2012,4.371416137752042,0.2691512866083567,NA,NA,NA,NA,NA
WK194009,Wijk 09 Doniaga,2014,4.26842761680192,0.16616276565823473,-0.04469466747383349,0.15028845287823117,0.14601235490131356,-0.20193533669028613,0.11649196204280916
WK194009,Wijk 09 Doniaga,2016,4.292661054556917,0.1903962034132317,NA,NA,NA,NA,NA
WK194009,Wijk 09 Doniaga,2018,4.322469442029414,0.2202045908857284,-0.0027983710147654814,0.14733008809729609,0.1509371123262716,-0.20275926913293696,0.12749503060986256
WK194009,Wijk 09 Doniaga,2020,4.240685840238185,0.13842098909449968,-0.038828096195768866,0.12426756488005254,0.13024886448143302,-0.20795210910218068,0.13068476503096327
WK194009,Wijk 09 Doniaga,2022,4.256487291249291,0.15422244010560593,-0.039923346624426495,0.12495954654251895,0.13326221310760383,-0.2166565088993875,0.1525805359792969
WK194010,Wijk 10 Echten,2002,4.211696026459073,0.10943117531538786,NA,NA,NA,NA,NA
WK194010,Wijk 10 Echten,2008,4.317659092768763,0.21539424162507817,NA,NA,NA,NA,NA
WK194010,Wijk 10 Echten,2012,4.302045024970648,0.19978017382696342,NA,NA,NA,NA,NA
WK194010,Wijk 10 Echten,2014,4.279081089900391,0.1768162387567055,0.025360125862380498,0.116036939140392,0.10230727015036913,-0.17517721963829816,0.10828912324186188
WK194010,Wijk 10 Echten,2016,4.287101278579977,0.18483642743629175,NA,NA,NA,NA,NA
WK194010,Wijk 10 Echten,2018,4.2352804803353505,0.13301562919166485,0.04159855913690041,0.07047480021096339,0.09722430428163592,-0.18453309082628128,0.10825105638844618
WK194010,Wijk 10 Echten,2020,4.202857258730448,0.10059240758676244,0.027883047113938454,0.04940669363842247,0.10262189399169071,-0.18819813693771145,0.1088789097804219
WK194010,Wijk 10 Echten,2022,4.2499087241957465,0.1476438730520614,0.02612134259192707,0.09745359831932678,0.10502834500828602,-0.1891677253366149,0.10820831246913613
WK194011,Wijk 11 Echtenerbrug,2002,4.167609938061178,0.06534508691749259,NA,NA,NA,NA,NA
WK194011,Wijk 11 Echtenerbrug,2008,4.180946590467125,0.0786817393234391,NA,NA,NA,NA,NA
WK194011,Wijk 11 Echtenerbrug,2012,4.218244422349706,0.11597957120602055,NA,NA,NA,NA,NA
WK194011,Wijk 11 Echtenerbrug,2014,4.204182633021087,0.10191778187740272,0.042951333112918065,0.09649497562200571,0.055683483161928046,-0.1521089214066119,0.058896911387162555
WK194011,Wijk 11 Echtenerbrug,2016,4.196404132201492,0.09413928105780696,NA,NA,NA,NA,NA
WK194011,Wijk 11 Echtenerbrug,2018,4.174544890373617,0.07228003922993118,0.05477843925392848,0.06764711486323681,0.05289119522850673,-0.15883335042216573,0.055796640306424616
WK194011,Wijk 11 Echtenerbrug,2020,4.160590455719651,0.05832560457596599,0.048520931156973854,0.0626841208614352,0.04824912150461398,-0.15882879428389204,0.05770022533683467
WK194011,Wijk 11 Echtenerbrug,2022,4.178865917715089,0.07660106657140359,0.048565684501417156,0.07862499617717479,0.04680740753584722,-0.15797061259078535,0.060573590947749514
WK194012,Wijk 12 Eesterga,2002,4.384855725767959,0.28259087462427424,NA,NA,NA,NA,NA
WK194012,Wijk 12 Eesterga,2008,4.381666942240338,0.27940209109665326,NA,NA,NA,NA,NA
WK194012,Wijk 12 Eesterga,2012,4.449736967992762,0.3474721168490766,NA,NA,NA,NA,NA
WK194012,Wijk 12 Eesterga,2014,4.293005686914908,0.19074083577122292,-0.014644254344164864,0.13250113243388423,0.11446105254936331,-0.17819723479522565,0.13662013992736569
WK194012,Wijk 12 Eesterga,2016,4.407697062621378,0.30543221147769295,NA,NA,NA,NA,NA
WK194012,Wijk 12 Eesterga,2018,4.361964419511274,0.25969956836758856,0.010753625465196582,0.15002043357691405,0.1367958364398699,-0.17540909879401423,0.13753877167962175
WK194012,Wijk 12 Eesterga,2020,4.258883706183419,0.15661885503973494,-0.026144576585614344,0.14273118272721785,0.08580834903693127,-0.18246510493936594,0.13668900480056576
WK194012,Wijk 12 Eesterga,2022,4.166643455018945,0.06437860387525958,-0.02465892636159128,0.07314786055227028,0.06922042996138301,-0.19694958937745113,0.14361882910064866
WK194013,Wijk 13 Elahuizen,2002,4.189410762329053,0.08714591118536748,NA,NA,NA,NA,NA
WK194013,Wijk 13 Elahuizen,2008,4.145062880916,0.04279802977231436,NA,NA,NA,NA,NA
WK194013,Wijk 13 Elahuizen,2012,4.194433919583362,0.0921690684396775,NA,NA,NA,NA,NA
WK194013,Wijk 13 Elahuizen,2014,4.229069822591436,0.12680497144775038,0.07801699189138941,0.11474170678173343,0.10970636689542244,-0.27173528354578047,0.0960751894249852
WK194013,Wijk 13 Elahuizen,2016,4.235854803564918,0.13358995242123317,NA,NA,NA,NA,NA
WK194013,Wijk 13 Elahuizen,2018,4.227759462517349,0.12549461137366383,0.07255546725573411,0.11890623548227111,0.10064867336545637,-0.2678594162178352,0.1012436514880371
WK194013,Wijk 13 Elahuizen,2020,4.189234686224291,0.08696983508060559,0.06916806089495252,0.11074792809295063,0.08344037384165269,-0.2763104507505209,0.09992392300157037
WK194013,Wijk 13 Elahuizen,2022,4.207674154736989,0.10540930359330426,0.0724905302446095,0.13419285338915535,0.07784897518136172,-0.276494058728353,0.09737100350653044
WK194014,Wijk 14 Follega,2002,4.217105261231576,0.11484041008789075,NA,NA,NA,NA,NA
WK194014,Wijk 14 Follega,2008,4.055820773090778,-0.04644407805290735,NA,NA,NA,NA,NA
WK194014,Wijk 14 Follega,2012,4.161943838146,0.059678987002314325,NA,NA,NA,NA,NA
WK194014,Wijk 14 Follega,2014,4.288791121125749,0.186526269982064,-0.02771801126457112,0.1117631396215668,0.1547993855943872,-0.1923683938752385,0.1400501499059192
WK194014,Wijk 14 Follega,2016,4.343021201242206,0.24075635009852087,NA,NA,NA,NA,NA
WK194014,Wijk 14 Follega,2018,4.325004838175408,0.22273998703172251,9.87188521698828e-4,0.10863936211027019,0.15753560507602765,-0.19456156512256956,0.1501393964462952
WK194014,Wijk 14 Follega,2020,4.226847224881398,0.12458237373771343,-0.03163442276605189,0.09341074383580254,0.11465839433578846,-0.20044588479919387,0.14859354313136758
WK194014,Wijk 14 Follega,2022,4.205964769639237,0.10369991849555076,-0.03228043404753859,0.08288477853445396,0.10616538126360525,-0.21113565493359235,0.1580658476786224
WK194015,Wijk 15 Goingarijp,2002,4.23363202764811,0.13136717650442434,NA,NA,NA,NA,NA
WK194015,Wijk 15 Goingarijp,2008,4.26040814448816,0.15814329334447438,NA,NA,NA,NA,NA
WK194015,Wijk 15 Goingarijp,2012,4.264656610520485,0.1623917593768004,NA,NA,NA,NA,NA
WK194015,Wijk 15 Goingarijp,2014,4.2849246448156215,0.18265979367193633,0.09080861975599137,0.1468429368679098,0.11951914961555275,-0.23423451361693684,0.05972360104941898
WK194015,Wijk 15 Goingarijp,2016,4.263537479992302,0.16127262884861657,NA,NA,NA,NA,NA
WK194015,Wijk 15 Goingarijp,2018,4.282524601616655,0.18025975047296966,0.08953284583404762,0.13100196620419738,0.12391891625534181,-0.2286716535931452,0.06447767577252755
WK194015,Wijk 15 Goingarijp,2020,4.262853161795966,0.16058831065228013,0.07715178757943435,0.14132666279178394,0.10468440256320821,-0.23201620121068461,0.06944165892853803
WK194015,Wijk 15 Goingarijp,2022,4.263202437077132,0.1609375859334476,0.0795114562503857,0.13571301244224904,0.10283087607586767,-0.23096008192759718,0.07384232309254207
WK194016,Wijk 16 Harich,2002,4.312705769980052,0.21044091883636706,NA,NA,NA,NA,NA
WK194016,Wijk 16 Harich,2008,4.31855118719258,0.2162863360488948,NA,NA,NA,NA,NA
WK194016,Wijk 16 Harich,2012,4.299849049571009,0.19758419842732325,NA,NA,NA,NA,NA
WK194016,Wijk 16 Harich,2014,4.363193113319647,0.26092826217596093,0.07756006344463291,0.1291640981075183,0.1528315868047014,-0.21615157445478822,0.1175240882738964
WK194016,Wijk 16 Harich,2016,4.4057781727159755,0.30351332157229055,NA,NA,NA,NA,NA
WK194016,Wijk 16 Harich,2018,4.387260319152283,0.28499546800859693,0.079472919025632,0.13509133055285147,0.15291078399136573,-0.20581185753693357,0.12333229197568103
WK194016,Wijk 16 Harich,2020,4.290327952015077,0.18806310087139186,0.0736296371650694,0.12673829042904455,0.08137361561261912,-0.2207557441071256,0.1270773017717842
WK194016,Wijk 16 Harich,2022,4.302614030552727,0.20034917940904176,0.07581204350483702,0.1295090303543477,0.08736105115769516,-0.2189280238361801,0.12659507822834173
WK194017,Wijk 17 Haskerhorne,2002,4.229234866615547,0.12697001547186182,NA,NA,NA,NA,NA
WK194017,Wijk 17 Haskerhorne,2008,4.219392717373541,0.11712786622985633,NA,NA,NA,NA,NA
WK194017,Wijk 17 Haskerhorne,2012,4.221850207262262,0.11958535611857746,NA,NA,NA,NA,NA
WK194017,Wijk 17 Haskerhorne,2014,4.234702892363486,0.13243804121980063,0.006764142839220002,0.1012461157952478,0.0921521814740924,-0.13238350613722152,0.06465910724846158
WK194017,Wijk 17 Haskerhorne,2016,4.244572619825641,0.14230776868195577,NA,NA,NA,NA,NA
WK194017,Wijk 17 Haskerhorne,2018,4.241718453924563,0.13945360278087834,0.01223670324572612,0.09817025433836073,0.09496392600984947,-0.1291562316672242,0.06323895085416598
WK194017,Wijk 17 Haskerhorne,2020,4.242270762085801,0.14000591094211595,1.6893551750030375e-5,0.09666636903297321,0.09855900049359291,-0.12143770756449224,0.06620135542829196
WK194017,Wijk 17 Haskerhorne,2022,4.2292197257881465,0.1269548746444614,0.005057831697431379,0.07916960167391295,0.09313041290914074,-0.11924758490575732,0.06884461326973329
WK194018,Wijk 18 Idskenhuizen,2002,4.153807678019929,0.051542826876243356,NA,NA,NA,NA,NA
WK194018,Wijk 18 Idskenhuizen,2008,4.144142785103176,0.04187793395949025,NA,NA,NA,NA,NA
WK194018,Wijk 18 Idskenhuizen,2012,4.16888106280882,0.06661621166513465,NA,NA,NA,NA,NA
WK194018,Wijk 18 Idskenhuizen,2014,4.21604105557769,0.11377620443400403,0.04886668298872528,0.11148095675297584,0.0864289642749056,-0.18532832679862704,0.052327927216024035
WK194018,Wijk 18 Idskenhuizen,2016,4.198446634253605,0.09618178310991993,NA,NA,NA,NA,NA
WK194018,Wijk 18 Idskenhuizen,2018,4.199808735864443,0.09754388472075777,0.058340589704599606,0.09450530164892772,0.08575839487928101,-0.1919231103207208,0.050862708808669915
WK194018,Wijk 18 Idskenhuizen,2020,4.209338161878933,0.10707331073524809,0.05839517752029503,0.1317109349063817,0.08003149119766,-0.19887028446391292,0.035805991574824045
WK194018,Wijk 18 Idskenhuizen,2022,4.232271970183206,0.13000711903952059,0.05966280554359382,0.1297299116264903,0.08037279182397995,-0.1960579228193591,0.056299532864815274
WK194019,Wijk 19 Joure,2002,4.11733043950436,0.01506558836067457,NA,NA,NA,NA,NA
WK194019,Wijk 19 Joure,2008,4.176166752404444,0.07390190126075838,NA,NA,NA,NA,NA
WK194019,Wijk 19 Joure,2012,4.1840147877598115,0.08174993661612684,NA,NA,NA,NA,NA
WK194019,Wijk 19 Joure,2014,4.230459149047263,0.12819429790357822,0.06039605471835245,0.07068391664145482,0.029666236330623035,-0.06447950395101974,0.03192759416416739
WK194019,Wijk 19 Joure,2016,4.248396902025997,0.14613205088231135,NA,NA,NA,NA,NA
WK194019,Wijk 19 Joure,2018,4.223570559821909,0.12130570867822378,0.05551164066229017,0.06739228828341207,0.02768192325155459,-0.0589971869168873,0.029717043397853988
WK194019,Wijk 19 Joure,2020,4.200203241354683,0.09793839021099814,0.053655315887992563,0.059149504731587206,0.024203362837699142,-0.06692302754544799,0.02785323429916691
WK194019,Wijk 19 Joure,2022,4.240671382018292,0.1384065308746074,0.05674130892153825,0.07636788537069991,0.0263833048614755,-0.0549738254741967,0.03388785719509017
WK194020,Wijk 20 Kolderwolde,2002,4.393328080141088,0.291063228997403,NA,NA,NA,NA,NA
WK194020,Wijk 20 Kolderwolde,2008,4.327518192868383,0.22525334172469744,NA,NA,NA,NA,NA
WK194020,Wijk 20 Kolderwolde,2012,4.307909480345078,0.20564462920139326,NA,NA,NA,NA,NA
WK194020,Wijk 20 Kolderwolde,2014,4.349162851794368,0.24689800065068346,0.0467049093999829,0.15111262976853174,0.17229937681835594,-0.2872753155228385,0.1640564001866508
WK194020,Wijk 20 Kolderwolde,2016,4.338754677675162,0.23648982653147654,NA,NA,NA,NA,NA
WK194020,Wijk 20 Kolderwolde,2018,4.314628804607358,0.21236395346367312,0.036642510963530765,0.1312481492495468,0.16243233363038206,-0.28201544056643746,0.1640564001866508
WK194020,Wijk 20 Kolderwolde,2020,4.261393609359804,0.15912875821611924,0.026888537395723874,0.12916124754238437,0.12753724014750187,-0.2904216648745601,0.1659633980050686
WK194020,Wijk 20 Kolderwolde,2022,4.256347720255801,0.15408286911211513,0.021964494301677132,0.13006530527234758,0.12353011767015094,-0.2904221521227711,0.16894510399071028
WK194021,Wijk 21 Langweer,2002,4.108464976345559,0.006200125201872845,NA,NA,NA,NA,NA
WK194021,Wijk 21 Langweer,2008,4.119530198406436,0.01726534726275118,NA,NA,NA,NA,NA
WK194021,Wijk 21 Langweer,2012,4.160599137170075,0.058334286026390215,NA,NA,NA,NA,NA
WK194021,Wijk 21 Langweer,2014,4.202517139877053,0.10025228873336813,0.08544545950630873,0.08987943591664095,0.061325772859356566,-0.1933623035508269,0.05696392400188849
WK194021,Wijk 21 Langweer,2016,4.138849387549611,0.036584536405925114,NA,NA,NA,NA,NA
WK194021,Wijk 21 Langweer,2018,4.165869022441225,0.0636041712975399,0.07557154171274202,0.06616598008047732,0.051394502714834985,-0.1855241203265074,0.05599626711599265
WK194021,Wijk 21 Langweer,2020,4.180366188232133,0.07810133708844802,0.06876661432746023,0.08380930491081044,0.05162788886991784,-0.17986281921221997,0.05376034819247922
WK194021,Wijk 21 Langweer,2022,4.174368661957273,0.07210381081358765,0.07250902567367704,0.09332811033413428,0.05097457985326743,-0.20464611525363424,0.05993821020614284
WK194022,Wijk 22 Legemeer,2002,4.475586507339472,0.3733216561957864,NA,NA,NA,NA,NA
WK194022,Wijk 22 Legemeer,2008,4.445706848312275,0.3434419971685898,NA,NA,NA,NA,NA
WK194022,Wijk 22 Legemeer,2012,4.435392007690971,0.33312715654728553,NA,NA,NA,NA,NA
WK194022,Wijk 22 Legemeer,2014,4.293815774551984,0.1915509234082986,0.043598245824022164,0.11617588579519149,0.06437015913750255,-0.17803719130856552,0.1454438239601475
WK194022,Wijk 22 Legemeer,2016,4.26620947590422,0.16394462476053473,NA,NA,NA,NA,NA
WK194022,Wijk 22 Legemeer,2018,4.359519931655485,0.2572550805117997,0.07372762721959913,0.1485343459374294,0.06490894739175168,-0.18344345024248865,0.1535276102055077
WK194022,Wijk 22 Legemeer,2020,4.3202011939140785,0.2179363427703933,0.031387241750668426,0.1468320052575033,0.05884978507818278,-0.19235347948538437,0.17322079016942293
WK194022,Wijk 22 Legemeer,2022,4.267419665969616,0.16515481482593053,0.028149682959486166,0.1132184767748484,0.04541280023838934,-0.19502208805448293,0.1733959429076899
WK194023,Wijk 23 Lemmer,2002,4.082701167830668,-0.01956368331301741,NA,NA,NA,NA,NA
WK194023,Wijk 23 Lemmer,2008,4.129060553366872,0.02679570222318693,NA,NA,NA,NA,NA
WK194023,Wijk 23 Lemmer,2012,4.165895692423151,0.06363084127946549,NA,NA,NA,NA,NA
WK194023,Wijk 23 Lemmer,2014,4.1677725881214105,0.06550773697772497,0.054294474287615066,0.04216250566047643,0.027348637830503036,-0.07789637246094673,0.0195984916600769
WK194023,Wijk 23 Lemmer,2016,4.176971295985435,0.07470644484174947,NA,NA,NA,NA,NA
WK194023,Wijk 23 Lemmer,2018,4.173073071400293,0.07080822025660821,0.05005839720313735,0.04211440965359177,0.03500915657510678,-0.0763159655426843,0.019942222367456342
WK194023,Wijk 23 Lemmer,2020,4.144915137133052,0.042650285989366085,0.04818633717191811,0.04753809504572857,0.028058709024315995,-0.09811516914318329,0.016982313890586406
WK194023,Wijk 23 Lemmer,2022,4.146625049104439,0.0443601979607538,0.051248097996234684,0.038859860222169404,0.025867685899900558,-0.10295024126074409,0.03133479510319297
WK194024,Wijk 24 Mirns,2002,4.099057717467659,-0.0032071336760260295,NA,NA,NA,NA,NA
WK194024,Wijk 24 Mirns,2008,4.031675412445275,-0.07058943869840999,NA,NA,NA,NA,NA
WK194024,Wijk 24 Mirns,2012,4.127560919010414,0.025296067866729284,NA,NA,NA,NA,NA
WK194024,Wijk 24 Mirns,2014,4.249506089120541,0.1472412379768557,0.08174148098937004,0.10154374537106571,0.13412809595489106,-0.2765714774833013,0.10639939314482988
WK194024,Wijk 24 Mirns,2016,4.258107552583181,0.15584270143949588,NA,NA,NA,NA,NA
WK194024,Wijk 24 Mirns,2018,4.282365476803965,0.18010062566027907,0.0932842711260868,0.11791778495231822,0.1269356913421101,-0.27396308568123384,0.1159259639209975
WK194024,Wijk 24 Mirns,2020,4.274570680199482,0.17230582905579736,0.08523303092222202,0.12384174071980272,0.13059398093056188,-0.2778610784587063,0.11049815494191667
WK194024,Wijk 24 Mirns,2022,4.26132269655493,0.15905784541124507,0.07901595474994508,0.12317625085843467,0.12232719929829762,-0.27692489493875194,0.11146333544331923
WK194025,Wijk 25 Nijehaske,2002,4.102007184637683,-2.57666506001643e-4,NA,NA,NA,NA,NA
WK194025,Wijk 25 Nijehaske,2008,4.292683869383754,0.19041901824006852,NA,NA,NA,NA,NA
WK194025,Wijk 25 Nijehaske,2012,4.331639645561158,0.2293747944174727,NA,NA,NA,NA,NA
WK194025,Wijk 25 Nijehaske,2016,4.345544222944246,0.24327937180056078,NA,NA,NA,NA,NA
WK194025,Wijk 25 Nijehaske,2018,4.3145861486326975,0.21232129748901207,0.01208841298758538,0.11663906600388943,0.07525195836192185,-0.06429469843779799,0.0726365585734135
WK194025,Wijk 25 Nijehaske,2020,4.300555245496904,0.19829039435321838,0.007065667852444433,0.09365972538435158,0.07532860495490534,-0.05173639898685819,0.0739727951483751
WK194025,Wijk 25 Nijehaske,2022,4.337388154384617,0.23512330324093167,0.013414206655122975,0.11615391469735245,0.08070734494314098,-0.05386356343437353,0.07871140037968884
WK194026,Wijk 26 Nijemirdum,2002,4.329115826579604,0.22685097543591845,NA,NA,NA,NA,NA
WK194026,Wijk 26 Nijemirdum,2008,4.243985662794605,0.14172081165092013,NA,NA,NA,NA,NA
WK194026,Wijk 26 Nijemirdum,2012,4.265725428839928,0.16346057769624314,NA,NA,NA,NA,NA
WK194026,Wijk 26 Nijemirdum,2014,4.262423410447751,0.160158559304066,0.09227098846328931,0.11488079962310901,0.10711551684322485,-0.2573967778712856,0.10328803224572816
WK194026,Wijk 26 Nijemirdum,2016,4.2916395387283925,0.18937468758470707,NA,NA,NA,NA,NA
WK194026,Wijk 26 Nijemirdum,2018,4.275595265919743,0.17333041477605826,0.09161669015730417,0.13038730318919492,0.10225997648091055,-0.2604599896839091,0.10952643463255742
WK194026,Wijk 26 Nijemirdum,2020,4.241373243840166,0.1391083926964809,0.08703442550534267,0.1224102079552699,0.09271970732161887,-0.27122697647899663,0.10817102839324591
WK194026,Wijk 26 Nijemirdum,2022,4.247582555467278,0.1453177043235927,0.09063604544279437,0.12486286058795892,0.08956362751057291,-0.2689838423145945,0.10923901309686071
WK194027,Wijk 27 Oldeouwer,2002,4.119907776462543,0.01764292531885765,NA,NA,NA,NA,NA
WK194027,Wijk 27 Oldeouwer,2008,4.187909731870792,0.08564488072710719,NA,NA,NA,NA,NA
WK194027,Wijk 27 Oldeouwer,2012,4.140310536225959,0.03804568508227375,NA,NA,NA,NA,NA
WK194027,Wijk 27 Oldeouwer,2014,4.212736121844955,0.11047127070127004,-0.01626746098072057,0.1355686034270418,0.13229017341710358,-0.21593841044109474,0.07481836527893973
WK194027,Wijk 27 Oldeouwer,2016,4.21329784704684,0.111032995903154,NA,NA,NA,NA,NA
WK194027,Wijk 27 Oldeouwer,2018,4.2666300931058645,0.1643652419621792,0.004963384082183193,0.15533339626240938,0.13852126750954383,-0.2143199473854906,0.07986714149353305
WK194027,Wijk 27 Oldeouwer,2020,4.238883467643897,0.13661861650021226,-0.017602274413273895,0.15645045704811109,0.1291581363420372,-0.2189093319033135,0.087521629426651
WK194027,Wijk 27 Oldeouwer,2022,4.2282631582963175,0.1259983071526327,-0.011790701103294672,0.14413391370078074,0.1282440471010777,-0.2237512495396465,0.08916229699371506
WK194028,Wijk 28 Oosterzee,2002,4.155122892741165,0.052858041597479886,NA,NA,NA,NA,NA
WK194028,Wijk 28 Oosterzee,2008,4.1600298232389905,0.05776497209530544,NA,NA,NA,NA,NA
WK194028,Wijk 28 Oosterzee,2012,4.157498519454401,0.05523366831071611,NA,NA,NA,NA,NA
WK194028,Wijk 28 Oosterzee,2014,4.168405986563015,0.06614113541933032,0.0325649118391215,0.06454491092467836,0.06300261358733852,-0.16328202550324156,0.06931072457143332
WK194028,Wijk 28 Oosterzee,2016,4.189111149791349,0.08684629864766358,NA,NA,NA,NA,NA
WK194028,Wijk 28 Oosterzee,2018,4.180397129981012,0.07813227883732662,0.0438016954829843,0.06500410676835629,0.06484560006895217,-0.16367396029512152,0.06815483681215517
WK194028,Wijk 28 Oosterzee,2020,4.094873075995033,-0.007391775148651599,0.031072868700296664,0.051497017488362856,0.059178264208358276,-0.1714081538961515,0.022268228350481863
WK194028,Wijk 28 Oosterzee,2022,4.120378012566583,0.018113161422898143,0.0227328391454444,0.053811221356017326,0.05542553983400868,-0.18499595712745887,0.07113951821488637
WK194029,Wijk 29 Oudega,2002,4.2898905874678075,0.1876257363241222,NA,NA,NA,NA,NA
WK194029,Wijk 29 Oudega,2008,4.208639089657008,0.10637423851332221,NA,NA,NA,NA,NA
WK194029,Wijk 29 Oudega,2012,4.169997002094986,0.06773215095130113,NA,NA,NA,NA,NA
WK194029,Wijk 29 Oudega,2014,4.2117890334533135,0.1095241823096279,0.05692939443595461,0.13053893478878648,0.10355516623079704,-0.28629870549333264,0.10479939234742229
WK194029,Wijk 29 Oudega,2016,4.222187137037641,0.11992228589395575,NA,NA,NA,NA,NA
WK194029,Wijk 29 Oudega,2018,4.204807441207927,0.10254259006424189,0.05691196636959149,0.11914576967605246,0.09768691466528741,-0.2810208716808741,0.1098188110341843
WK194029,Wijk 29 Oudega,2020,4.143102785038676,0.040837933894990346,0.05075936712955922,0.09309803724368851,0.07609786013861465,-0.2889280360404376,0.1098107054235653
WK194029,Wijk 29 Oudega,2022,4.117811523651466,0.015546672507780529,0.013136036787449436,0.11058208836416075,0.07435220933160244,-0.28890090102577626,0.10637723905034369
WK194030,Wijk 30 Oudehaske,2002,4.310074905335645,0.20781005419195964,NA,NA,NA,NA,NA
WK194030,Wijk 30 Oudehaske,2008,4.25500136762336,0.1527365164796755,NA,NA,NA,NA,NA
WK194030,Wijk 30 Oudehaske,2012,4.260906780963036,0.15864192981935088,NA,NA,NA,NA,NA
WK194030,Wijk 30 Oudehaske,2014,4.034696804061045,-0.06756804708264053,-0.15064421943902284,0.11654858946404499,0.08950505898034444,-0.14214074542893385,0.019163269340926326
WK194030,Wijk 30 Oudehaske,2016,4.288757812280509,0.18649296113682395,NA,NA,NA,NA,NA
WK194030,Wijk 30 Oudehaske,2018,4.278838538827005,0.17657368768331988,0.03692533400142998,0.09717586622891547,0.08537132166102004,-0.09924505834501754,0.05634622413697161
WK194030,Wijk 30 Oudehaske,2020,4.281751593346878,0.17948674220319252,0.02914541834508919,0.10246162733346886,0.07158690324078519,-0.08045286883783874,0.05674566212168778
WK194030,Wijk 30 Oudehaske,2022,4.2639847808894,0.1617199297457152,0.03734047548649871,0.09066046746855648,0.06383646266752387,-0.08868942724571521,0.058571951368851044
WK194031,Wijk 31 Oudemirdum,2002,4.167825919315375,0.06556106817168908,NA,NA,NA,NA,NA
WK194031,Wijk 31 Oudemirdum,2008,4.128813461634894,0.02654861049120854,NA,NA,NA,NA,NA
WK194031,Wijk 31 Oudemirdum,2012,4.14113898338065,0.03887413223696486,NA,NA,NA,NA,NA
WK194031,Wijk 31 Oudemirdum,2014,4.18796327726533,0.08569842612164445,0.0686270116174459,0.1115863087727122,0.06557540407075119,-0.21094260768056092,0.05085230934129585
WK194031,Wijk 31 Oudemirdum,2016,4.2138269367287196,0.1115620855850343,NA,NA,NA,NA,NA
WK194031,Wijk 31 Oudemirdum,2018,4.156881081957988,0.05461623081430311,0.06958531122123834,0.09873642365696607,0.06163352959572033,-0.22219410703621226,0.04685507337659033
WK194031,Wijk 31 Oudemirdum,2020,4.132144532643394,0.02987968149970846,0.06799273442764245,0.095366930881917,0.057903378130920086,-0.23331927201931987,0.041935910078548515
WK194031,Wijk 31 Oudemirdum,2022,4.15873638661212,0.05647153546843519,0.07151717931538665,0.11215790228385789,0.05460308938845781,-0.2386444474113648,0.05683781189209736
WK194032,Wijk 32 Ouwsterhaule,2002,4.172919093350589,0.07065424220690374,NA,NA,NA,NA,NA
WK194032,Wijk 32 Ouwsterhaule,2008,4.2081739872133,0.10590913606961426,NA,NA,NA,NA,NA
WK194032,Wijk 32 Ouwsterhaule,2012,4.232253835617159,0.12998898447347337,NA,NA,NA,NA,NA
WK194032,Wijk 32 Ouwsterhaule,2014,4.157846241566304,0.05558139042261881,0.020510428716394396,0.06743845526156556,0.07602444327745106,-0.17002677972996588,0.0616348428971733
WK194032,Wijk 32 Ouwsterhaule,2016,4.182522298546786,0.08025744740310084,NA,NA,NA,NA,NA
WK194032,Wijk 32 Ouwsterhaule,2018,4.205855299496607,0.10359044835292162,0.017160277584633368,0.10718182406702347,0.0833227956605219,-0.16700386580077964,0.06292941684152227
WK194032,Wijk 32 Ouwsterhaule,2020,4.171921763853494,0.06965691270980855,-0.024998705945254437,0.12796732619921897,0.06931332360733553,-0.16769102013830686,0.0650659889868151
WK194032,Wijk 32 Ouwsterhaule,2022,4.158732495328499,0.05646764418481351,0.0179645865064756,0.08648668116962926,0.05905120021509391,-0.17374732813479993,0.06671250442841435
WK194033,Wijk 33 Ouwster-Nijega,2002,4.043853177848008,-0.058411673295677424,NA,NA,NA,NA,NA
WK194033,Wijk 33 Ouwster-Nijega,2008,3.9890707514487698,-0.11319409969491538,NA,NA,NA,NA,NA
WK194033,Wijk 33 Ouwster-Nijega,2012,4.060452144549688,-0.04181270659399656,NA,NA,NA,NA,NA
WK194033,Wijk 33 Ouwster-Nijega,2014,4.076109074187472,-0.026155776956212885,-0.028175344378612036,0.08336089212076794,0.10207872732586062,-0.20079554526556886,0.017375493241338916
WK194033,Wijk 33 Ouwster-Nijega,2016,4.103799188669206,0.0015343375255216102,NA,NA,NA,NA,NA
WK194033,Wijk 33 Ouwster-Nijega,2018,4.036497042974098,-0.06576780816958773,-0.010202550160788672,0.07796111273967057,0.10539471057712005,-0.19762911925352192,-0.04129196207206815
WK194033,Wijk 33 Ouwster-Nijega,2020,4.102340728764647,7.587762096198466e-5,-0.019664297766424955,0.05584838172096902,0.08338288582907948,-0.2001267044848446,0.08063561232218265
WK194033,Wijk 33 Ouwster-Nijega,2022,4.174645220739912,0.07238036959622596,-0.027213768279713304,0.11309031463016303,0.10133269940193777,-0.2034558910894449,0.08862701493328283
WK194034,Wijk 34 Rijs,2002,4.380642589603398,0.27837773845971225,NA,NA,NA,NA,NA
WK194034,Wijk 34 Rijs,2008,4.314255910055029,0.21199105891134415,NA,NA,NA,NA,NA
WK194034,Wijk 34 Rijs,2012,4.268018995742702,0.165754144599017,NA,NA,NA,NA,NA
WK194034,Wijk 34 Rijs,2014,4.322872829716506,0.22060797857282075,0.09390445425157468,0.1141101374669951,0.10526227888810501,-0.23903811274612577,0.14636922071227154
WK194034,Wijk 34 Rijs,2016,4.3397512991857505,0.237486448042065,NA,NA,NA,NA,NA
WK194034,Wijk 34 Rijs,2018,4.328844660527624,0.22657980938393896,0.09138677211395407,0.12238869671163782,0.0997565865233815,-0.23351812364428795,0.1465658776792533
WK194034,Wijk 34 Rijs,2020,4.305398212015415,0.20313336087172962,0.09006114614376225,0.11618996762720733,0.09370708143211808,-0.24185817845810534,0.14503334412674704
WK194034,Wijk 34 Rijs,2022,4.330449586402682,0.2281847352589961,0.09111966423740175,0.13073693289824562,0.08733728716449111,-0.23678565026948625,0.15577650122834344
WK194035,Wijk 35 Rohel,2002,4.352542859338715,0.2502780081950304,NA,NA,NA,NA,NA
WK194035,Wijk 35 Rohel,2008,4.311669866414589,0.20940501527090333,NA,NA,NA,NA,NA
WK194035,Wijk 35 Rohel,2012,4.31731328988458,0.21504843874089416,NA,NA,NA,NA,NA
WK194035,Wijk 35 Rohel,2014,4.255041145826791,0.15277629468310563,-0.00766802669368693,0.124353259252842,0.1474767740296461,-0.18806609269940452,0.07668038079370872
WK194035,Wijk 35 Rohel,2016,4.323477398025931,0.2212125468822451,NA,NA,NA,NA,NA
WK194035,Wijk 35 Rohel,2018,4.233528910590886,0.1312640594472005,0.011060040478315143,0.08485641384732615,0.1449747124783243,-0.18745030463354753,0.07782319727678223
WK194035,Wijk 35 Rohel,2020,4.234070475544705,0.13180562440101962,-0.004938173028233738,0.08478002135771738,0.16415904430436115,-0.18969574105877915,0.0775004728259537
WK194035,Wijk 35 Rohel,2022,4.206239151618662,0.1039743004749767,-0.007158627230674696,0.07428551570802572,0.15396532681575625,-0.20372428736352943,0.08660637254539869
WK194036,Wijk 36 Rotstergaast,2002,4.36107641405007,0.258811562906385,NA,NA,NA,NA,NA
WK194036,Wijk 36 Rotstergaast,2008,4.335952422484756,0.2336875713410709,NA,NA,NA,NA,NA
WK194036,Wijk 36 Rotstergaast,2012,4.391270046948083,0.2890051958043986,NA,NA,NA,NA,NA
WK194036,Wijk 36 Rotstergaast,2014,4.325591276379692,0.22332642523600668,0.05848076683765183,0.1342089249361139,0.1379097858681393,-0.22724675465646232,0.11997370225056361
WK194036,Wijk 36 Rotstergaast,2016,4.3466347733790265,0.2443699222353407,NA,NA,NA,NA,NA
WK194036,Wijk 36 Rotstergaast,2018,4.338893111348984,0.23662826020529834,0.06944349868712107,0.12659346530441237,0.1411727904936319,-0.22228629792121238,0.12170480364134523
WK194036,Wijk 36 Rotstergaast,2020,4.33960100411686,0.23733615297317456,0.061164286147316796,0.12980748442134896,0.13393862312397853,-0.2168067598565141,0.12923251913704395
WK194036,Wijk 36 Rotstergaast,2022,4.2923616240026625,0.1900967728589771,0.06453784844617622,0.09796378056359152,0.11487760203076065,-0.2201357238868908,0.13285326570533915
WK194037,Wijk 37 Rotsterhaule,2002,4.27605942880944,0.17379457766575376,NA,NA,NA,NA,NA
WK194037,Wijk 37 Rotsterhaule,2008,4.265296714064258,0.16303186292057256,NA,NA,NA,NA,NA
WK194037,Wijk 37 Rotsterhaule,2012,4.259961683327351,0.15769683218366565,NA,NA,NA,NA,NA
WK194037,Wijk 37 Rotsterhaule,2014,4.264293044275521,0.1620281931318365,0.060730574401897205,0.09856753251283622,0.10284588044435912,-0.1631143172483236,0.06299852302106725
WK194037,Wijk 37 Rotsterhaule,2016,4.285655330741044,0.18339047959735802,NA,NA,NA,NA,NA
WK194037,Wijk 37 Rotsterhaule,2018,4.294067098067643,0.19180224692395723,0.05186229828245802,0.1219753029025337,0.10980180664831972,-0.15944958077854163,0.0676124198691872
WK194037,Wijk 37 Rotsterhaule,2020,4.26807028050709,0.165805429363405,0.046040529851313634,0.10802064748719317,0.10725100837956791,-0.15647714334005036,0.060970386985380515
WK194037,Wijk 37 Rotsterhaule,2022,4.235987650925431,0.13372279978174534,0.03236797228295987,0.09953325609188407,0.09965633887643113,-0.1680960589381113,0.07026129146858133
WK194038,Wijk 38 Rottum,2002,4.1327306107205395,0.030465759576854864,NA,NA,NA,NA,NA
WK194038,Wijk 38 Rottum,2008,4.178610940633373,0.07634608948968778,NA,NA,NA,NA,NA
WK194038,Wijk 38 Rottum,2012,4.210211982258572,0.10794713111488773,NA,NA,NA,NA,NA
WK194038,Wijk 38 Rottum,2014,4.220980958074881,0.11871610693119573,0.026738323496980233,0.09810820409220376,0.08505745103534575,-0.14641136081951747,0.05522348912618333
WK194038,Wijk 38 Rottum,2016,4.21769292417881,0.11542807303512476,NA,NA,NA,NA,NA
WK194038,Wijk 38 Rottum,2018,4.2187534176384585,0.11648856649477342,0.014622583038931766,0.09202969317214717,0.09184314738241152,-0.14258921346490067,0.06058235636618331
WK194038,Wijk 38 Rottum,2020,4.256196638368977,0.15393178722529163,0.026216844508544366,0.11223766567378257,0.08590054351851055,-0.13255500303713766,0.062131736561591565
WK194038,Wijk 38 Rottum,2022,4.235204330309343,0.13293947916565724,0.02905019276352404,0.10148344375300543,0.07639507115099639,-0.13664776505398923,0.06265853655212021
WK194039,Wijk 39 Ruigahuizen,2002,4.200792877694248,0.09852802655056228,NA,NA,NA,NA,NA
WK194039,Wijk 39 Ruigahuizen,2008,4.202649208439096,0.10038435729541087,NA,NA,NA,NA,NA
WK194039,Wijk 39 Ruigahuizen,2012,4.220810228906249,0.11854537776256412,NA,NA,NA,NA,NA
WK194039,Wijk 39 Ruigahuizen,2014,4.410640460585412,0.3083756094417275,0.10392526370280042,0.1385198798222785,0.12824322628686127,-0.20794075721402416,0.14562799684381111
WK194039,Wijk 39 Ruigahuizen,2016,4.510799261790413,0.408534410646728,NA,NA,NA,NA,NA
WK194039,Wijk 39 Ruigahuizen,2018,4.388577367832391,0.2863125166887058,0.1084698068395595,0.10976717080558583,0.12370298347850632,-0.20024064659793708,0.14461320216299117
WK194039,Wijk 39 Ruigahuizen,2020,4.3748015796598025,0.2725367285161175,0.1111156766473851,0.1139967052780284,0.11929194233606305,-0.21962931633918872,0.14776172059382936
WK194039,Wijk 39 Ruigahuizen,2022,4.389497876278198,0.2872330251345121,0.11491828369912419,0.12630874809750525,0.1125289982661723,-0.21946064147380573,0.1529376365455159
WK194040,Wijk 40 Scharsterbrug,2002,4.144211086868054,0.04194623572436914,NA,NA,NA,NA,NA
WK194040,Wijk 40 Scharsterbrug,2008,4.2242762317311655,0.12201138058748062,NA,NA,NA,NA,NA
WK194040,Wijk 40 Scharsterbrug,2012,4.219190495049163,0.11692564390547697,NA,NA,NA,NA,NA
WK194040,Wijk 40 Scharsterbrug,2014,4.211232014140453,0.10896716299676795,0.02152225160524806,0.09025444612987853,0.06404874705038716,-0.14515880348418822,0.07830052169544217
WK194040,Wijk 40 Scharsterbrug,2016,4.211698421702827,0.10943357055914175,NA,NA,NA,NA,NA
WK194040,Wijk 40 Scharsterbrug,2018,4.247483688247366,0.14521883710368086,0.03259954364477806,0.11606084914056677,0.06303975151118021,-0.14482103431160137,0.07833972711875693
WK194040,Wijk 40 Scharsterbrug,2020,4.209828055116901,0.10756320397321598,0.024758982636810575,0.09616560267997444,0.05692475421893879,-0.1514225085573589,0.08113637299485071
WK194040,Wijk 40 Scharsterbrug,2022,4.235804256818806,0.1335394056751211,0.029647725979776076,0.10394805415139045,0.05866665340793376,-0.14469289609303168,0.08596986822905212
WK194041,Wijk 41 Sint Nicolaasga,2002,4.2235445190798115,0.12127966793612567,NA,NA,NA,NA,NA
WK194041,Wijk 41 Sint Nicolaasga,2008,4.246470492998523,0.14420564185483828,NA,NA,NA,NA,NA
WK194041,Wijk 41 Sint Nicolaasga,2012,4.231839573478674,0.12957472233498926,NA,NA,NA,NA,NA
WK194041,Wijk 41 Sint Nicolaasga,2014,4.233226881897488,0.13096203075380303,0.07867375947314545,0.07579396181004097,0.053619558046295535,-0.1311928937862673,0.05406764521058819
WK194041,Wijk 41 Sint Nicolaasga,2016,4.220535947860414,0.11827109671672827,NA,NA,NA,NA,NA
WK194041,Wijk 41 Sint Nicolaasga,2018,4.230323568229782,0.12805871708609692,0.06666430457012237,0.08921917755280104,0.051103835783751224,-0.13308894012838973,0.054160339307811715
WK194041,Wijk 41 Sint Nicolaasga,2020,4.231932133541299,0.12966728239761446,0.06484082724933836,0.09787855753778389,0.046977622864834076,-0.1343257356126043,0.05429601035826213
WK194041,Wijk 41 Sint Nicolaasga,2022,4.233657090649498,0.131392239505813,0.07200962107929298,0.09666238234594775,0.046608688351565786,-0.13955322011362215,0.0556647678426283
WK194042,Wijk 42 Sinjohannesga,2002,4.1751486541105844,0.07288380296689895,NA,NA,NA,NA,NA
WK194042,Wijk 42 Sinjohannesga,2008,4.2090947343522895,0.10682988320860469,NA,NA,NA,NA,NA
WK194042,Wijk 42 Sinjohannesga,2012,4.217837929721521,0.11557307857783687,NA,NA,NA,NA,NA
WK194042,Wijk 42 Sinjohannesga,2014,4.195125400661966,0.09286054951828103,0.05670712772787413,0.07214047787950023,0.0720465237242911,-0.1570096821978006,0.0489761023844158
WK194042,Wijk 42 Sinjohannesga,2016,4.216214558785066,0.11394970764138035,NA,NA,NA,NA,NA
WK194042,Wijk 42 Sinjohannesga,2018,4.242993539809558,0.14072868866587232,0.05514759158596973,0.10832748660424782,0.0830102952334404,-0.15469618645884123,0.04893950170105538
WK194042,Wijk 42 Sinjohannesga,2020,4.239514029023743,0.13724917788005805,0.05106875575387656,0.10549172843699348,0.08207815213386535,-0.14486839373476498,0.0434789352900874
WK194042,Wijk 42 Sinjohannesga,2022,4.1937580124131255,0.09149316126944071,0.042003253868375015,0.08540513378249329,0.07106165965474273,-0.15572942902992018,0.04875254299374952
WK194043,Wijk 43 Sloten,2002,4.18810966782645,0.08584481668276525,NA,NA,NA,NA,NA
WK194043,Wijk 43 Sloten,2008,4.189157332462895,0.08689248131920943,NA,NA,NA,NA,NA
WK194043,Wijk 43 Sloten,2012,4.203781256216915,0.10151640507322918,NA,NA,NA,NA,NA
WK194043,Wijk 43 Sloten,2014,4.220446877936678,0.118182026792992,0.06722778713504812,0.08090373937142711,0.06514154114485807,-0.15840015835557536,0.06330911749723384
WK194043,Wijk 43 Sloten,2016,4.234241268138214,0.13197641699452894,NA,NA,NA,NA,NA
WK194043,Wijk 43 Sloten,2018,4.24923473386269,0.14696988271900516,0.06526904100220869,0.11428066730392877,0.06421550275295734,-0.1663994626684694,0.06960413432837943
WK194043,Wijk 43 Sloten,2020,4.213927583645589,0.11166273250190328,0.06868352792507289,0.0951650070007005,0.054716426371166714,-0.17842889564526096,0.07152666685022376
WK194043,Wijk 43 Sloten,2022,4.203462929829372,0.10119807868568635,0.06819432383348893,0.09094264846719034,0.04989589369289675,-0.17787011339951106,0.07003532609162111
WK194044,Wijk 44 Snikzwaag,2002,4.507902180056283,0.4056373289125976,NA,NA,NA,NA,NA
WK194044,Wijk 44 Snikzwaag,2008,4.403145409310377,0.3008805581666922,NA,NA,NA,NA,NA
WK194044,Wijk 44 Snikzwaag,2012,4.452109887428116,0.3498450362844308,NA,NA,NA,NA,NA
WK194044,Wijk 44 Snikzwaag,2014,4.407714871178304,0.30545002003461896,0.029611625511197722,0.16553309729671156,0.16150274789894412,-0.17020626672900127,0.11900881605676646
WK194044,Wijk 44 Snikzwaag,2016,4.3662325371071224,0.26396768596343684,NA,NA,NA,NA,NA
WK194044,Wijk 44 Snikzwaag,2018,4.433772142057257,0.3315072909135721,0.0455548797176794,0.14645781190599297,0.17647646184262766,-0.16345193674939307,0.12647007419666514
WK194044,Wijk 44 Snikzwaag,2020,4.343305952269614,0.24104110112592922,0.029481505951360776,0.11526399507522435,0.14407728815676146,-0.175536106080437,0.1277544180230191
WK194044,Wijk 44 Snikzwaag,2022,4.338980749120783,0.23671589797709808,0.03748507812072278,0.11473664282601917,0.13111108274239866,-0.1700959057919684,0.12347900007992553
WK194045,Wijk 45 Sondel,2002,4.323282120127558,0.22101726898387364,NA,NA,NA,NA,NA
WK194045,Wijk 45 Sondel,2008,4.247736877649278,0.14547202650559335,NA,NA,NA,NA,NA
WK194045,Wijk 45 Sondel,2012,4.270233702493263,0.16796885134957748,NA,NA,NA,NA,NA
WK194045,Wijk 45 Sondel,2014,4.31278893470373,0.21052408356004437,0.07301584563224126,0.12326457634904286,0.1504426853882466,-0.2315545379478026,0.09535551413831593
WK194045,Wijk 45 Sondel,2016,4.309604672474833,0.2073398213311479,NA,NA,NA,NA,NA
WK194045,Wijk 45 Sondel,2018,4.300477830634592,0.19821297949090713,0.06889419612147697,0.11337365012379555,0.14825604756546257,-0.23146065119947615,0.09914973687964783
WK194045,Wijk 45 Sondel,2020,4.213203076757165,0.11093822561348007,0.06627008271584738,0.11733290025924807,0.07287240072665024,-0.24542233321204548,0.0998851751237796
WK194045,Wijk 45 Sondel,2022,4.219701252780947,0.1174364016372617,0.06899498801466275,0.12263421742822694,0.07234505647135261,-0.24845806304739035,0.10192020277040935
WK194046,Wijk 46 Terherne,2002,4.141161821660993,0.038896970517307866,NA,NA,NA,NA,NA
WK194046,Wijk 46 Terherne,2008,4.211237064581317,0.10897221343763183,NA,NA,NA,NA,NA
WK194046,Wijk 46 Terherne,2012,4.22379386621337,0.12152901506968561,NA,NA,NA,NA,NA
WK194046,Wijk 46 Terherne,2014,4.2071845126797145,0.10491966153602944,0.1018734967411047,0.07098929061690151,0.07032540872398063,-0.18543570326335582,0.04716716871739809
WK194046,Wijk 46 Terherne,2016,4.255469182642066,0.1532043314983809,NA,NA,NA,NA,NA
WK194046,Wijk 46 Terherne,2018,4.265939284320397,0.163674433176712,0.10078466863849322,0.11664425087868423,0.0979068678763049,-0.19133586008502745,0.039674505868256785
WK194046,Wijk 46 Terherne,2020,4.2697581288623345,0.16749327771864914,0.09473543909392573,0.1139997022429388,0.10170988033007974,-0.1839929338196955,0.04104118987140016
WK194046,Wijk 46 Terherne,2022,4.259445457961309,0.15718060681762358,0.10008609180991317,0.11466226920712005,0.09373189493403085,-0.1943995439048485,0.04309989477140776
WK194047,Wijk 47 Terkaple,2002,4.240551227702502,0.13828637655881693,NA,NA,NA,NA,NA
WK194047,Wijk 47 Terkaple,2008,4.265885544685329,0.16362069354164316,NA,NA,NA,NA,NA
WK194047,Wijk 47 Terkaple,2012,4.290960328088336,0.18869547694465083,NA,NA,NA,NA,NA
WK194047,Wijk 47 Terkaple,2014,4.275807572523786,0.17354272138010096,0.053222024216248255,0.13953369270446178,0.09902582954751903,-0.22680942466171025,0.10857059957358167
WK194047,Wijk 47 Terkaple,2016,4.246837531980759,0.14457268083707384,NA,NA,NA,NA,NA
WK194047,Wijk 47 Terkaple,2018,4.302023367956621,0.19975851681293585,0.05757476816932145,0.14924434332980474,0.09740540133496378,-0.2186519998316209,0.11418600381046641
WK194047,Wijk 47 Terkaple,2020,4.299085228074475,0.19682037693078933,0.0509380634380691,0.1473778162496566,0.0995814820924967,-0.2203026752363872,0.11922569038695391
WK194047,Wijk 47 Terkaple,2022,4.245539881095299,0.14327502995161362,0.05007880993526103,0.11232569223056675,0.08916248274568851,-0.22720051049395734,0.11890855553405433
WK194048,Wijk 48 Teroele,2002,4.478163592572059,0.3758987414283741,NA,NA,NA,NA,NA
WK194048,Wijk 48 Teroele,2008,4.478731780162783,0.37646692901909784,NA,NA,NA,NA,NA
WK194048,Wijk 48 Teroele,2012,4.529731715470159,0.4274668643264734,NA,NA,NA,NA,NA
WK194048,Wijk 48 Teroele,2014,4.402628153030777,0.30036330188709215,0.05891075866222506,0.16709560321176797,0.1455328093074943,-0.22874139635542912,0.15756552706103327
WK194048,Wijk 48 Teroele,2016,4.504158374824592,0.4018935236809069,NA,NA,NA,NA,NA
WK194048,Wijk 48 Teroele,2018,4.360140001076414,0.25787514993272875,0.0871201696181656,0.11517376571131893,0.13827154805061415,-0.24648177739236654,0.163791443944996
WK194048,Wijk 48 Teroele,2020,4.3058108959468395,0.2035460448031543,0.05661716205219536,0.1575662077759354,0.06885081386513837,-0.2500532254371768,0.17056508654706126
WK194048,Wijk 48 Teroele,2022,4.305259399440956,0.20299454829727104,0.0631799212384137,0.14299152731747045,0.06406735754420523,-0.24804817426425674,0.18080391646143817
WK194049,Wijk 49 Tjerkgaast,2002,4.071185342362414,-0.031079508781270866,NA,NA,NA,NA,NA
WK194049,Wijk 49 Tjerkgaast,2008,4.085984340790339,-0.016280510353346444,NA,NA,NA,NA,NA
WK194049,Wijk 49 Tjerkgaast,2012,4.145063059120264,0.04279820797657783,NA,NA,NA,NA,NA
WK194049,Wijk 49 Tjerkgaast,2014,4.193007225573467,0.0907423744297825,-0.036811927738223386,0.14645242125941166,0.09590109111576497,-0.20759376946590896,0.09279455925873804
WK194049,Wijk 49 Tjerkgaast,2016,4.188300231354004,0.08603538021031884,NA,NA,NA,NA,NA
WK194049,Wijk 49 Tjerkgaast,2018,4.204878014884787,0.10261316374110199,-0.00427070875830782,0.12792887701884476,0.09767451304913356,-0.21843344163820327,0.09971392406963435
WK194049,Wijk 49 Tjerkgaast,2020,4.20528873326461,0.10302388212092474,-0.026201716007657118,0.13971739826953944,0.11048220012837384,-0.22275013759046583,0.10177613732113401
WK194049,Wijk 49 Tjerkgaast,2022,4.192152740215239,0.08988788907155472,-0.031345414649076406,0.12851723316418825,0.10601844541969573,-0.2239577553574201,0.11065538049416683
WK194050,Wijk 50 Vegelinsoord,2002,4.115423827428643,0.013158976284957243,NA,NA,NA,NA,NA
WK194050,Wijk 50 Vegelinsoord,2008,4.097592145591291,-0.004672705552394817,NA,NA,NA,NA,NA
WK194050,Wijk 50 Vegelinsoord,2012,4.157188487291214,0.054923636147528654,NA,NA,NA,NA,NA
WK194050,Wijk 50 Vegelinsoord,2014,4.164966751589409,0.06270190044572374,0.0018426070037365924,0.10391977577497802,0.0933962063296371,-0.21542887749386383,0.07897218883123555
WK194050,Wijk 50 Vegelinsoord,2016,4.153556999470798,0.05129214832711215,NA,NA,NA,NA,NA
WK194050,Wijk 50 Vegelinsoord,2018,4.205426810726292,0.10316195958260681,0.022341858203832138,0.11660434874068576,0.10035549813187795,-0.21635160173581997,0.08021185624203062
WK194050,Wijk 50 Vegelinsoord,2020,4.184129941751532,0.08186509060784758,0.0025517583005245804,0.12921137832013946,0.07609800426177263,-0.21091424280125906,0.0849181925266698
WK194050,Wijk 50 Vegelinsoord,2022,4.163286273665956,0.06102142252227048,-9.747042756041666e-4,0.12280099224011061,0.06730260374024982,-0.21308694710980366,0.08497947792731751
WK194051,Wijk 51 Wijckel,2002,4.241156334022117,0.138891482878431,NA,NA,NA,NA,NA
WK194051,Wijk 51 Wijckel,2008,4.228402671425961,0.12613782028227577,NA,NA,NA,NA,NA
WK194051,Wijk 51 Wijckel,2012,4.233105613144235,0.1308407620005498,NA,NA,NA,NA,NA
WK194051,Wijk 51 Wijckel,2014,4.306789892512536,0.20452504136885033,0.06900357472967167,0.11238156764548148,0.11361020311633298,-0.18387580832995462,0.09340550420731847
WK194051,Wijk 51 Wijckel,2016,4.295774694576145,0.19350984343245897,NA,NA,NA,NA,NA
WK194051,Wijk 51 Wijckel,2018,4.272175324192596,0.16991047304891105,0.06635985707381957,0.0780850045062391,0.11328555440187194,-0.18631384109680668,0.09849389816378687
WK194051,Wijk 51 Wijckel,2020,4.225254332576864,0.12298948143317862,0.05964785419980267,0.0732935962111199,0.0994153117726819,-0.20656193149486532,0.09719465074443906
WK194051,Wijk 51 Wijckel,2022,4.258842729542789,0.15657787839910461,0.0693430131023319,0.09929174869458146,0.090658345011266,-0.20372144196083206,0.10100621355175701
WK194200,Bussum Centrum,2002,4.113618740778826,0.011353889635140208,NA,NA,NA,NA,NA
WK194200,Bussum Centrum,2008,4.114673921987233,0.01240907084354754,NA,NA,NA,NA,NA
WK194200,Bussum Centrum,2012,4.118367932739427,0.01610308159574169,NA,NA,NA,NA,NA
WK194200,Bussum Centrum,2014,4.133690738841095,0.031425887697409394,-0.004857384152891486,-0.049307462262900274,-0.024793407450680753,0.09616341912045351,0.01422072244342812
WK194200,Bussum Centrum,2016,4.175476299408586,0.0732114482649007,NA,NA,NA,NA,NA
WK194200,Bussum Centrum,2018,4.162102045480035,0.05983719433634951,-0.009125397781221933,-0.030722015059748572,-0.027698505597422405,0.10078287755533995,0.026600235219402205
WK194200,Bussum Centrum,2020,4.1806537209869274,0.07838886984324217,-0.003121062726247143,-0.021855824013230746,-0.02678444263948272,0.1217248058290873,0.008425393393115174
WK194200,Bussum Centrum,2022,4.180423271617652,0.07815842047396641,7.197591515350359e-4,-0.024715725422696577,-0.027400120732986255,0.10191858345187765,0.027635924026236266
WK194201,Brediuskwartier,2002,4.31233067443551,0.210065823291825,NA,NA,NA,NA,NA
WK194201,Brediuskwartier,2008,4.327391662273972,0.2251268111302869,NA,NA,NA,NA,NA
WK194201,Brediuskwartier,2012,4.309947895600966,0.20768304445728086,NA,NA,NA,NA,NA
WK194201,Brediuskwartier,2014,4.324592024748981,0.22232717360529516,0.0067925805088096935,0.038767059990448174,0.028688685649513827,0.08510205515711965,0.06297679229940352
WK194201,Brediuskwartier,2016,4.33800046435923,0.235735613215545,NA,NA,NA,NA,NA
WK194201,Brediuskwartier,2018,4.347577810577282,0.2453129594335964,0.0018817194444934533,0.05610245148352512,0.0339884323847956,0.08685674600233134,0.06648361011845061
WK194201,Brediuskwartier,2020,4.372895062403479,0.27063021125979286,0.007045655144890762,0.0625055073104769,0.037070567358811285,0.09936451132190785,0.06464397012370574
WK194201,Brediuskwartier,2022,4.357205769173685,0.25494091802999974,0.009824926167072234,0.05959889927233647,0.03345525683370876,0.09046037775265896,0.06160145800422302
WK194202,Eng,2002,4.0910883716809465,-0.011176479462738666,NA,NA,NA,NA,NA
WK194202,Eng,2008,4.078523221779112,-0.023741629364572785,NA,NA,NA,NA,NA
WK194202,Eng,2012,4.075273836217697,-0.026991014925988415,NA,NA,NA,NA,NA
WK194202,Eng,2014,4.118259468723257,0.01599461757957094,0.009330086454364162,0.01768838624721502,-0.015580592261548641,0.03302766680088932,-0.0284709296613492
WK194202,Eng,2016,4.149365391561117,0.04710054041743165,NA,NA,NA,NA,NA
WK194202,Eng,2018,4.14524248173324,0.042977630589554096,0.00908296698844482,0.02691265689913681,-0.013685193097577897,0.037148249307972656,-0.016481049508422572
WK194202,Eng,2020,4.145378196151765,0.043113345008079694,0.013446552529752066,0.015896437768641115,-0.014749217379025239,0.04923951554474753,-0.020719943456036075
WK194202,Eng,2022,4.146944671013309,0.044679819869623896,0.017435811900981767,0.009603296343942665,-0.011979828403476313,0.03703040739567458,-0.0074098673674990855
WK194203,Spiegel,2002,4.294131608251801,0.19186675710811518,NA,NA,NA,NA,NA
WK194203,Spiegel,2008,4.312461917973265,0.21019706682957986,NA,NA,NA,NA,NA
WK194203,Spiegel,2012,4.302691439512688,0.20042658836900254,NA,NA,NA,NA,NA
WK194203,Spiegel,2014,4.327649955733558,0.2253851045898734,0.018419322807327717,0.04200565816850273,0.02651949281537468,0.05311965095008639,0.08532097984858163
WK194203,Spiegel,2016,4.326581875866875,0.22431702472319015,NA,NA,NA,NA,NA
WK194203,Spiegel,2018,4.348023802726297,0.24575895158261202,0.016747142441218395,0.060712728414625224,0.02999968635827429,0.04954347366231906,0.08875592070617479
WK194203,Spiegel,2020,4.369416785657632,0.2671519345139468,0.01939499736145479,0.0730122556730208,0.0350703453162764,0.05562592107188395,0.0840484150913106
WK194203,Spiegel,2022,4.353608007627678,0.25134315648399347,0.023515409883408316,0.058345248784076695,0.031440972554393744,0.048454297596401456,0.08958722766571296
WK194204,Muiden,2002,4.121179437282876,0.018914586139190857,NA,NA,NA,NA,NA
WK194204,Muiden,2008,4.08654019060025,-0.015724660543435798,NA,NA,NA,NA,NA
WK194204,Muiden,2012,4.108033446035077,0.005768594891392022,NA,NA,NA,NA,NA
WK194204,Muiden,2014,4.131385006039033,0.029120154895348468,0.005647938082162144,0.039391526381277124,0.023648920924504647,-0.05748953673520852,0.017921306242612782
WK194204,Muiden,2016,4.185961733633548,0.08369688248986254,NA,NA,NA,NA,NA
WK194204,Muiden,2018,4.160241914188067,0.057977063044381306,0.005125078281669365,0.061988979524156135,0.01989738309566568,-0.053948361126677134,0.024913983269566984
WK194204,Muiden,2020,4.1815005592429335,0.07923570809924846,0.00876721907512001,0.05768016178216313,0.032753341632060465,-0.044094625624292796,0.02412961123419738
WK194204,Muiden,2022,4.196478156560654,0.09421330541696873,-0.0013469979404857923,0.06354368287933058,0.05482508990593419,-0.05126637770709294,0.02845790827928242
WK194205,Naarden,2002,4.2160522606998505,0.11378740955616515,NA,NA,NA,NA,NA
WK194205,Naarden,2008,4.220967758702597,0.1187029075589117,NA,NA,NA,NA,NA
WK194205,Naarden,2012,4.224153554908175,0.1218887037644891,NA,NA,NA,NA,NA
WK194205,Naarden,2014,4.235415171369764,0.13315032022607937,0.01808819380132523,0.047570403615596404,0.026233607170445865,0.020399818317744175,0.020858297320967414
WK194205,Naarden,2016,4.23299207065993,0.13072721951624455,NA,NA,NA,NA,NA
WK194205,Naarden,2018,4.240938600575303,0.1386737494316172,0.012517819033637094,0.045565898954635364,0.02917536585347441,0.02572201532542317,0.025692650264446875
WK194205,Naarden,2020,4.252170855526489,0.149906004382804,0.018376240367838054,0.04857858304715197,0.02910846420999098,0.03273454643242382,0.021108170325398926
WK194205,Naarden,2022,4.257104242415875,0.15483939127218957,0.019141649322088453,0.043239652801877373,0.0314169757087356,0.03132587033422648,0.029715243105261347
WK194500,Beek,2002,4.175893988485387,0.073629137341702,NA,NA,NA,NA,NA
WK194500,Beek,2008,4.189664104149604,0.08739925300591891,NA,NA,NA,NA,NA
WK194500,Beek,2012,4.205212604877819,0.10294775373413438,NA,NA,NA,NA,NA
WK194500,Beek,2014,4.203035896930929,0.10077104578724388,0.0062227040713357905,0.08339536166713699,0.019587994008749988,-0.03719888993428039,0.028763875974301224
WK194500,Beek,2016,4.205651712559518,0.10338686141583221,NA,NA,NA,NA,NA
WK194500,Beek,2018,4.176418244345881,0.07415339320219631,0.009520316946063237,0.06221178033754765,0.017473398864910613,-0.037321419796432255,0.022269316850106784
WK194500,Beek,2020,4.2023043975013605,0.10003954635767522,0.017304142646066775,0.06451695740209887,0.02091228662510927,-0.03149645556837651,0.02880261525277657
WK194500,Beek,2022,4.219481379440197,0.11721652829651165,0.024983582232744828,0.07968303199492424,0.023178849048657815,-0.04145878381958155,0.030829848839766024
WK194501,Berg en Dal,2002,4.340980105890706,0.23871525474702052,NA,NA,NA,NA,NA
WK194501,Berg en Dal,2008,4.322357239546047,0.22009238840236237,NA,NA,NA,NA,NA
WK194501,Berg en Dal,2012,4.305074790453419,0.2028099393097339,NA,NA,NA,NA,NA
WK194501,Berg en Dal,2014,4.313868145941627,0.21160329479794224,0.07358835002739113,0.1029723145524103,0.049278431066116075,-0.04268957856117807,0.028453777713202594
WK194501,Berg en Dal,2016,4.362702617834067,0.2604377666903819,NA,NA,NA,NA,NA
WK194501,Berg en Dal,2018,4.299251898694421,0.19698704755073576,0.07286644741287762,0.09120159907972217,0.04792826283571104,-0.04061522057701464,0.025605958799439287
WK194501,Berg en Dal,2020,4.268172578988548,0.16590772784486307,0.07495747147533201,0.07076402213019224,0.034734104854235164,-0.03356770797963731,0.01901983736474068
WK194501,Berg en Dal,2022,4.300924309384623,0.19865945824093784,0.06950083669998663,0.09702862344034094,0.03994821674431038,-0.033658287831124074,0.025840069187423643
WK194502,Breedeweg,2002,4.01295213987725,-0.08931271126643509,NA,NA,NA,NA,NA
WK194502,Breedeweg,2008,4.012027115907339,-0.09023773523634733,NA,NA,NA,NA,NA
WK194502,Breedeweg,2012,3.9928700414300886,-0.10939480971359661,NA,NA,NA,NA,NA
WK194502,Breedeweg,2014,4.025086570001501,-0.0771782811421844,-0.009379980715437854,0.033043203880529025,0.03564632574080494,-0.1563502026937684,0.01986237264568762
WK194502,Breedeweg,2016,4.073086774073498,-0.029178077070187727,NA,NA,NA,NA,NA
WK194502,Breedeweg,2018,4.05242342687728,-0.04984142426640502,-0.009434824367195055,0.052884220083471045,0.03508690804988333,-0.1462621164286036,0.017884388396038953
WK194502,Breedeweg,2020,4.089404113737665,-0.01286073740602117,-0.005778300801534294,0.08398002463312257,0.02932876841983179,-0.14116393128782273,0.020772701630381217
WK194502,Breedeweg,2022,4.105433025380645,0.0031681742369599336,-0.0018342271717236337,0.08732713122279237,0.03474066288838045,-0.1408080025012024,0.02374260979871292
WK194503,De Horst,2002,4.229285982758304,0.1270211316146192,NA,NA,NA,NA,NA
WK194503,De Horst,2008,4.181840739985857,0.07957588884217195,NA,NA,NA,NA,NA
WK194503,De Horst,2012,4.168717241330449,0.06645239018676335,NA,NA,NA,NA,NA
WK194503,De Horst,2014,4.1319494107411465,0.029684559597460976,-0.009468830646689925,0.07683885268073228,0.07959531509822,-0.1608557820110674,0.04357500447626568
WK194503,De Horst,2016,4.191315913121258,0.089051061977573,NA,NA,NA,NA,NA
WK194503,De Horst,2018,4.17197613877318,0.06971128762949566,0.00481146165677874,0.09676312890292217,0.08009969761201798,-0.1582727345231108,0.046309733980887384
WK194503,De Horst,2020,4.178647423442268,0.07638257229858203,0.007652961560889582,0.0922482443167851,0.07648740301505921,-0.14522215934843058,0.04521612275427846
WK194503,De Horst,2022,4.165600441387724,0.0633355902440389,1.7391360789249378e-5,0.1063564342142358,0.0793623500127219,-0.1692876621451152,0.04688707680140682
WK194504,Erlecom,2002,4.228192473016791,0.1259276218731056,NA,NA,NA,NA,NA
WK194504,Erlecom,2008,4.236360312317958,0.13409546117427174,NA,NA,NA,NA,NA
WK194504,Erlecom,2012,4.227729952574108,0.1254651014304233,NA,NA,NA,NA,NA
WK194504,Erlecom,2014,4.250778103245941,0.14851325210225572,-0.03212792791330749,0.1278670803047751,0.11524316341416246,-0.163441105922342,0.10097204221896719
WK194504,Erlecom,2016,4.284767740544681,0.18250288940099577,NA,NA,NA,NA,NA
WK194504,Erlecom,2018,4.251942551328,0.14967770018431442,-0.013012417128858662,0.13064737174519614,0.09347615905027987,-0.16105934120910584,0.09962592772680277
WK194504,Erlecom,2020,4.271447429432957,0.16918257828927216,-0.01615046315050202,0.12894942782041768,0.11692068678352743,-0.16204719530349931,0.10151012213932807
WK194504,Erlecom,2022,4.27641763153049,0.17415278038680448,-0.022900777143097323,0.132357830516352,0.1177691243950565,-0.16264712616475435,0.10957372878324743
WK194505,Groesbeek,2002,4.069007478359834,-0.03325737278385185,NA,NA,NA,NA,NA
WK194505,Groesbeek,2008,4.066384864761058,-0.03587998638262723,NA,NA,NA,NA,NA
WK194505,Groesbeek,2012,4.0779308608339635,-0.024333990309721786,NA,NA,NA,NA,NA
WK194505,Groesbeek,2014,4.118523962783704,0.016259111640018885,0.013817996235710044,0.03840453091422206,0.0330122953449574,-0.09362662605114117,0.024650915196270256
WK194505,Groesbeek,2016,4.15967924549222,0.05741439434853468,NA,NA,NA,NA,NA
WK194505,Groesbeek,2018,4.104669313193958,0.0024044620502726493,0.00641593667029437,0.04023529709577864,0.02212654004087091,-0.08670559248088137,0.02033228072420983
WK194505,Groesbeek,2020,4.140067056842586,0.037802205698900415,0.012754396395275466,0.05961819693732775,0.017942625768589092,-0.07839964218731092,0.025886628785018757
WK194505,Groesbeek,2022,4.149170040774625,0.04690518963093974,0.01898525666848239,0.05829905343232367,0.022674746481542236,-0.07992865923891036,0.026874792287501486
WK194506,Heilig Landstichting,2002,4.473359048000106,0.3710941968564214,NA,NA,NA,NA,NA
WK194506,Heilig Landstichting,2008,4.444739121870426,0.342474270726741,NA,NA,NA,NA,NA
WK194506,Heilig Landstichting,2012,4.416745491028419,0.3144806398847341,NA,NA,NA,NA,NA
WK194506,Heilig Landstichting,2014,4.433665916239312,0.33140106509562717,0.0466038560644124,0.12176185644552305,0.09954665822080638,-0.00840519455502181,0.07189388891990685
WK194506,Heilig Landstichting,2016,4.473983261169514,0.37171841002582945,NA,NA,NA,NA,NA
WK194506,Heilig Landstichting,2018,4.4304273771791,0.32816252603541557,0.050919988159408,0.12914942885300448,0.09171209235831933,-0.013624539758335247,0.0700055564230187
WK194506,Heilig Landstichting,2020,4.430738810227685,0.3284739590839992,0.05687198745195285,0.12602456377285745,0.08322592395144841,-0.005777892194796774,0.06812937610253687
WK194506,Heilig Landstichting,2022,4.426991344300919,0.32472649315723345,0.06177040863238017,0.11355869060057637,0.08717190360354293,-0.005215022804381322,0.06744051312511506
WK194507,Kekerdom,2002,4.0082976573672155,-0.0939671937764695,NA,NA,NA,NA,NA
WK194507,Kekerdom,2008,3.9992065236092786,-0.10305832753440643,NA,NA,NA,NA,NA
WK194507,Kekerdom,2012,4.059537103208262,-0.042727747935423235,NA,NA,NA,NA,NA
WK194507,Kekerdom,2014,4.183387351385624,0.08112250024193945,0.022843632528321427,0.13168166250066426,0.08050069567573086,-0.21347450466021012,0.0595710141974328
WK194507,Kekerdom,2016,4.126937705537393,0.024672854393707446,NA,NA,NA,NA,NA
WK194507,Kekerdom,2018,4.149152096527246,0.04688724538356041,0.03644653106106033,0.08028171725005176,0.07473780720478039,-0.21053772971128995,0.06595891957895755
WK194507,Kekerdom,2020,4.146430281525321,0.044165430381635264,0.0346324498248803,0.07907440407095565,0.07495003391953604,-0.20886713771567803,0.06437568028194113
WK194507,Kekerdom,2022,4.205530554032886,0.103265702889201,0.039300340098805314,0.11926191545767795,0.07532968593980961,-0.20113508517504364,0.07050884656795142
WK194508,Leuth,2002,3.9707755997392886,-0.13148925140439663,NA,NA,NA,NA,NA
WK194508,Leuth,2008,3.9728467025905254,-0.1294181485531597,NA,NA,NA,NA,NA
WK194508,Leuth,2012,3.9927322789120265,-0.10953257223165846,NA,NA,NA,NA,NA
WK194508,Leuth,2014,4.02426943074033,-0.07799542040335536,-0.023803194536694022,0.06901583685876791,0.037792178858341754,-0.1903604544647193,0.02936021288094807
WK194508,Leuth,2016,3.980103396380564,-0.12216145476312074,NA,NA,NA,NA,NA
WK194508,Leuth,2018,4.036172455395037,-0.06609239574864811,-0.011220027780005117,0.07013404898178119,0.03292118915662488,-0.18645902215174412,0.028531416044694724
WK194508,Leuth,2020,4.0350742658833285,-0.06719058526035679,-0.02772815995714315,0.0656826178052641,0.037195648783402334,-0.17166376101170117,0.029323069119820785
WK194508,Leuth,2022,4.082875084200574,-0.019389766943111165,-4.2181147420030404e-4,0.08666438465804091,0.04201175914776709,-0.17689153674468625,0.02924743746996722
WK194509,Millingen aan de Rijn,2002,3.940243309355234,-0.162021541788451,NA,NA,NA,NA,NA
WK194509,Millingen aan de Rijn,2008,3.9749989570446553,-0.12726589409903005,NA,NA,NA,NA,NA
WK194509,Millingen aan de Rijn,2012,3.992626327035902,-0.10963852410778281,NA,NA,NA,NA,NA
WK194509,Millingen aan de Rijn,2014,4.044306949117431,-0.05795790202625429,-7.620156137050388e-4,0.06117809479126446,0.03637888591234151,-0.18057875605187157,0.02582588893571607
WK194509,Millingen aan de Rijn,2016,4.036324069567905,-0.06594078157578107,NA,NA,NA,NA,NA
WK194509,Millingen aan de Rijn,2018,4.02923497369702,-0.07302987744666486,-0.012754144584241879,0.052898535427569275,0.03422306170080298,-0.1802942192806059,0.03289688928981034
WK194509,Millingen aan de Rijn,2020,4.033426020830307,-0.06883883031337827,-0.009449576551882902,0.053593153743035395,0.028163463444396512,-0.17305107912868284,0.03190520817975529
WK194509,Millingen aan de Rijn,2022,4.018312606146335,-0.08395224499735082,0.0010998302586670953,0.025306924527429414,0.02872011553129562,-0.1720908651515064,0.0330117498367632
WK194510,Ooij,2002,4.080089860141258,-0.02217499100242691,NA,NA,NA,NA,NA
WK194510,Ooij,2008,4.1097340739937955,0.007469222850110281,NA,NA,NA,NA,NA
WK194510,Ooij,2012,4.138046318085557,0.03578146694187143,NA,NA,NA,NA,NA
WK194510,Ooij,2014,4.134395865149031,0.0321310140053456,-0.008282074651896443,0.08941861278746317,0.03370603471125338,-0.102097286321153,0.019385727479678195
WK194510,Ooij,2016,4.135633969497066,0.033369118353381334,NA,NA,NA,NA,NA
WK194510,Ooij,2018,4.164042021785077,0.06177717064139183,0.012550770192833502,0.09376963976540112,0.03193881429472568,-0.10004726606754036,0.023565212455971624
WK194510,Ooij,2020,4.144471456384423,0.04220660524073806,0.01573292847997867,0.06800745295641583,0.03468182786454099,-0.09912419611801919,0.022908592057821482
WK194510,Ooij,2022,4.202930463378383,0.10066561223469747,0.020355445772940173,0.10890587911995712,0.03786171477910692,-0.09695311235414429,0.030495684916837323
WK194511,Persingen,2002,4.253464047661819,0.15119919651813285,NA,NA,NA,NA,NA
WK194511,Persingen,2008,4.282635946830837,0.1803710956871516,NA,NA,NA,NA,NA
WK194511,Persingen,2012,4.270753436184159,0.1684885850404733,NA,NA,NA,NA,NA
WK194511,Persingen,2014,4.273048402811073,0.1707835516673869,-0.05702091706393621,0.1378745562823689,0.13740838311075118,-0.13415374778386452,0.08667527712206717
WK194511,Persingen,2016,4.166022378436312,0.06375752729262724,NA,NA,NA,NA,NA
WK194511,Persingen,2018,4.221344909714546,0.11908005857086108,-0.05321057901015266,0.10171508322054511,0.12291093757116021,-0.1269805804221728,0.07464519721148119
WK194511,Persingen,2020,4.2727492008977865,0.17048434975410143,-0.04978910786081951,0.12942618243917114,0.1306487757487437,-0.12047703014106698,0.08067552956807308
WK194511,Persingen,2022,4.3072631344589265,0.20499828331524123,-0.04345670508336451,0.13583648381943464,0.1303531058438784,-0.11982075271931297,0.10208615145460562
WK194512,Ubbergen,2002,4.14781157637575,0.045546725232064794,NA,NA,NA,NA,NA
WK194512,Ubbergen,2008,4.299471490354406,0.19720663921072082,NA,NA,NA,NA,NA
WK194512,Ubbergen,2012,4.291630481958475,0.18936563081478996,NA,NA,NA,NA,NA
WK194512,Ubbergen,2014,4.276553787873143,0.174288936729458,0.044993435905421666,0.034632185501304834,0.04550952527324053,-0.025755369395726885,0.07490915944521769
WK194512,Ubbergen,2016,4.319608969335203,0.21734411819151755,NA,NA,NA,NA,NA
WK194512,Ubbergen,2018,4.331712899844826,0.22944804870114033,0.04947018265290522,0.05827594658917513,0.0600993694183689,-0.027757678990429083,0.08936022903112002
WK194512,Ubbergen,2020,4.279552240957478,0.17728738981379175,0.05866272101380187,0.031144987320098558,0.048465584098601154,-0.01763348753014166,0.05664758491143166
WK194512,Ubbergen,2022,4.29103336334292,0.1887685121992346,0.061600837224039286,0.041235104765505834,0.0469231923512887,-0.018389911970788025,0.05739928982918843
WK194801,Erp,2002,4.157502496816266,0.055237645672581506,NA,NA,NA,NA,NA
WK194801,Erp,2008,4.178557335956729,0.07629248481304393,NA,NA,NA,NA,NA
WK194801,Erp,2012,4.189940499234239,0.08767564809055291,NA,NA,NA,NA,NA
WK194801,Erp,2014,4.1969715727573975,0.09470672161371248,-0.017086838967961537,0.08875979821058731,0.0885483286817336,-0.12753110985983826,0.062016543549191054
WK194801,Erp,2016,4.211614126935622,0.10934927579193654,NA,NA,NA,NA,NA
WK194801,Erp,2018,4.224379485977799,0.12211463483411408,-0.0052098431670197735,0.09500415397570039,0.08222548403994855,-0.11162129113648232,0.061716131121967
WK194801,Erp,2020,4.217032358856397,0.11476750771271198,-0.006558828587441879,0.08755736091787718,0.078211148599809,-0.10239396191419294,0.057951788696660386
WK194801,Erp,2022,4.207738492732749,0.10547364158906344,-0.008174724381440025,0.10571385498508172,0.07102342793104033,-0.11956147855737105,0.056472561611752216
WK194802,Schijndel,2002,4.102191402102435,-7.344904125006052e-5,NA,NA,NA,NA,NA
WK194802,Schijndel,2008,4.10074547927805,-0.0015193718656349834,NA,NA,NA,NA,NA
WK194802,Schijndel,2012,4.121473033388732,0.01920818224504653,NA,NA,NA,NA,NA
WK194802,Schijndel,2014,4.128998429477308,0.026733578333622714,-0.010947475126921466,0.04738163209509632,0.030128874755748627,-0.07325150147800902,0.03342204808770802
WK194802,Schijndel,2016,4.148119812799201,0.04585496165551513,NA,NA,NA,NA,NA
WK194802,Schijndel,2018,4.142439882209787,0.04017503106610233,-0.01189927252358901,0.05873607617858246,0.03019427711478455,-0.07472338155614679,0.03786733185247084
WK194802,Schijndel,2020,4.14529886155351,0.043034010409824394,-0.01070855334733907,0.052670293200948945,0.027954276605664116,-0.054901301280869015,0.028019295231419175
WK194802,Schijndel,2022,4.145196563539078,0.0429317123953923,-0.007722402369194099,0.06087570361799593,0.02600655171249717,-0.06953678783842929,0.03330864727252229
WK194803,Sint-Oedenrode,2002,4.1261945924832055,0.02392974133952018,NA,NA,NA,NA,NA
WK194803,Sint-Oedenrode,2008,4.1254552425528,0.02319039140911464,NA,NA,NA,NA,NA
WK194803,Sint-Oedenrode,2012,4.153128905394885,0.05086405425120012,NA,NA,NA,NA,NA
WK194803,Sint-Oedenrode,2014,4.096687489841844,-0.0055773613018413855,-0.015626779809578356,0.045485711145576854,0.05360367988177765,-0.1279278159741609,0.0388878434545431
WK194803,Sint-Oedenrode,2016,4.149406971166504,0.04714212002281833,NA,NA,NA,NA,NA
WK194803,Sint-Oedenrode,2018,4.136068505245678,0.033803654101993416,-0.010872034752070448,0.07329992816611548,0.053783480562042435,-0.12356605572590108,0.041158335851806734
WK194803,Sint-Oedenrode,2020,4.124593969552855,0.022329118409169818,-0.01127153384973351,0.057835519608833215,0.04525557924505452,-0.10837134659984808,0.038880900004863425
WK194803,Sint-Oedenrode,2022,4.128357011421684,0.02609216027799906,-0.007865608669172327,0.07191356673757932,0.04378022852071013,-0.12388962497152012,0.04215359866040174
WK194804,Veghel,2002,4.102748855936986,4.8400479330062843e-4,NA,NA,NA,NA,NA
WK194804,Veghel,2008,4.125525061064288,0.023260209920603073,NA,NA,NA,NA,NA
WK194804,Veghel,2012,4.13111968006308,0.028854828919394927,NA,NA,NA,NA,NA
WK194804,Veghel,2014,4.067203081407458,-0.03506176973622807,-0.012290751757018912,0.01499417912279987,0.029173829659012728,-0.07756935513290383,0.010630328371881787
WK194804,Veghel,2016,4.107117593718138,0.004852742574452946,NA,NA,NA,NA,NA
WK194804,Veghel,2018,4.136234238723498,0.03396938757981207,0.0011704705862654822,0.03342269942937171,0.03236733657709455,-0.056861795462922984,0.02387067645000306
WK194804,Veghel,2020,4.131217796053562,0.028952944909876828,0.001591302066871175,0.02838657527516683,0.027282058430149973,-0.041419167812250156,0.013112176949938723
WK194804,Veghel,2022,4.167011420484731,0.06474656934104578,0.0069019395080012385,0.05345737122080113,0.02490895921032793,-0.04805110317598134,0.027529402577896545
WK194915,Achlum,2002,4.146301255666254,0.04403640452256852,NA,NA,NA,NA,NA
WK194915,Achlum,2008,4.055912673619201,-0.0463521775244842,NA,NA,NA,NA,NA
WK194915,Achlum,2012,4.081112520500416,-0.021152330643269567,NA,NA,NA,NA,NA
WK194915,Achlum,2014,4.088945382822775,-0.0133194683209098,-0.004151878239740864,0.07558697222526857,0.06526942641263285,-0.2282479413615183,0.07822395264244764
WK194915,Achlum,2016,4.132944979392869,0.03068012824918395,NA,NA,NA,NA,NA
WK194915,Achlum,2018,4.104327124411952,0.0020622732682672516,0.004599174825258674,0.09064264102214564,0.058821363991306996,-0.23158815789392254,0.07958725132347805
WK194915,Achlum,2020,4.067088624541846,-0.03517622660183955,-0.010455676298047485,0.08089217044841539,0.05694972205595805,-0.23566524170831685,0.07310279890015116
WK194915,Achlum,2022,4.0912839101081255,-0.010980941035560217,-0.017721234338815853,0.10702486819350387,0.052200670056461417,-0.239917441861079,0.08743219691436908
WK194916,St.-Annaparochie,2002,4.064721288122624,-0.03754356302106114,NA,NA,NA,NA,NA
WK194916,St.-Annaparochie,2008,4.083832947310511,-0.01843190383317337,NA,NA,NA,NA,NA
WK194916,St.-Annaparochie,2012,4.093205358333095,-0.009059492810590092,NA,NA,NA,NA,NA
WK194916,St.-Annaparochie,2014,4.107767037806545,0.005502186662860672,0.04850004053331583,0.07072045734914856,0.04479596972575192,-0.15175405852512147,-0.006760222420234468
WK194916,St.-Annaparochie,2016,4.137260364343455,0.03499551319977052,NA,NA,NA,NA,NA
WK194916,St.-Annaparochie,2018,4.135414484521103,0.03314963337741745,0.04302894260268809,0.056479527390202705,0.04453268494587225,-0.14938306071407398,0.038491539152728085
WK194916,St.-Annaparochie,2020,4.076368703351322,-0.02589614779236392,0.03754749339318283,0.0360651783564062,0.0415396088291021,-0.17830048674772217,0.03725205837666687
WK194916,St.-Annaparochie,2022,4.079111972486956,-0.023152878656728673,0.042444908187458254,0.038015343514205435,0.03199709078501345,-0.17641324702193587,0.04080302587852978
WK194917,Baaium,2002,4.078384931591564,-0.023879919552121386,NA,NA,NA,NA,NA
WK194917,Baaium,2008,4.137059600519094,0.034794749375408975,NA,NA,NA,NA,NA
WK194917,Baaium,2012,4.109595681547326,0.00733083040364078,NA,NA,NA,NA,NA
WK194917,Baaium,2014,4.255913754596183,0.1536489034524984,-0.026174914282776945,0.13755072010006,0.14683149881058374,-0.21640724291499655,0.1118488417396281
WK194917,Baaium,2016,4.34231659065454,0.24005173951085435,NA,NA,NA,NA,NA
WK194917,Baaium,2018,4.243802172898474,0.14153732175478842,3.4968137494814183e-4,0.11637814654619401,0.11571490845841943,-0.21499026222755155,0.12408484760277831
WK194917,Baaium,2020,4.233537523532518,0.13127267238883233,-0.029161491488348557,0.13835242950902796,0.11500869422267102,-0.21611059683464565,0.1231836369801272
WK194917,Baaium,2022,4.201016173300553,0.0987513221568677,-0.019940490502432382,0.12050576336635678,0.07798204693468527,-0.2105846776610549,0.13078868001931268
WK194918,Berltsum,2002,4.049886554076095,-0.052378297067589716,NA,NA,NA,NA,NA
WK194918,Berltsum,2008,4.086123418294467,-0.01614143284921858,NA,NA,NA,NA,NA
WK194918,Berltsum,2012,4.071519627484012,-0.030745223659673696,NA,NA,NA,NA,NA
WK194918,Berltsum,2014,4.107898015551506,0.0056331644078214125,0.05052498463408692,0.05488756669647558,0.054024602726935815,-0.19545451340301925,0.04165052375334212
WK194918,Berltsum,2016,4.109469860724,0.007205009580314665,NA,NA,NA,NA,NA
WK194918,Berltsum,2018,4.118143258741743,0.0158784075980569,0.04261627296396703,0.065976844300789,0.053911243406447214,-0.19400783186344758,0.0473818787903009
WK194918,Berltsum,2020,4.104834431832002,0.002569580688317041,0.03862363402751585,0.04922921379534183,0.05533141795165525,-0.20122732534526097,0.06061264025906485
WK194918,Berltsum,2022,4.132095876997496,0.02983102585381032,0.03692555740098214,0.09235074677132571,0.04358705308067154,-0.19853694944324993,0.05550461804408059
WK194919,Bitgum,2002,4.090801120113508,-0.011463731030176979,NA,NA,NA,NA,NA
WK194919,Bitgum,2008,4.110008040402321,0.007743189258636272,NA,NA,NA,NA,NA
WK194919,Bitgum,2012,4.101100848343057,-0.001164002800628695,NA,NA,NA,NA,NA
WK194919,Bitgum,2014,4.141717983619179,0.03945313247549359,0.03838804057181584,0.0795640608704176,0.04502065281786008,-0.18677408247383784,0.06325446068923754
WK194919,Bitgum,2016,4.193698901899336,0.09143405075565052,NA,NA,NA,NA,NA
WK194919,Bitgum,2018,4.14689543185104,0.0446305807073546,0.036409103602583134,0.09082618985964432,0.05154043176184682,-0.19803832598549778,0.06389318146877784
WK194919,Bitgum,2020,4.108757935764307,0.006493084620622157,0.028133771144586765,0.06795220706400709,0.053089220517613146,-0.20786926592688443,0.06518715182129929
WK194919,Bitgum,2022,4.117861525515443,0.015596674371757695,0.0225435800506388,0.08846586811829939,0.039894496368201846,-0.19674546304094548,0.06143819287556287
WK194920,Bitgummole,2002,4.174938290962973,0.07267343981928756,NA,NA,NA,NA,NA
WK194920,Bitgummole,2008,4.197407166612206,0.09514231546852137,NA,NA,NA,NA,NA
WK194920,Bitgummole,2012,4.160456539632136,0.058191688488450966,NA,NA,NA,NA,NA
WK194920,Bitgummole,2014,4.1962754773090145,0.09401062616532913,0.030669278252513938,0.0829174813904852,0.07024108448666275,-0.16124446454156688,0.07142724657723382
WK194920,Bitgummole,2016,4.176037328545205,0.07377247740152004,NA,NA,NA,NA,NA
WK194920,Bitgummole,2018,4.205560239098254,0.10329538795456888,0.021685122051038477,0.10872101771734576,0.08314258416155541,-0.18201912288071795,0.07176578690534699
WK194920,Bitgummole,2020,4.173124345268962,0.07085949412527681,0.013808226928761757,0.10003378148263607,0.07477177316628132,-0.18805845552711217,0.07030416807470954
WK194920,Bitgummole,2022,4.1756081337797655,0.07334328263607989,0.00817264014242791,0.10749703760013724,0.0577340076878351,-0.17920885963212133,0.0791484568378008
WK194921,Blessum,2002,4.063162434088949,-0.03910241705473605,NA,NA,NA,NA,NA
WK194921,Blessum,2008,4.107723446353374,0.005458595209688262,NA,NA,NA,NA,NA
WK194921,Blessum,2012,4.140692261348247,0.03842741020456123,NA,NA,NA,NA,NA
WK194921,Blessum,2014,4.311061638714422,0.2087967875707366,0.013014950906252378,0.0940657246267522,0.12280233518728764,-0.16308872924371154,0.1420025060941558
WK194921,Blessum,2016,4.366420331145945,0.26415548000225963,NA,NA,NA,NA,NA
WK194921,Blessum,2018,4.341805677458034,0.23954082631434861,0.035500123983565085,0.1223973876433612,0.10614378587272186,-0.16921949722899546,0.14471902604369555
WK194921,Blessum,2020,4.31534522708875,0.21308037594506485,0.008568398527387451,0.1319294741541361,0.10180215437434999,-0.17252334172263578,0.14330369061182682
WK194921,Blessum,2022,4.22866598751218,0.12640113636849526,0.017665944803123685,0.07759151906667837,0.08238753145390582,-0.15506769517858843,0.10382383622337545
WK194922,Boer,2002,4.366579940624193,0.26431508948050797,NA,NA,NA,NA,NA
WK194922,Boer,2008,4.323419989157285,0.22115513801360048,NA,NA,NA,NA,NA
WK194922,Boer,2012,4.366212190422681,0.26394733927899605,NA,NA,NA,NA,NA
WK194922,Boer,2014,4.2166729849541005,0.11440813381041516,-0.09332570291312872,0.13647727769847406,0.1474034146674947,-0.20541649155174238,0.12926963590931712
WK194922,Boer,2016,4.321925202320482,0.21966035117679666,NA,NA,NA,NA,NA
WK194922,Boer,2018,4.232198645544596,0.12993379440091146,-0.0512127864528916,0.1000704839082623,0.1414762542107284,-0.20483322116781455,0.1444330639026263
WK194922,Boer,2020,4.2303065046445125,0.1280416535008273,-0.09079867183774011,0.14551858792709346,0.1462700146682658,-0.21211329437287815,0.13916501711608598
WK194922,Boer,2022,4.1978446514870535,0.09557980034336783,-0.10172477869183319,0.11118647895321522,0.14453813378688957,-0.20275520226821106,0.1443351685633071
WK194923,Boksum,2002,4.187568881886143,0.08530403074245865,NA,NA,NA,NA,NA
WK194923,Boksum,2008,4.174621484358674,0.07235663321498839,NA,NA,NA,NA,NA
WK194923,Boksum,2012,4.195315184379371,0.09305033323568586,NA,NA,NA,NA,NA
WK194923,Boksum,2014,4.235978587709935,0.13371373656624977,0.016580988736114684,0.08517804060475645,0.09981929056971597,-0.1413355809996243,0.07347099765528678
WK194923,Boksum,2016,4.1949118629069435,0.09264701176325808,NA,NA,NA,NA,NA
WK194923,Boksum,2018,4.237059467058625,0.13479461591493935,0.023444039995121936,0.103560436360441,0.08178299102357277,-0.14942948862784478,0.07543663716364801
WK194923,Boksum,2020,4.145736779176174,0.043471928032488324,0.007137695567885669,0.07002815371564537,0.058019385592597485,-0.16829304430873782,0.07657973746509729
WK194923,Boksum,2022,4.218517631200449,0.11625278005676366,0.010375626936071632,0.1064749450101103,0.06836218116269772,-0.15417875716244575,0.08521878411032946
WK194924,Deinum,2002,4.202579144997423,0.10031429385373795,NA,NA,NA,NA,NA
WK194924,Deinum,2008,4.226558919560784,0.12429406841709832,NA,NA,NA,NA,NA
WK194924,Deinum,2012,4.2156045188499105,0.11333966770622497,NA,NA,NA,NA,NA
WK194924,Deinum,2014,4.223862436718514,0.12159758557482915,0.025842088975302588,0.08224461851868607,0.0698551650820302,-0.12010785910319496,0.06376357210200505
WK194924,Deinum,2016,4.259780303505154,0.15751545236146805,NA,NA,NA,NA,NA
WK194924,Deinum,2018,4.240035346579149,0.13777049543546369,0.030262563204188905,0.11188037494525807,0.0626629081914654,-0.13040354180428995,0.06336819089884106
WK194924,Deinum,2020,4.212963971822945,0.11069912067925945,0.022164000321369573,0.10603461693732459,0.0581607507146906,-0.13670590738670862,0.06104566009258302
WK194924,Deinum,2022,4.266998889026214,0.16473403788252833,0.025308329586400224,0.11726561909084711,0.06974339816554402,-0.11825005539048519,0.07066674643022197
WK194925,Dongjum,2002,4.150548280588724,0.048283429445038606,NA,NA,NA,NA,NA
WK194925,Dongjum,2008,4.125418696441483,0.023153845297798025,NA,NA,NA,NA,NA
WK194925,Dongjum,2012,4.114108060904898,0.011843209761212144,NA,NA,NA,NA,NA
WK194925,Dongjum,2014,4.061413947326845,-0.04085090381684039,-0.003151912137496776,0.02433190104549333,0.04074037791200835,-0.14538014952024433,0.04260887888339877
WK194925,Dongjum,2016,4.088784759640096,-0.013480091503589114,NA,NA,NA,NA,NA
WK194925,Dongjum,2018,4.008431992004841,-0.09383285913884445,-0.0015505809846611354,0.007280407169723622,0.03394985554391729,-0.15087308593510473,0.01736054506728017
WK194925,Dongjum,2020,4.087124776376091,-0.015140074767594512,-0.009252718466075713,0.052419657875379694,0.04410264907341951,-0.14569190339086419,0.04328224014054589
WK194925,Dongjum,2022,4.085004483355571,-0.01726036778811405,-0.006100080289946897,0.04569060021684321,0.03338320670365548,-0.1361749980602262,0.04594090364156009
WK194926,Dronryp,2002,4.0984620472769855,-0.0038028038667001977,NA,NA,NA,NA,NA
WK194926,Dronryp,2008,4.138722596147694,0.03645774500400921,NA,NA,NA,NA,NA
WK194926,Dronryp,2012,4.108688474015763,0.006423622872078306,NA,NA,NA,NA,NA
WK194926,Dronryp,2014,4.13839589795894,0.03613104681525466,0.00435707244549911,0.06881818035723776,0.06608285085707034,-0.1623146305112319,0.05918757366667898
WK194926,Dronryp,2016,4.155308626787096,0.05304377564340987,NA,NA,NA,NA,NA
WK194926,Dronryp,2018,4.150074099305512,0.047809248161827377,0.005194981544299067,0.09312119290565253,0.057303335452711095,-0.1688521220120709,0.06104186027123526
WK194926,Dronryp,2020,4.135354536637342,0.03308968549365733,-6.327799261758513e-5,0.0919303426217118,0.052001978165320976,-0.17317442699094807,0.06239506969018994
WK194926,Dronryp,2022,4.161387244670815,0.05912239352712913,-0.01053498439617749,0.099046497330395,0.06620615237358447,-0.16141816122341962,0.0658228894427465
WK194927,Firdgum,2002,4.131120783476695,0.028855932333010294,NA,NA,NA,NA,NA
WK194927,Firdgum,2008,4.175828099180296,0.07356324803661142,NA,NA,NA,NA,NA
WK194927,Firdgum,2012,4.13011030127734,0.02784545013365515,NA,NA,NA,NA,NA
WK194927,Firdgum,2014,4.196333846408487,0.09406899526480202,-0.043560910377780544,0.09932184857071756,0.13485108860361344,-0.24826704347138798,0.15172401193963936
WK194927,Firdgum,2016,4.212039966826503,0.1097751156828181,NA,NA,NA,NA,NA
WK194927,Firdgum,2018,4.230590810300009,0.12832595915632308,-0.02654954199467885,0.1341544155129467,0.12835122648821906,-0.2500852523935467,0.14245511154338225
WK194927,Firdgum,2020,4.166824069798661,0.06455921865497564,-0.06441710738513687,0.13018963114664417,0.10107038238512868,-0.25414394490246617,0.15186025741080567
WK194927,Firdgum,2022,4.143836217956648,0.04157136681296213,-0.08680635946849884,0.1187344156935185,0.0932866548958036,-0.2503636753354322,0.1667203310275708
WK194928,Franeker,2002,4.051775485789872,-0.05048936535381369,NA,NA,NA,NA,NA
WK194928,Franeker,2008,4.0789335063013095,-0.023331344842375753,NA,NA,NA,NA,NA
WK194928,Franeker,2012,4.089372669907067,-0.012892181236618377,NA,NA,NA,NA,NA
WK194928,Franeker,2014,4.111413028710391,0.009148177566706155,0.01937618237921002,0.029950481098563308,0.027376389526975742,-0.08718457244565565,0.01962969700761246
WK194928,Franeker,2016,4.133753877175077,0.031489026031391726,NA,NA,NA,NA,NA
WK194928,Franeker,2018,4.128977425620459,0.026712574476773793,0.01793158849013784,0.0437274404698631,0.029845198473448162,-0.08500455297423302,0.02021290001755743
WK194928,Franeker,2020,4.137120089919224,0.03485523877553923,0.01681500758293938,0.053439264200239776,0.028716073521699213,-0.08639288681989368,0.022277780290554248
WK194928,Franeker,2022,4.163236701472628,0.06097185032894245,0.009778276191607937,0.07543834939918831,0.022364596305642893,-0.08249800490607882,0.035888633338581874
WK194929,Herbaijum,2002,3.921665379753854,-0.18059947138983126,NA,NA,NA,NA,NA
WK194929,Herbaijum,2008,3.948113273229951,-0.15415157791373482,NA,NA,NA,NA,NA
WK194929,Herbaijum,2012,3.9439811641281675,-0.15828368701551773,NA,NA,NA,NA,NA
WK194929,Herbaijum,2014,3.9674827700182353,-0.1347820811254502,-0.0972688570716059,0.04777048102122145,0.0751123718401969,-0.20237474188552063,0.041978664970257686
WK194929,Herbaijum,2016,3.925889759678956,-0.17637509146472946,NA,NA,NA,NA,NA
WK194929,Herbaijum,2018,4.014230699524033,-0.0880341516196522,-0.0952754623980026,0.09972865236847993,0.07245483921605887,-0.20520033089097647,0.040258150084787746
WK194929,Herbaijum,2020,3.9902277435165052,-0.1120371076271798,-0.11129177168876847,0.05798678476446408,0.0789672838790081,-0.2049228554434521,0.0672234508615682
WK194929,Herbaijum,2022,3.995971591161347,-0.10629325998233813,-0.15134590480047488,0.09627244686191545,0.0750246646528887,-0.19917249819246982,0.07292803149580214
WK194930,Hitzum,2002,4.097964502479817,-0.004300348663868403,NA,NA,NA,NA,NA
WK194930,Hitzum,2008,4.053304054103627,-0.04896079704005819,NA,NA,NA,NA,NA
WK194930,Hitzum,2012,4.0272674614862245,-0.07499738965746049,NA,NA,NA,NA,NA
WK194930,Hitzum,2014,4.067612083179849,-0.03465276796383595,-0.021032958344010477,0.06591457743747933,0.07543659131713946,-0.2321488526732274,0.07717787429878287
WK194930,Hitzum,2016,4.027374652379991,-0.07489019876369397,NA,NA,NA,NA,NA
WK194930,Hitzum,2018,4.080341505648851,-0.021923345494834982,0.008512558392238133,0.06673329156538646,0.07659216705932229,-0.24310044087534946,0.06933907836356741
WK194930,Hitzum,2020,4.089860318806715,-0.012404532336970418,-0.011028221650625154,0.1151047292658765,0.05335368626029801,-0.2430227975182285,0.07318807130570841
WK194930,Hitzum,2022,4.065769050843559,-0.03649580030012628,-0.0104384716244494,0.09161940084120379,0.0469426436062248,-0.24282862369339592,0.07820925057029021
WK194931,Ingelum,2002,4.189609173447132,0.08734432230344627,NA,NA,NA,NA,NA
WK194931,Ingelum,2008,4.181357146858558,0.07909229571487324,NA,NA,NA,NA,NA
WK194931,Ingelum,2012,4.208621844069436,0.10635699292575031,NA,NA,NA,NA,NA
WK194931,Ingelum,2014,4.209187812109386,0.1069229609657006,0.004671677182678622,0.10513093387721845,0.089316340811025,-0.16976320437529704,0.07756721347007535
WK194931,Ingelum,2016,4.260976706402883,0.15871185525919762,NA,NA,NA,NA,NA
WK194931,Ingelum,2018,4.230754804752063,0.12848995360837784,0.008160117654484886,0.13945609230139042,0.08300242699535582,-0.18280270572494298,0.08067402238208941
WK194931,Ingelum,2020,4.180047174990078,0.07778232384639241,-0.005034903004117779,0.10143347957878314,0.08306298570193124,-0.18424504635845204,0.08256580792824744
WK194931,Ingelum,2022,4.199421654858308,0.09715680371462324,-0.011251106328190787,0.12153467440213009,0.0684400745709019,-0.16783717931805797,0.08627034038783969
WK194932,St.-Jacobiparochie,2002,3.9355964362432414,-0.16666841490044412,NA,NA,NA,NA,NA
WK194932,St.-Jacobiparochie,2008,3.9516264495653894,-0.15063840157829578,NA,NA,NA,NA,NA
WK194932,St.-Jacobiparochie,2012,3.964896781433787,-0.13736806970989843,NA,NA,NA,NA,NA
WK194932,St.-Jacobiparochie,2014,3.9886537286434502,-0.11361112250023489,0.036630780666397696,0.039302461868614774,0.053686042235447685,-0.21840022682641158,-0.024830180444283787
WK194932,St.-Jacobiparochie,2016,4.0436601811282324,-0.058604670015452616,NA,NA,NA,NA,NA
WK194932,St.-Jacobiparochie,2018,4.024506939782315,-0.07775791136137031,0.031186722038486325,0.04393772737598996,0.04401138430726251,-0.22910938614849222,0.03221564106538286
WK194932,St.-Jacobiparochie,2020,3.9909227047975384,-0.11134214634614668,0.01307055865722487,0.03244611821759577,0.03384534178741857,-0.2267197295352455,0.036015564526859334
WK194932,St.-Jacobiparochie,2022,4.0509472204782675,-0.051317630665417474,0.0179054868904072,0.05690097037347355,0.04420346808545813,-0.23240187697990392,0.06207432096514724
WK194933,Klooster Lidlum,2002,4.16059581915536,0.058330968011674734,NA,NA,NA,NA,NA
WK194933,Klooster Lidlum,2008,4.027241137741461,-0.07502371340222395,NA,NA,NA,NA,NA
WK194933,Klooster Lidlum,2012,4.028210074316379,-0.07405477682730552,NA,NA,NA,NA,NA
WK194933,Klooster Lidlum,2014,4.134259914979888,0.03199506383620339,-0.12494337930611384,0.13553802310979104,0.09719426484395186,-0.2167936414001444,0.1409997965887186
WK194933,Klooster Lidlum,2016,4.135524241862284,0.03325939071859961,NA,NA,NA,NA,NA
WK194933,Klooster Lidlum,2018,4.093764055583548,-0.008500795560136965,-0.08942037257480841,0.0782476239823158,0.0767339294602925,-0.22428456358244253,0.15022258715450545
WK194933,Klooster Lidlum,2020,4.13824806540355,0.035983214259864484,-0.13480611311222568,0.14194099526104267,0.10222290082441386,-0.22678477812323136,0.1534102094098645
WK194933,Klooster Lidlum,2022,4.130096139902865,0.02783128875918018,-0.14458519633583794,0.11412245174885945,0.11376016658169634,-0.21707728412907382,0.16161115089353587
WK194934,Marsum,2002,4.146773560713248,0.04450870956956242,NA,NA,NA,NA,NA
WK194934,Marsum,2008,4.122037190536482,0.019772339392797107,NA,NA,NA,NA,NA
WK194934,Marsum,2012,4.1371793260661365,0.03491447492245136,NA,NA,NA,NA,NA
WK194934,Marsum,2014,4.157636442675071,0.055371591531386134,-0.0039363049890173635,0.04542215278390406,0.048728282611598686,-0.09725666320659823,0.062414124331498726
WK194934,Marsum,2016,4.202716049705207,0.10045119856152142,NA,NA,NA,NA,NA
WK194934,Marsum,2018,4.163765169309626,0.06150031816594107,0.004459925129335356,0.0653235242988994,0.03941616738011399,-0.112114547493159,0.06441524885075109
WK194934,Marsum,2020,4.130185815678058,0.02792096453437347,-0.004679660068030017,0.06147316752435309,0.03603079206064815,-0.1218816798342145,0.05697834485161644
WK194934,Marsum,2022,4.211223494060744,0.10895864291705847,-3.7684148071853355e-4,0.09315910771254919,0.051919971842514616,-0.10408937707861651,0.0683457819213294
WK194935,Menaam,2002,4.050181556814469,-0.052083294329216726,NA,NA,NA,NA,NA
WK194935,Menaam,2008,4.059454818751058,-0.04281003239262754,NA,NA,NA,NA,NA
WK194935,Menaam,2012,4.065960728562545,-0.03630412258113977,NA,NA,NA,NA,NA
WK194935,Menaam,2014,4.120302375151822,0.018037524008137386,0.029010116596427552,0.07313440784995014,0.049927701552208235,-0.17158510140834426,0.03755039941789545
WK194935,Menaam,2016,4.139274118965465,0.03700926782178044,NA,NA,NA,NA,NA
WK194935,Menaam,2018,4.15189503704498,0.049630185901294865,0.025949368214864273,0.10092303907611279,0.05329490919257408,-0.17514601248288242,0.044608881900625855
WK194935,Menaam,2020,4.127091877791444,0.024827026647758876,0.01940538204782375,0.09264477681134967,0.05703758461947422,-0.18240944821023425,0.03814873137934518
WK194935,Menaam,2022,4.146028302830411,0.0437634516867253,0.02089751026438234,0.10076793141139433,0.04317940226428325,-0.17472844021683712,0.05364704796350218
WK194936,Minnertsga,2002,3.963107050443997,-0.1391578006996887,NA,NA,NA,NA,NA
WK194936,Minnertsga,2008,3.9570601112173622,-0.14520473992632338,NA,NA,NA,NA,NA
WK194936,Minnertsga,2012,3.9208848449604603,-0.18138000618322522,NA,NA,NA,NA,NA
WK194936,Minnertsga,2014,3.956410637044063,-0.14585421409962215,-0.017024877365695818,0.028868120794767298,0.044502826763369814,-0.21428929443894093,0.012089010146877181
WK194936,Minnertsga,2016,4.000301572707798,-0.10196327843588694,NA,NA,NA,NA,NA
WK194936,Minnertsga,2018,4.0148597334216145,-0.08740511772207102,-0.014479109090167183,0.05104036834281841,0.04138442484603825,-0.21378355827283443,0.04843275645207371
WK194936,Minnertsga,2020,4.000936479042667,-0.1013283721010184,-0.026665715256551793,0.05414096517905815,0.03348973283485097,-0.21460550002725007,0.052312145168874113
WK194936,Minnertsga,2022,3.9839944698346113,-0.11827038130907361,-0.056803983620152536,0.04633105427304086,0.044248756379348164,-0.204672819179241,0.05262661083793065
WK194937,Nij Altoenae,2002,4.046506715742471,-0.055758135401215256,NA,NA,NA,NA,NA
WK194937,Nij Altoenae,2008,4.060588028347835,-0.04167682279585014,NA,NA,NA,NA,NA
WK194937,Nij Altoenae,2012,4.091029361195613,-0.011235489948073038,NA,NA,NA,NA,NA
WK194937,Nij Altoenae,2014,4.118877303915641,0.01661245277195637,0.04445071582324597,0.1064961330522196,0.078218416945723,-0.22199813095607823,0.009445317906845682
WK194937,Nij Altoenae,2016,4.14329805587844,0.04103320473475495,NA,NA,NA,NA,NA
WK194937,Nij Altoenae,2018,4.125959584670712,0.023694733527027168,0.04237268442696212,0.07953969523557773,0.06836527788263791,-0.2174301454502486,0.05084722143209774
WK194937,Nij Altoenae,2020,4.082594221831165,-0.019670629312519856,0.030876986242571385,0.07570302018761949,0.058480514868608884,-0.23837088404949744,0.05363973343817744
WK194937,Nij Altoenae,2022,4.120260866466917,0.0179960153232318,0.02729810645780514,0.09366509371181324,0.0579008652408064,-0.2337168721922681,0.07284882210507487
WK194938,Oosterbierum,2002,4.095819518937732,-0.006445332205952587,NA,NA,NA,NA,NA
WK194938,Oosterbierum,2008,4.080147267937752,-0.02211758320593265,NA,NA,NA,NA,NA
WK194938,Oosterbierum,2012,4.08678682946818,-0.015478021675504699,NA,NA,NA,NA,NA
WK194938,Oosterbierum,2014,4.051197305803364,-0.051067545340320854,-0.032637592560800135,0.09709111501128447,0.05442485002814132,-0.2274640370729946,0.05751811925404773
WK194938,Oosterbierum,2016,4.035140018793071,-0.06712483235061352,NA,NA,NA,NA,NA
WK194938,Oosterbierum,2018,4.068150126518101,-0.03411472462558397,-0.015449412999989422,0.09523161752346229,0.06611605859270621,-0.23658557252008558,0.05657258477832237
WK194938,Oosterbierum,2020,3.975579690783911,-0.12668516035977428,-0.043987074407766065,0.051916816789035126,0.051038328296824,-0.24167879563892283,0.05602556460105525
WK194938,Oosterbierum,2022,4.041067386207529,-0.061197464936155695,-0.05353751806431851,0.08820506299530063,0.054996098013888134,-0.23031775437598198,0.07945664649495562
WK194939,Oudebildtzijl,2002,4.058229368444034,-0.044035482699651476,NA,NA,NA,NA,NA
WK194939,Oudebildtzijl,2008,4.086986294241485,-0.015278556902199612,NA,NA,NA,NA,NA
WK194939,Oudebildtzijl,2012,4.104036126124365,0.0017712749806791418,NA,NA,NA,NA,NA
WK194939,Oudebildtzijl,2014,4.13139913510359,0.029134283959904455,0.03842991363609854,0.07882947326270257,0.09254347519253235,-0.19634366972139433,0.015675091589965124
WK194939,Oudebildtzijl,2016,4.239623917626524,0.13735906648283822,NA,NA,NA,NA,NA
WK194939,Oudebildtzijl,2018,4.170738751688766,0.06847390054508158,0.03366113599941228,0.08425764314205134,0.07328603896680842,-0.19418540164320647,0.07145448408001569
WK194939,Oudebildtzijl,2020,4.143955370105283,0.04169051896159812,0.02081440622189933,0.08916495460706543,0.06700982931813841,-0.2110128011200262,0.07571412993452088
WK194939,Oudebildtzijl,2022,4.171604045350674,0.06933919420698842,0.0059417648663202295,0.09338697961441118,0.07499992567948317,-0.20294858554953996,0.0979591095963136
WK194940,Peins,2002,4.084730486106366,-0.017534365037318825,NA,NA,NA,NA,NA
WK194940,Peins,2008,4.126072946452892,0.023808095309206804,NA,NA,NA,NA,NA
WK194940,Peins,2012,4.056661269449905,-0.04560358169378004,NA,NA,NA,NA,NA
WK194940,Peins,2014,4.04094798701032,-0.06131686413336526,-0.01053825250171548,0.03316524616970628,0.0783716769018025,-0.2159800043217361,0.05366446961857733
WK194940,Peins,2016,4.0428829040740215,-0.05938194706966409,NA,NA,NA,NA,NA
WK194940,Peins,2018,4.0761306231516095,-0.026134227992075765,0.02074437050064541,0.026891367361267477,0.08946404136171958,-0.21520100997484284,0.051967002759134316
WK194940,Peins,2020,4.141934389547853,0.039669538404167426,-0.008044857791330158,0.08444988059801678,0.10580897603371185,-0.22721811162396746,0.08467365118773607
WK194940,Peins,2022,4.131044900591145,0.028780049447459627,-0.012685316103375683,0.07947720139410497,0.08897142349762607,-0.21383597092593626,0.08685271158504015
WK194941,Pietersbierum,2002,4.185881120655413,0.08361626951172792,NA,NA,NA,NA,NA
WK194941,Pietersbierum,2008,4.134060765517587,0.03179591437390132,NA,NA,NA,NA,NA
WK194941,Pietersbierum,2012,4.199507926603111,0.09724307545942577,NA,NA,NA,NA,NA
WK194941,Pietersbierum,2014,4.194024755492463,0.09175990434877719,-0.021822312663399932,0.12046595285645774,0.10461917812738891,-0.20465080975308492,0.09314789578141514
WK194941,Pietersbierum,2016,4.216780926584342,0.1145160754406559,NA,NA,NA,NA,NA
WK194941,Pietersbierum,2018,4.22242676304679,0.12016191190310482,-0.006195516059468503,0.1276958450515166,0.12020966973553517,-0.21138270013069582,0.08983461330621707
WK194941,Pietersbierum,2020,4.186567099363654,0.08430224821996925,-0.02374275140308177,0.1465500137090731,0.09141607500005137,-0.21860067741181596,0.08867958832574216
WK194941,Pietersbierum,2022,4.184518798583437,0.08225394743975205,-0.025301281892285164,0.12717389586255734,0.09143110473066957,-0.2088248948921434,0.09777512363095342
WK194942,Ried,2002,4.108706762965366,0.0064419118216808525,NA,NA,NA,NA,NA
WK194942,Ried,2008,4.1157530211948465,0.0134881700511612,NA,NA,NA,NA,NA
WK194942,Ried,2012,4.079698974777931,-0.022565876365754373,NA,NA,NA,NA,NA
WK194942,Ried,2014,4.125962555953581,0.023697704809895814,0.0019377192564892828,0.10300456075643091,0.07333266117453538,-0.21783921754456861,0.06326198116700849
WK194942,Ried,2016,4.13085917800558,0.028594326861894614,NA,NA,NA,NA,NA
WK194942,Ried,2018,4.16345053134267,0.061185680198984994,0.020353912765937076,0.12564708616097622,0.07258828045559976,-0.21789478572320092,0.060491186539672497
WK194942,Ried,2020,4.109170575570878,0.006905724427192568,2.0219545233644736e-4,0.10317926989331497,0.07364666670507186,-0.23928680964349364,0.06916440201996267
WK194942,Ried,2022,4.0973541921423955,-0.004910659001289826,-0.01696308591392521,0.08779386154719403,0.05884061353071538,-0.22247835447338063,0.08789630630810617
WK194943,Schalsum,2002,4.156754994937218,0.05449014379353321,NA,NA,NA,NA,NA
WK194943,Schalsum,2008,4.167273206359509,0.06500835521582331,NA,NA,NA,NA,NA
WK194943,Schalsum,2012,4.176260021069127,0.0739951699254416,NA,NA,NA,NA,NA
WK194943,Schalsum,2014,4.197614129108613,0.09534927796492812,-0.03283441735553525,0.141913729225064,0.06305475648179988,-0.1838672498671262,0.10708245948072549
WK194943,Schalsum,2016,4.247018248986238,0.14475339784255276,NA,NA,NA,NA,NA
WK194943,Schalsum,2018,4.27697610539447,0.17471125425078532,-0.003939756334247921,0.13860083115807728,0.12810920946211102,-0.1851286086406753,0.09706957860552007
WK194943,Schalsum,2020,4.21417306083158,0.11190820968789487,-0.015799200450885703,0.13481874107212047,0.08379403263215711,-0.19704934062500962,0.10614397705951241
WK194943,Schalsum,2022,4.219617354361505,0.11735250321782002,-0.01608483822558296,0.13451245359017516,0.07674096447527137,-0.18465060707745157,0.10683453045540782
WK194944,Sexbierum,2002,4.076154778098343,-0.02611007304534264,NA,NA,NA,NA,NA
WK194944,Sexbierum,2008,4.064425483640147,-0.037839367503537995,NA,NA,NA,NA,NA
WK194944,Sexbierum,2012,4.0600947109199685,-0.04217014022371616,NA,NA,NA,NA,NA
WK194944,Sexbierum,2014,4.02659867298172,-0.07566617816196526,0.003888062270121717,0.060771216459642195,0.03488052997631762,-0.18039400157390398,0.005188014705856932
WK194944,Sexbierum,2016,3.992562359311845,-0.10970249183184007,NA,NA,NA,NA,NA
WK194944,Sexbierum,2018,4.017367278918179,-0.08489757222550584,0.004832105632025586,0.04343153401670199,0.035677112018398884,-0.18998507882753837,0.02114675493490574
WK194944,Sexbierum,2020,4.039435750300533,-0.06282910084315245,7.071888940629842e-4,0.06814612732309275,0.04136675550910669,-0.20242083234647965,0.029371659777064536
WK194944,Sexbierum,2022,4.043168607647441,-0.059096243496243664,-0.004895114868900448,0.051803209767253264,0.031119264820903526,-0.1831430466941385,0.0460194434786382
WK194945,Skingen,2002,4.1665613752409,0.06429652409721508,NA,NA,NA,NA,NA
WK194945,Skingen,2008,4.200565992706266,0.09830114156258,NA,NA,NA,NA,NA
WK194945,Skingen,2012,4.219200941632991,0.11693609048930581,NA,NA,NA,NA,NA
WK194945,Skingen,2014,4.294367680622707,0.1921028294790221,-0.008611669912863206,0.14580208054858548,0.1583742058451925,-0.2278696559553426,0.12440786895344988
WK194945,Skingen,2016,4.327320744330942,0.22505589318725716,NA,NA,NA,NA,NA
WK194945,Skingen,2018,4.291278194217125,0.18901334307344014,-0.008606177528350634,0.1510168895986573,0.14057719445500558,-0.2244428210682198,0.1304682576163475
WK194945,Skingen,2020,4.2593404429602755,0.1570755918165899,-0.01973132650088473,0.1456852976909326,0.1318179044013291,-0.23270675777099245,0.13201047399620505
WK194945,Skingen,2022,4.275633814294928,0.17336896315124348,-0.029978279336057803,0.14302438361524858,0.14214458374367178,-0.2196473964849099,0.13782567161329065
WK194946,Slappeterp,2002,4.164449336225226,0.06218448508154074,NA,NA,NA,NA,NA
WK194946,Slappeterp,2008,4.126751813938022,0.024486962794336924,NA,NA,NA,NA,NA
WK194946,Slappeterp,2012,4.143836758624599,0.04157190748091381,NA,NA,NA,NA,NA
WK194946,Slappeterp,2014,4.196351887804122,0.09408703666043686,-0.043495197338992014,0.10595503012756766,0.1376519327084949,-0.23899184683146837,0.13296711799483424
WK194946,Slappeterp,2016,4.230747321730968,0.12848247058728285,NA,NA,NA,NA,NA
WK194946,Slappeterp,2018,4.214653999579049,0.11238914843536436,-0.03534320256397995,0.1354972745810396,0.12152022562033997,-0.23789362018545707,0.12860847098342154
WK194946,Slappeterp,2020,4.166727133782705,0.06446228263901999,-0.04366770146758548,0.11036256932523934,0.12203089653595918,-0.24769459589692727,0.12343111414233371
WK194946,Slappeterp,2022,4.191206133503696,0.08894128236001109,-0.05433109430605968,0.13734337329472998,0.11171227773161907,-0.23477375786777524,0.12899048350749678
WK194947,Spannum,2002,4.072480599851189,-0.029784251292495765,NA,NA,NA,NA,NA
WK194947,Spannum,2008,4.082280853490974,-0.019983997652711586,NA,NA,NA,NA,NA
WK194947,Spannum,2012,4.159877770151857,0.05761291900817171,NA,NA,NA,NA,NA
WK194947,Spannum,2014,4.181477855296896,0.07921300415321095,0.0030502688657264303,0.13725077108711947,0.09695357722678818,-0.23303791396704038,0.07499630094061696
WK194947,Spannum,2016,4.241215121607882,0.13895027046419717,NA,NA,NA,NA,NA
WK194947,Spannum,2018,4.233198072621103,0.13093322147741748,0.013915233950659129,0.13841586299649333,0.10533575821798817,-0.2342303914440671,0.10749675775634349
WK194947,Spannum,2020,4.206423898080454,0.10415904693676858,-0.012961683782811213,0.13682463780505313,0.10759212019838726,-0.23570080386003525,0.10840477657617428
WK194947,Spannum,2022,4.179437476273093,0.07717262512940747,-0.012383499341048614,0.12189747538420605,0.09074771854225468,-0.23757696731893888,0.11448789786293398
WK194948,Tzum,2002,3.9959753959867155,-0.10628945515697018,NA,NA,NA,NA,NA
WK194948,Tzum,2008,4.002968039098239,-0.09929681204544623,NA,NA,NA,NA,NA
WK194948,Tzum,2012,4.015048156100223,-0.0872166950434626,NA,NA,NA,NA,NA
WK194948,Tzum,2014,4.026454670924691,-0.07581018021899412,-0.014275298245782914,0.07344297158845703,0.046748467174259296,-0.23389125624912627,0.052164935513198465
WK194948,Tzum,2016,4.080587829888371,-0.021677021255314646,NA,NA,NA,NA,NA
WK194948,Tzum,2018,4.069554596674453,-0.032710254469231814,0.013402864263151668,0.08466378093207327,0.047063979211186546,-0.23404941282498404,0.05620853394934047
WK194948,Tzum,2020,4.058686547510294,-0.043578303633391,-8.654517009929617e-4,0.0828439772248526,0.055511333586440274,-0.23385204339304658,0.052783880649355394
WK194948,Tzum,2022,4.059862951157286,-0.042401899986398636,-0.007122525823885111,0.09357967792419825,0.03834532642183215,-0.23297979490464676,0.06577541639610257
WK194949,Tzummarum,2002,4.073864241987095,-0.02840060915659072,NA,NA,NA,NA,NA
WK194949,Tzummarum,2008,4.13980025283395,0.03753540169026477,NA,NA,NA,NA,NA
WK194949,Tzummarum,2012,4.146767411931225,0.04450256078753937,NA,NA,NA,NA,NA
WK194949,Tzummarum,2014,4.086829459201514,-0.015435391942170707,0.013477890915047712,0.06221083625119284,0.05400841752393479,-0.1999787330855203,0.05484619645317399
WK194949,Tzummarum,2016,4.122184370893921,0.01991951975023517,NA,NA,NA,NA,NA
WK194949,Tzummarum,2018,4.088936806285382,-0.013328044858303583,0.00918601819509253,0.08572541866618344,0.049440756140794004,-0.21498960504211057,0.057309367181736716
WK194949,Tzummarum,2020,4.086066860819014,-0.016197990324670952,-0.00995924852284512,0.09915173480665895,0.05568999156938217,-0.2184781746727081,0.057397706494840876
WK194949,Tzummarum,2022,4.098814666760709,-0.0034501843829759966,-0.010621882480545776,0.08956260844730396,0.04462440387246455,-0.20063120246838617,0.07361588824618714
WK194950,Vrouwenparochie,2002,3.9942935246502977,-0.10797132649338738,NA,NA,NA,NA,NA
WK194950,Vrouwenparochie,2008,4.030001052493954,-0.07226379864973133,NA,NA,NA,NA,NA
WK194950,Vrouwenparochie,2012,4.0356490901723765,-0.06661576097130875,NA,NA,NA,NA,NA
WK194950,Vrouwenparochie,2014,4.021949394321985,-0.08031545682170013,0.005177095325200214,0.040642892591238454,0.05826432659329696,-0.1887045381838433,0.00430476685240736
WK194950,Vrouwenparochie,2016,4.079773148853057,-0.02249170229062768,NA,NA,NA,NA,NA
WK194950,Vrouwenparochie,2018,4.060204042699547,-0.04206080844413862,0.017100392559739663,0.027536418551769033,0.04187221230341761,-0.19099367136698894,0.062423839507923726
WK194950,Vrouwenparochie,2020,4.042162833809536,-0.0601020173341493,5.996567712239703e-4,0.03741767050376107,0.03732588550588235,-0.2038713855617915,0.06842615544677452
WK194950,Vrouwenparochie,2022,4.115488893441698,0.013224042298012887,0.0034912682720743536,0.061902715565229686,0.05458518577023041,-0.19057880008244216,0.08382367277292029
WK194951,Westhoek,2002,4.199553710085399,0.09728885894171435,NA,NA,NA,NA,NA
WK194951,Westhoek,2008,4.187419225477614,0.08515437433392833,NA,NA,NA,NA,NA
WK194951,Westhoek,2012,4.1765392020117185,0.07427435086803333,NA,NA,NA,NA,NA
WK194951,Westhoek,2014,4.2007914830426625,0.09852663189897726,0.03112780224819737,0.11672718476028013,0.13462982035123527,-0.2655128237533936,0.08155464829265778
WK194951,Westhoek,2016,4.205274800963711,0.1030099498200256,NA,NA,NA,NA,NA
WK194951,Westhoek,2018,4.145802887616525,0.043538036472839665,0.04265341360350456,0.06354949504735798,0.09542514301270523,-0.26456490478046363,0.10647488958973507
WK194951,Westhoek,2020,4.155854522709283,0.05358967156559683,0.017059156074469593,0.10129558231483336,0.09962505615875542,-0.27117943798597716,0.10678931500351543
WK194951,Westhoek,2022,4.219654752918171,0.11738990177448526,0.014529287722086838,0.12185492266510385,0.10726995313585512,-0.2735426045060882,0.1472783427575272
WK194952,Wier,2002,4.0296245490934295,-0.07264030205025611,NA,NA,NA,NA,NA
WK194952,Wier,2008,4.046470001659404,-0.05579484948428094,NA,NA,NA,NA,NA
WK194952,Wier,2012,4.058952394818301,-0.043312456325384205,NA,NA,NA,NA,NA
WK194952,Wier,2014,4.180603650740073,0.07833879959638737,0.047713979603234445,0.082720533065432,0.10343024471887854,-0.23886791545670644,0.08334195766554854
WK194952,Wier,2016,4.126600366852436,0.024335515708750616,NA,NA,NA,NA,NA
WK194952,Wier,2018,4.0988161701968915,-0.0034486809467934973,0.041430642909877635,6.235447784524665e-4,0.09548205651378149,-0.24024682203244746,0.09926189688354208
WK194952,Wier,2020,4.130860655180695,0.02859580403700917,0.024955441708885685,0.06528252488120968,0.08345121710298468,-0.24802657413268878,0.10293319447661763
WK194952,Wier,2022,4.189215648229079,0.0869507970853937,0.037398320208183684,0.11277464063139847,0.07514434558144152,-0.24254602906576112,0.10417951973013063
WK194953,Winsum,2002,4.028365067969935,-0.07389978317374925,NA,NA,NA,NA,NA
WK194953,Winsum,2008,4.0377758318401895,-0.06448901930349633,NA,NA,NA,NA,NA
WK194953,Winsum,2012,4.0565001702710575,-0.04576468087262734,NA,NA,NA,NA,NA
WK194953,Winsum,2014,4.065819221726517,-0.036445629417167724,0.024052265688036038,0.07572461147109479,0.056166348594439135,-0.19707901583520593,0.0046901606644680046
WK194953,Winsum,2016,4.097169541250406,-0.005095309893278958,NA,NA,NA,NA,NA
WK194953,Winsum,2018,4.150537793497121,0.04827294235343564,0.025630291986945362,0.10600380477702645,0.07008734657431227,-0.19896858948377893,0.04552008849893022
WK194953,Winsum,2020,4.110972409920399,0.0087075587767142509,0.013590400372381371,0.08121935307423778,0.06527883001466601,-0.20067873983515588,0.04929771515058462
WK194953,Winsum,2022,4.107319600617324,0.005054749473639242,0.0191805264586297,0.07551055790076511,0.04477964702311307,-0.18923468534530302,0.0548187034364342
WK194954,Wjelsryp,2002,4.167085782306649,0.06482093116296352,NA,NA,NA,NA,NA
WK194954,Wjelsryp,2008,4.155449127440246,0.05318427629656041,NA,NA,NA,NA,NA
WK194954,Wjelsryp,2012,4.138134283913937,0.035869432770251564,NA,NA,NA,NA,NA
WK194954,Wjelsryp,2014,4.123685510935971,0.021420659792285884,-0.012276666279951557,0.12809660944034487,0.08926416260417093,-0.22640529928221464,0.04274185330993602
WK194954,Wjelsryp,2016,4.201749356548863,0.09948450540517757,NA,NA,NA,NA,NA
WK194954,Wjelsryp,2018,4.193035371221428,0.0907705200777429,-0.006627997011406979,0.1344198299637495,0.10774484493426584,-0.22860487223958978,0.08383871443072415
WK194954,Wjelsryp,2020,4.171400006352525,0.06913515520883942,-0.021967532052649574,0.13667233059821626,0.10080275963201939,-0.2303292237122946,0.0839568207435477
WK194954,Wjelsryp,2022,4.137342301680986,0.035077450537301214,-0.02979214422433509,0.11806627265918686,0.07873863041423823,-0.22411764542087012,0.09218233710908098
WK194955,Zweins,2002,4.035982862415078,-0.06628198872860824,NA,NA,NA,NA,NA
WK194955,Zweins,2008,4.1532832693725465,0.05101841822886068,NA,NA,NA,NA,NA
WK194955,Zweins,2012,4.16966165483625,0.06739680369256461,NA,NA,NA,NA,NA
WK194955,Zweins,2014,4.1690708495192395,0.06680599837555368,-0.030830988277661734,0.10092310846159513,0.11627701794452198,-0.21987118700261543,0.1003080472497132
WK194955,Zweins,2016,4.131248721942165,0.028983870798480305,NA,NA,NA,NA,NA
WK194955,Zweins,2018,4.220771024259779,0.11850617311609372,-0.008780335163467372,0.11967074877381888,0.12079331853595532,-0.21871057070024,0.10553301167002682
WK194955,Zweins,2020,4.169155385324943,0.06689053418125779,-0.03884107876519103,0.11585804085720275,0.11139762715495398,-0.2272259966426179,0.10570194157690967
WK194955,Zweins,2022,4.188470592180544,0.08620574103685867,-0.03909846907093765,0.1138702124274351,0.1095642098821636,-0.21666194018724613,0.11853172798544316
WK195000,Wijk 00 Bellingwolde,2002,4.111684617200784,0.009419766057098693,NA,NA,NA,NA,NA
WK195000,Wijk 00 Bellingwolde,2008,4.093998341539184,-0.008266509604502049,NA,NA,NA,NA,NA
WK195000,Wijk 00 Bellingwolde,2012,4.111408190564438,0.009143339420752612,NA,NA,NA,NA,NA
WK195000,Wijk 00 Bellingwolde,2014,4.143018283407559,0.040753432263873984,0.052627159788220225,0.0867862725844911,0.07646203773122788,-0.24470650144743433,0.06958446360736878
WK195000,Wijk 00 Bellingwolde,2016,4.142163556411513,0.03989870526782802,NA,NA,NA,NA,NA
WK195000,Wijk 00 Bellingwolde,2018,4.15442082805341,0.05215597690972501,0.0524146650555574,0.08801746831388794,0.07201561474337294,-0.2385968883539142,0.07830511715082064
WK195000,Wijk 00 Bellingwolde,2020,4.124722551049976,0.022457699906290533,0.04780254005993281,0.09027424607275454,0.05852575406742219,-0.2405455255308796,0.0664006852370603
WK195000,Wijk 00 Bellingwolde,2022,4.1384185809487315,0.03615372980504607,0.05258644458818212,0.07966222566763904,0.0646608152034864,-0.23830918872100276,0.07755343306674102
WK195001,Wijk 01 Oost,2002,4.154408088926223,0.05214323778253753,NA,NA,NA,NA,NA
WK195001,Wijk 01 Oost,2008,4.11998193797281,0.017717086829124266,NA,NA,NA,NA,NA
WK195001,Wijk 01 Oost,2012,4.117692915441288,0.015428064297602481,NA,NA,NA,NA,NA
WK195001,Wijk 01 Oost,2014,4.15853923702906,0.05627438588537466,0.05871126889727391,0.08252826869745059,0.1092928355801642,-0.28283885801530173,0.0885808707257874
WK195001,Wijk 01 Oost,2016,4.169205618949559,0.06694076780587366,NA,NA,NA,NA,NA
WK195001,Wijk 01 Oost,2018,4.1542798878544565,0.05201503671077121,0.06433415434442273,0.07413515664982272,0.09754505957833376,-0.2731194007418818,0.0891200668800734
WK195001,Wijk 01 Oost,2020,4.1417944326486085,0.039529581504922806,0.0580914790403157,0.08359329785361803,0.08256604442539962,-0.27444954623893164,0.08972830642452077
WK195001,Wijk 01 Oost,2022,4.128158272746851,0.025893421603165462,0.04814224359430929,0.07925495820344053,0.08753598265170259,-0.2778623174114534,0.0888225545651662
WK195002,Wijk 02 Blijham,2002,4.170864912419297,0.06860006127561215,NA,NA,NA,NA,NA
WK195002,Wijk 02 Blijham,2008,4.132999690423411,0.030734839279725666,NA,NA,NA,NA,NA
WK195002,Wijk 02 Blijham,2012,4.143865440978047,0.0416005898343619,NA,NA,NA,NA,NA
WK195002,Wijk 02 Blijham,2014,4.157670283455987,0.05540543231230179,0.046026770349906786,0.09109286374637238,0.068050118584477,-0.2190421161789645,0.06927779581050986
WK195002,Wijk 02 Blijham,2016,4.178663536838788,0.07639868569510275,NA,NA,NA,NA,NA
WK195002,Wijk 02 Blijham,2018,4.183086000667908,0.08082114952422281,0.048332288893602124,0.10085150010073468,0.06780090775042262,-0.20661815641294312,0.07045460919240622
WK195002,Wijk 02 Blijham,2020,4.159183072438668,0.056918221294982356,0.04064040354843718,0.09356169438802919,0.052475599178059794,-0.19798626308465767,0.06822678726511353
WK195002,Wijk 02 Blijham,2022,4.156313285792744,0.0540484346490587,0.03827473194065744,0.09767287762557789,0.058848948533630485,-0.20958974979859882,0.06884162634779145
WK195003,Wijk 03 Sellingen,2002,4.149569122320781,0.04730427117709585,NA,NA,NA,NA,NA
WK195003,Wijk 03 Sellingen,2008,4.095330193429631,-0.006934657714054443,NA,NA,NA,NA,NA
WK195003,Wijk 03 Sellingen,2012,4.116523450334268,0.014258599190582259,NA,NA,NA,NA,NA
WK195003,Wijk 03 Sellingen,2014,4.106830478159796,0.00456562701611082,0.0680426407057831,0.059972994044374325,0.0865264275496438,-0.24304519065255784,0.03306875536886708
WK195003,Wijk 03 Sellingen,2016,4.118996653037341,0.016731801893655657,NA,NA,NA,NA,NA
WK195003,Wijk 03 Sellingen,2018,4.113693583711636,0.011428732567950545,0.07561612134110077,0.06744399186848694,0.08592554902643201,-0.2528025743521648,0.035245644684095336
WK195003,Wijk 03 Sellingen,2020,4.086621765226361,-0.015643085917324443,0.07496989221090497,0.0584156159361513,0.06531767929561824,-0.25096510723197124,0.0366188338719721
WK195003,Wijk 03 Sellingen,2022,4.116750706281678,0.014485855137993303,0.07507795392007673,0.08268433437713452,0.060569845161689735,-0.24490669478728805,0.04106041646638009
WK195004,Wijk 04 Vlagtwedde,2002,4.097988495509592,-0.004276355634093393,NA,NA,NA,NA,NA
WK195004,Wijk 04 Vlagtwedde,2008,4.097958303097085,-0.004306548046599443,NA,NA,NA,NA,NA
WK195004,Wijk 04 Vlagtwedde,2012,4.088385199900431,-0.013879651243254248,NA,NA,NA,NA,NA
WK195004,Wijk 04 Vlagtwedde,2014,4.08565424039365,-0.016610610750035542,0.06092542835345134,0.057260927911983,0.05741259694748753,-0.21857713287036468,0.026367568907406998
WK195004,Wijk 04 Vlagtwedde,2016,4.070879579768151,-0.031385271375534374,NA,NA,NA,NA,NA
WK195004,Wijk 04 Vlagtwedde,2018,4.071102075173469,-0.031162775970216366,0.07044196776319184,0.029977919409094108,0.0541024342028268,-0.2159103521719954,0.030225254826665986
WK195004,Wijk 04 Vlagtwedde,2020,4.046117435844063,-0.056147415299622326,0.0640155810937621,0.010395720869473745,0.04724321207253471,-0.2139103084879266,0.03610837915253348
WK195004,Wijk 04 Vlagtwedde,2022,4.058512201042546,-0.04375265010114021,0.06903194754238375,0.03127165311924937,0.042465158045152246,-0.22500948226161133,0.03848807345368548
WK195005,Wijk 05 Bourtange,2002,4.092907723245311,-0.009357127898373455,NA,NA,NA,NA,NA
WK195005,Wijk 05 Bourtange,2008,4.103148375446459,8.835243027734515e-4,NA,NA,NA,NA,NA
WK195005,Wijk 05 Bourtange,2012,4.182130428024542,0.07986557688085617,NA,NA,NA,NA,NA
WK195005,Wijk 05 Bourtange,2014,4.144147978872657,0.041883127728971646,0.049060673112387244,0.08106860912437484,0.09957737936696673,-0.25627854465778416,0.0684550107830267
WK195005,Wijk 05 Bourtange,2016,4.140347210650377,0.038082359506692316,NA,NA,NA,NA,NA
WK195005,Wijk 05 Bourtange,2018,4.136677597379883,0.034412746236197854,0.06811805151261503,0.05891281692824865,0.0952701740457135,-0.25426339032615375,0.06637509407577406
WK195005,Wijk 05 Bourtange,2020,4.0893636373483675,-0.012901213795317949,0.054835068502064585,0.04257009564655267,0.07970124633712569,-0.25964566381382703,0.06963803953276587
WK195005,Wijk 05 Bourtange,2022,4.109433228505253,0.00716837736156752,0.05714373140076553,0.06484421011623881,0.07315660809595999,-0.265155243247694,0.07717907099629695
WK195006,Wijk 06 Sellingerbeetse,2002,4.082009622118298,-0.020255229025386432,NA,NA,NA,NA,NA
WK195006,Wijk 06 Sellingerbeetse,2008,4.09560340893523,-0.006661442208455333,NA,NA,NA,NA,NA
WK195006,Wijk 06 Sellingerbeetse,2012,4.100924269260891,-0.0013405818827937524,NA,NA,NA,NA,NA
WK195006,Wijk 06 Sellingerbeetse,2014,4.112254417799583,0.009989566655897167,0.06027596094057639,0.0651019326300185,0.09892231048716246,-0.2738115122658428,0.05950087486398235
WK195006,Wijk 06 Sellingerbeetse,2016,4.114656129433823,0.012391278290137713,NA,NA,NA,NA,NA
WK195006,Wijk 06 Sellingerbeetse,2018,4.122637372919649,0.02037252177596342,0.07539432587486569,0.05544306909129101,0.1040452441042873,-0.2756854474334776,0.06117533013899675
WK195006,Wijk 06 Sellingerbeetse,2020,4.123122665895765,0.020857814752079346,0.06461805241901056,0.06630487570575941,0.09711665902557197,-0.27587818577079104,0.0686964133725282
WK195006,Wijk 06 Sellingerbeetse,2022,4.127737228547177,0.025472377403492077,0.06008797125130671,0.07814421124861927,0.08730238972308758,-0.2786426564702931,0.07858046165077133
WK195007,Wijk 07 Ter Apel,2002,4.038026265264062,-0.06423858587962335,NA,NA,NA,NA,NA
WK195007,Wijk 07 Ter Apel,2008,4.035429589103352,-0.06683526204033435,NA,NA,NA,NA,NA
WK195007,Wijk 07 Ter Apel,2012,4.013291792764546,-0.08897305837913927,NA,NA,NA,NA,NA
WK195007,Wijk 07 Ter Apel,2014,4.072445120342376,-0.029819730801309133,0.045379311325103554,0.03362705109427804,0.04787284765287119,-0.1446719458430552,-0.01202699503050697
WK195007,Wijk 07 Ter Apel,2016,4.043232548557621,-0.05903230258606381,NA,NA,NA,NA,NA
WK195007,Wijk 07 Ter Apel,2018,4.0441239303130425,-0.05814092083064293,0.052944826479585365,-0.004942002142428386,0.04158939217985389,-0.15091352267999097,0.00318038533233691
WK195007,Wijk 07 Ter Apel,2020,4.0254783104464495,-0.07678654069723559,0.04623289892218089,-0.007461578550481558,0.029943815811955064,-0.1486188838383419,0.0031172069574516795
WK195007,Wijk 07 Ter Apel,2022,4.037380842944425,-0.06488400819926056,0.04838599367584879,0.009123644813705516,0.01833668149013693,-0.15217948126188863,0.011449153082936538
WK195008,Wijk 08 Ter Wisch,2002,4.163298866665229,0.06103401552154353,NA,NA,NA,NA,NA
WK195008,Wijk 08 Ter Wisch,2008,4.163960351261401,0.06169550011771588,NA,NA,NA,NA,NA
WK195008,Wijk 08 Ter Wisch,2012,4.166294724456555,0.06402987331286913,NA,NA,NA,NA,NA
WK195008,Wijk 08 Ter Wisch,2014,4.202395414769221,0.10013056362553509,0.003299390789431679,0.07794021397300355,0.11988530680120559,-0.25014535153171774,0.1491510035936118
WK195008,Wijk 08 Ter Wisch,2016,4.222568007110182,0.12030315596649642,NA,NA,NA,NA,NA
WK195008,Wijk 08 Ter Wisch,2018,4.210828020757702,0.10856316961401617,0.02697480946900994,0.07142522317028495,0.11195787597756338,-0.2510330310802503,0.14923829207740766
WK195008,Wijk 08 Ter Wisch,2020,4.1793141735651345,0.07704932242144898,0.004398598297590054,0.07264944012151242,0.10720988457970629,-0.2500663608293356,0.14285776025197555
WK195008,Wijk 08 Ter Wisch,2022,4.173467176857845,0.07120232571416041,-0.00141122001657312,0.07293931592240013,0.10173715735409183,-0.25270086420451876,0.15063793665876
WK195009,Wijk 09 de Maten,2002,4.154129205742721,0.05186435459903503,NA,NA,NA,NA,NA
WK195009,Wijk 09 de Maten,2008,4.087210693364604,-0.015054157779081591,NA,NA,NA,NA,NA
WK195009,Wijk 09 de Maten,2012,4.074339396908351,-0.027925454235333883,NA,NA,NA,NA,NA
WK195009,Wijk 09 de Maten,2014,4.137587427339681,0.03532257619599576,-0.013375211023873748,0.078941838887004,0.08353942991678572,-0.18816977231097723,0.07438629072705685
WK195009,Wijk 09 de Maten,2016,4.13222017923635,0.029955328092664806,NA,NA,NA,NA,NA
WK195009,Wijk 09 de Maten,2018,4.156798534375925,0.05453368323223928,0.004448375603816389,0.05482683504962137,0.11228666332284092,-0.18605859023384366,0.06903039948980384
WK195009,Wijk 09 de Maten,2020,4.118407618705158,0.016142767561472912,-0.0030560467577321862,0.03653550361940939,0.09737925302662932,-0.183027770429043,0.06831182810220919
WK195009,Wijk 09 de Maten,2022,4.185544776959274,0.08327992581558845,0.00338641053823065,0.09725734995546721,0.093246793720398,-0.18419303156387912,0.07358240316537112
WK195201,Foxham en Hoogezand-Noord,2002,4.004846975467252,-0.09741787567643274,NA,NA,NA,NA,NA
WK195201,Foxham en Hoogezand-Noord,2008,4.024250630785271,-0.07801422035841442,NA,NA,NA,NA,NA
WK195201,Foxham en Hoogezand-Noord,2012,4.019059451975908,-0.08320539916777764,NA,NA,NA,NA,NA
WK195201,Foxham en Hoogezand-Noord,2014,4.020950890714683,-0.0813139604290016,0.016686526571918124,-0.02144140515366565,-0.01338799461774814,-0.04179678451716489,-0.021374302712341323
WK195201,Foxham en Hoogezand-Noord,2016,4.04631609411707,-0.055948757026615614,NA,NA,NA,NA,NA
WK195201,Foxham en Hoogezand-Noord,2018,4.024646969314931,-0.07761788182875468,0.022282229082283226,-0.028411377155949415,-0.01826332611642493,-0.03696633827410478,-0.01625906936455906
WK195201,Foxham en Hoogezand-Noord,2020,4.036565136754136,-0.06569971438954925,0.021830231403788876,-0.0430250108911127,-0.02309396897677639,-0.025987952733576476,0.00457698680812716
WK195201,Foxham en Hoogezand-Noord,2022,3.9967643412473515,-0.1055005098963338,0.021287673650051978,-0.06185334325848831,-0.027149555325125745,-0.027319235952697005,-0.01046604901007502
WK195202,Hoogezand-Zuid,2002,3.876334683429442,-0.2259301677142436,NA,NA,NA,NA,NA
WK195202,Hoogezand-Zuid,2008,3.8751503857140954,-0.22711446542958968,NA,NA,NA,NA,NA
WK195202,Hoogezand-Zuid,2012,3.893127099758205,-0.20913775138548002,NA,NA,NA,NA,NA
WK195202,Hoogezand-Zuid,2014,3.8929202954297004,-0.20934455571398505,0.03973391800636722,-0.10855711048364071,-0.02562276605928937,-0.05019085678067738,-0.06470774039674507
WK195202,Hoogezand-Zuid,2016,3.920296222360218,-0.18196862878346784,NA,NA,NA,NA,NA
WK195202,Hoogezand-Zuid,2018,3.9152539642323423,-0.1870108869113431,0.030192070908345473,-0.09322964716949879,-0.02571505030523059,-0.04400904700915492,-0.054249213335804534
WK195202,Hoogezand-Zuid,2020,3.9373665792561723,-0.16489827188751252,0.03196674913683202,-0.08915128650692085,-0.03163820443579264,-0.04053929659540434,-0.035536233486226955
WK195202,Hoogezand-Zuid,2022,3.94043925579545,-0.16182559534823504,0.03557613331702008,-0.09236115036747201,-0.02657325295098421,-0.04536743485720563,-0.033099890489593525
WK195203,Kalkwijk,2002,4.162066492130138,0.059801640986452256,NA,NA,NA,NA,NA
WK195203,Kalkwijk,2008,4.172101521768844,0.06983667062515832,NA,NA,NA,NA,NA
WK195203,Kalkwijk,2012,4.204224139272498,0.10195928812881319,NA,NA,NA,NA,NA
WK195203,Kalkwijk,2014,4.202244543938735,0.09997969279504977,0.04163503640179225,0.01305592270599225,0.06989003529768661,-0.06359143916195835,0.03899013755153682
WK195203,Kalkwijk,2016,4.225009551260594,0.12274470011690884,NA,NA,NA,NA,NA
WK195203,Kalkwijk,2018,4.2136404531396,0.11137560199591526,0.040454007610963814,0.04747720461726898,0.06368996439005349,-0.062093196609477805,0.021847621987106543
WK195203,Kalkwijk,2020,4.22885152879793,0.12658667765424436,0.0390040267856888,0.054669678953843066,0.05819256350487902,-0.05514520564735595,0.029865614057189148
WK195203,Kalkwijk,2022,4.238330272484659,0.13606542134097385,0.04328389373241975,0.06386708776048873,0.05651221078992636,-0.056421943677747124,0.028824172735885865
WK195204,Sappemeer,2002,4.049170674856907,-0.0530941762867774,NA,NA,NA,NA,NA
WK195204,Sappemeer,2008,4.049292225185826,-0.05297262595785916,NA,NA,NA,NA,NA
WK195204,Sappemeer,2012,4.059575167298064,-0.04268968384562119,NA,NA,NA,NA,NA
WK195204,Sappemeer,2014,4.068884689700094,-0.033380161443591426,0.027524411445408223,0.0016466739362040034,0.015163610026031936,-0.09154136168635232,0.013826504835116488
WK195204,Sappemeer,2016,4.073580250551471,-0.028684600592214952,NA,NA,NA,NA,NA
WK195204,Sappemeer,2018,4.071488027906767,-0.03077682323691841,0.026072648298639995,0.015536062366216841,0.009929955642216621,-0.09246146389639083,0.010145974352398666
WK195204,Sappemeer,2020,4.095030975998421,-0.0072338751452639145,0.021408295197016907,0.02519342306135367,0.0029279868890831357,-0.08091352886342812,0.024149948570710206
WK195204,Sappemeer,2022,4.117368965145044,0.015104114001358708,0.024506423254640624,0.044840336863046136,0.009186777044399857,-0.08543612392291342,0.02200670076218522
WK195205,Kiel-Windeweer,2002,4.319389726223524,0.21712487507983871,NA,NA,NA,NA,NA
WK195205,Kiel-Windeweer,2008,4.301114519910566,0.198849668766881,NA,NA,NA,NA,NA
WK195205,Kiel-Windeweer,2012,4.273616173612356,0.17135132246867057,NA,NA,NA,NA,NA
WK195205,Kiel-Windeweer,2014,4.292042482036599,0.18977763089291377,0.02384896610840717,0.10679343315536208,0.13691866988651236,-0.18985808546993982,0.11207464721257188
WK195205,Kiel-Windeweer,2016,4.287368230608284,0.18510337946459904,NA,NA,NA,NA,NA
WK195205,Kiel-Windeweer,2018,4.261162900326483,0.1588980491827985,0.02774490846769706,0.08138153208309469,0.1233601355340709,-0.18877575621172701,0.11518722930966263
WK195205,Kiel-Windeweer,2020,4.231136702126673,0.12887185098298778,0.019519626646570126,0.07858606040508691,0.0979924485079501,-0.18353968372926524,0.11631339915264562
WK195205,Kiel-Windeweer,2022,4.208776311957907,0.1065114608142215,0.02270679900155274,0.07245091762073232,0.09103433036984174,-0.18953884003622726,0.10985825385832167
WK195206,Kropswolde,2002,4.223058274622633,0.12079342347894803,NA,NA,NA,NA,NA
WK195206,Kropswolde,2008,4.262972609338132,0.1607077581944471,NA,NA,NA,NA,NA
WK195206,Kropswolde,2012,4.237784958257722,0.13552010711403648,NA,NA,NA,NA,NA
WK195206,Kropswolde,2014,4.301628124308136,0.1993632731644511,0.08293979570262641,0.08467214032010173,0.10334291195832025,-0.1465897220922092,0.07499814727561165
WK195206,Kropswolde,2016,4.296107121562222,0.1938422704185365,NA,NA,NA,NA,NA
WK195206,Kropswolde,2018,4.289010387116513,0.1867455359728279,0.08794576367377499,0.07223147335175122,0.08984168849988096,-0.1407002837193074,0.07742689416672775
WK195206,Kropswolde,2020,4.271108996488556,0.16884414534487058,0.07629820462598791,0.06019772833668003,0.08537389793025572,-0.13477584129925724,0.0817501557512039
WK195206,Kropswolde,2022,4.264097771024871,0.16183291988118564,0.07147207437522393,0.06992262872683694,0.0808116531847069,-0.14595170539326344,0.08557826898768103
WK195207,Foxhol,2002,3.925067805793572,-0.17719704535011266,NA,NA,NA,NA,NA
WK195207,Foxhol,2008,4.007445595859614,-0.09481925528407167,NA,NA,NA,NA,NA
WK195207,Foxhol,2012,4.039414918697349,-0.06284993244633609,NA,NA,NA,NA,NA
WK195207,Foxhol,2014,4.00931639387967,-0.09294845726401461,0.008570375948476086,-0.025934962041733095,0.01917243342611338,-0.08151719411256346,-0.013239110484307735
WK195207,Foxhol,2016,4.012738502786585,-0.08952634835709967,NA,NA,NA,NA,NA
WK195207,Foxhol,2018,4.049772414583737,-0.05249243655994845,0.017100733085043816,-0.02442276921756867,0.01672942660031478,-0.06104553078010421,-8.542962476345269e-4
WK195207,Foxhol,2020,4.037724860075838,-0.06453999106784708,0.009026235106673284,-0.021060986895286925,0.009697097793419594,-0.07905748787301378,0.016855150800360513
WK195207,Foxhol,2022,3.9757797080568,-0.12648514308688547,-0.012176986564377686,-0.03388013908069217,0.004876898884457603,-0.09409564642421428,0.00879073009794077
WK195208,Westerbroek en Waterhuizen,2002,4.174530543346336,0.07226569220265061,NA,NA,NA,NA,NA
WK195208,Westerbroek en Waterhuizen,2008,4.189823935690033,0.08755908454634691,NA,NA,NA,NA,NA
WK195208,Westerbroek en Waterhuizen,2012,4.179945964167847,0.0776811130241619,NA,NA,NA,NA,NA
WK195208,Westerbroek en Waterhuizen,2014,4.183584117822534,0.08131926667884842,0.029205263733955787,0.061236805887506296,0.07701233159584386,-0.15100668590625377,0.064871551367796
WK195208,Westerbroek en Waterhuizen,2016,4.206476106635907,0.1042112554922207,NA,NA,NA,NA,NA
WK195208,Westerbroek en Waterhuizen,2018,4.189425488617961,0.08716063747427633,0.038194747965313046,0.06389737649576989,0.06736756347740058,-0.14716604020753093,0.06486698974332351
WK195208,Westerbroek en Waterhuizen,2020,4.1706145703807795,0.06834971923709421,0.02877963145560634,0.047295721045356114,0.06648962087628062,-0.1387892188014405,0.06457396466129137
WK195208,Westerbroek en Waterhuizen,2022,4.19889113723991,0.09662628609622496,0.03029183608926316,0.0791798646675749,0.06367594267288718,-0.1433167703390583,0.06679541300555773
WK195209,"Harkstede, Scharmer en Woudbloem",2002,4.1199087252970035,0.017643874153318577,NA,NA,NA,NA,NA
WK195209,"Harkstede, Scharmer en Woudbloem",2008,4.140322789977361,0.03805793883367651,NA,NA,NA,NA,NA
WK195209,"Harkstede, Scharmer en Woudbloem",2012,4.159348369013142,0.0570835178694574,NA,NA,NA,NA,NA
WK195209,"Harkstede, Scharmer en Woudbloem",2014,4.2195994893158195,0.11733463817213448,0.05141689391274882,0.08114649073386337,0.08649550240094153,-0.154375754684213,0.05265150580879358
WK195209,"Harkstede, Scharmer en Woudbloem",2016,4.237016366684616,0.1347515155409306,NA,NA,NA,NA,NA
WK195209,"Harkstede, Scharmer en Woudbloem",2018,4.2198407132946825,0.11757586215099708,0.05695810223587504,0.08061680129222479,0.07848555714291235,-0.14922636213630236,0.05074176361628696
WK195209,"Harkstede, Scharmer en Woudbloem",2020,4.200303420946345,0.09803856980266054,0.04192421663116299,0.07703047619446084,0.07058323932977657,-0.1436208179684292,0.05212145561568907
WK195209,"Harkstede, Scharmer en Woudbloem",2022,4.20606451771886,0.10379966657517463,0.04973600058404639,0.07379642583865775,0.06742431289260405,-0.14593404891796458,0.05877697617783067
WK195210,Kolham,2002,4.139443432130226,0.03717858098654036,NA,NA,NA,NA,NA
WK195210,Kolham,2008,4.125526795432875,0.023261944289189426,NA,NA,NA,NA,NA
WK195210,Kolham,2012,4.13052795085363,0.02826309970994502,NA,NA,NA,NA,NA
WK195210,Kolham,2014,4.2161289011957255,0.1138640500520399,0.026187708112923314,0.0909323333723411,0.08016696692448791,-0.13697998872072942,0.05355703036301672
WK195210,Kolham,2016,4.2271168077369525,0.12485195659326755,NA,NA,NA,NA,NA
WK195210,Kolham,2018,4.197987941201567,0.09572309005788206,0.02233531565141464,0.0742294873410296,0.07680576444207719,-0.1318905930918075,0.05424311571516783
WK195210,Kolham,2020,4.159317125998741,0.057052274855056394,0.01580157994993349,0.05729181148168897,0.055711038478129436,-0.1308953555175744,0.059143200462878666
WK195210,Kolham,2022,4.136176945990502,0.03391209484681678,-0.005020066158112442,0.05982705989861894,0.05149934190789126,-0.13554423141962144,0.06314999061804022
WK195211,Froombosch,2002,4.08032685647775,-0.021937994665934664,NA,NA,NA,NA,NA
WK195211,Froombosch,2008,4.081981731764964,-0.020283119378720967,NA,NA,NA,NA,NA
WK195211,Froombosch,2012,4.092748560594762,-0.009516290548923393,NA,NA,NA,NA,NA
WK195211,Froombosch,2014,4.148073868982328,0.04580901783864248,0.020856950584061725,0.059323907877300894,0.0910687716367676,-0.17974019615544853,0.05429958389596054
WK195211,Froombosch,2016,4.205729614567954,0.10346476342426816,NA,NA,NA,NA,NA
WK195211,Froombosch,2018,4.1728636804701615,0.07059882932647624,0.023689337829870677,0.0860329610806345,0.08900080548931966,-0.17660298802344493,0.04847871295009608
WK195211,Froombosch,2020,4.168152647774993,0.06588779663130728,0.018457836988436765,0.0829251058252423,0.08295398446706378,-0.17363205930849726,0.05518292865906137
WK195211,Froombosch,2022,4.165525288353658,0.06326043720997322,0.021348949866089994,0.07419550132199296,0.08018199180498828,-0.17629698603308855,0.06383098024999018
WK195212,Slochteren,2002,4.10477018642632,0.0025053352826350543,NA,NA,NA,NA,NA
WK195212,Slochteren,2008,4.057242268064797,-0.04502258307888865,NA,NA,NA,NA,NA
WK195212,Slochteren,2012,4.093199637396206,-0.00906521374747866,NA,NA,NA,NA,NA
WK195212,Slochteren,2014,4.131154699865361,0.02888984872167501,0.045290533073935615,0.06405371511123589,0.05577831480341779,-0.18654259843799387,0.050309884171079296
WK195212,Slochteren,2016,4.1796851422706665,0.07742029112698172,NA,NA,NA,NA,NA
WK195212,Slochteren,2018,4.134204019235581,0.03193916809189491,0.04487700751651227,0.06352100852353505,0.05579548328695805,-0.18366974112814655,0.05141540989303567
WK195212,Slochteren,2020,4.099411854400597,-0.0028529967430877194,0.03778360317975592,0.03537125750441911,0.0496839803844681,-0.17820786271836758,0.052516024906636566
WK195212,Slochteren,2022,4.114275572603321,0.012010721459635729,0.0396041009539326,0.05693557406678511,0.04695513157550747,-0.18504150583893625,0.05355742070234654
WK195213,Schildwolde,2002,4.099293492279524,-0.0029713588641612147,NA,NA,NA,NA,NA
WK195213,Schildwolde,2008,4.070404238655334,-0.03186061248835116,NA,NA,NA,NA,NA
WK195213,Schildwolde,2012,4.1070152535309346,0.004750402387249217,NA,NA,NA,NA,NA
WK195213,Schildwolde,2014,4.167469294225117,0.0652044430814315,0.0359563573296387,0.08121129355112205,0.07393845446398652,-0.19074333659863013,0.06484167433531413
WK195213,Schildwolde,2016,4.1649786135462,0.06271376240251512,NA,NA,NA,NA,NA
WK195213,Schildwolde,2018,4.155241159049386,0.05297630790570123,0.03539965987087191,0.07024882504146777,0.06804490616963173,-0.18805036099224698,0.0673332778159765
WK195213,Schildwolde,2020,4.1753832570318234,0.0731184058881382,0.026863300214858606,0.0841837585594038,0.07115532367640705,-0.17756741863211717,0.06848344206958566
WK195213,Schildwolde,2022,4.167935192346828,0.06567034120314336,0.030227950244889994,0.09079398516920206,0.0692335536854147,-0.1938397493118086,0.0692546014154449
WK195214,Hellum,2002,4.170348527790508,0.06808367664682229,NA,NA,NA,NA,NA
WK195214,Hellum,2008,4.132970682961985,0.030705831818300024,NA,NA,NA,NA,NA
WK195214,Hellum,2012,4.167458085234778,0.06519323409109272,NA,NA,NA,NA,NA
WK195214,Hellum,2014,4.246687667628226,0.14442281648454103,0.031136275232537543,0.1026686158118723,0.10563627353804837,-0.2064730385163107,0.11145469041839329
WK195214,Hellum,2016,4.2640527502800865,0.1617878991364012,NA,NA,NA,NA,NA
WK195214,Hellum,2018,4.2146580034837475,0.11239315234006182,0.03931728876821233,0.07544264817028379,0.08976606270271717,-0.20539066721615426,0.11325781991500262
WK195214,Hellum,2020,4.222984267512179,0.12071941636849337,0.023532492546002762,0.09475251049317439,0.0869107317303761,-0.1957734634575872,0.11129714505652691
WK195214,Hellum,2022,4.2093153684884825,0.10705051734479727,0.014376466529858078,0.11097529606913237,0.08042010365639826,-0.21426058661845526,0.11553923770786355
WK195215,Siddeburen,2002,4.07446351676491,-0.027801334378775026,NA,NA,NA,NA,NA
WK195215,Siddeburen,2008,4.061085190250866,-0.04117966089281864,NA,NA,NA,NA,NA
WK195215,Siddeburen,2012,4.072563035755246,-0.029701815388439832,NA,NA,NA,NA,NA
WK195215,Siddeburen,2014,4.129252983296532,0.026988132152847438,0.029556003147866532,0.05909425131569549,0.05371262633684602,-0.16047247027108918,0.045097721623528285
WK195215,Siddeburen,2016,4.129054927925593,0.02679007678190812,NA,NA,NA,NA,NA
WK195215,Siddeburen,2018,4.1372712928964575,0.03500644175277199,0.026434638659653443,0.055433187758853496,0.051095092022006,-0.15917343717491356,0.061216960487172324
WK195215,Siddeburen,2020,4.161615012855791,0.05935016171210646,0.0247366110747765,0.0654462711291396,0.055621654977694474,-0.14369287206084574,0.05723849659134133
WK195215,Siddeburen,2022,4.132244786920035,0.02997993577634978,0.02123631309343113,0.06747570615305774,0.0555549795776922,-0.17606592474069535,0.061778861692863736
WK195216,Eemskanaal-Zuid,2002,4.1493840640330335,0.04711921288934799,NA,NA,NA,NA,NA
WK195216,Eemskanaal-Zuid,2008,4.05081364163836,-0.05145120950532549,NA,NA,NA,NA,NA
WK195216,Eemskanaal-Zuid,2012,4.098489957985992,-0.003774893157694219,NA,NA,NA,NA,NA
WK195216,Eemskanaal-Zuid,2014,4.1434028756192625,0.04113802447557747,-0.031131860858840073,0.10971211883903031,0.10057045459381167,-0.25488120986782825,0.11686852176940357
WK195216,Eemskanaal-Zuid,2016,4.165547791580994,0.06328294043730906,NA,NA,NA,NA,NA
WK195216,Eemskanaal-Zuid,2018,4.131329625619073,0.02906477447538763,-0.002947465347826582,0.08517265168886666,0.08325200121058515,-0.25483620259278794,0.11842378951655011
WK195216,Eemskanaal-Zuid,2020,4.137594231667671,0.03532938052398573,-0.03224543611818935,0.0967412803463868,0.09683278237096563,-0.2509748189440551,0.12497557286887752
WK195216,Eemskanaal-Zuid,2022,4.062829007906888,-0.039435843236797136,-0.03888750722381509,0.10888627825886335,0.07260551454504155,-0.254219997686662,0.07217986886977473
WK195217,Tjuchem en Steendam,2002,4.136835297235341,0.034570446091655285,NA,NA,NA,NA,NA
WK195217,Tjuchem en Steendam,2008,4.16597489845514,0.0637100473114541,NA,NA,NA,NA,NA
WK195217,Tjuchem en Steendam,2012,4.1280310349276785,0.025766183783993795,NA,NA,NA,NA,NA
WK195217,Tjuchem en Steendam,2014,4.254347110796996,0.15208225965331043,0.06892644298963928,0.11715707570086589,0.13608541871047478,-0.23677510039616953,0.06668842264849968
WK195217,Tjuchem en Steendam,2016,4.196887896254104,0.09462304511041891,NA,NA,NA,NA,NA
WK195217,Tjuchem en Steendam,2018,4.252542331072379,0.15027747992869472,0.0804023852009734,0.09367343416413881,0.15298250092839258,-0.239320436161273,0.06253959579646268
WK195217,Tjuchem en Steendam,2020,4.236141222583115,0.13387637143943035,0.06185847704717371,0.11018992043557745,0.10549876028632163,-0.23081385689161932,0.08714307056197655
WK195217,Tjuchem en Steendam,2022,4.198452506815874,0.09618765567218908,0.032936434228822364,0.10514051181045445,0.09342462104084968,-0.2394548010463654,0.10414088963842766
WK195218,Muntendam,2002,4.0230187729461555,-0.07924607819753023,NA,NA,NA,NA,NA
WK195218,Muntendam,2008,4.021087004204782,-0.08117784693890276,NA,NA,NA,NA,NA
WK195218,Muntendam,2012,4.05901723366556,-0.043247617478125444,NA,NA,NA,NA,NA
WK195218,Muntendam,2014,4.082701356866806,-0.01956349427687962,0.030518399496340116,0.034199196465987805,0.02552892034309018,-0.1302166296778416,0.02040661909554357
WK195218,Muntendam,2016,4.103066089362913,8.012382192268322e-4,NA,NA,NA,NA,NA
WK195218,Muntendam,2018,4.086376920017127,-0.015887931126558837,0.0339675339692014,0.03427631613523161,0.025006018841708173,-0.1271707058763311,0.018032905803630803
WK195218,Muntendam,2020,4.088542458478409,-0.01372239266527541,0.03496479655442927,0.02097057747898588,0.02143647879506555,-0.1153882401612731,0.0242939946675167
WK195218,Muntendam,2022,4.0811693296714795,-0.02109552147220641,0.030485189933500485,0.025788163446263817,0.018449854682390722,-0.12921313577168128,0.03339440623731957
WK195219,Noordbroek,2002,4.1075965032078585,0.005331652064173132,NA,NA,NA,NA,NA
WK195219,Noordbroek,2008,4.103202219403869,9.373682601839698e-4,NA,NA,NA,NA,NA
WK195219,Noordbroek,2012,4.109336984288373,0.007072133144688105,NA,NA,NA,NA,NA
WK195219,Noordbroek,2014,4.124368358341534,0.02210350719784813,0.03818855026943627,0.06023447852697877,0.05078379469571177,-0.19936574204176333,0.07226242574748433
WK195219,Noordbroek,2016,4.095557747029125,-0.00670710411456043,NA,NA,NA,NA,NA
WK195219,Noordbroek,2018,4.1348784150283855,0.03261356388469977,0.032062748503163103,0.07158209465832363,0.05332635775194114,-0.19474935059104273,0.07039171356231437
WK195219,Noordbroek,2020,4.139380579659625,0.03711572851594013,0.027420168849663137,0.07526154896636844,0.045966960003365635,-0.1890323009502758,0.07749935164681847
WK195219,Noordbroek,2022,4.116576740605017,0.014311889461331353,0.008883630637468968,0.07601673768089671,0.04652272472747695,-0.1942604618592287,0.07714925827471715
WK195220,Zuidbroek,2002,4.134606377967267,0.03234152682358173,NA,NA,NA,NA,NA
WK195220,Zuidbroek,2008,4.151640291046812,0.049375439903127295,NA,NA,NA,NA,NA
WK195220,Zuidbroek,2012,4.162641486569653,0.06037663542596791,NA,NA,NA,NA,NA
WK195220,Zuidbroek,2014,4.183004161631901,0.080739310488216115,0.02279954282057073,0.0748231906342298,0.05375577005291367,-0.11643653741956039,0.04579734440006204
WK195220,Zuidbroek,2016,4.175778110733808,0.0735132595901228,NA,NA,NA,NA,NA
WK195220,Zuidbroek,2018,4.206375100943435,0.10411024979974973,0.024505130980918576,0.08111766346409467,0.057726343669460535,-0.10730812703833736,0.048069238723613
WK195220,Zuidbroek,2020,4.199911946142986,0.09764709499930145,0.019844407834861653,0.08471142251406605,0.05118620899816432,-0.11034903948635305,0.05225409513856223
WK195220,Zuidbroek,2022,4.158353787708626,0.05608893656494085,0.004281504210533167,0.06228047789201321,0.0493562008119628,-0.11616606771216978,0.056336821362601194
WK195221,Meeden,2002,4.056931196365722,-0.045333654777962674,NA,NA,NA,NA,NA
WK195221,Meeden,2008,4.074853034283126,-0.02741181686055961,NA,NA,NA,NA,NA
WK195221,Meeden,2012,4.089254140717129,-0.013010710426556273,NA,NA,NA,NA,NA
WK195221,Meeden,2014,4.155734904548413,0.053470053404728,0.006070541600044662,0.09141450621639703,0.08110146373789034,-0.1874588424256851,0.0623423842760808
WK195221,Meeden,2016,4.136946178768309,0.03468132762462337,NA,NA,NA,NA,NA
WK195221,Meeden,2018,4.150309545739851,0.04804469459616535,0.009923281823759506,0.07838290793463477,0.08099313424479186,-0.18351229596695312,0.06225766655993212
WK195221,Meeden,2020,4.135073163074162,0.03280831193047759,-0.004954762057695714,0.08971356314821399,0.05790065960028638,-0.17647900868055286,0.0666278599202256
WK195221,Meeden,2022,4.124236683284073,0.021971832140387844,-0.0054605101843169575,0.08389334665717517,0.056728278306654764,-0.18360408092796487,0.07041479828883954
WK195400,Wijk 00 Onderbanken,2002,4.067692187990762,-0.03457266315292346,NA,NA,NA,NA,NA
WK195400,Wijk 00 Onderbanken,2008,4.05902061127917,-0.043244239864515505,NA,NA,NA,NA,NA
WK195400,Wijk 00 Onderbanken,2012,4.099503197856413,-0.0027616532872720718,NA,NA,NA,NA,NA
WK195400,Wijk 00 Onderbanken,2014,4.085948432412956,-0.016316418730729136,-0.026509511891575067,0.04311316722298252,0.046906210203234704,-0.10999924360461112,0.03017295933923954
WK195400,Wijk 00 Onderbanken,2016,4.113168551989623,0.010903700845937583,NA,NA,NA,NA,NA
WK195400,Wijk 00 Onderbanken,2018,4.109836406925824,0.0075715557821387095,-0.009818345040836049,0.04049353886838254,0.04345298108476778,-0.11022951563174839,0.043672896501572495
WK195400,Wijk 00 Onderbanken,2020,4.131632124992,0.029367273848314147,-0.002749969256172796,0.05022925983537628,0.04174910392341842,-0.10084303653681939,0.04098191588251138
WK195400,Wijk 00 Onderbanken,2022,4.120570063814364,0.018305212670679336,-0.005794370547887717,0.030255415039914205,0.03957325764069283,-0.1022313771899255,0.05650228772788522
WK195401,Wijk 01 Nuth,2002,4.069537974945695,-0.03272687619799017,NA,NA,NA,NA,NA
WK195401,Wijk 01 Nuth,2008,4.06053049900568,-0.04173435213800519,NA,NA,NA,NA,NA
WK195401,Wijk 01 Nuth,2012,4.0991972743888905,-0.0030675767547949403,NA,NA,NA,NA,NA
WK195401,Wijk 01 Nuth,2014,4.071635634301508,-0.03062921684217706,-0.02860109560669936,0.008956146492877768,0.022029143661597594,-0.06204800420074571,0.029034592810792396
WK195401,Wijk 01 Nuth,2016,4.148753005537368,0.04648815439368348,NA,NA,NA,NA,NA
WK195401,Wijk 01 Nuth,2018,4.105973288424216,0.0037084372805301765,-0.008802498155871455,0.025149832823918035,0.02215504833580649,-0.06972291013457779,0.03492896441125466
WK195401,Wijk 01 Nuth,2020,4.1309699514463265,0.02870510030264121,8.006414300582727e-5,0.03612439615130774,0.015572320538404637,-0.05308554807572251,0.030013867545645265
WK195401,Wijk 01 Nuth,2022,4.108253145113349,0.005988293969663856,-0.0030332747658569676,0.028291756390362036,0.012906651855405273,-0.07134912578494283,0.039172286274696086
WK195402,Wijk 02 Wijnandsrade,2002,4.1389557963932395,0.036690945249554914,NA,NA,NA,NA,NA
WK195402,Wijk 02 Wijnandsrade,2008,4.137747720936692,0.03548286979300663,NA,NA,NA,NA,NA
WK195402,Wijk 02 Wijnandsrade,2012,4.157992472728271,0.05572762158458532,NA,NA,NA,NA,NA
WK195402,Wijk 02 Wijnandsrade,2014,4.205096553403932,0.10283170226024675,-0.015283770012193592,0.08536256235914252,0.05916229259743026,-0.07398208272437065,0.04757270004023789
WK195402,Wijk 02 Wijnandsrade,2016,4.242985547949914,0.14072069680622867,NA,NA,NA,NA,NA
WK195402,Wijk 02 Wijnandsrade,2018,4.203823485463328,0.10155863431964286,0.0031101097440452536,0.09277912887502325,0.06037072584541846,-0.11012521092770479,0.05542388078286035
WK195402,Wijk 02 Wijnandsrade,2020,4.2177929625741015,0.11552811143041568,0.007485246400952865,0.09727743109734234,0.05405287521058088,-0.09865400159023312,0.05536656031177252
WK195402,Wijk 02 Wijnandsrade,2022,4.190199611434181,0.08793476029049609,0.00996569841170938,0.07868962401732879,0.053222008592014466,-0.10043063905240204,0.04648806832184516
WK195403,Wijk 03 Hulsberg,2002,4.084991991061594,-0.017272860082090835,NA,NA,NA,NA,NA
WK195403,Wijk 03 Hulsberg,2008,4.109777308759406,0.007512457615720746,NA,NA,NA,NA,NA
WK195403,Wijk 03 Hulsberg,2012,4.1288610527094605,0.02659620156577551,NA,NA,NA,NA,NA
WK195403,Wijk 03 Hulsberg,2014,4.159050860483492,0.05678600933980671,-0.032494515829751415,0.07467377986257538,0.06144775388292515,-0.09187181861340948,0.04503081003746681
WK195403,Wijk 03 Hulsberg,2016,4.187091448639433,0.08482659749574767,NA,NA,NA,NA,NA
WK195403,Wijk 03 Hulsberg,2018,4.193183466714799,0.09091861557111393,-0.009488392727826167,0.08454285708758306,0.06063677708941534,-0.0919424139878082,0.047169788109749596
WK195403,Wijk 03 Hulsberg,2020,4.203203492621219,0.10093864147753367,-0.0060917123002297135,0.09065870891400236,0.05340536481244705,-0.08425578038734771,0.047222060438661416
WK195403,Wijk 03 Hulsberg,2022,4.198853041927288,0.0965881907836028,-0.005628583250133662,0.07872552482809757,0.05051743220368336,-0.08250867976038771,0.05548249676234293
WK195404,Wijk 04 Schimmert,2002,4.1377889424491485,0.035524091305463384,NA,NA,NA,NA,NA
WK195404,Wijk 04 Schimmert,2008,4.1574904545224225,0.055225603378737186,NA,NA,NA,NA,NA
WK195404,Wijk 04 Schimmert,2012,4.159192696856285,0.05692784571259947,NA,NA,NA,NA,NA
WK195404,Wijk 04 Schimmert,2014,4.158978235573574,0.05671338442988922,-0.028389952484383425,0.0977532868072975,0.07215766020071789,-0.13595001934793735,0.05114240925419431
WK195404,Wijk 04 Schimmert,2016,4.193170558881927,0.09090570773824135,NA,NA,NA,NA,NA
WK195404,Wijk 04 Schimmert,2018,4.186826295434406,0.08456144429072031,-0.004689638526245905,0.09457228862542691,0.06919686491946847,-0.13543422382246248,0.06091615309453307
WK195404,Wijk 04 Schimmert,2020,4.2066419188874375,0.10437706774375284,-4.972756702211575e-4,0.09868941072080942,0.05852489067903351,-0.11868428941139925,0.06634433142552996
WK195404,Wijk 04 Schimmert,2022,4.196554081427154,0.09428923028346857,0.0014803302070881244,0.09820434838814371,0.058299779478490764,-0.13162164877758786,0.06792642098733356
WK195405,Wijk 05,2002,4.153018949809807,0.05075409866612157,NA,NA,NA,NA,NA
WK195405,Wijk 05,2008,4.121968597923388,0.019703746779702644,NA,NA,NA,NA,NA
WK195405,Wijk 05,2012,4.14669507040925,0.044430219265565195,NA,NA,NA,NA,NA
WK195405,Wijk 05,2014,4.113439482765852,0.011174631622166848,-0.02166012340186218,0.031108638467869678,0.05227832681440408,-0.085765162564346,0.035212952306100984
WK195405,Wijk 05,2016,4.1803264763519445,0.07806162520825914,NA,NA,NA,NA,NA
WK195405,Wijk 05,2018,4.169350364131918,0.06708551298823238,-0.008354524889536823,0.06000078740118499,0.052352788565704404,-0.08434036604777831,0.04742682795865786
WK195405,Wijk 05,2020,4.197391240516065,0.09512638937238041,-7.735592657767906e-4,0.07491280370784235,0.04505479683459324,-0.07036542472378127,0.046297772819502585
WK195405,Wijk 05,2022,4.179397990114413,0.07713313897072885,9.549762580746559e-4,0.06908877613912918,0.03390121911061729,-0.07809869892120969,0.051286866384117114
WK195406,Wijk 06 Amstenrade - Oirsbeek,2002,4.063898546903442,-0.03836630424024297,NA,NA,NA,NA,NA
WK195406,Wijk 06 Amstenrade - Oirsbeek,2008,4.038601173415599,-0.0636636777280857,NA,NA,NA,NA,NA
WK195406,Wijk 06 Amstenrade - Oirsbeek,2012,4.077313943269414,-0.02495090787427144,NA,NA,NA,NA,NA
WK195406,Wijk 06 Amstenrade - Oirsbeek,2014,4.106311296084182,0.004046444940496675,-0.025197300009553395,0.03410507295570585,0.0449606507322983,-0.078129894913143,0.028307916175188647
WK195406,Wijk 06 Amstenrade - Oirsbeek,2016,4.14854329623743,0.04627844509374544,NA,NA,NA,NA,NA
WK195406,Wijk 06 Amstenrade - Oirsbeek,2018,4.137661503625237,0.03539665248155181,-0.011479678182197224,0.05200513245409037,0.041111764624244714,-0.07734821557240042,0.03110764915781408
WK195406,Wijk 06 Amstenrade - Oirsbeek,2020,4.1679257265707745,0.06566087542708875,-0.006941795897274307,0.06310017209654512,0.0379266101315468,-0.0618519517370091,0.033427840833279966
WK195406,Wijk 06 Amstenrade - Oirsbeek,2022,4.179045841396046,0.07678099025236047,-0.0067600510198718095,0.08019565206226119,0.03152704266908683,-0.06770004537655407,0.03951839191743807
WK195500,Wijk 00 's-Heerenberg,2002,4.073249054650981,-0.029015796492703812,NA,NA,NA,NA,NA
WK195500,Wijk 00 's-Heerenberg,2008,4.0769994758143735,-0.025265375329311814,NA,NA,NA,NA,NA
WK195500,Wijk 00 's-Heerenberg,2012,4.073648422624596,-0.028616428519089264,NA,NA,NA,NA,NA
WK195500,Wijk 00 's-Heerenberg,2014,4.080574522449978,-0.02169032869370751,1.6370810479618446e-4,0.05216452757426235,0.04386577117752061,-0.13381710023780202,0.015932764687515113
WK195500,Wijk 00 's-Heerenberg,2016,4.091708077185401,-0.010556773958284506,NA,NA,NA,NA,NA
WK195500,Wijk 00 's-Heerenberg,2018,4.094735514620002,-0.007529336523682936,0.004377147259168903,0.0599500126160691,0.04160110748214228,-0.132933294536427,0.019475690655363455
WK195500,Wijk 00 's-Heerenberg,2020,4.07788432945625,-0.024380521687435402,0.007798782490527339,0.042323952575927616,0.03575605446136993,-0.1291336919569015,0.01887438074164095
WK195500,Wijk 00 's-Heerenberg,2022,4.086306413083138,-0.015958438060547215,0.001349882883948887,0.05047982251358003,0.03484203526117668,-0.13194054554486553,0.029310366825612416
WK195501,Wijk 01 Brakel,2002,4.201891984423732,0.09962713328004598,NA,NA,NA,NA,NA
WK195501,Wijk 01 Brakel,2008,4.187269464605462,0.08500461346177647,NA,NA,NA,NA,NA
WK195501,Wijk 01 Brakel,2012,4.168000984357045,0.06573613321336,NA,NA,NA,NA,NA
WK195501,Wijk 01 Brakel,2014,4.169369349504971,0.06710449836128674,-0.014285954021693857,0.08369919144642422,0.09205404294419828,-0.13809024967866224,0.04372746767102003
WK195501,Wijk 01 Brakel,2016,4.184788784275205,0.08252393313152025,NA,NA,NA,NA,NA
WK195501,Wijk 01 Brakel,2018,4.172629145398674,0.07036429425498902,-0.007624196623756039,0.0836281147639213,0.08653896084343717,-0.13688382669450191,0.04470524196588828
WK195501,Wijk 01 Brakel,2020,4.16108234307853,0.05881749193484554,-0.0045068502522280516,0.07342776504378334,0.0798307384246342,-0.1331473286852108,0.04321316740386656
WK195501,Wijk 01 Brakel,2022,4.1710423758870405,0.0687775247433549,4.7091774808137354e-4,0.07973259826235125,0.07794568661433053,-0.13166935097595178,0.04229767309454322
WK195502,Wijk 02 Didam,2002,4.114596869457371,0.012332018313685505,NA,NA,NA,NA,NA
WK195502,Wijk 02 Didam,2008,4.11079271931066,0.008527868166974836,NA,NA,NA,NA,NA
WK195502,Wijk 02 Didam,2012,4.110905327048448,0.008640475904762244,NA,NA,NA,NA,NA
WK195502,Wijk 02 Didam,2014,4.138122518199339,0.03585766705565339,-0.011862415750840176,0.053666766269388516,0.036932058922855185,-0.07285819205302921,0.029979449667278807
WK195502,Wijk 02 Didam,2016,4.127416542880369,0.025151691736684127,NA,NA,NA,NA,NA
WK195502,Wijk 02 Didam,2018,4.138817393475416,0.03655254233173091,-0.01158760005259852,0.04862854934806422,0.03662075920016833,-0.06744656657498167,0.030337400411078266
WK195502,Wijk 02 Didam,2020,4.13244344181035,0.03017859066666505,-0.007687301802676707,0.041095959762903325,0.03325461156442485,-0.06256508061330433,0.026080401755317655
WK195502,Wijk 02 Didam,2022,4.162431402983797,0.0601665518401122,-0.006987338835821489,0.05403694690204439,0.03462781674407373,-0.05462438314160564,0.03311351017142094
WK195901,Werkendam,2002,3.928689560503144,-0.1735752906405412,NA,NA,NA,NA,NA
WK195901,Werkendam,2008,3.9368211368474135,-0.16544371429627136,NA,NA,NA,NA,NA
WK195901,Werkendam,2012,3.9643417231664313,-0.13792312797725392,NA,NA,NA,NA,NA
WK195901,Werkendam,2014,3.9816436427085318,-0.12062120843515299,-0.013265719630624298,0.04311092681424052,0.013028037307458254,-0.15074893726989477,-0.01274551565633298
WK195901,Werkendam,2016,4.0144450057591765,-0.08781984538450835,NA,NA,NA,NA,NA
WK195901,Werkendam,2018,4.035376956673237,-0.0668878944704478,-0.011503253563041776,0.05390404515070567,0.020851752193345948,-0.14077471917421375,0.010634280922755824
WK195901,Werkendam,2020,4.036164685436959,-0.0661001657067265,-0.010146601322938062,0.04996408657344484,0.01765481338144874,-0.1223502439091136,-0.0012222204295687146
WK195901,Werkendam,2022,3.9981587943121237,-0.10410605683156143,-0.008494255338257187,0.03501200509003882,0.008653703726592698,-0.15425672015440617,0.014979209844470128
WK195902,Sleeuwijk,2002,4.067635449113417,-0.03462940203026863,NA,NA,NA,NA,NA
WK195902,Sleeuwijk,2008,4.100698102224535,-0.0015667489191503088,NA,NA,NA,NA,NA
WK195902,Sleeuwijk,2012,4.114366228516679,0.012101377372993523,NA,NA,NA,NA,NA
WK195902,Sleeuwijk,2014,4.148524009195766,0.0462591580520808,0.005079751343726288,0.06316353824499484,0.04790050473174829,-0.10072144226664752,0.030836805998258592
WK195902,Sleeuwijk,2016,4.171808236442909,0.06954338529922456,NA,NA,NA,NA,NA
WK195902,Sleeuwijk,2018,4.137328846060736,0.03506399491705064,-0.00650955255310928,0.07084407000310931,0.040363254827606235,-0.10425759897660006,0.03462382161604417
WK195902,Sleeuwijk,2020,4.125899938591525,0.023635087447839292,-0.0028424205290558226,0.054735962056593035,0.032492359819745964,-0.09186656822185586,0.031115754322411655
WK195902,Sleeuwijk,2022,4.134123872013517,0.031859020869832125,0.009702484096468834,0.06183714026054889,0.0425227338293061,-0.11760124415975953,0.035397906843267546
WK195903,Nieuwendijk,2002,3.9888295121701254,-0.11343533897356002,NA,NA,NA,NA,NA
WK195903,Nieuwendijk,2008,4.014035373148168,-0.08822947799551702,NA,NA,NA,NA,NA
WK195903,Nieuwendijk,2012,4.025368238455793,-0.0768966126878924,NA,NA,NA,NA,NA
WK195903,Nieuwendijk,2014,4.038295350945001,-0.063969500198685,-0.03886285030483523,0.04386848502537406,0.029362675410837747,-0.1444131893293084,0.046075378999246526
WK195903,Nieuwendijk,2016,4.101373763641086,-8.910875025987884e-4,NA,NA,NA,NA,NA
WK195903,Nieuwendijk,2018,4.067282126535447,-0.03498272460823809,-0.03292085820702272,0.050358202104487874,0.026156220323698073,-0.12372871892407167,0.04515243009467005
WK195903,Nieuwendijk,2020,4.078332911104849,-0.023931940038835992,-0.033149638485134136,0.059254773512880936,0.02077387248616674,-0.11583346196913566,0.045022514416385814
WK195903,Nieuwendijk,2022,4.060659698296385,-0.04160515284729962,-0.03305142229176246,0.053463121487381624,0.03030747411930933,-0.13528015154944478,0.04295582538721641
WK195904,Hank,2002,3.996124459882631,-0.10614039126105425,NA,NA,NA,NA,NA
WK195904,Hank,2008,3.9940505630245533,-0.10821428811913196,NA,NA,NA,NA,NA
WK195904,Hank,2012,4.000326527995322,-0.10193832314836268,NA,NA,NA,NA,NA
WK195904,Hank,2014,4.051461944303578,-0.05080290684010748,-0.021758931967307073,0.037781185443388814,0.034002506870112296,-0.13823312891689515,0.037405461730593344
WK195904,Hank,2016,4.098169625257495,-0.004095225886190701,NA,NA,NA,NA,NA
WK195904,Hank,2018,4.081678871727095,-0.020585979416590183,-0.02198254600715348,0.05763496483954657,0.03106893120817981,-0.12247855001496157,0.035171220557798144
WK195904,Hank,2020,4.070283713419296,-0.03198113772438943,-0.017200937055250064,0.03762653532676939,0.0213159791936259,-0.10725305953974464,0.03353034435020965
WK195904,Hank,2022,4.085375599265364,-0.016889251878320917,-0.010909030241161351,0.04951446394562461,0.03367210561192362,-0.12598960506828955,0.0368228138735815
WK195905,Dussen,2002,4.06544959727852,-0.03681525386516476,NA,NA,NA,NA,NA
WK195905,Dussen,2008,4.0516018187932055,-0.050663032350480156,NA,NA,NA,NA,NA
WK195905,Dussen,2012,4.0619869004224345,-0.04027795072125094,NA,NA,NA,NA,NA
WK195905,Dussen,2014,4.095324742243163,-0.006940108900522703,-0.02131348721337134,0.04387278340674397,0.05176554042163296,-0.13339944682943716,0.052134501313908586
WK195905,Dussen,2016,4.169576210290244,0.06731135914655903,NA,NA,NA,NA,NA
WK195905,Dussen,2018,4.132785858162007,0.030521007018322086,-0.010142838552500495,0.07481217849113003,0.04714252324709998,-0.13234932907402308,0.0510584729066154
WK195905,Dussen,2020,4.112512510403219,0.010247659259533111,-0.011008190672385633,0.055049519067552954,0.03900928047671602,-0.12148822375138428,0.04868527413903384
WK195905,Dussen,2022,4.130523051723109,0.028258200579423295,-0.010509113079725848,0.06800776538182847,0.04935190629183043,-0.13092968788734777,0.05233732987283774
WK195906,Woudrichem,2002,3.9827148947996753,-0.1195499563440096,NA,NA,NA,NA,NA
WK195906,Woudrichem,2008,4.0115584046125745,-0.09070644653111025,NA,NA,NA,NA,NA
WK195906,Woudrichem,2012,4.03612901473293,-0.06613583641075517,NA,NA,NA,NA,NA
WK195906,Woudrichem,2014,4.080982489670038,-0.021282361473647052,0.02128915937432636,0.02945470057217462,0.029582312373230786,-0.12954056890953128,0.027932035116152176
WK195906,Woudrichem,2016,4.081526193980972,-0.02073865716271331,NA,NA,NA,NA,NA
WK195906,Woudrichem,2018,4.084166874972324,-0.018097976171361305,0.009428961820798361,0.06489438591987517,0.033697316788779665,-0.16081510958635126,0.034696468885536486
WK195906,Woudrichem,2020,4.094296080793373,-0.007968770350312094,0.017547315291499256,0.04608808069989951,0.030638102754579927,-0.136238360963791,0.03399609186749993
WK195906,Woudrichem,2022,4.060821062823951,-0.0414437883197347,0.021894034653797554,0.04051325367013231,0.0317059363205007,-0.16866446741381513,0.03310745444964957
WK195907,Rijswijk (NB),2002,3.9234239116880985,-0.17884093945558666,NA,NA,NA,NA,NA
WK195907,Rijswijk (NB),2008,3.968151235529598,-0.13411361561408727,NA,NA,NA,NA,NA
WK195907,Rijswijk (NB),2012,4.016640381528928,-0.08562446961475666,NA,NA,NA,NA,NA
WK195907,Rijswijk (NB),2014,4.092286862685314,-0.009977988458371551,0.011913686276018421,0.07720941371430332,0.040689667861668284,-0.17396400633824932,0.03417325002788746
WK195907,Rijswijk (NB),2016,4.070495872983791,-0.031768978159894184,NA,NA,NA,NA,NA
WK195907,Rijswijk (NB),2018,4.091227256592023,-0.011037594551662316,0.011251737167444053,0.08726986084910279,0.03367987735347878,-0.1785368014648979,0.035297731543209705
WK195907,Rijswijk (NB),2020,4.0704521437352765,-0.03181270740840818,0.011574222144371248,0.056943837000096045,0.03134302002478343,-0.16234822808710617,0.03067444150944698
WK195907,Rijswijk (NB),2022,4.001543269163348,-0.10072158198033641,-0.011714053152052315,0.031104587894413706,0.0286907161376189,-0.1790609598129633,0.030258126952646285
WK195908,Uitwijk,2002,4.059829999480315,-0.04243485166337,NA,NA,NA,NA,NA
WK195908,Uitwijk,2008,4.071785700519595,-0.030479150624089752,NA,NA,NA,NA,NA
WK195908,Uitwijk,2012,4.1139878915493044,0.01172304040561903,NA,NA,NA,NA,NA
WK195908,Uitwijk,2014,4.166874213570171,0.06460936242648559,-0.006258683363329101,0.09056469368761313,0.109245938602291,-0.1992328952416198,0.07029030874153015
WK195908,Uitwijk,2016,4.145786177307035,0.043521326163349604,NA,NA,NA,NA,NA
WK195908,Uitwijk,2018,4.186088791898919,0.08382394075523382,-0.005896363820711685,0.11299292729284473,0.10102007687531304,-0.1956201777083761,0.07132747811616351
WK195908,Uitwijk,2020,4.134632024359473,0.032367173215787845,-0.012296457010811297,0.0761829368109995,0.08151218856834139,-0.18803426213278465,0.07500276698004266
WK195908,Uitwijk,2022,4.119055656154601,0.016790805010916093,-0.01078557642781955,0.06804981531019298,0.08315386272536822,-0.20016481977569284,0.07653752317886703
WK195909,Waardhuizen,2002,4.047220180724144,-0.05504467041954045,NA,NA,NA,NA,NA
WK195909,Waardhuizen,2008,3.993465575396992,-0.1087992757466931,NA,NA,NA,NA,NA
WK195909,Waardhuizen,2012,4.064313037912704,-0.037951813230980715,NA,NA,NA,NA,NA
WK195909,Waardhuizen,2014,4.150898729693396,0.048633878549710914,-0.033314279842297755,0.07668298256690867,0.14116833910635015,-0.19763046022989372,0.061727296948643214
WK195909,Waardhuizen,2016,4.132476923388229,0.030212072244543718,NA,NA,NA,NA,NA
WK195909,Waardhuizen,2018,4.166176883180304,0.06391203203661834,-0.020805955612440485,0.07848782774611425,0.13226754432272889,-0.18720492911566766,0.061167544695883015
WK195909,Waardhuizen,2020,4.083289658585131,-0.018975192558553976,-0.031760975716167913,0.06114679316695941,0.07241242586110384,-0.18007487374500872,0.059301437874559056
WK195909,Waardhuizen,2022,4.081817571004821,-0.020447280138863513,-0.030017098431899914,0.07221923436230604,0.07103160408808602,-0.18986234871492988,0.05618132855757384
WK195910,Giessen,2002,3.947544095456982,-0.15472075568670288,NA,NA,NA,NA,NA
WK195910,Giessen,2008,3.9939714251105887,-0.10829342603309622,NA,NA,NA,NA,NA
WK195910,Giessen,2012,4.031550479941336,-0.07071437120234976,NA,NA,NA,NA,NA
WK195910,Giessen,2014,4.0750864232753035,-0.02717842786838131,-0.006829284491861881,0.0644940680709805,0.04652740467983147,-0.16037216433760787,0.02900154821027621
WK195910,Giessen,2016,4.051808757970916,-0.050456093172770056,NA,NA,NA,NA,NA
WK195910,Giessen,2018,4.081173385949495,-0.021091465194190074,-0.010175647296490373,0.07702560791377,0.041031374135955326,-0.15577802274834215,0.02680522280091685
WK195910,Giessen,2020,4.05514628464784,-0.04711856649584529,-0.010219375570848288,0.043858829783216716,0.039521721219824814,-0.14633140256963686,0.02605166064159806
WK195910,Giessen,2022,4.035567856688237,-0.06669699445544779,-0.008778871984044633,0.03849765187827667,0.035918840450490055,-0.1607770819708893,0.028442467170719226
WK195911,Andel,2002,4.042251803287749,-0.060013047855936676,NA,NA,NA,NA,NA
WK195911,Andel,2008,4.046682603633228,-0.05558224751045655,NA,NA,NA,NA,NA
WK195911,Andel,2012,4.051870310696256,-0.05039454044742887,NA,NA,NA,NA,NA
WK195911,Andel,2014,4.086403211405337,-0.015861639738348535,0.01080075947153477,0.06057096954133499,0.0572534161223424,-0.1781550045881864,0.0336682197146255
WK195911,Andel,2016,4.0444760177499095,-0.05778883339377543,NA,NA,NA,NA,NA
WK195911,Andel,2018,4.114667847208386,0.012402996064700848,0.007637921865312323,0.08194344772882778,0.052204155862791236,-0.16195037709977436,0.03256784770754357
WK195911,Andel,2020,4.120913294450516,0.018648443306831127,0.013623210319039292,0.06801082576897338,0.051659306604164845,-0.15512043895566846,0.040475539570321836
WK195911,Andel,2022,4.0814498850190235,-0.020814966124661535,0.01314094235744956,0.04708806074920445,0.052373107046942424,-0.164394303976655,0.03097722769839673
WK195912,Almkerk,2002,4.015352390018796,-0.08691246112488939,NA,NA,NA,NA,NA
WK195912,Almkerk,2008,4.013928429087576,-0.08833642205610973,NA,NA,NA,NA,NA
WK195912,Almkerk,2012,4.035543092962688,-0.06672175818099771,NA,NA,NA,NA,NA
WK195912,Almkerk,2014,4.0892176380099405,-0.013047213133744889,-0.00216204548892856,0.049936840869643576,0.0460483149393922,-0.1513526726008173,0.04448234914696492
WK195912,Almkerk,2016,4.123882302699439,0.021617451555753838,NA,NA,NA,NA,NA
WK195912,Almkerk,2018,4.119163724554678,0.01689887341099333,-0.012252630027702362,0.0651809388002946,0.05186797617684622,-0.13393011222958837,0.046032700691142986
WK195912,Almkerk,2020,4.093533922545825,-0.00873092859786033,-0.013585393829925895,0.04394225950458126,0.03991660027423703,-0.12376648737043776,0.04476209282368474
WK195912,Almkerk,2022,4.063291272627224,-0.03897357851646072,-0.014753051768139543,0.037549774330781285,0.03747493785259879,-0.1442730281390383,0.045027789207336764
WK195913,Veen,2002,3.9492416208295666,-0.1530232303141185,NA,NA,NA,NA,NA
WK195913,Veen,2008,3.9742757687126233,-0.12798908243106152,NA,NA,NA,NA,NA
WK195913,Veen,2012,3.973676372094893,-0.12858847904879278,NA,NA,NA,NA,NA
WK195913,Veen,2014,4.013313398243577,-0.08895145290010843,-0.0010669514148323547,-0.0016979658970634353,0.05889784046886015,-0.1709957622706821,0.02591138621360899
WK195913,Veen,2016,4.083778579080408,-0.018486272063277173,NA,NA,NA,NA,NA
WK195913,Veen,2018,4.075595379913333,-0.026669471230352508,0.005288590733553201,0.05588291660690495,0.061524943240504136,-0.16129793301452158,0.011932011203206529
WK195913,Veen,2020,4.077832707753103,-0.024432143390581394,0.005454905697297854,0.05815974509434878,0.049670513526852714,-0.15506441492443981,0.017347107215358794
WK195913,Veen,2022,4.077310533463888,-0.024954317679797344,0.010130200223440279,0.049707939407038035,0.045552147365162554,-0.15844997009450065,0.028105365419062167
WK195914,Wijk en Aalburg,2002,3.993698502208905,-0.10856634893478052,NA,NA,NA,NA,NA
WK195914,Wijk en Aalburg,2008,4.006405743017218,-0.09585910812646672,NA,NA,NA,NA,NA
WK195914,Wijk en Aalburg,2012,4.009691207417211,-0.09257364372647453,NA,NA,NA,NA,NA
WK195914,Wijk en Aalburg,2014,4.043835559098263,-0.05842929204542183,-0.017499699484851493,0.001948012048839637,0.05311953627028069,-0.1230712495406363,0.027074108660945354
WK195914,Wijk en Aalburg,2016,4.069447525203253,-0.03281732594043241,NA,NA,NA,NA,NA
WK195914,Wijk en Aalburg,2018,4.112780154713712,0.010515303570026628,-0.003390550358050701,0.05929245759117403,0.05351962275390719,-0.1394665560517626,0.04056032963475847
WK195914,Wijk en Aalburg,2020,4.10997883110662,0.007713979962934372,-0.00610674310907323,0.06097932341792502,0.050289616410281436,-0.1278669917060004,0.030418774949801268
WK195914,Wijk en Aalburg,2022,4.101344497365147,-9.20353778538006e-4,0.00118858675800992,0.05163751611169287,0.04644880552911192,-0.1370675727434286,0.036872310566075636
WK195915,Babyloniënbroek,2002,4.070630073916383,-0.03163477722730199,NA,NA,NA,NA,NA
WK195915,Babyloniënbroek,2008,4.087074335836617,-0.015190515307068806,NA,NA,NA,NA,NA
WK195915,Babyloniënbroek,2012,4.1334897302066755,0.03122487906299027,NA,NA,NA,NA,NA
WK195915,Babyloniënbroek,2014,4.1768189641356726,0.07455411299198735,-0.03288292553544497,0.09577076369417996,0.1417095214969431,-0.22708633098853875,0.09704308432484766
WK195915,Babyloniënbroek,2016,4.217031814014301,0.11476696287061536,NA,NA,NA,NA,NA
WK195915,Babyloniënbroek,2018,4.185018235577454,0.08275338443376863,-0.009547967321503117,0.11310655664539523,0.10908892796431828,-0.22418011889487857,0.09428598604043632
WK195915,Babyloniënbroek,2020,4.160164045724395,0.05789919458070925,-0.02148055022151204,0.1058296424773349,0.10504529251897617,-0.2256195634598278,0.09412437326573786
WK195915,Babyloniënbroek,2022,4.1590885509535696,0.05682369980988502,-0.006950410418596533,0.10907169840010673,0.09842908796887866,-0.23517662893026,0.09144995278975572
WK195916,Meeuwen,2002,3.99544699875648,-0.10681785238720501,NA,NA,NA,NA,NA
WK195916,Meeuwen,2008,3.9529372854702447,-0.14932756567344072,NA,NA,NA,NA,NA
WK195916,Meeuwen,2012,3.999815418850662,-0.10244943229302354,NA,NA,NA,NA,NA
WK195916,Meeuwen,2014,4.008442019128836,-0.093822832014849,-0.0238423596430036,0.01168981036240174,0.0696552597910315,-0.190865997264139,0.03954045473886018
WK195916,Meeuwen,2016,4.141001419325432,0.038736568181747456,NA,NA,NA,NA,NA
WK195916,Meeuwen,2018,4.065629092902383,-0.03663575824130176,-0.05323705608662003,0.07182521263701958,0.0847517281532044,-0.18332737383004408,0.04335173088513802
WK195916,Meeuwen,2020,4.036179400365256,-0.06608545077842946,-0.05411585721499278,0.07118136304980159,0.07908316537391265,-0.19567351796827748,0.033439395981126434
WK195916,Meeuwen,2022,4.016004478634316,-0.08626037250936984,-0.05256991716509249,0.05505638702182089,0.07597118608341921,-0.2097311863656988,0.045013157916180956
WK195917,Eethen,2002,3.856620150776698,-0.24564470036698707,NA,NA,NA,NA,NA
WK195917,Eethen,2008,3.9132686450370278,-0.1889962061066577,NA,NA,NA,NA,NA
WK195917,Eethen,2012,3.9548243504706853,-0.14744050067300024,NA,NA,NA,NA,NA
WK195917,Eethen,2014,4.0061847594593125,-0.09608009168437326,-0.013475161812807133,0.002901396394831242,0.06872293845663928,-0.1898347411272517,0.035605476404214895
WK195917,Eethen,2016,4.045335630805883,-0.056929220337802296,NA,NA,NA,NA,NA
WK195917,Eethen,2018,4.0585091817041485,-0.043755669439536994,-0.008573733209509483,0.038504113775195255,0.07268938875228315,-0.1851921334412193,0.03881669468371311
WK195917,Eethen,2020,4.064123082689235,-0.03814176845444955,-0.004545362308363237,0.04596080555186474,0.0606007127422227,-0.1785574737738684,0.038399549333694286
WK195917,Eethen,2022,4.040314369960294,-0.061950481183391366,0.0019833276361330525,0.04911045936989322,0.051523282248256475,-0.19922663021503084,0.03465907977735635
WK195918,Drongelen,2002,3.8945412935072152,-0.20772355763646994,NA,NA,NA,NA,NA
WK195918,Drongelen,2008,3.8979129467337685,-0.20435190440991674,NA,NA,NA,NA,NA
WK195918,Drongelen,2012,3.9639951924190586,-0.13826965872462632,NA,NA,NA,NA,NA
WK195918,Drongelen,2014,4.05192565053361,-0.05033920061007527,-0.04928282907182643,0.04497630354868053,0.0820304264941451,-0.19276831605165845,0.06470521447058368
WK195918,Drongelen,2016,4.106855167038024,0.004590315894338733,NA,NA,NA,NA,NA
WK195918,Drongelen,2018,4.098247812241557,-0.004017038902128014,-0.04372823388268364,0.0810681205060803,0.0870147519297217,-0.19275454872071293,0.0643828712654662
WK195918,Drongelen,2020,4.093470770430239,-0.008794080713446117,-0.052840572402227955,0.0844542683354738,0.08833923152976868,-0.19278948160692955,0.0640424734304687
WK195918,Drongelen,2022,4.048595457206992,-0.053669393936693066,-0.037376684917594424,0.06604713500039804,0.07931645340850862,-0.23160977662820476,0.06995347920019916
WK195919,Genderen,2002,4.005266813621196,-0.09699803752248862,NA,NA,NA,NA,NA
WK195919,Genderen,2008,4.029103637660065,-0.07316121348362012,NA,NA,NA,NA,NA
WK195919,Genderen,2012,4.030303547235261,-0.07196130390842437,NA,NA,NA,NA,NA
WK195919,Genderen,2014,4.061121234489493,-0.041143616654192756,-0.006374008852789462,0.019095001566391424,0.06557974405363748,-0.1642229437435823,0.044778590322149744
WK195919,Genderen,2016,4.1263538092519525,0.02408895810826683,NA,NA,NA,NA,NA
WK195919,Genderen,2018,4.105006366313919,0.0027415151702333564,-0.017629702101746716,0.06297094619790868,0.07225525015506606,-0.16201198292182958,0.04715700384083467
WK195919,Genderen,2020,4.132426350960166,0.030161499816481478,0.0033976812988495315,0.06797942827740472,0.06731474934922017,-0.1548145620901326,0.046284202981139305
WK195919,Genderen,2022,4.119536611511877,0.017271760368191606,0.0017287927715721112,0.07814077384830116,0.06291157948628057,-0.16582035512612972,0.040310969388167125
WK196000,Geldermalsen,2002,4.054807759016584,-0.047457092127100906,NA,NA,NA,NA,NA
WK196000,Geldermalsen,2008,4.0588316254727195,-0.043433225670966386,NA,NA,NA,NA,NA
WK196000,Geldermalsen,2012,4.067913600437094,-0.03435125070659201,NA,NA,NA,NA,NA
WK196000,Geldermalsen,2014,4.063322991533444,-0.03894185961024085,-0.01869336569844991,0.03492927451690545,0.01995427666803081,-0.09132275433671236,0.016190709239984884
WK196000,Geldermalsen,2016,4.0648186285901975,-0.03744622255348723,NA,NA,NA,NA,NA
WK196000,Geldermalsen,2018,4.075273956784653,-0.02699089435903142,-0.022227172046227282,0.029932338617915905,0.01732396865678305,-0.0737552327145868,0.02173520312708342
WK196000,Geldermalsen,2020,4.065608691650233,-0.03665615949345193,-0.017657367544277155,0.02644317183208118,0.014501957792804113,-0.07501077798218493,0.015066856408124578
WK196000,Geldermalsen,2022,4.101609747928827,-6.551032148577459e-4,-0.0163221069296365,0.05104661490810575,0.02348513106755875,-0.08374666263662477,0.024881920375738744
WK196001,Deil,2002,4.125729444990968,0.023464593847283496,NA,NA,NA,NA,NA
WK196001,Deil,2008,4.132066697772619,0.02980184662893381,NA,NA,NA,NA,NA
WK196001,Deil,2012,4.146164056159065,0.043899205015379035,NA,NA,NA,NA,NA
WK196001,Deil,2014,4.137999129437446,0.03573427829376118,-0.013018475017366441,0.06147522153866623,0.06979305226453333,-0.13964994254502158,0.057134422052949344
WK196001,Deil,2016,4.1512588476919605,0.048993996548274764,NA,NA,NA,NA,NA
WK196001,Deil,2018,4.165765253968532,0.06350040282484656,-0.011821156774739296,0.07153248519444083,0.07112602842226406,-0.12776745104720147,0.06043049703008217
WK196001,Deil,2020,4.133387225038904,0.031122373895218977,-0.01871194909558984,0.06882262814334214,0.06325772743866438,-0.14020001190527845,0.057953979314080424
WK196001,Deil,2022,4.162614300533287,0.060349449389601746,-0.00964748730878776,0.07479532212384706,0.06042102196340049,-0.12787692139981244,0.06265751401095414
WK196002,Beesd,2002,4.0851793052821685,-0.017085545861516692,NA,NA,NA,NA,NA
WK196002,Beesd,2008,4.088607255928598,-0.013657595215087673,NA,NA,NA,NA,NA
WK196002,Beesd,2012,4.087496710626846,-0.014768140516839603,NA,NA,NA,NA,NA
WK196002,Beesd,2014,4.073665824303619,-0.028599026840066166,-0.020352818677937527,0.03752706374181668,0.046751955812942024,-0.13461806194047526,0.04209283422358766
WK196002,Beesd,2016,4.084664140894991,-0.017600710248694088,NA,NA,NA,NA,NA
WK196002,Beesd,2018,4.114842480393747,0.012577629250062132,-0.019985459375321396,0.05695943594117066,0.06126254016893627,-0.1265681211975361,0.040909233712812416
WK196002,Beesd,2020,4.121498133306503,0.01923328216281729,-0.019228116500814896,0.05171986764639718,0.06195544626438705,-0.11259913120142691,0.0373852159542746
WK196002,Beesd,2022,4.117765645839851,0.015500794696165653,-0.011600921868305563,0.06184658707268483,0.051074837106213654,-0.1301090799653028,0.04428937235087527
WK196003,Buurmalsen,2002,4.098953082453613,-0.003311768690072918,NA,NA,NA,NA,NA
WK196003,Buurmalsen,2008,4.074261036484618,-0.0280038146590672,NA,NA,NA,NA,NA
WK196003,Buurmalsen,2012,4.085336146261139,-0.016928704882546348,NA,NA,NA,NA,NA
WK196003,Buurmalsen,2014,4.091422042087394,-0.010842809056291399,-0.03526370741150622,0.07708254501363611,0.053766933719183126,-0.14218486960065632,0.035756289223051595
WK196003,Buurmalsen,2016,4.0967031021225875,-0.005561749021097258,NA,NA,NA,NA,NA
WK196003,Buurmalsen,2018,4.101950201466558,-3.146496771275867e-4,-0.03324789331836081,0.07237368747544173,0.05426503459610904,-0.13512606321854922,0.04142058478823137
WK196003,Buurmalsen,2020,4.083786138806425,-0.018478712337260447,-0.03216869121088492,0.06427091936317142,0.04264928652848574,-0.1307090709038104,0.03747884388577744
WK196003,Buurmalsen,2022,4.114713378650796,0.012448527507110748,-0.025260094693881303,0.0894897929032921,0.04666427785590575,-0.1411981879251023,0.042752739366896164
WK196004,Meteren,2002,4.054639492167151,-0.04762535897653365,NA,NA,NA,NA,NA
WK196004,Meteren,2008,4.099948894434927,-0.0023159567087574443,NA,NA,NA,NA,NA
WK196004,Meteren,2012,4.098506638689528,-0.003758212454157304,NA,NA,NA,NA,NA
WK196004,Meteren,2014,4.09435258557951,-0.007912265564175052,-0.01948730203968643,0.045930307134948334,0.05415749015857182,-0.11944461725609895,0.030931856438089947
WK196004,Meteren,2016,4.119227520197246,0.01696266905356067,NA,NA,NA,NA,NA
WK196004,Meteren,2018,4.0948541647201075,-0.007410686423577631,-0.021484129238428105,0.05648222285705452,0.04481188525791488,-0.11908074529575352,0.031860079995634345
WK196004,Meteren,2020,4.097727428185524,-0.004537422958161094,-0.021865635614440763,0.06385145375107866,0.03309826090235724,-0.11396343705011873,0.03434193505296226
WK196004,Meteren,2022,4.127042153343589,0.024777302199903404,-0.016690320202423007,0.08077406890993132,0.03909004494276601,-0.11117892235718442,0.03278243090681318
WK196005,Haaften,2002,4.024909302254766,-0.07735554888891889,NA,NA,NA,NA,NA
WK196005,Haaften,2008,4.003036813069624,-0.0992280380740617,NA,NA,NA,NA,NA
WK196005,Haaften,2012,4.019024407577705,-0.08324044356597983,NA,NA,NA,NA,NA
WK196005,Haaften,2014,4.009664548997247,-0.09260030214643841,-0.020286232608095818,0.05252363590091224,0.043842666424684956,-0.19802547881287214,0.029345106948932078
WK196005,Haaften,2016,4.034155586829286,-0.06810926431439916,NA,NA,NA,NA,NA
WK196005,Haaften,2018,4.046641627656772,-0.05562322348691264,-0.003418635902075665,0.06430654951933253,0.04663264570808201,-0.19035125977330397,0.027207476961052177
WK196005,Haaften,2020,4.050030850619549,-0.052234000524136445,-0.007067185911724953,0.07186804582789155,0.046555527436392796,-0.18521565395175496,0.02162526607505886
WK196005,Haaften,2022,4.064691652682345,-0.03757319846133995,-0.0051210781847919815,0.0726305275151965,0.04891642767591662,-0.18623478832694604,0.03223571285928468
WK196006,Waardenburg en Opijnen,2002,4.029836191548872,-0.07242865959481345,NA,NA,NA,NA,NA
WK196006,Waardenburg en Opijnen,2008,4.027352403916627,-0.07491244722705798,NA,NA,NA,NA,NA
WK196006,Waardenburg en Opijnen,2012,4.033400804156624,-0.06886404698706036,NA,NA,NA,NA,NA
WK196006,Waardenburg en Opijnen,2014,4.049997908447192,-0.05226694269649232,-0.031840018069597756,0.04777156423074301,0.06492886117149914,-0.1651061154648855,0.031978765435748555
WK196006,Waardenburg en Opijnen,2016,4.0744988753076035,-0.0277659758360816,NA,NA,NA,NA,NA
WK196006,Waardenburg en Opijnen,2018,4.0879940726949835,-0.014270778448701695,-0.03311724335955028,0.0724366337304892,0.06756943090691722,-0.1573109469059092,0.036151347179351055
WK196006,Waardenburg en Opijnen,2020,4.073245749198639,-0.029019101945045884,-0.03497658582598094,0.0711245748483022,0.05976616623349043,-0.15859144443730466,0.03365818723644684
WK196006,Waardenburg en Opijnen,2022,4.105906670866858,0.003641819723173025,-0.02426761863630601,0.07842006925949296,0.06426949073411897,-0.16000827920665076,0.0452281575725176
WK196007,Varik en Ophemert,2002,4.047072984536306,-0.055191866607379285,NA,NA,NA,NA,NA
WK196007,Varik en Ophemert,2008,4.0369645518820985,-0.06530029926158688,NA,NA,NA,NA,NA
WK196007,Varik en Ophemert,2012,4.07220456215621,-0.030060288987475516,NA,NA,NA,NA,NA
WK196007,Varik en Ophemert,2014,4.072277855137993,-0.029986996005691793,-0.007929548722391117,0.07295720808709255,0.07439499645438527,-0.21842245063418175,0.04901279880940301
WK196007,Varik en Ophemert,2016,4.075657831795851,-0.026607019347833587,NA,NA,NA,NA,NA
WK196007,Varik en Ophemert,2018,4.080330089734951,-0.02193476140873438,-0.00977208011577461,0.07969255935625949,0.07598757350124208,-0.2151115534608464,0.04726873931038474
WK196007,Varik en Ophemert,2020,4.105078325476462,0.0028134743327762855,-0.004689619374314639,0.0943094745317083,0.07158911058214949,-0.20473488128123432,0.04633938987446724
WK196007,Varik en Ophemert,2022,4.117923496377679,0.01565864523399289,4.121934974149714e-4,0.09989363721297334,0.07629525176688204,-0.21384134864596802,0.052898911402690346
WK196008,Asperen,2002,4.059658635774575,-0.042606215369109995,NA,NA,NA,NA,NA
WK196008,Asperen,2008,4.042600362698687,-0.05966448844499788,NA,NA,NA,NA,NA
WK196008,Asperen,2012,4.083846905483136,-0.018417945660548794,NA,NA,NA,NA,NA
WK196008,Asperen,2014,4.087353011862691,-0.014911839280994049,0.001373581121828586,0.050069928628030405,0.024689206740122337,-0.1010117456567332,0.009967189885757477
WK196008,Asperen,2016,4.106630363237506,0.00436551209382076,NA,NA,NA,NA,NA
WK196008,Asperen,2018,4.092268354912722,-0.009996496230962895,-0.004800530645900881,0.03185164779516863,0.029327213080138984,-0.08274513623686154,0.01637030977649159
WK196008,Asperen,2020,4.081813580725727,-0.020451270417958075,-0.009848683313140724,0.0221199099348152,0.026953023036614374,-0.07550101452511977,0.01582549444887254
WK196008,Asperen,2022,4.133723967662597,0.03145911651891183,-0.005802740697017786,0.06910705247354751,0.0305394920686126,-0.09344745783940629,0.031062770513175457
WK196009,Heukelum,2002,4.1046695168390395,0.002404665695354176,NA,NA,NA,NA,NA
WK196009,Heukelum,2008,4.079691643490231,-0.0225732076534535,NA,NA,NA,NA,NA
WK196009,Heukelum,2012,4.1286834028688,0.026418551725115487,NA,NA,NA,NA,NA
WK196009,Heukelum,2014,4.120482750412977,0.018217899269291817,0.020230735599003798,0.06579952766587982,0.048536571917912164,-0.14356664009270462,0.027217704179200296
WK196009,Heukelum,2016,4.132730164927735,0.030465313784050214,NA,NA,NA,NA,NA
WK196009,Heukelum,2018,4.128605786941196,0.026340935797510744,0.021859839533383663,0.050101404666633244,0.04811331673416461,-0.1212356482777542,0.027502023141083125
WK196009,Heukelum,2020,4.129329951117388,0.027065099973701975,0.01863154535403442,0.040881142843913296,0.047953459326456664,-0.1132652844324174,0.03286423688171475
WK196009,Heukelum,2022,4.152816542087726,0.05055169094404142,0.027474744741991557,0.07547320482436497,0.05085880632605728,-0.13520523750930194,0.03195017256092932
WK196010,Vuren,2002,4.042169806245057,-0.06009504489862822,NA,NA,NA,NA,NA
WK196010,Vuren,2008,4.055964913668343,-0.04629993747534182,NA,NA,NA,NA,NA
WK196010,Vuren,2012,4.103340095814774,0.0010752446710886585,NA,NA,NA,NA,NA
WK196010,Vuren,2014,4.027818366714607,-0.07444648442907824,-0.024185181609155317,0.03471778902731499,0.03458120495868481,-0.13492058352260908,0.01536028671668608
WK196010,Vuren,2016,4.078219075839713,-0.02404577530397228,NA,NA,NA,NA,NA
WK196010,Vuren,2018,4.052787475900229,-0.04947737524345654,-0.02181360096153727,0.030451057475951678,0.03868508262949604,-0.11159501211150373,0.014795097724136458
WK196010,Vuren,2020,4.044218308478233,-0.05804654266545259,-0.019296853570046117,0.01194088574030376,0.03266934842061329,-0.10099608045195775,0.017636157195633963
WK196010,Vuren,2022,4.103918120084772,0.001653268941086281,-0.012091463289907045,0.06640433265771534,0.03718010167187798,-0.11417712591503575,0.024337423816435444
WK196011,Herwijnen,2002,3.986438275409826,-0.11582657573385935,NA,NA,NA,NA,NA
WK196011,Herwijnen,2008,4.008008943342909,-0.09425590780077628,NA,NA,NA,NA,NA
WK196011,Herwijnen,2012,4.031426897342171,-0.07083795380151499,NA,NA,NA,NA,NA
WK196011,Herwijnen,2014,4.026485286615452,-0.07577956452823267,-0.02581094621585201,0.06603961186593399,0.049614390666742336,-0.19120953760936307,0.02558691676430583
WK196011,Herwijnen,2016,4.0383772390165555,-0.06388761212713025,NA,NA,NA,NA,NA
WK196011,Herwijnen,2018,4.029434163518834,-0.07283068762485112,-0.020587268382917613,0.03511882729705953,0.05219426902019353,-0.16681399511626802,0.027257479557081174
WK196011,Herwijnen,2020,4.025979348317966,-0.07628550282571951,-0.017470602135699002,0.023460656244828588,0.04566613833845174,-0.16008863365190054,0.032146938378599464
WK196011,Herwijnen,2022,4.077067514767692,-0.02519733637599304,-0.006321130030809324,0.07724002154427168,0.04847759435983131,-0.17829779324386616,0.033703970994579245
WK196101,Tienhoven aan de Lek,2002,4.107929889145897,0.0056650380022116725,NA,NA,NA,NA,NA
WK196101,Tienhoven aan de Lek,2008,4.043728255272754,-0.05853659587093127,NA,NA,NA,NA,NA
WK196101,Tienhoven aan de Lek,2012,4.034695195799171,-0.06756965534451385,NA,NA,NA,NA,NA
WK196101,Tienhoven aan de Lek,2014,4.104779596369946,0.002514745226260786,0.020063409493531168,0.1364270563491482,0.08686799304426487,-0.22902774935131134,-0.01181596430937211
WK196101,Tienhoven aan de Lek,2016,4.11128280081992,0.009017949676234708,NA,NA,NA,NA,NA
WK196101,Tienhoven aan de Lek,2018,4.072438695557169,-0.029826155586516023,0.016827951885669837,0.11868803179042293,0.07152329315594406,-0.22707058339097036,-0.009794849027582868
WK196101,Tienhoven aan de Lek,2020,4.04767329202985,-0.05459155911383598,0.019644036056896685,0.11150140713510659,0.061111703555871526,-0.21001451503455107,-0.03683419082715993
WK196101,Tienhoven aan de Lek,2022,4.142716533647168,0.04045168250348305,0.026513798891420387,0.11715455038710967,0.06433604736612514,-0.22641711202702205,0.05886439788584954
WK196102,Tienhoven aan de Lek buitengebied,2002,4.054724111150418,-0.04754073999326687,NA,NA,NA,NA,NA
WK196102,Tienhoven aan de Lek buitengebied,2008,4.0762871986441445,-0.02597765249954087,NA,NA,NA,NA,NA
WK196102,Tienhoven aan de Lek buitengebied,2012,4.102423513181609,1.5866203792375355e-4,NA,NA,NA,NA,NA
WK196102,Tienhoven aan de Lek buitengebied,2014,4.1735073905687035,0.07124253942501844,0.015755200428985323,0.11429281069464726,0.10002427819244467,-0.2209594041155713,0.062129654224512235
WK196102,Tienhoven aan de Lek buitengebied,2016,4.177294968322397,0.0750301171787118,NA,NA,NA,NA,NA
WK196102,Tienhoven aan de Lek buitengebied,2018,4.151480371729714,0.049215520586029085,0.016900343606136792,0.09491376540151499,0.09008215797713555,-0.21800251363121975,0.06532176723246133
WK196102,Tienhoven aan de Lek buitengebied,2020,4.155944871041367,0.05368001989768201,0.01794257015912668,0.08781451801029408,0.08532292108380107,-0.20365867361507026,0.06625868425953017
WK196102,Tienhoven aan de Lek buitengebied,2022,4.147230753248981,0.044965902105295615,0.0164932875040135,0.08878855234502848,0.07951786725660939,-0.2211246781274531,0.08129087312709704
WK196103,Ameide,2002,3.977632423948737,-0.12463242719494833,NA,NA,NA,NA,NA
WK196103,Ameide,2008,3.975015295284332,-0.12724955585935302,NA,NA,NA,NA,NA
WK196103,Ameide,2012,3.9807509093882194,-0.12151394175546597,NA,NA,NA,NA,NA
WK196103,Ameide,2014,4.050621939017469,-0.051642912126216536,-0.008949490822125003,0.09017927632323577,0.04194471869637601,-0.20089068779878763,0.02607327147508408
WK196103,Ameide,2016,4.076320491564566,-0.02594435957911954,NA,NA,NA,NA,NA
WK196103,Ameide,2018,4.055078207670814,-0.04718664347287134,-0.005626975361446533,0.08468824562822057,0.040070670340784334,-0.19681779953857115,0.03049921545814122
WK196103,Ameide,2020,4.052084401167101,-0.05018044997658445,-0.003369798161934655,0.06891423006007903,0.03134532988829512,-0.1773280180271201,0.030257806264095785
WK196103,Ameide,2022,4.022675030284902,-0.07958982085878254,0.004107434898441992,0.06474396183943497,0.02865100715617778,-0.2004770457994609,0.02338482104662339
WK196104,Ameide buitengebied,2002,4.246358801321338,0.14409395017765358,NA,NA,NA,NA,NA
WK196104,Ameide buitengebied,2008,4.17752925967087,0.07526440852718562,NA,NA,NA,NA,NA
WK196104,Ameide buitengebied,2012,4.219789827292488,0.11752497614880314,NA,NA,NA,NA,NA
WK196104,Ameide buitengebied,2014,4.229748906522868,0.127484055379183,0.037099483533545,0.11784470425562536,0.10186736803827187,-0.21658780237535047,0.08726030192709106
WK196104,Ameide buitengebied,2016,4.297721861083384,0.1954570099396989,NA,NA,NA,NA,NA
WK196104,Ameide buitengebied,2018,4.214042718868275,0.11177786772458966,0.054545440802197594,0.0914885480608234,0.09614718844308563,-0.21191422901591522,0.08151091943439778
WK196104,Ameide buitengebied,2020,4.196847106951204,0.0945822558075187,0.05108450843033175,0.06603362715979319,0.0944798640233676,-0.20153664941252084,0.0845209056065469
WK196104,Ameide buitengebied,2022,4.232360714067832,0.1300958629241473,0.06157652811148956,0.09928394481910484,0.09164412961508613,-0.21499045801707675,0.09258171839554334
WK196105,Meerkerk,2002,3.969497327912451,-0.13276752323123367,NA,NA,NA,NA,NA
WK196105,Meerkerk,2008,3.9530909871252815,-0.14917386401840366,NA,NA,NA,NA,NA
WK196105,Meerkerk,2012,3.9742241522641115,-0.12804069887957384,NA,NA,NA,NA,NA
WK196105,Meerkerk,2014,4.042987466279044,-0.05927738486464101,-0.025927149230240084,0.07013921729089874,0.03145991280142649,-0.14403243275016853,0.009083067023442085
WK196105,Meerkerk,2016,4.0524641871048175,-0.04980066403886741,NA,NA,NA,NA,NA
WK196105,Meerkerk,2018,4.057446959563576,-0.04481789158010934,-0.018459927682292078,0.0604064312593623,0.03300712691731121,-0.13127717401099415,0.011505651936503122
WK196105,Meerkerk,2020,4.0994435607854625,-0.002821290358223152,-0.017762825544714075,0.08494158355216919,0.03214394821770547,-0.11412765518608328,0.011983658602699211
WK196105,Meerkerk,2022,4.071110988134044,-0.031153863009641874,-0.012832527550400574,0.058485633514232624,0.030497779153206988,-0.13346070676636596,0.026155958639684795
WK196106,Meerkerk buitengebied,2002,4.097640159994492,-0.004624691149193262,NA,NA,NA,NA,NA
WK196106,Meerkerk buitengebied,2008,4.0584951436010295,-0.04376970754265594,NA,NA,NA,NA,NA
WK196106,Meerkerk buitengebied,2012,4.096869352922853,-0.005395498220832515,NA,NA,NA,NA,NA
WK196106,Meerkerk buitengebied,2014,4.144013946155306,0.04174909501162153,-0.010318716630180632,0.08097055313590182,0.11084998065284223,-0.18593425902311503,0.046181536876172984
WK196106,Meerkerk buitengebied,2016,4.166152990668572,0.06388813952488706,NA,NA,NA,NA,NA
WK196106,Meerkerk buitengebied,2018,4.179178548746268,0.07691369760258332,-0.00555220078278384,0.09421840551903093,0.1114660175946204,-0.17438850380783172,0.05116997907954747
WK196106,Meerkerk buitengebied,2020,4.173539222511247,0.07127437136756157,-0.003412528141712186,0.08944579461188008,0.10482749113100895,-0.17151386678466024,0.05192748055104464
WK196106,Meerkerk buitengebied,2022,4.156823848424811,0.054558997281125635,-2.532138226873967e-4,0.07319515691616445,0.10403666358199111,-0.18569761330437418,0.06327800391003119
WK196107,Lexmond,2002,4.079716023169657,-0.022548827974028424,NA,NA,NA,NA,NA
WK196107,Lexmond,2008,4.04767942229098,-0.05458542885270459,NA,NA,NA,NA,NA
WK196107,Lexmond,2012,4.07917245029307,-0.023092400850615334,NA,NA,NA,NA,NA
WK196107,Lexmond,2014,4.107412081207726,0.005147230064040595,-0.020277156918941115,0.05990915107307067,0.03646272824173207,-0.10570134276690009,0.034753850435078795
WK196107,Lexmond,2016,4.142672313203354,0.04040746205966877,NA,NA,NA,NA,NA
WK196107,Lexmond,2018,4.122667678817132,0.02040282767344694,-0.015384267119356103,0.06277219501386437,0.03806949231209266,-0.10057218603069108,0.03551759349753681
WK196107,Lexmond,2020,4.139027232241994,0.0367623810983094,-0.008691326049402185,0.06832210875229254,0.03361654718208832,-0.08945741288858493,0.032972464101915386
WK196107,Lexmond,2022,4.145625375410375,0.043360524266689626,-0.010901598054338248,0.0575493035432976,0.031901991056464137,-0.06870349366953694,0.03351432139080281
WK196108,Lexmond buitengebied,2002,4.192338873747007,0.09007402260332126,NA,NA,NA,NA,NA
WK196108,Lexmond buitengebied,2008,4.152870925579263,0.050606074435578,NA,NA,NA,NA,NA
WK196108,Lexmond buitengebied,2012,4.175830426844304,0.07356557570061902,NA,NA,NA,NA,NA
WK196108,Lexmond buitengebied,2014,4.17214913909142,0.06988428794773459,-0.06650126363894382,0.10765396734567041,0.09504460168095337,-0.14744518787389085,0.08113217043394526
WK196108,Lexmond buitengebied,2016,4.174544158947153,0.0722793078034683,NA,NA,NA,NA,NA
WK196108,Lexmond buitengebied,2018,4.201832572599779,0.0995677214560936,-0.054600899325518086,0.10870932233745889,0.114860468782716,-0.14094766447621543,0.07154649413765192
WK196108,Lexmond buitengebied,2020,4.18895710771384,0.08669225657015507,-0.057320226363432994,0.10136481593971337,0.10838934446720583,-0.1334737307223877,0.06773205324905623
WK196108,Lexmond buitengebied,2022,4.216560240214113,0.1142953890704282,-0.05312694954462093,0.10019934154979437,0.10653897829737934,-0.1325885533577562,0.09327257212563132
WK196109,Nieuwland,2002,4.0781083491176195,-0.024156502026065414,NA,NA,NA,NA,NA
WK196109,Nieuwland,2008,4.01560296292032,-0.08666188822336575,NA,NA,NA,NA,NA
WK196109,Nieuwland,2012,4.016591553924724,-0.08567329721896089,NA,NA,NA,NA,NA
WK196109,Nieuwland,2014,3.992980801802918,-0.10928404934076734,-0.03408880499404389,0.07370816681352559,0.03138368768429554,-0.18099010862179235,7.030097772475127e-4
WK196109,Nieuwland,2016,4.058876735085363,-0.04338811605832185,NA,NA,NA,NA,NA
WK196109,Nieuwland,2018,4.020423443078728,-0.08184140806495813,-0.023087835206166807,0.04885659626038717,0.04218899946494509,-0.1605776855474139,0.010778516963289983
WK196109,Nieuwland,2020,4.043893331458304,-0.05837151968538075,-0.029452285512015248,0.06611752360703398,0.03312512372539477,-0.14876141743309967,0.0205995359273052
WK196109,Nieuwland,2022,4.0362652864952295,-0.06599956464845563,-0.025652220937824287,0.057790249615844454,0.02962613375625559,-0.1602353193627544,0.032471592280022735
WK196110,Nieuwland buitengebied,2002,4.190064814826523,0.0877999636828378,NA,NA,NA,NA,NA
WK196110,Nieuwland buitengebied,2008,4.146683644825687,0.04441879368200234,NA,NA,NA,NA,NA
WK196110,Nieuwland buitengebied,2012,4.169420470268389,0.06715561912470389,NA,NA,NA,NA,NA
WK196110,Nieuwland buitengebied,2014,4.187618955194358,0.08535410405067263,-0.020384113397735906,0.12071237510934556,0.1056073791555249,-0.19333765260214986,0.0727561157856876
WK196110,Nieuwland buitengebied,2016,4.200849913546476,0.09858506240279012,NA,NA,NA,NA,NA
WK196110,Nieuwland buitengebied,2018,4.255406748699308,0.15314189755562266,-0.0018404262199910738,0.12318016013907881,0.11927845020254649,-0.1607635281961643,0.07328724163015238
WK196110,Nieuwland buitengebied,2020,4.2292641710093175,0.12699931986563298,-0.00952878930038815,0.10153467903130868,0.11337715221968661,-0.15272610134778125,0.07434237926280673
WK196110,Nieuwland buitengebied,2022,4.220310798135871,0.11804594699218622,-0.017125680909908805,0.1036361750223555,0.11609518119138199,-0.17278919785644858,0.08822946954480569
WK196111,Leerbroek,2002,4.034169560061413,-0.06809529108227257,NA,NA,NA,NA,NA
WK196111,Leerbroek,2008,3.965599829820364,-0.13666502132332115,NA,NA,NA,NA,NA
WK196111,Leerbroek,2012,3.9561199227972446,-0.14614492834644058,NA,NA,NA,NA,NA
WK196111,Leerbroek,2014,4.0047593184856405,-0.09750553265804478,-0.037087673076304076,0.06940479669684621,0.049506450543965366,-0.18437864526828043,0.005049538445727884
WK196111,Leerbroek,2016,4.031076041447814,-0.07118880969587149,NA,NA,NA,NA,NA
WK196111,Leerbroek,2018,4.034789409034001,-0.06747544210968402,-0.01565748512448846,0.06638724975130121,0.050132949061988466,-0.17124811942306217,0.0029099636245766554
WK196111,Leerbroek,2020,4.037486133690398,-0.06477871745328742,-0.021104113009355,0.07678055127795533,0.04091424434089645,-0.16655574197263215,0.005186341909847774
WK196111,Leerbroek,2022,4.016213219510866,-0.08605163163281913,-0.021990427422032287,0.060611885970267974,0.046062525516809026,-0.18643076476606682,0.015695149068202616
WK196112,Leerbroek buitengebied,2002,4.1815579873703195,0.07929313622663425,NA,NA,NA,NA,NA
WK196112,Leerbroek buitengebied,2008,4.184731426017766,0.08246657487408077,NA,NA,NA,NA,NA
WK196112,Leerbroek buitengebied,2012,4.17557153339279,0.07330668224910497,NA,NA,NA,NA,NA
WK196112,Leerbroek buitengebied,2014,4.191185508900512,0.08892065775682695,-0.03916806646012003,0.13324719454366674,0.12923575545634208,-0.20381658137133477,0.0694223555882729
WK196112,Leerbroek buitengebied,2016,4.232549191491133,0.1302843403474474,NA,NA,NA,NA,NA
WK196112,Leerbroek buitengebied,2018,4.226587222734107,0.12432237159042142,-0.014160500237221712,0.12925139596494475,0.13271843337502529,-0.19355811018949154,0.07007115267716435
WK196112,Leerbroek buitengebied,2020,4.224032110291899,0.12176725914821439,-0.021080765045408505,0.12902489616939483,0.13296790893306482,-0.18846054531864045,0.06931576440980346
WK196112,Leerbroek buitengebied,2022,4.205357044753477,0.1030921936097912,-0.02523475973644041,0.11089792753390236,0.13547656181361356,-0.20288444714972154,0.08483691114843699
WK196113,Kedichem,2002,4.015125960291031,-0.08713889085265389,NA,NA,NA,NA,NA
WK196113,Kedichem,2008,3.9963627433121496,-0.10590210783153542,NA,NA,NA,NA,NA
WK196113,Kedichem,2012,4.014178503031809,-0.08808634811187592,NA,NA,NA,NA,NA
WK196113,Kedichem,2014,4.005962124715963,-0.0963027264277222,-0.004056132520064428,0.047720047929641796,0.04309022490985795,-0.21642224890133346,0.03336538215417577
WK196113,Kedichem,2016,4.0892709999272805,-0.012993851216404501,NA,NA,NA,NA,NA
WK196113,Kedichem,2018,4.081336706887919,-0.020928144255766272,0.007404671697861424,0.08654126585268508,0.04484077828637728,-0.1955297912304405,0.03581493113775024
WK196113,Kedichem,2020,4.109992174341994,0.007727323198309258,0.011739459213307709,0.07582726845591878,0.04468441061596434,-0.15948463099293717,0.034960815906055306
WK196113,Kedichem,2022,4.099188826664967,-0.0030760244787179803,0.01909183694472682,0.07524543734706815,0.035121794448709207,-0.1782226014670358,0.045687508247813285
WK196114,Kedichem buitengebied,2002,4.187464879850248,0.08520002870656254,NA,NA,NA,NA,NA
WK196114,Kedichem buitengebied,2008,4.1310806428578815,0.02881579171419611,NA,NA,NA,NA,NA
WK196114,Kedichem buitengebied,2012,4.128982431634823,0.02671758049113722,NA,NA,NA,NA,NA
WK196114,Kedichem buitengebied,2014,4.179006311837701,0.07674146069401577,-0.0022099386418591707,0.10568644187001018,0.11337125421617668,-0.2074446074124168,0.06733831066210473
WK196114,Kedichem buitengebied,2016,4.203317986924849,0.10105313578116325,NA,NA,NA,NA,NA
WK196114,Kedichem buitengebied,2018,4.21081612762852,0.1085512764848344,0.004771383376031216,0.10797116900968623,0.1122996589107506,-0.18724286828065553,0.07075193346902153
WK196114,Kedichem buitengebied,2020,4.242814364174862,0.14054951303117713,-0.005114830799696943,0.10759400676685967,0.12773515632593657,-0.16060324732222217,0.07093842806029955
WK196114,Kedichem buitengebied,2022,4.215621466607296,0.11335661546361153,-0.0010347125795889367,0.09165494799879767,0.11416988758921026,-0.18060751524985566,0.08917400770504798
WK196115,Hei- en Boeicop,2002,4.0346835662059455,-0.06758128493773947,NA,NA,NA,NA,NA
WK196115,Hei- en Boeicop,2008,4.05890877903391,-0.04335607210977518,NA,NA,NA,NA,NA
WK196115,Hei- en Boeicop,2012,4.085530850269447,-0.016734000874237705,NA,NA,NA,NA,NA
WK196115,Hei- en Boeicop,2014,4.104311907585277,0.002047056441591768,-0.010901157965514049,0.09298073694569527,0.07495957651375794,-0.19176683707495512,0.03677473802260741
WK196115,Hei- en Boeicop,2016,4.165375892485457,0.0631110413417718,NA,NA,NA,NA,NA
WK196115,Hei- en Boeicop,2018,4.129935281934493,0.027670430790808144,0.0027104412759104703,0.09767050131898666,0.07799152399983564,-0.18718026571014842,0.03647822990622342
WK196115,Hei- en Boeicop,2020,4.106140673109134,0.0038758219654481192,-7.827618809451491e-4,0.08477502715296453,0.059877514618785654,-0.1780119519226636,0.03801799399730638
WK196115,Hei- en Boeicop,2022,4.120070975880778,0.017806124737093077,0.0025199944236688303,0.08754685040105133,0.05373729674282943,-0.17365079021863214,0.047652773388175404
WK196116,Hei- en Boeicop buitengebied,2002,4.19958985730051,0.09732500615682445,NA,NA,NA,NA,NA
WK196116,Hei- en Boeicop buitengebied,2008,4.0904920041133614,-0.011772847030323027,NA,NA,NA,NA,NA
WK196116,Hei- en Boeicop buitengebied,2012,4.1312547702301075,0.028989919086422587,NA,NA,NA,NA,NA
WK196116,Hei- en Boeicop buitengebied,2014,4.215042292940448,0.1127774417967632,-0.030186742127879543,0.13636657688835885,0.11929180919029242,-0.18645172169153099,0.07375751953752217
WK196116,Hei- en Boeicop buitengebied,2016,4.2231977256640505,0.12093287452036457,NA,NA,NA,NA,NA
WK196116,Hei- en Boeicop buitengebied,2018,4.199402603012048,0.09713775186836315,-0.013433893942560187,0.1093963164637391,0.10938433173943127,-0.18108342769023203,0.07287442529798474
WK196116,Hei- en Boeicop buitengebied,2020,4.188882280523676,0.0866174293799909,-0.0262776810539555,0.12079735815196693,0.09318607633831193,-0.17462142138300446,0.07353309732667167
WK196116,Hei- en Boeicop buitengebied,2022,4.20801373093205,0.10574887978836532,-0.018334213045835806,0.1164908897762876,0.09472825418265189,-0.17332993120049756,0.08619388007575904
WK196117,Oosterwijk,2002,4.164397800615176,0.06213294947149061,NA,NA,NA,NA,NA
WK196117,Oosterwijk,2008,4.176891085730206,0.07462623458652079,NA,NA,NA,NA,NA
WK196117,Oosterwijk,2012,4.239166367403956,0.13690151626027086,NA,NA,NA,NA,NA
WK196117,Oosterwijk,2014,4.258093723744536,0.15582887260085107,0.019906090044481888,0.07671181023939094,0.1208861003533169,-0.1464936187865901,0.08481849075025132
WK196117,Oosterwijk,2016,4.27711901004627,0.1748541589025857,NA,NA,NA,NA,NA
WK196117,Oosterwijk,2018,4.3318098843457475,0.22954503320206252,0.026651916145165176,0.09912349151229659,0.14784967799401014,-0.1299288483485015,0.08584879589909182
WK196117,Oosterwijk,2020,4.2991221356729,0.19685728452921447,0.02462763851138433,0.1131655227499434,0.10048626011564804,-0.12198896060781154,0.08056682376004999
WK196117,Oosterwijk,2022,4.281181163633106,0.17891631248942083,0.030851693391498257,0.09379749078243334,0.09716797313729816,-0.14020057727036975,0.09729973244856059
WK196118,Amaliastein,2002,4.100626214066805,-0.0016386370768801445,NA,NA,NA,NA,NA
WK196118,Amaliastein,2008,4.0771625880675355,-0.025102263076149104,NA,NA,NA,NA,NA
WK196118,Amaliastein,2012,4.082833177507766,-0.01943167363591933,NA,NA,NA,NA,NA
WK196118,Amaliastein,2014,4.129660025085078,0.027395173941393323,0.011826424697618179,0.035523612038946495,0.02456374847588706,-0.03972631911445626,-0.00479229215660235
WK196118,Amaliastein,2016,4.219167703437493,0.1169028522938079,NA,NA,NA,NA,NA
WK196118,Amaliastein,2018,4.159883301820078,0.05761845067639242,0.009767216769581293,0.03763675042513814,0.019541833097697036,-0.031065946630174184,0.021738597014149857
WK196118,Amaliastein,2020,4.1558344447309725,0.05356959358728722,0.012335862219186696,0.027962752444478507,0.01335385244223032,-0.022295220285703993,0.02221234676709544
WK196118,Amaliastein,2022,4.166042844651595,0.06377799350790951,0.01415698165981888,0.04540700581285491,0.01237764198227881,-0.03173016993235642,0.023566533985312985
WK196119,Monnikenhof,2002,4.0300807409521555,-0.07218411019153027,NA,NA,NA,NA,NA
WK196119,Monnikenhof,2008,4.029238514510413,-0.07302633663327138,NA,NA,NA,NA,NA
WK196119,Monnikenhof,2012,4.07637799475651,-0.025886856387174993,NA,NA,NA,NA,NA
WK196119,Monnikenhof,2014,4.0625154612658765,-0.03974938987780866,-0.007515225795211313,-0.006361362354355343,7.101937080719264e-5,-0.034205673368293596,0.008261852269244084
WK196119,Monnikenhof,2016,4.168071860356727,0.06580700921304196,NA,NA,NA,NA,NA
WK196119,Monnikenhof,2018,4.1081221700573005,0.005857318913615143,-0.004916055730003194,0.022807977261343516,-0.0036648060813951754,-0.0223228074289989,0.013953010892668559
WK196119,Monnikenhof,2020,4.117188668638085,0.01492381749439993,-0.004622403021162997,0.021461738597977342,-0.001635493561707224,-0.011110985140366908,0.010830960619659439
WK196119,Monnikenhof,2022,4.1229401150469736,0.020675263903289054,-8.398005236435233e-4,0.02606666866843415,5.593393262857473e-4,-0.019535463049595123,0.01442451948180751
WK196120,Vianen bedrijventerrein,2002,4.188694974562702,0.08643012341901642,NA,NA,NA,NA,NA
WK196120,Vianen bedrijventerrein,2008,4.096470041194206,-0.005794809949478452,NA,NA,NA,NA,NA
WK196120,Vianen bedrijventerrein,2012,4.165719213806992,0.06345436266330685,NA,NA,NA,NA,NA
WK196120,Vianen bedrijventerrein,2014,4.049136145899831,-0.0531287052438548,-0.12707877011690097,0.020765941280288823,0.08054009315304315,-0.06559098377104507,0.03823501421075904
WK196120,Vianen bedrijventerrein,2016,3.9724060805725228,-0.12985877057116255,NA,NA,NA,NA,NA
WK196120,Vianen bedrijventerrein,2018,4.141384099841911,0.0391192486982258,-0.12414869758156653,0.07508255649470784,0.09458925129711782,-0.05385898878784368,0.047455127275810145
WK196120,Vianen bedrijventerrein,2020,4.161609756524647,0.059344905380962,-0.10428081250098692,0.07503172009197114,0.08173746062234516,-0.03978534011813173,0.04664187728576407
WK196120,Vianen bedrijventerrein,2022,4.136771761229785,0.03450691008610033,-0.12808096691172202,0.058859241259778074,0.08591809316859615,-0.0463005890789624,0.06411113164841015
WK196121,Vianen centrum,2002,4.112055355714238,0.009790504570553627,NA,NA,NA,NA,NA
WK196121,Vianen centrum,2008,4.089025312271886,-0.013239538871799279,NA,NA,NA,NA,NA
WK196121,Vianen centrum,2012,4.128010564503478,0.02574571335979286,NA,NA,NA,NA,NA
WK196121,Vianen centrum,2014,4.116108787009319,0.013843935865632862,-0.013110236272071425,-0.016592300189537883,0.001986792445165971,0.010281685349423234,0.03127799453265276
WK196121,Vianen centrum,2016,4.128285001256355,0.026020150112670042,NA,NA,NA,NA,NA
WK196121,Vianen centrum,2018,4.1487447490689355,0.04647989792525042,-0.020979645724530527,0.01346103326193254,-2.2011403344461883e-4,0.01405000099885169,0.04016862342244108
WK196121,Vianen centrum,2020,4.163772267011763,0.06150741586807768,-0.017428829255099438,0.012851777791123259,5.306527327681894e-4,0.02601859837603369,0.03953521622325174
WK196121,Vianen centrum,2022,4.192850303099217,0.09058545195553185,-0.010645091066757767,0.03933159949386994,0.008664121199006163,0.01701964720397364,0.03621517512543963
WK196122,De Hagen,2002,3.898127023335515,-0.2041378278081704,NA,NA,NA,NA,NA
WK196122,De Hagen,2008,3.885402096540292,-0.21686275460339313,NA,NA,NA,NA,NA
WK196122,De Hagen,2012,3.9458407573178778,-0.15642409382580727,NA,NA,NA,NA,NA
WK196122,De Hagen,2014,3.9411152351430134,-0.16114961600067176,-0.01161151557833631,-0.04349380433762793,-0.03727049994497037,-0.022170181038171876,-0.04660361510156553
WK196122,De Hagen,2016,3.976482491639363,-0.12578235950432218,NA,NA,NA,NA,NA
WK196122,De Hagen,2018,3.981016127083897,-0.1212487240597881,-0.007998267821808661,-0.019456827119894573,-0.03792231763456625,-0.016903517853782937,-0.03896779362973595
WK196122,De Hagen,2020,4.017156378572521,-0.08510847257116398,-0.006795422980096719,-0.0025200421643788657,-0.0353065597615798,-0.009041080854044703,-0.031445366811064225
WK196122,De Hagen,2022,4.021958779491722,-0.0803060716519623,-0.006363613154898008,-0.0021599067844112795,-0.027707142573290797,-0.01889057996988381,-0.025184829169478697
WK196123,Vianen buitengebied,2002,4.254809248859854,0.1525443977161697,NA,NA,NA,NA,NA
WK196123,Vianen buitengebied,2008,4.227755564715681,0.12549071357199518,NA,NA,NA,NA,NA
WK196123,Vianen buitengebied,2012,4.233513956549548,0.1312491054058627,NA,NA,NA,NA,NA
WK196123,Vianen buitengebied,2014,4.258909603796895,0.15664475265321054,-0.04359684964751741,0.09709332071375651,0.12175750503252422,-0.11814737257353983,0.09953814912798675
WK196123,Vianen buitengebied,2016,4.267512885942158,0.1652480347984724,NA,NA,NA,NA,NA
WK196123,Vianen buitengebied,2018,4.276017467896409,0.17375261675272421,-0.03159371646016019,0.09840066989266022,0.11854579181752381,-0.11183736497338297,0.100237236476083
WK196123,Vianen buitengebied,2020,4.268590377153415,0.1663255260097297,-0.03846109305701,0.09632861612947743,0.11143160934719841,-0.10453223438950404,0.10155862797956747
WK196123,Vianen buitengebied,2022,4.295633329997173,0.19336847885348743,-0.02416147135088989,0.10425006678781372,0.1118408827738179,-0.10444616903030778,0.10588516967305314
WK196124,Leerdam-West,2002,3.831328198746951,-0.2709366523967345,NA,NA,NA,NA,NA
WK196124,Leerdam-West,2008,3.8002831065444984,-0.30198174459918703,NA,NA,NA,NA,NA
WK196124,Leerdam-West,2012,3.854131596094077,-0.24813325504960843,NA,NA,NA,NA,NA
WK196124,Leerdam-West,2014,3.8369080523357324,-0.2653567988079526,-0.01085321710505544,-0.08943084616204898,-0.05362868575263013,-0.052368660973627856,-0.05907538881459048
WK196124,Leerdam-West,2016,3.9357002698190424,-0.16656458132464266,NA,NA,NA,NA,NA
WK196124,Leerdam-West,2018,3.918957461184978,-0.183307389958707,-0.012457857830347766,-0.04760750361871996,-0.037323193232886534,-0.04205888876666544,-0.043859946510087566
WK196124,Leerdam-West,2020,3.972589301365827,-0.1296755497778577,-0.009412976863108982,-0.03069224033362804,-0.02398508453970759,-0.03396140716593631,-0.03162384087547707
WK196124,Leerdam-West,2022,3.9413814320422045,-0.16088341910148093,-0.004057185572933179,-0.06382253584970611,-0.021168156753861047,-0.05187493383199102,-0.019960607092989878
WK196125,Leerdam-Noord,2002,3.972744013712618,-0.12952083743106663,NA,NA,NA,NA,NA
WK196125,Leerdam-Noord,2008,3.9844689971111014,-0.11779585403258354,NA,NA,NA,NA,NA
WK196125,Leerdam-Noord,2012,4.02916389009418,-0.07310096104950473,NA,NA,NA,NA,NA
WK196125,Leerdam-Noord,2014,4.052225524186264,-0.05003932695742107,-0.003991528427271314,0.011548846101449057,-0.0015155597716634559,-0.05672688542661113,6.458005666754939e-4
WK196125,Leerdam-Noord,2016,4.065208612546445,-0.03705623859724107,NA,NA,NA,NA,NA
WK196125,Leerdam-Noord,2018,4.074397535373123,-0.027867315770561774,-0.005278910225162605,0.022872183574747497,-0.008224132020144803,-0.042582043839682907,0.005345586739680732
WK196125,Leerdam-Noord,2020,4.08336591432676,-0.01889893681692513,-0.001986602908565078,0.025772590187873003,-0.0110526815138906,-0.03551188931776248,0.0038796467354197377
WK196125,Leerdam-Noord,2022,4.06373452271332,-0.0385303284303659,-6.464467894313435e-4,0.0041662032904289876,-0.0035178981830322163,-0.0488567930824857,0.010324606334154104
WK196126,Leerdam centrum,2002,3.9567656253446595,-0.1454992257990259,NA,NA,NA,NA,NA
WK196126,Leerdam centrum,2008,3.924871183885601,-0.17739366725808434,NA,NA,NA,NA,NA
WK196126,Leerdam centrum,2012,3.947136099454691,-0.155128751688994,NA,NA,NA,NA,NA
WK196126,Leerdam centrum,2014,3.98833324142684,-0.11393160971684474,-0.006645067050541988,-0.0671748072769471,-0.025437580932217548,0.014934937646062364,-0.02960909210320078
WK196126,Leerdam centrum,2016,4.024276926065855,-0.07798792507783116,NA,NA,NA,NA,NA
WK196126,Leerdam centrum,2018,4.023995085382905,-0.07826976576078022,-0.007131680744330734,-0.05385838417533373,-0.025483271403232893,0.022163695369537183,-0.013960124807420343
WK196126,Leerdam centrum,2020,4.068879639801394,-0.033385211342291235,-0.006564479054251462,-0.04448390289467789,-0.023931638861143165,0.04039073846619254,0.001204071001588526
WK196126,Leerdam centrum,2022,4.03020761861563,-0.07205723252805571,-0.0077095969483595385,-0.03387068257967485,-0.03115973411817743,0.021063340982153855,-0.02038055986399801
WK196127,Leerdam-Oost,2002,4.046538200852111,-0.05572665029157439,NA,NA,NA,NA,NA
WK196127,Leerdam-Oost,2008,4.032816880618586,-0.06944797052509977,NA,NA,NA,NA,NA
WK196127,Leerdam-Oost,2012,4.0386617390197985,-0.06360311212388725,NA,NA,NA,NA,NA
WK196127,Leerdam-Oost,2014,4.094943401227093,-0.007321449916591968,-0.004180940277118334,0.0235313846295309,0.010068998681485858,-0.020512921423218828,-0.016227971527271897
WK196127,Leerdam-Oost,2016,4.122869758553249,0.020604907409564555,NA,NA,NA,NA,NA
WK196127,Leerdam-Oost,2018,4.113810190277614,0.011545339133928745,-0.006699664512463433,0.02120064822001807,0.010264361584240251,-0.016044605349689826,0.0028245991918234023
WK196127,Leerdam-Oost,2020,4.143307811810678,0.041042960666993616,-0.004846038235716302,0.037383281216765575,0.012901544360561675,-0.004125934820283964,-2.6989185433362725e-4
WK196127,Leerdam-Oost,2022,4.131890987024932,0.029626135881246685,-0.0031086634944718396,0.036198492193304066,0.005666485326832746,-0.018556085049550187,0.009425906905131613
WK196128,Nieuw Schaik,2002,4.057522684595431,-0.0447421665482547,NA,NA,NA,NA,NA
WK196128,Nieuw Schaik,2008,4.07413454658616,-0.028130304557525118,NA,NA,NA,NA,NA
WK196128,Nieuw Schaik,2012,4.097427239159142,-0.004837611984543002,NA,NA,NA,NA,NA
WK196128,Nieuw Schaik,2014,4.131456620028868,0.02919176888518281,-0.07905225672531367,0.028030490877306836,0.09027393934564526,-0.06296445869198361,0.052904054079527696
WK196128,Nieuw Schaik,2016,4.0946349624280085,-0.007629888715676501,NA,NA,NA,NA,NA
WK196128,Nieuw Schaik,2018,4.132509901744741,0.030245050601054844,-0.1167213166298726,0.0428270509058103,0.07775884654085916,-0.020157934416089394,0.04653840420034708
WK196128,Nieuw Schaik,2020,4.119870275140713,0.01760542399702794,-0.10182361149459072,0.03711845332783488,0.05822427658987899,-0.016344736814888745,0.04043104238879309
WK196128,Nieuw Schaik,2022,4.116290757216939,0.014025906073254263,-0.08717268395858087,0.02748814190667604,0.06477164792609137,-0.03343763015518795,0.04237643035425536
WK196129,Leerdam buitengebied,2002,4.19975124043082,0.09748638928713496,NA,NA,NA,NA,NA
WK196129,Leerdam buitengebied,2008,4.183977658128031,0.08171280698434617,NA,NA,NA,NA,NA
WK196129,Leerdam buitengebied,2012,4.206818886878132,0.10455403573444635,NA,NA,NA,NA,NA
WK196129,Leerdam buitengebied,2014,4.233804777612551,0.13153992646886623,-0.01374725670405274,0.08087806438609073,0.09833310936629851,-0.11292311185586708,0.07899912127639645
WK196129,Leerdam buitengebied,2016,4.209461335738207,0.1071964845945218,NA,NA,NA,NA,NA
WK196129,Leerdam buitengebied,2018,4.239821682522146,0.137556831378461,-0.008314515157909952,0.07270044775303068,0.09487262479283856,-0.10067499876319426,0.07897327275369573
WK196129,Leerdam buitengebied,2020,4.235208009531164,0.13294315838747858,-0.009869861435531646,0.07256922725385864,0.08678751318993043,-0.0939339110683077,0.0773901904475286
WK196129,Leerdam buitengebied,2022,4.225781526307559,0.1235166751638739,-0.008329614850131433,0.06280987983114467,0.09144186374747508,-0.10939793117635789,0.08699247761174324
WK196130,Schoonrewoerd,2002,4.013531884234456,-0.08873296690922952,NA,NA,NA,NA,NA
WK196130,Schoonrewoerd,2008,4.03249392811343,-0.06977092303025516,NA,NA,NA,NA,NA
WK196130,Schoonrewoerd,2012,4.066676187464218,-0.03558866367946745,NA,NA,NA,NA,NA
WK196130,Schoonrewoerd,2014,4.053826199091541,-0.048438652052143684,-0.03241017045361537,0.05404168194494249,0.027630893382500923,-0.10768538225171634,0.00998432532574431
WK196130,Schoonrewoerd,2016,4.015138112792593,-0.08712673835109204,NA,NA,NA,NA,NA
WK196130,Schoonrewoerd,2018,4.083551665988339,-0.018713185155346465,-0.02627448167945142,0.0758936478408409,0.023903425864419018,-0.10345942691650109,0.011223649735345776
WK196130,Schoonrewoerd,2020,4.101946092637311,-3.1875850637361983e-4,-0.025317534253361147,0.06591141091784107,0.01823644472895039,-0.07686632055584888,0.01771724065604465
WK196130,Schoonrewoerd,2022,4.074263496232371,-0.028001354911314287,-0.019982702399119857,0.04451500405090404,0.024849968548037817,-0.09880292066662408,0.021419295555487543
WK196131,Schoonrewoerd buitengebied,2002,4.196584978459737,0.09432012731605226,NA,NA,NA,NA,NA
WK196131,Schoonrewoerd buitengebied,2008,4.154861774969131,0.052596923825445535,NA,NA,NA,NA,NA
WK196131,Schoonrewoerd buitengebied,2012,4.197882240885909,0.09561738974222454,NA,NA,NA,NA,NA
WK196131,Schoonrewoerd buitengebied,2014,4.212572338818667,0.11030748767498175,-0.02494784481643791,0.08158970937455129,0.1140642374622397,-0.14360475420513721,0.08320613985976566
WK196131,Schoonrewoerd buitengebied,2016,4.22748634876545,0.12522149762176482,NA,NA,NA,NA,NA
WK196131,Schoonrewoerd buitengebied,2018,4.248281112738926,0.14601626159524111,-0.014162860202054145,0.0997165923675866,0.11386415310229955,-0.13989310669876062,0.0864914830261696
WK196131,Schoonrewoerd buitengebied,2020,4.250230048549909,0.14796519740622427,-0.022517376418875152,0.08924145439728226,0.12104772813037729,-0.12608510364874817,0.08627849494618771
WK196131,Schoonrewoerd buitengebied,2022,4.2502102519407545,0.1479454007970691,-0.023658937444724457,0.0786932458365697,0.12823205882756553,-0.1378885292267381,0.10256756280439631
WK196132,Zijderveld,2002,4.08380468400569,-0.018460167137995035,NA,NA,NA,NA,NA
WK196132,Zijderveld,2008,4.054479346484871,-0.04778550465881414,NA,NA,NA,NA,NA
WK196132,Zijderveld,2012,4.046420911791304,-0.055843939352381085,NA,NA,NA,NA,NA
WK196132,Zijderveld,2014,4.07991694751698,-0.02234790362670524,-0.04279055387494433,0.054598827450430376,0.07823246277693317,-0.15364126337435657,0.04125262339523182
WK196132,Zijderveld,2016,4.100095896345787,-0.002168954797897714,NA,NA,NA,NA,NA
WK196132,Zijderveld,2018,4.064251046503074,-0.03801380464061132,-0.045228828350895804,0.07249767655849436,0.05179745251479108,-0.15488935252232244,0.03780924715932129
WK196132,Zijderveld,2020,4.087575646505725,-0.014689204637960848,-0.044855832838670034,0.0863343747999661,0.04038916216552172,-0.13572440005760875,0.03916749129282996
WK196132,Zijderveld,2022,4.1081408410414255,0.005875989897740357,-0.03672517763162632,0.10641767148561732,0.046981269633961625,-0.14833521512342193,0.03753744153320941
WK196133,Zijderveld buitengebied,2002,4.237122104385627,0.1348572532419415,NA,NA,NA,NA,NA
WK196133,Zijderveld buitengebied,2008,4.1709044590388915,0.06863960789520684,NA,NA,NA,NA,NA
WK196133,Zijderveld buitengebied,2012,4.266887289533663,0.16462243838997867,NA,NA,NA,NA,NA
WK196133,Zijderveld buitengebied,2014,4.284164015647121,0.18189916450343566,-0.048020698143433314,0.08983391101262869,0.18398520373257818,-0.1623502269569272,0.11845097485858877
WK196133,Zijderveld buitengebied,2016,4.276956796652702,0.1746919455090165,NA,NA,NA,NA,NA
WK196133,Zijderveld buitengebied,2018,4.289082218034938,0.18681736689125322,-0.026637070896860567,0.09704707053869148,0.16216589547313146,-0.16304929569012572,0.11729076746641649
WK196133,Zijderveld buitengebied,2020,4.242522467039343,0.14025761589565833,-0.04574935612832445,0.09926035033022687,0.12153984465114798,-0.15056207841991853,0.11576885546252622
WK196133,Zijderveld buitengebied,2022,4.231693671780497,0.12942882063681183,-0.043838153716761544,0.09374907800539223,0.11152252367621941,-0.1604166324086618,0.1284120050806233
WK196134,Hagestein,2002,4.1152192463001525,0.012954395156467267,NA,NA,NA,NA,NA
WK196134,Hagestein,2008,4.0687702614626575,-0.033494589681027434,NA,NA,NA,NA,NA
WK196134,Hagestein,2012,4.096798146390614,-0.005466704753071065,NA,NA,NA,NA,NA
WK196134,Hagestein,2014,4.1066546182900385,0.004389767146353108,-0.03442907891450936,0.049014593400278555,0.08014468568067751,-0.12907275599283355,0.03873232297273957
WK196134,Hagestein,2016,4.1273686057385035,0.025103754594818412,NA,NA,NA,NA,NA
WK196134,Hagestein,2018,4.153078985926656,0.05081413478297087,-0.024187140033028565,0.08088930467325091,0.07959326460631881,-0.12415451008522733,0.03867321562165687
WK196134,Hagestein,2020,4.159873718516341,0.057608867372655165,-0.021570789620488282,0.07712028319844938,0.06608701849198498,-0.10499547711820648,0.04096783242091523
WK196134,Hagestein,2022,4.189113713874972,0.08684886273128717,-0.01782496637663069,0.0973032221712343,0.07283370477013319,-0.10824528321402868,0.04278218538057872
WK196135,Hagestein buitengebied,2002,4.199890428052129,0.0976255769084439,NA,NA,NA,NA,NA
WK196135,Hagestein buitengebied,2008,4.143673968128228,0.04140911698454263,NA,NA,NA,NA,NA
WK196135,Hagestein buitengebied,2012,4.185901470837005,0.08363661969332008,NA,NA,NA,NA,NA
WK196135,Hagestein buitengebied,2014,4.203075061375872,0.10081021023218613,-0.05141463157058421,0.09430745959142178,0.1215433142795168,-0.14490582151848197,0.0812798894503134
WK196135,Hagestein buitengebied,2016,4.169338447260481,0.06707359611679597,NA,NA,NA,NA,NA
WK196135,Hagestein buitengebied,2018,4.216535680259141,0.11427082911545582,-0.03266023314024951,0.10521650644847226,0.09679593067777459,-0.14027460462989322,0.08519322975935126
WK196135,Hagestein buitengebied,2020,4.200962829931661,0.0986979787879761,-0.043037955270480426,0.09703756915321839,0.08507629621918592,-0.12534284176466712,0.08496491045071906
WK196135,Hagestein buitengebied,2022,4.207943313323191,0.10567846217950552,-0.04153268009224966,0.10077190187223353,0.08922597544831308,-0.12949867601971274,0.08671194097092093
WK196136,Hoef en Haag,2018,4.201475437332216,0.09921058618853068,-0.031675262443520626,0.03943820266160274,0.1602427610551103,-0.09947858901710382,0.03068347393244176
WK196136,Hoef en Haag,2020,4.154424177061508,0.05215932591782347,-0.011886498402766088,0.03282293065831963,0.07814752774107117,-0.07267416418565759,0.025749530106856034
WK196136,Hoef en Haag,2022,4.159271639445852,0.057006788302167155,-0.014372685997693601,0.046890784271544805,0.06488285938609455,-0.06852474008209468,0.02813057072431571
WK196137,Everdingen,2002,4.07768261373938,-0.024582237404305936,NA,NA,NA,NA,NA
WK196137,Everdingen,2008,4.024929696811014,-0.07733515433267102,NA,NA,NA,NA,NA
WK196137,Everdingen,2012,4.030704953185129,-0.07155989795855618,NA,NA,NA,NA,NA
WK196137,Everdingen,2014,4.060319340203743,-0.04194551093994178,0.0031219981369873546,0.04371131974455269,0.05174914251248701,-0.17616165725239752,0.03563368591842839
WK196137,Everdingen,2016,4.058750026108909,-0.043514825034776466,NA,NA,NA,NA,NA
WK196137,Everdingen,2018,4.077148177117471,-0.02511667402621397,0.012446626720587496,0.04145980788707916,0.046880166746126696,-0.1622253108704389,0.036322035490431344
WK196137,Everdingen,2020,4.125107698502494,0.02284284735880896,0.014196230808358147,0.07647649847937207,0.0431654744583952,-0.14730173543744066,0.03630637905012388
WK196137,Everdingen,2022,4.124976397422366,0.02271154627868059,0.009474164866497497,0.07482883089499033,0.05275450593612525,-0.15209841773954513,0.03775246232061235
WK196138,Everdingen buitengebied,2002,4.193103838664021,0.0908389875203353,NA,NA,NA,NA,NA
WK196138,Everdingen buitengebied,2008,4.158250574381806,0.05598572323812026,NA,NA,NA,NA,NA
WK196138,Everdingen buitengebied,2012,4.221380307153714,0.11911545601002851,NA,NA,NA,NA,NA
WK196138,Everdingen buitengebied,2014,4.162957359155912,0.06069250801222675,-0.08530868040922288,0.09655194113665265,0.14537624520829495,-0.17645101701301175,0.08052401908951323
WK196138,Everdingen buitengebied,2016,4.1619613430461495,0.0596964919024644,NA,NA,NA,NA,NA
WK196138,Everdingen buitengebied,2018,4.200032868092716,0.09776801694903078,-0.07144402989687668,0.09715032934775238,0.1590865842366247,-0.16831668870950292,0.08129182197103312
WK196138,Everdingen buitengebied,2020,4.193273011504267,0.09100816036058258,-0.0812289491362797,0.10923642468905265,0.13801633330030974,-0.15544943475592082,0.08043378626342045
WK196138,Everdingen buitengebied,2022,4.214709270300297,0.11244441915661235,-0.07666529353897937,0.1215004964370686,0.1460991069534277,-0.1611302611618809,0.08264037046697616
WK196139,Ossenwaard,2002,4.27165394729079,0.16938909614710518,NA,NA,NA,NA,NA
WK196139,Ossenwaard,2008,4.243796391493341,0.1415315403496562,NA,NA,NA,NA,NA
WK196139,Ossenwaard,2012,4.239826565769608,0.1375617146259227,NA,NA,NA,NA,NA
WK196139,Ossenwaard,2014,4.212885539570459,0.1106206884267742,0.07926949553146234,0.10762900266753994,0.09392082959097585,-0.18965492484554666,0.01945628548234213
WK196139,Ossenwaard,2016,4.019207786620145,-0.08305706452354045,NA,NA,NA,NA,NA
WK196139,Ossenwaard,2018,4.21449716216855,0.11223231102486508,0.08219934548582142,0.11270109679269102,0.08219204511987555,-0.1839709267325674,0.019110750359044526
WK196139,Ossenwaard,2020,4.220235993152034,0.1179711420083489,0.07210190321782413,0.08390169956701078,0.12045807062646352,-0.17713568974367014,0.018645158340720114
WK196139,Ossenwaard,2022,4.254313290126852,0.1520484389831669,0.09012083731740039,0.11952034925841418,0.11224613996103128,-0.19094431710070092,0.02110542954702166
WK196300,Oud-Beijerland,2002,3.9376851472663117,-0.16457970387737325,NA,NA,NA,NA,NA
WK196300,Oud-Beijerland,2008,3.9696614587937247,-0.13260339234996044,NA,NA,NA,NA,NA
WK196300,Oud-Beijerland,2012,3.9958795943963192,-0.10638525674736565,NA,NA,NA,NA,NA
WK196300,Oud-Beijerland,2014,4.066949147519076,-0.035315703624609056,0.011607294769463346,0.03142670730371589,0.008038289059293558,-0.0876811513852307,0.0012931566281485856
WK196300,Oud-Beijerland,2016,4.086853636883983,-0.015411214259701943,NA,NA,NA,NA,NA
WK196300,Oud-Beijerland,2018,4.078123306340416,-0.024141544803269466,0.0033753264530192516,0.05257017500092746,0.0073801420154523635,-0.09301261161840739,0.005545423345738564
WK196300,Oud-Beijerland,2020,4.088440417927158,-0.013824433216527782,0.008925762512966751,0.057881995913994407,0.006347599399994192,-0.09064880198460021,0.0036690109411168055
WK196300,Oud-Beijerland,2022,4.085768338905431,-0.01649651223825465,0.01192459514946458,0.05790731082660791,0.009622164746450319,-0.1072527303456984,0.011302147384920663
WK196301,Heinenoord,2002,4.037407842429939,-0.06485700871374629,NA,NA,NA,NA,NA
WK196301,Heinenoord,2008,4.056229813557666,-0.04603503758601941,NA,NA,NA,NA,NA
WK196301,Heinenoord,2012,4.068628964681026,-0.03363588646265929,NA,NA,NA,NA,NA
WK196301,Heinenoord,2014,4.112186418718223,0.009921567574537962,-0.014609316126344543,0.06427673756064656,0.04107792111558827,-0.10935293113006747,0.028529156154714883
WK196301,Heinenoord,2016,4.1044299879727975,0.0021651368291123485,NA,NA,NA,NA,NA
WK196301,Heinenoord,2018,4.118995150874073,0.016730299730388382,-0.012489771277664725,0.07090835267888058,0.03709008016597902,-0.1106113007943594,0.031832938957552626
WK196301,Heinenoord,2020,4.154330650904097,0.05206579976041084,-0.008555288343990683,0.08964573841640437,0.03759682903374614,-0.09655674199431274,0.029935262648563457
WK196301,Heinenoord,2022,4.10977106316327,0.0075062120195845405,-0.00834251146133414,0.06379183234816087,0.03633749725182831,-0.10927917446257174,0.024998568343501
WK196302,Mijnsheerenland,2002,4.035145639265225,-0.06711921187846014,NA,NA,NA,NA,NA
WK196302,Mijnsheerenland,2008,4.0595683355018295,-0.04269651564185599,NA,NA,NA,NA,NA
WK196302,Mijnsheerenland,2012,4.085231850316786,-0.017033000826898494,NA,NA,NA,NA,NA
WK196302,Mijnsheerenland,2014,4.136477971335512,0.03421312019182648,6.279731278107346e-5,0.07859032856444371,0.05638517947789968,-0.1427045399076984,0.04187935474440016
WK196302,Mijnsheerenland,2016,4.127693650885331,0.025428799741646,NA,NA,NA,NA,NA
WK196302,Mijnsheerenland,2018,4.13428800695478,0.03202315581109406,5.972237034464592e-4,0.08541257220357505,0.04954606333511088,-0.14146835545817743,0.037935652027138764
WK196302,Mijnsheerenland,2020,4.139886024002124,0.037621172858438495,0.0032931388619126174,0.08269651825535253,0.042266638446413124,-0.1324242699331951,0.04178914722795506
WK196302,Mijnsheerenland,2022,4.179574594108456,0.07730974296477114,0.010877062175059106,0.1099300200504428,0.052951378227807884,-0.14043193256073472,0.04398321507219583
WK196303,Westmaas,2002,4.088977292513967,-0.013287558629718577,NA,NA,NA,NA,NA
WK196303,Westmaas,2008,4.044425251868178,-0.0578395992755074,NA,NA,NA,NA,NA
WK196303,Westmaas,2012,4.064898116510172,-0.03736673463351342,NA,NA,NA,NA,NA
WK196303,Westmaas,2014,4.09217997644814,-0.010084874695545525,-0.009023838731222934,0.08330303182030077,0.04143977087487021,-0.14172573869047134,0.015921900030977567
WK196303,Westmaas,2016,4.084451748851686,-0.017813102291998693,NA,NA,NA,NA,NA
WK196303,Westmaas,2018,4.088923039345913,-0.013341811797772645,-0.010039843496868806,0.07365160614532323,0.03980330174095637,-0.14068961570100538,0.023932739513821723
WK196303,Westmaas,2020,4.105972366614566,0.0037075154708806008,-0.008639398446525589,0.08249164043583924,0.041620350762716474,-0.13653748723105277,0.02477240994990298
WK196303,Westmaas,2022,4.13985394587928,0.037589094735595296,-7.28657577926931e-4,0.10728943333088765,0.05455187019486524,-0.1510775759603313,0.027554024748100467
WK196304,Puttershoek,2002,4.006658199613926,-0.09560665152975906,NA,NA,NA,NA,NA
WK196304,Puttershoek,2008,4.05084874502721,-0.051416106116475783,NA,NA,NA,NA,NA
WK196304,Puttershoek,2012,4.030539925750005,-0.0717249253936803,NA,NA,NA,NA,NA
WK196304,Puttershoek,2014,4.045296915427161,-0.05696793571652461,-0.0010928980143291443,0.052048474455022246,0.012434675912456079,-0.13024379344049164,0.009885605370817552
WK196304,Puttershoek,2016,4.056699559693045,-0.04556529145064048,NA,NA,NA,NA,NA
WK196304,Puttershoek,2018,4.062913138329409,-0.03935171281427566,0.007919098632998021,0.06548562365685108,0.010459017212482198,-0.13478144428174102,0.011565991965133807
WK196304,Puttershoek,2020,4.0850003210465555,-0.017264530097130058,0.00913277422851891,0.07421723155470511,0.014326686538432058,-0.12467791677683271,0.00973669435804633
WK196304,Puttershoek,2022,4.054677741646423,-0.04758710949726223,0.00883810834845618,0.05481358096665804,0.01485856600412661,-0.1315918316452448,0.0054944668287414304
WK196305,Maasdam,2002,4.108310266382286,0.006045415238600934,NA,NA,NA,NA,NA
WK196305,Maasdam,2008,4.086510983960617,-0.015753867183068527,NA,NA,NA,NA,NA
WK196305,Maasdam,2012,4.112275552685934,0.01001070154224863,NA,NA,NA,NA,NA
WK196305,Maasdam,2014,4.135977102454013,0.033712251310327825,-0.006320980170761666,0.08190118806122311,0.05009650901775778,-0.12987675739081755,0.037912291792925816
WK196305,Maasdam,2016,4.124748525866856,0.022483674723171133,NA,NA,NA,NA,NA
WK196305,Maasdam,2018,4.148721508134577,0.04645665699089244,-0.003458750764461191,0.10024753739595324,0.047481425676244415,-0.13305582797976262,0.03524227266291838
WK196305,Maasdam,2020,4.139067140722792,0.036802289579107146,3.135790115218194e-4,0.0873289511706448,0.045426920884149506,-0.13232622644342198,0.03605906495621267
WK196305,Maasdam,2022,4.171042470593326,0.06877761944964093,0.0021525138953825958,0.10493709919195661,0.05782577436915731,-0.13018293502702477,0.034045167020168916
WK196306,'s-Gravendeel,2002,3.9547519210905078,-0.14751293005317778,NA,NA,NA,NA,NA
WK196306,'s-Gravendeel,2008,4.015224633523291,-0.08704021762039463,NA,NA,NA,NA,NA
WK196306,'s-Gravendeel,2012,4.028579615457057,-0.07368523568662873,NA,NA,NA,NA,NA
WK196306,'s-Gravendeel,2014,4.048823354175232,-0.05344149696845316,-0.02116118762695031,0.05878856910412953,0.018004328619450345,-0.1207688279782306,0.011695620913147579
WK196306,'s-Gravendeel,2016,4.101946836529115,-3.18014614570008e-4,NA,NA,NA,NA,NA
WK196306,'s-Gravendeel,2018,4.054900731495191,-0.04736411964849511,-0.020199051076106544,0.06511078492166221,0.015773234456783174,-0.12715612268423518,0.01910703473340097
WK196306,'s-Gravendeel,2020,4.0849478447712695,-0.017317006372415657,-0.01678142006440667,0.07241772680934852,0.016676464302226385,-0.10849706645763176,0.01886728903804758
WK196306,'s-Gravendeel,2022,4.080803722734388,-0.02146112840929751,-0.017981566576608068,0.06944358735897427,0.018129064280674515,-0.11703103165401742,0.025978818181678902
WK196307,Strijen,2002,4.066297676880618,-0.03596717426306781,NA,NA,NA,NA,NA
WK196307,Strijen,2008,4.05563822240968,-0.04662662873400549,NA,NA,NA,NA,NA
WK196307,Strijen,2012,4.065341644466599,-0.03692320667708533,NA,NA,NA,NA,NA
WK196307,Strijen,2014,4.09550635318986,-0.006758497953825348,-0.0046870914197589715,0.07423344793777811,0.043634123739664396,-0.14036838878926772,0.02042941057775851
WK196307,Strijen,2016,4.0855036957243565,-0.01676115541932862,NA,NA,NA,NA,NA
WK196307,Strijen,2018,4.076213430372285,-0.026051420771400623,-0.003221752839729666,0.0844186184858628,0.0389966714150943,-0.16685615026772008,0.020611192435091748
WK196307,Strijen,2020,4.078337588526383,-0.02392726261730297,0.002654130052103527,0.08437144056888064,0.03355448950647318,-0.16789060569686437,0.02338328295210383
WK196307,Strijen,2022,4.0750345259159175,-0.027230325227768012,0.004310540029259458,0.07945225394820055,0.03715132288333478,-0.1690298202960149,0.020885378207451757
WK196308,Klaaswaal,2002,4.034380908279313,-0.06788394286437217,NA,NA,NA,NA,NA
WK196308,Klaaswaal,2008,4.05105731874068,-0.051207532403005324,NA,NA,NA,NA,NA
WK196308,Klaaswaal,2012,4.054410408666392,-0.04785444247729357,NA,NA,NA,NA,NA
WK196308,Klaaswaal,2014,4.1065555366393145,0.004290685495628975,-0.012451230216179388,0.07380221388141939,0.044149216366226235,-0.11702679525385312,0.015817280718015605
WK196308,Klaaswaal,2016,4.113800675229906,0.011535824086220853,NA,NA,NA,NA,NA
WK196308,Klaaswaal,2018,4.113299334441208,0.01103448329752232,-0.018243441718996983,0.08889438286224162,0.04005329427454671,-0.12415084901474976,0.024481096894480404
WK196308,Klaaswaal,2020,4.092075437763517,-0.010189413380167761,-0.019575943668488888,0.08750621164808603,0.03500714360032978,-0.131996590294299,0.018869765334203998
WK196308,Klaaswaal,2022,4.112827901916037,0.010563050772351763,-0.012081453240017002,0.09350633946828305,0.041172261513948066,-0.13883948946055977,0.026805392490697175
WK196309,Numansdorp,2002,3.9848155450122236,-0.11744930613146208,NA,NA,NA,NA,NA
WK196309,Numansdorp,2008,4.018950954912388,-0.08331389623129766,NA,NA,NA,NA,NA
WK196309,Numansdorp,2012,4.038696695368153,-0.06356815577553247,NA,NA,NA,NA,NA
WK196309,Numansdorp,2014,4.076229212459175,-0.026035638684510348,0.010311846384362807,0.05912419462704469,0.027320125451388615,-0.14066011191886005,0.01786830677155328
WK196309,Numansdorp,2016,4.109805369065848,0.007540517922162858,NA,NA,NA,NA,NA
WK196309,Numansdorp,2018,4.097746213383667,-0.0045186377600176806,0.010711334332819603,0.0763969162617271,0.026576464743141025,-0.1379567778815007,0.019753424783794986
WK196309,Numansdorp,2020,4.100234062492908,-0.0020307886507775074,0.011819540051289578,0.08139518427420475,0.025859477725850462,-0.14138741386877546,0.020282423166652932
WK196309,Numansdorp,2022,4.129959227579047,0.02769437643536112,0.01924443930232702,0.08486470360644258,0.03939248539336391,-0.14066756632118016,0.024860314454407527
WK196310,Zuid-Beijerland,2002,3.9802878963942745,-0.12197695474941084,NA,NA,NA,NA,NA
WK196310,Zuid-Beijerland,2008,3.9900423899139454,-0.11222246122974024,NA,NA,NA,NA,NA
WK196310,Zuid-Beijerland,2012,4.010265542970578,-0.09199930817310681,NA,NA,NA,NA,NA
WK196310,Zuid-Beijerland,2014,4.02561944802582,-0.07664540311786562,2.1275329986948367e-4,0.06374563784297531,0.04424835316061933,-0.21722300828678523,0.03237086086545531
WK196310,Zuid-Beijerland,2016,4.037595606276053,-0.06466924486763202,NA,NA,NA,NA,NA
WK196310,Zuid-Beijerland,2018,4.051037163785549,-0.051227687358136494,0.005976129021824083,0.08517807579541982,0.04740757919510108,-0.21893167890504786,0.029142207534566148
WK196310,Zuid-Beijerland,2020,4.058048175899161,-0.044216675244524335,0.006866861123102958,0.08981300316626624,0.047827500948492065,-0.21938426753954157,0.030660227057155695
WK196310,Zuid-Beijerland,2022,4.064966470116365,-0.037298381027320346,0.009133637457611234,0.07942625128670039,0.05203084117658135,-0.21280995985129322,0.03492084890307959
WK196311,Goudswaard,2002,3.8626952974676043,-0.23956955367608088,NA,NA,NA,NA,NA
WK196311,Goudswaard,2008,3.8573461725433766,-0.24491867860030883,NA,NA,NA,NA,NA
WK196311,Goudswaard,2012,3.8732756005699014,-0.22898925057378397,NA,NA,NA,NA,NA
WK196311,Goudswaard,2014,3.919778611686754,-0.18248623945693138,0.001318040716799684,0.053567984740062295,0.044684500909086,-0.26973106471226993,-0.012325701110609672
WK196311,Goudswaard,2016,3.9314658013127515,-0.17079904983093386,NA,NA,NA,NA,NA
WK196311,Goudswaard,2018,3.9495147635469694,-0.15275008759671563,-0.008238192716446841,0.07404059339164391,0.04034676825309414,-0.26785047172369986,0.008951215198692769
WK196311,Goudswaard,2020,3.9464216354529174,-0.15584321569076776,-0.015166391213801762,0.07909582120891544,0.03731754566179096,-0.25695399644925565,-1.3619489841698213e-4
WK196311,Goudswaard,2022,4.00248491169574,-0.09977993944794547,-0.001367536747670217,0.08213644622025038,0.0443039359640594,-0.24543074978194285,0.020577964897357588
WK196312,Piershil,2002,3.8961088415931715,-0.20615600955051364,NA,NA,NA,NA,NA
WK196312,Piershil,2008,3.901049338947223,-0.20121551219646214,NA,NA,NA,NA,NA
WK196312,Piershil,2012,3.9273209492675054,-0.1749439018761795,NA,NA,NA,NA,NA
WK196312,Piershil,2014,3.991032569595517,-0.11123228154816792,-0.018264829373199967,0.09227357389238534,0.05031079937797649,-0.2454733066708747,0.009921481225544525
WK196312,Piershil,2016,3.996556757488885,-0.10570809365480024,NA,NA,NA,NA,NA
WK196312,Piershil,2018,3.9820160789714425,-0.12024877217224278,-0.008534025833009646,0.07081466903554011,0.048490029321336926,-0.24059084555860435,0.009571400862493943
WK196312,Piershil,2020,4.00341066325776,-0.09885418788592434,-0.011814357763115705,0.09190607171686589,0.04045841247205025,-0.23088440412214428,0.011480089810419305
WK196312,Piershil,2022,4.013374704855986,-0.08889014628769976,-0.021008150891590905,0.07513511127996084,0.044383844750042124,-0.2059402444954223,0.01853929306931011
WK196313,Nieuw-Beijerland,2002,3.9313830740541724,-0.170881777089513,NA,NA,NA,NA,NA
WK196313,Nieuw-Beijerland,2008,3.944954345314471,-0.15731050582921413,NA,NA,NA,NA,NA
WK196313,Nieuw-Beijerland,2012,3.9785400910059203,-0.1237247601377648,NA,NA,NA,NA,NA
WK196313,Nieuw-Beijerland,2014,3.9794402741252948,-0.12282457701839049,-0.017920646548566115,0.07925679906575829,0.039229893923612716,-0.20627849231860199,-0.01711213114059368
WK196313,Nieuw-Beijerland,2016,4.000045155068219,-0.10221969607546605,NA,NA,NA,NA,NA
WK196313,Nieuw-Beijerland,2018,4.015742977168404,-0.08652187397528113,-0.018211327522018844,0.09879560688127971,0.04371683076332549,-0.20670666006315236,-0.004116324034715391
WK196313,Nieuw-Beijerland,2020,4.039772274121412,-0.062492577022273316,-0.019536966543787743,0.11160430378160704,0.04206855081284013,-0.19106595554686115,-0.005562509526071805
WK196313,Nieuw-Beijerland,2022,4.086587731344609,-0.0156771197990763,-0.016972809913899996,0.07160859465230078,0.04993475364130877,-0.13972029947979064,0.019472641301004522
WK196601,Ulrum,2002,3.999083119806953,-0.103181731336732,NA,NA,NA,NA,NA
WK196601,Ulrum,2008,4.0239332615421874,-0.07833158960149778,NA,NA,NA,NA,NA
WK196601,Ulrum,2012,4.075018317348348,-0.027246533795337716,NA,NA,NA,NA,NA
WK196601,Ulrum,2014,4.132126905292886,0.029862054149201348,0.07331305186329805,0.09187101129647567,0.07737586259307865,-0.2564086135936284,0.043710741989977084
WK196601,Ulrum,2016,4.083300132297717,-0.01896471884596767,NA,NA,NA,NA,NA
WK196601,Ulrum,2018,4.099389006533574,-0.002875844610111293,0.0679136907233742,0.0924526099695548,0.0731767284589544,-0.278192339340509,0.041773465578514045
WK196601,Ulrum,2020,4.104643485491877,0.002378634348192193,0.05988893042736344,0.09420543294168093,0.06729549386139172,-0.27290934661750854,0.05389812373526432
WK196601,Ulrum,2022,4.095596211492944,-0.006668639650742058,0.055113220835363845,0.09322489599757317,0.07011717087801354,-0.27904420469033364,0.05392027732864078
WK196602,Leens,2002,4.047502497214091,-0.05476235392959385,NA,NA,NA,NA,NA
WK196602,Leens,2008,4.06545446599797,-0.036810385145715496,NA,NA,NA,NA,NA
WK196602,Leens,2012,4.0775316715269705,-0.024733179616714954,NA,NA,NA,NA,NA
WK196602,Leens,2014,4.167207059223516,0.06494220807983092,0.035767921197889484,0.07714348316505514,0.06276740093762946,-0.19267266883555886,0.08193607161481539
WK196602,Leens,2016,4.113846884746549,0.01158203360286363,NA,NA,NA,NA,NA
WK196602,Leens,2018,4.139969710480317,0.03770485933663219,0.03927493470056681,0.07979767374064287,0.05882119084850544,-0.21860217845577934,0.0784132385026961
WK196602,Leens,2020,4.1256627782841395,0.023397927140454283,0.03051763917474,0.08085110220276433,0.048674513474450176,-0.22146168501516403,0.08481635730366348
WK196602,Leens,2022,4.128650499822338,0.02638564867865183,0.022537080563300393,0.09465770612797429,0.05566599616735141,-0.23175801526963927,0.0852828810896647
WK196603,Kloosterburen,2002,4.10118852097504,-0.0010763301686454879,NA,NA,NA,NA,NA
WK196603,Kloosterburen,2008,4.1021277290053835,-1.371221383021135e-4,NA,NA,NA,NA,NA
WK196603,Kloosterburen,2012,4.095949542272172,-0.006315308871513417,NA,NA,NA,NA,NA
WK196603,Kloosterburen,2014,4.13360892907219,0.03134407792850439,0.030848561896409544,0.10101925469555195,0.08078774682352244,-0.23746540052627854,0.0561539150392987
WK196603,Kloosterburen,2016,4.109886120269502,0.007621269125817278,NA,NA,NA,NA,NA
WK196603,Kloosterburen,2018,4.166599714906493,0.06433486376280698,0.028826414869415392,0.11076844055390267,0.07413362750509125,-0.24175788818920926,0.09236426902360673
WK196603,Kloosterburen,2020,4.119053693476932,0.016788842333246668,0.01843880928670369,0.1222893644400644,0.05592021376773986,-0.23717419220935637,0.0573146470480948
WK196603,Kloosterburen,2022,4.098669647092294,-0.003595204051391351,0.0016069118269059174,0.09647920477517122,0.058999700104012294,-0.2472791498306023,0.0865981290731213
WK196604,Oude Land,2002,4.069619625526945,-0.03264522561673989,NA,NA,NA,NA,NA
WK196604,Oude Land,2008,4.098385393156677,-0.0038794579870079795,NA,NA,NA,NA,NA
WK196604,Oude Land,2012,4.1117452799410295,0.009480428797343989,NA,NA,NA,NA,NA
WK196604,Oude Land,2014,4.1816371374444605,0.07937228630077527,0.04695680075073181,0.08078634569250516,0.06874237824511216,-0.2021732172845202,0.08505997889694608
WK196604,Oude Land,2016,4.169026903943827,0.06676205280014166,NA,NA,NA,NA,NA
WK196604,Oude Land,2018,4.143789753701293,0.041524902557607886,0.04110094878097793,0.06680544274406632,0.0632730621886102,-0.2160747188386425,0.08642016768259568
WK196604,Oude Land,2020,4.150479634406714,0.0482147832630288,0.03327860207960285,0.08749452745086901,0.056835584397176626,-0.21689276346212677,0.0874988327975068
WK196604,Oude Land,2022,4.157490446744497,0.0552255956008108,0.02627818472966986,0.09364512752027798,0.05925880048632198,-0.218156348409979,0.09419983127451961
WK196605,Sauwerd,2002,4.174462544429729,0.07219769328604395,NA,NA,NA,NA,NA
WK196605,Sauwerd,2008,4.148060303788982,0.04579545264529654,NA,NA,NA,NA,NA
WK196605,Sauwerd,2012,4.192314561613763,0.09004971047007775,NA,NA,NA,NA,NA
WK196605,Sauwerd,2014,4.185786919118426,0.08352206797474152,0.0032351331317197027,0.11264903170511079,0.06585283998291039,-0.16197455947811004,0.0637596226331104
WK196605,Sauwerd,2016,4.17634776090886,0.07408290976517494,NA,NA,NA,NA,NA
WK196605,Sauwerd,2018,4.139384355599081,0.03711950445539513,0.005856846540038818,0.08772589954255364,0.057627569199504264,-0.17723998319360026,0.06314917236689843
WK196605,Sauwerd,2020,4.110568973902944,0.008304122759258523,-0.008345292114718132,0.06038895830529735,0.04899825397991723,-0.15855287927311626,0.06581508186187811
WK196605,Sauwerd,2022,4.137758896535111,0.03549404539142589,-0.012081159892236308,0.09074227186474881,0.04923500560973175,-0.15871624478402885,0.06631417259321026
WK196606,Winsum,2002,4.024180287805254,-0.0780845633384312,NA,NA,NA,NA,NA
WK196606,Winsum,2008,4.047276893925962,-0.054987957217723524,NA,NA,NA,NA,NA
WK196606,Winsum,2012,4.079965480439795,-0.02229937070389051,NA,NA,NA,NA,NA
WK196606,Winsum,2014,4.143858424293837,0.04159357315015207,0.029896501016127293,0.09533731886047188,0.043036169735400365,-0.14698464154563273,0.020308225083784964
WK196606,Winsum,2016,4.108617673769786,0.006352822626101118,NA,NA,NA,NA,NA
WK196606,Winsum,2018,4.082301185845512,-0.019963665298173325,0.031688892671387324,0.07215633868448978,0.039906725305488805,-0.18443028738938394,0.020714665429844428
WK196606,Winsum,2020,4.092711056938394,-0.009553794205290938,0.022746012496832273,0.0631719937360978,0.03563902219768962,-0.16791699547985126,0.03680617284394033
WK196606,Winsum,2022,4.113539753613024,0.011274902469338799,0.0010617804216131155,0.08517707028752543,0.036103243657397296,-0.14913042214583166,0.03806323024863433
WK196607,Baflo,2002,4.032926144768868,-0.06933870637481783,NA,NA,NA,NA,NA
WK196607,Baflo,2008,4.030539939388068,-0.07172491175561771,NA,NA,NA,NA,NA
WK196607,Baflo,2012,4.076415465349995,-0.025849385793690404,NA,NA,NA,NA,NA
WK196607,Baflo,2014,4.1161645872971935,0.013899736153507982,0.020609142749059547,0.07932550255042646,0.049664761199751474,-0.20951112801413502,0.07381145766840526
WK196607,Baflo,2016,4.113584290164176,0.01131943902049101,NA,NA,NA,NA,NA
WK196607,Baflo,2018,4.1116231061042,0.009358254960514302,0.02562602184635513,0.07940022176741114,0.04959771010180223,-0.22325125921540898,0.07798556046035454
WK196607,Baflo,2020,4.1074554696430035,0.005190618499317905,0.015041880490553298,0.062311135219434204,0.050959427958031225,-0.20539966647858462,0.08227784130988347
WK196607,Baflo,2022,4.104551230253981,0.0022863791102957724,0.0022965054544158863,0.08116474976917389,0.0447630545242568,-0.20576703654467357,0.07982910590712246
WK196608,Bedum,2002,4.108884908859302,0.0066200577156169645,NA,NA,NA,NA,NA
WK196608,Bedum,2008,4.1011626862015635,-0.0011021649421216648,NA,NA,NA,NA,NA
WK196608,Bedum,2012,4.108812081454201,0.006547230310516484,NA,NA,NA,NA,NA
WK196608,Bedum,2014,4.158828480246403,0.05656362910271819,0.01719361301143218,0.07499430479301081,0.045885302252740734,-0.11707232832142198,0.03556273736695617
WK196608,Bedum,2016,4.176448794159566,0.0741839430158809,NA,NA,NA,NA,NA
WK196608,Bedum,2018,4.19125382983394,0.08898897869025467,0.022109326651746586,0.089225193775962,0.0450014245586195,-0.1042136590598809,0.03686669276380722
WK196608,Bedum,2020,4.179070266955953,0.07680541581226719,0.0126767935785797,0.08713829693175776,0.04062930567268783,-0.09998099010281397,0.036342009732055605
WK196608,Bedum,2022,4.1743748697816505,0.07211001863796467,-0.005743109208365837,0.09130286977977493,0.046738759886689386,-0.10236871034381965,0.04218020852368558
WK196609,Warffum,2002,4.010432053118543,-0.09183279802514206,NA,NA,NA,NA,NA
WK196609,Warffum,2008,4.007220541803152,-0.09504430934053332,NA,NA,NA,NA,NA
WK196609,Warffum,2012,4.023243830276329,-0.07902102086735616,NA,NA,NA,NA,NA
WK196609,Warffum,2014,4.104617602136512,0.002352750992827287,0.02794054439315371,0.05937943593998152,0.05425438987681317,-0.2025968874421696,0.06337526822504823
WK196609,Warffum,2016,4.1215645011848405,0.019299650041155633,NA,NA,NA,NA,NA
WK196609,Warffum,2018,4.079924638753907,-0.022340212389778,0.023283709907449785,0.061133177465309024,0.05344500875287791,-0.2103950835930897,0.050192975077674666
WK196609,Warffum,2020,4.120382661852706,0.018117810709020972,0.013410151507795254,0.07997138542170604,0.05238859876591912,-0.19429209083467697,0.06663976584827724
WK196609,Warffum,2022,4.124023552494533,0.021758701350847353,0.009307868362442902,0.07594170708210886,0.05391186587474993,-0.1701537444096764,0.052751004441221785
WK196610,Kantens,2002,4.073880295552434,-0.02838455559125156,NA,NA,NA,NA,NA
WK196610,Kantens,2008,4.103504931674502,0.0012400805308167722,NA,NA,NA,NA,NA
WK196610,Kantens,2012,4.103861066573731,0.0015962154300456883,NA,NA,NA,NA,NA
WK196610,Kantens,2014,4.131560868523437,0.029296017379751516,0.019678543769968464,0.07919563113650589,0.0817253297347993,-0.24136405778587727,0.09006057052435494
WK196610,Kantens,2016,4.141916006267004,0.03965115512331939,NA,NA,NA,NA,NA
WK196610,Kantens,2018,4.171673641287684,0.06940879014399819,0.026676615250044663,0.10917669404517207,0.08587663164158552,-0.2423200241587817,0.08999887336597737
WK196610,Kantens,2020,4.132863853057605,0.03059900191391964,0.010005707538741552,0.09943439736451645,0.06563403685652541,-0.23923152444839949,0.09475638460253548
WK196610,Kantens,2022,4.138714515729935,0.03644966458625072,-0.0022997756645134673,0.10243721479118713,0.07046827483749221,-0.23361079001332363,0.09945474063540827
WK196611,Usquert,2002,4.035612241593918,-0.06665260954976716,NA,NA,NA,NA,NA
WK196611,Usquert,2008,4.049775430961113,-0.052489420182572154,NA,NA,NA,NA,NA
WK196611,Usquert,2012,4.060438004172392,-0.04182684697129341,NA,NA,NA,NA,NA
WK196611,Usquert,2014,4.105903680952502,0.003638829808816566,0.008707184360278324,0.08934522076798351,0.060403309641255294,-0.2295868095759534,0.0747699246152526
WK196611,Usquert,2016,4.090782828943713,-0.011482022199972462,NA,NA,NA,NA,NA
WK196611,Usquert,2018,4.081342012183157,-0.020922838960528406,0.017065514468113056,0.08478445146557166,0.06113403671787421,-0.23568457009267865,0.05177772848059099
WK196611,Usquert,2020,4.100403558719996,-0.0018612924236894254,0.003802325451397618,0.09514532893706906,0.05521276617107378,-0.23035704217084954,0.07433532918761937
WK196611,Usquert,2022,4.1091381965483365,0.006873345404651602,0.0025255144073276403,0.09228637870448476,0.05630796537801152,-0.23021193027568923,0.08596541719051658
WK196612,Uithuizen,2002,4.005344858490518,-0.09691999265316731,NA,NA,NA,NA,NA
WK196612,Uithuizen,2008,4.042781304448886,-0.05948354669479845,NA,NA,NA,NA,NA
WK196612,Uithuizen,2012,4.066065114829957,-0.0361997363137274,NA,NA,NA,NA,NA
WK196612,Uithuizen,2014,4.101567095518581,-6.97755625103939e-4,0.03086078635870738,0.04965813491124259,0.03342338943091415,-0.14416190860219816,0.029521842276229816
WK196612,Uithuizen,2016,4.1238444693538066,0.021579618210121592,NA,NA,NA,NA,NA
WK196612,Uithuizen,2018,4.092967382532686,-0.009297468610999176,0.026487411619331144,0.04930463960457699,0.03550576523583012,-0.14677748488891557,0.02618219981817786
WK196612,Uithuizen,2020,4.082471140060391,-0.019793711083294738,0.016188174655305757,0.03674755859287274,0.03704688433965112,-0.14532981335112574,0.03555348468000115
WK196612,Uithuizen,2022,4.110229151035835,0.007964299892150108,0.011945064644900147,0.05916065446246121,0.03725613356574051,-0.14677091338718573,0.04637336060623368
WK196613,Uithuizermeeden,2002,4.030572455414459,-0.07169239572922587,NA,NA,NA,NA,NA
WK196613,Uithuizermeeden,2008,4.039465777513048,-0.06279907363063818,NA,NA,NA,NA,NA
WK196613,Uithuizermeeden,2012,4.04811982542928,-0.054145025714404695,NA,NA,NA,NA,NA
WK196613,Uithuizermeeden,2014,4.0706119149655065,-0.031652936178178666,0.0017297253414508412,0.0674129430033549,0.05898115535110199,-0.21770681513388657,0.05793005525979993
WK196613,Uithuizermeeden,2016,4.076055020632774,-0.02620983051091152,NA,NA,NA,NA,NA
WK196613,Uithuizermeeden,2018,4.076323140082884,-0.0259417110608015,0.0022705629452519326,0.07840933810932102,0.057459649477220064,-0.20264673750178103,0.03856547590918625
WK196613,Uithuizermeeden,2020,4.071336266870892,-0.030928584272792863,-0.01353860542312731,0.07171132342577956,0.053012020658309095,-0.20217476770100934,0.06006144476725483
WK196613,Uithuizermeeden,2022,4.047368242580343,-0.054896608563341984,-0.02646047712111392,0.0672920487902385,0.04733262304897084,-0.2123777633277874,0.06931696004634975
WK196614,Eemshavengebied,2002,3.9865024334495276,-0.11576241769415799,NA,NA,NA,NA,NA
WK196614,Eemshavengebied,2008,4.016734505674636,-0.08553034546904996,NA,NA,NA,NA,NA
WK196614,Eemshavengebied,2012,4.043563024301089,-0.05870182684259593,NA,NA,NA,NA,NA
WK196614,Eemshavengebied,2014,4.123014997984639,0.02075014684095411,-0.3435847440958886,0.16822777283834717,0.16542312002736675,-0.22119669149007015,0.25188068956119847
WK196614,Eemshavengebied,2016,3.9810257652394245,-0.12123908590426069,NA,NA,NA,NA,NA
WK196614,Eemshavengebied,2018,3.8507390341695906,-0.2515258169740946,-0.5034648217536407,0.1599404992681882,0.06734196464176294,-0.20818819079334006,0.2328447316629345
WK196614,Eemshavengebied,2020,3.7686007424671417,-0.3336641086765435,-0.5870466312334086,0.15059245889429185,0.07781585918263784,-0.22701569319744652,0.2519898976773818
WK196614,Eemshavengebied,2022,3.5199051919994377,-0.5823596591442475,-0.7942754820246842,0.1529266569857696,0.0586845778370893,-0.25685986158903173,0.25716444964660934
WK196900,Wijk 00 Grootegast,2002,4.099187455161643,-0.0030773959820419397,NA,NA,NA,NA,NA
WK196900,Wijk 00 Grootegast,2008,4.104255139642825,0.0019902884991393945,NA,NA,NA,NA,NA
WK196900,Wijk 00 Grootegast,2012,4.129044606513794,0.026779755370109504,NA,NA,NA,NA,NA
WK196900,Wijk 00 Grootegast,2014,4.103956149953234,0.0016912988095483658,0.044169492635869605,0.05432828116737866,0.056417025663747455,-0.1908553173812865,0.03763181672383887
WK196900,Wijk 00 Grootegast,2016,4.150195406624463,0.047930555480777855,NA,NA,NA,NA,NA
WK196900,Wijk 00 Grootegast,2018,4.128198986632181,0.02593413548849587,0.04250237762836934,0.06525580133772003,0.06224292138870125,-0.1891224939341701,0.04505552906787507
WK196900,Wijk 00 Grootegast,2020,4.1318479285212,0.029583077377514717,0.038488714058050225,0.06316705548573288,0.056787184216528085,-0.17750578658143049,0.04864591019863376
WK196900,Wijk 00 Grootegast,2022,4.101492531937805,-7.723192058803087e-4,0.03640757847251622,0.048296217080810486,0.05247408732873524,-0.19057890370422154,0.052628701616279014
WK196901,Wijk 01 Lutjegast,2002,4.139353693987033,0.037088842843348055,NA,NA,NA,NA,NA
WK196901,Wijk 01 Lutjegast,2008,4.140450488354959,0.03818563721127302,NA,NA,NA,NA,NA
WK196901,Wijk 01 Lutjegast,2012,4.146675448523659,0.04441059737997404,NA,NA,NA,NA,NA
WK196901,Wijk 01 Lutjegast,2014,4.149422948622455,0.04715809747876955,0.029932054617472968,0.06153256161839512,0.09536909296542136,-0.23128732609837102,0.09161171437585089
WK196901,Wijk 01 Lutjegast,2016,4.145979679759123,0.043714828615437656,NA,NA,NA,NA,NA
WK196901,Wijk 01 Lutjegast,2018,4.192609075813682,0.09034422466999661,0.017274544637297162,0.09848059574365946,0.11880724951115373,-0.23905136569758387,0.09483320047546988
WK196901,Wijk 01 Lutjegast,2020,4.15046897397043,0.04820412282674402,0.004257357842189882,0.09863550400467067,0.09427599910677699,-0.2372904816653212,0.08832574353842737
WK196901,Wijk 01 Lutjegast,2022,4.154901830310536,0.052636979166849875,-0.0020200411791282953,0.09566939301545581,0.09207792160563501,-0.2326540763269788,0.09956378205186586
WK196902,Wijk 02 Opende,2002,4.101864472319445,-4.003788242408965e-4,NA,NA,NA,NA,NA
WK196902,Wijk 02 Opende,2008,4.131155641975646,0.028890790831960264,NA,NA,NA,NA,NA
WK196902,Wijk 02 Opende,2012,4.164005349490214,0.0617404983465286,NA,NA,NA,NA,NA
WK196902,Wijk 02 Opende,2014,4.185962605629383,0.08369775448569765,0.03864300704997719,0.0642986837797569,0.08315835939693475,-0.16465883825118346,0.062256542510211996
WK196902,Wijk 02 Opende,2016,4.219840210702647,0.11757535955896121,NA,NA,NA,NA,NA
WK196902,Wijk 02 Opende,2018,4.20171551735814,0.09945066621445574,0.044276495752015525,0.09527406508742177,0.08661109230399575,-0.18809656725214613,0.061385580323168515
WK196902,Wijk 02 Opende,2020,4.198300290482043,0.09603543933835768,0.03653601203645808,0.09639985968914173,0.08463023783083062,-0.17915391529899916,0.057623245080926123
WK196902,Wijk 02 Opende,2022,4.158073134153044,0.055808283009358965,0.036290407217648875,0.06624889186172576,0.07732465337639693,-0.18434117240981202,0.060285502963399115
WK196903,Wijk 03 Oldekerk,2002,4.18762748484742,0.08536263370373406,NA,NA,NA,NA,NA
WK196903,Wijk 03 Oldekerk,2008,4.167755057544933,0.06549020640124764,NA,NA,NA,NA,NA
WK196903,Wijk 03 Oldekerk,2012,4.207008171497345,0.10474332035366005,NA,NA,NA,NA,NA
WK196903,Wijk 03 Oldekerk,2014,4.21722194772778,0.11495709658409484,0.040600439972594125,0.11208658497655581,0.07327581286661493,-0.17729252158946276,0.06628678035779251
WK196903,Wijk 03 Oldekerk,2016,4.228850152755851,0.12658530161216566,NA,NA,NA,NA,NA
WK196903,Wijk 03 Oldekerk,2018,4.225922313519698,0.12365746237601269,0.045040948899911046,0.10892273638976482,0.07734846405635712,-0.1723027776433475,0.06464809067332694
WK196903,Wijk 03 Oldekerk,2020,4.196474589026368,0.0942097378826835,0.03548355767030998,0.0944836819170877,0.06937617163128867,-0.1708406033372421,0.06570693000123896
WK196903,Wijk 03 Oldekerk,2022,4.138431604532351,0.036166753388666026,-0.002137025754447749,0.07908527558635635,0.0626200910508332,-0.17023386613645086,0.06683227864237477
WK196904,Wijk 04 Leek,2002,4.059522503283694,-0.04274234785999118,NA,NA,NA,NA,NA
WK196904,Wijk 04 Leek,2008,4.089474780765805,-0.012790070377880559,NA,NA,NA,NA,NA
WK196904,Wijk 04 Leek,2012,4.101078179498656,-0.0011866716450295769,NA,NA,NA,NA,NA
WK196904,Wijk 04 Leek,2014,4.102199925478199,-6.492566548628541e-5,0.052444338273355706,0.03901631195164729,0.02585054489623281,-0.11591348205249204,-0.0014626387342303402
WK196904,Wijk 04 Leek,2016,4.143480819386208,0.0412159682425228,NA,NA,NA,NA,NA
WK196904,Wijk 04 Leek,2018,4.1488165907005365,0.04655173955685098,0.0559504014744545,0.04777367078636962,0.02622448408091774,-0.09301118879903347,0.009614372014142334
WK196904,Wijk 04 Leek,2020,4.160890205663417,0.05862535451973271,0.05132625063082957,0.05450217660712081,0.023834661701005837,-0.08644859199089105,0.015410857571667253
WK196904,Wijk 04 Leek,2022,4.167002874689066,0.06473802354538122,0.055034179665391106,0.054953574425537235,0.02610756724859373,-0.09267383134155545,0.021316533547414335
WK196905,Wijk 05 Zevenhuizen,2002,4.175336661307757,0.07307181016407172,NA,NA,NA,NA,NA
WK196905,Wijk 05 Zevenhuizen,2008,4.182577709514604,0.08031285837091824,NA,NA,NA,NA,NA
WK196905,Wijk 05 Zevenhuizen,2012,4.1863793883593905,0.08411453721570536,NA,NA,NA,NA,NA
WK196905,Wijk 05 Zevenhuizen,2014,4.2129127873078644,0.1106479361641799,0.06080962024185261,0.08551278330076634,0.09347533833946767,-0.19491359366538938,0.06576378794748243
WK196905,Wijk 05 Zevenhuizen,2016,4.216067924100222,0.11380307295653719,NA,NA,NA,NA,NA
WK196905,Wijk 05 Zevenhuizen,2018,4.228559840476833,0.1262949893331479,0.051866006621269535,0.09933913672350779,0.09456914084675669,-0.18616910897786298,0.06668981411947661
WK196905,Wijk 05 Zevenhuizen,2020,4.188862577145174,0.08659772600148832,0.038874397494990866,0.08918082314385914,0.0819854549717854,-0.19131116922372274,0.0678682196145753
WK196905,Wijk 05 Zevenhuizen,2022,4.191709494652114,0.08944464350842966,0.03871218765796829,0.09740675249917427,0.08194295632882788,-0.19532843040574682,0.06671117742820576
WK196906,Wijk 06 Tolbert,2002,4.07894186040839,-0.023322990735294927,NA,NA,NA,NA,NA
WK196906,Wijk 06 Tolbert,2008,4.087856606116362,-0.014408245027323522,NA,NA,NA,NA,NA
WK196906,Wijk 06 Tolbert,2012,4.093407295201515,-0.00885755594217001,NA,NA,NA,NA,NA
WK196906,Wijk 06 Tolbert,2014,4.113169556670969,0.01090470552728396,0.0549192731047105,0.03359266166741535,0.03711681449054982,-0.14147519503916428,0.026751151303772248
WK196906,Wijk 06 Tolbert,2016,4.143491222547769,0.0412263714040838,NA,NA,NA,NA,NA
WK196906,Wijk 06 Tolbert,2018,4.153934421420345,0.05166957027666024,0.04873225888717615,0.03972624486307475,0.03677108934701221,-0.10628438890678998,0.03272436608618682
WK196906,Wijk 06 Tolbert,2020,4.135031140846038,0.03276628970235236,0.047526394349698714,0.03706399483802976,0.030183600854774152,-0.10574580227841544,0.023738101938264894
WK196906,Wijk 06 Tolbert,2022,4.156604524197791,0.05433967305410536,0.04200534205431958,0.05492813776382491,0.03250906712385928,-0.10762268782332404,0.032519813935425364
WK196907,Wijk 07 Midwolde,2002,4.3317398837046,0.22947503256091464,NA,NA,NA,NA,NA
WK196907,Wijk 07 Midwolde,2008,4.291828600145828,0.18956374900214237,NA,NA,NA,NA,NA
WK196907,Wijk 07 Midwolde,2012,4.3170660482929675,0.2148011971492826,NA,NA,NA,NA,NA
WK196907,Wijk 07 Midwolde,2014,4.306735384478253,0.2044705333345685,0.02046516514681458,0.1123080233216296,0.118906818611022,-0.1652285575151214,0.1180190837702235
WK196907,Wijk 07 Midwolde,2016,4.3489344041346,0.24666955299091495,NA,NA,NA,NA,NA
WK196907,Wijk 07 Midwolde,2018,4.40858743295733,0.30632258181364497,0.027191877593101935,0.12331674656358492,0.17476566384440848,-0.14903569642899922,0.1300839902415486
WK196907,Wijk 07 Midwolde,2020,4.384480970010709,0.2822161188670232,0.012811483344428276,0.12864949351821992,0.16029503959364358,-0.144532005004975,0.12499210741570611
WK196907,Wijk 07 Midwolde,2022,4.353369607976549,0.25110475683286343,0.007621112236954235,0.10059803863767634,0.15928021207224793,-0.14695483978748283,0.13056023367346759
WK196908,Wijk 08 Lettelbert,2002,4.458370732181427,0.35610588103774177,NA,NA,NA,NA,NA
WK196908,Wijk 08 Lettelbert,2008,4.3161409363014975,0.21387608515781295,NA,NA,NA,NA,NA
WK196908,Wijk 08 Lettelbert,2012,4.350977504115819,0.24871265297213288,NA,NA,NA,NA,NA
WK196908,Wijk 08 Lettelbert,2014,4.363952697377749,0.2616878462340628,0.06250749096069243,0.15467705879359545,0.09483038386651896,-0.1778520935435138,0.12752500615676945
WK196908,Wijk 08 Lettelbert,2016,4.288979596241723,0.1867147450980383,NA,NA,NA,NA,NA
WK196908,Wijk 08 Lettelbert,2018,4.36457426928226,0.26230941813857517,0.0647932162045819,0.13443988988792885,0.09723577584537742,-0.17352682787459825,0.13936736407528488
WK196908,Wijk 08 Lettelbert,2020,4.378791516973108,0.2765266658294234,0.055612179705117906,0.13274375684673514,0.12078340701221349,-0.1714206868795213,0.138808009144878
WK196908,Wijk 08 Lettelbert,2022,4.360044806270409,0.2577799551267235,0.048897413933093464,0.12460537332351367,0.10889076305855665,-0.1673389325301696,0.14272533734172904
WK196909,Wijk 09 Oostwold,2002,4.160798963578829,0.05853411243514417,NA,NA,NA,NA,NA
WK196909,Wijk 09 Oostwold,2008,4.14356504718518,0.041300196041495096,NA,NA,NA,NA,NA
WK196909,Wijk 09 Oostwold,2012,4.167340726701701,0.06507587555801603,NA,NA,NA,NA,NA
WK196909,Wijk 09 Oostwold,2014,4.212653844705629,0.11038899356194429,0.024623655629431467,0.07414665935580146,0.07684940585757495,-0.12655751038954052,0.06132678310867652
WK196909,Wijk 09 Oostwold,2016,4.172804788428147,0.0705399372844618,NA,NA,NA,NA,NA
WK196909,Wijk 09 Oostwold,2018,4.2494217142129935,0.1471568630693084,0.035763073702317516,0.0942365655880441,0.07940955558224515,-0.12617069952511886,0.06391836772182032
WK196909,Wijk 09 Oostwold,2020,4.237240899828016,0.134976048684331,0.03061925490680328,0.09202525010556299,0.06200015629126994,-0.12369957340125665,0.07403096078195122
WK196909,Wijk 09 Oostwold,2022,4.223696959879337,0.12143210873565242,0.005896382489922143,0.09889454625528549,0.06008749859166794,-0.11996406449204823,0.07651774589082479
WK196910,Wijk 10 Enumatil,2002,4.302298196770276,0.20003334562659075,NA,NA,NA,NA,NA
WK196910,Wijk 10 Enumatil,2008,4.2678490717953395,0.1655842206516536,NA,NA,NA,NA,NA
WK196910,Wijk 10 Enumatil,2012,4.275621245000613,0.17335639385692783,NA,NA,NA,NA,NA
WK196910,Wijk 10 Enumatil,2014,4.219550655315139,0.11728580417145405,-0.013668773049426984,0.10696072583779594,0.10252462956447958,-0.18784435579289452,0.10931357761149976
WK196910,Wijk 10 Enumatil,2016,4.218734790973427,0.1164699398297422,NA,NA,NA,NA,NA
WK196910,Wijk 10 Enumatil,2018,4.247945670415127,0.14568081927144094,0.014472355472184435,0.11716661240302181,0.08490613282111721,-0.18564815554791894,0.11478387412303616
WK196910,Wijk 10 Enumatil,2020,4.204593356481093,0.10232850533740734,-0.006161235275286157,0.11105144465704091,0.06695834755452623,-0.18661216826630556,0.1170921166674317
WK196910,Wijk 10 Enumatil,2022,4.157733874532951,0.05546902338926582,-0.04250750718302038,0.09699575933809948,0.06816405931028185,-0.1861884970457903,0.11900520896969492
WK196911,Wijk 11 Marum,2002,4.152688562999661,0.050423711855975495,NA,NA,NA,NA,NA
WK196911,Wijk 11 Marum,2008,4.195125541359342,0.09286069021565715,NA,NA,NA,NA,NA
WK196911,Wijk 11 Marum,2012,4.187674313847154,0.08540946270346866,NA,NA,NA,NA,NA
WK196911,Wijk 11 Marum,2014,4.215533745008057,0.11326889386437144,0.04987091455802938,0.0819793413569199,0.0675996777094268,-0.13823369019373394,0.05205265043372904
WK196911,Wijk 11 Marum,2016,4.228698286865311,0.12643343572162488,NA,NA,NA,NA,NA
WK196911,Wijk 11 Marum,2018,4.193079919432281,0.09081506828859641,0.053069632595003156,0.06408351221214213,0.059644841127660504,-0.13852319301006533,0.05254027536385571
WK196911,Wijk 11 Marum,2020,4.173320094040711,0.07105524289702536,0.04612331266993597,0.05690302236192616,0.046468568757437635,-0.135405892857292,0.05696623196501731
WK196911,Wijk 11 Marum,2022,4.194312314962408,0.09204746381872263,0.04502038370474136,0.06673075998807974,0.05632059562338067,-0.13549688684853572,0.05947261135105631
WK196912,Wijk 12 De Wilp,2002,4.085841656702538,-0.01642319444114748,NA,NA,NA,NA,NA
WK196912,Wijk 12 De Wilp,2008,4.156237601548829,0.053972750405144404,NA,NA,NA,NA,NA
WK196912,Wijk 12 De Wilp,2012,4.1701230160409475,0.06785816489726226,NA,NA,NA,NA,NA
WK196912,Wijk 12 De Wilp,2014,4.193898379037457,0.09163352789377169,0.04270149807435354,0.08342584460513512,0.08474261180063784,-0.1939021827478939,0.07466575616153877
WK196912,Wijk 12 De Wilp,2016,4.2173617135893755,0.11509686244568983,NA,NA,NA,NA,NA
WK196912,Wijk 12 De Wilp,2018,4.194656215040192,0.0923913638965071,0.05717690249122315,0.07078017236661732,0.07727607906056781,-0.18454066447949147,0.07169887445759003
WK196912,Wijk 12 De Wilp,2020,4.200635649978098,0.09837079883441302,0.04929237790335447,0.08350819203732933,0.07761811507415874,-0.18455778025230932,0.0725098940718795
WK196912,Wijk 12 De Wilp,2022,4.1986071151040205,0.09634226396033561,0.041399022236883035,0.08701834663966831,0.08627163226515835,-0.18799431876207578,0.06964758158070136
WK196913,Wijk 13,2002,4.064966353155977,-0.03729849798770805,NA,NA,NA,NA,NA
WK196913,Wijk 13,2008,4.062981336735953,-0.03928351440773323,NA,NA,NA,NA,NA
WK196913,Wijk 13,2012,4.126393660764197,0.024128809620512212,NA,NA,NA,NA,NA
WK196913,Wijk 13,2014,4.15453800091096,0.05227314976727473,0.023394160242535867,0.09764187958646782,0.06903982001227672,-0.20851029178535163,0.07070758171134571
WK196913,Wijk 13,2016,4.151928357712938,0.049663506569253245,NA,NA,NA,NA,NA
WK196913,Wijk 13,2018,4.129592798190327,0.027327947046641453,0.03620837295188214,0.07315744793368557,0.06529943128962779,-0.23204451560431794,0.08470721047576363
WK196913,Wijk 13,2020,4.127570063437027,0.025305212293341362,0.023722608462011737,0.0764504995598669,0.06136689339932877,-0.22627603271469887,0.09004124358683263
WK196913,Wijk 13,2022,4.119749512868246,0.017484661724561007,0.0034455347405477014,0.09788945552174307,0.056177498577963114,-0.2339629069120872,0.0939350797963941
WK196914,Wijk 14,2002,4.162732419224754,0.060467568081068894,NA,NA,NA,NA,NA
WK196914,Wijk 14,2008,4.16083674766181,0.0585718965181254,NA,NA,NA,NA,NA
WK196914,Wijk 14,2012,4.189153259757426,0.08688840861374178,NA,NA,NA,NA,NA
WK196914,Wijk 14,2014,4.20712055573135,0.10485570458766395,0.026060091217553528,0.08202977453097991,0.06077088050412836,-0.10557185914541801,0.041566817480419904
WK196914,Wijk 14,2016,4.229985510434708,0.12772065929102255,NA,NA,NA,NA,NA
WK196914,Wijk 14,2018,4.228215524477997,0.1259506733343121,0.03464920486829258,0.09454072756934984,0.062166138310238817,-0.10434778519125322,0.038942387777683794
WK196914,Wijk 14,2020,4.209846079569707,0.10758122842602154,0.028220463186026667,0.08872511811763262,0.059703366781261945,-0.11565796264977857,0.04659024299087861
WK196914,Wijk 14,2022,4.202104753626805,0.09983990248311998,0.010708047187330991,0.10620152928510807,0.060498732273483014,-0.12591184486430282,0.04834343860150048
WK196915,Wijk 15,2002,4.05962156311903,-0.0426432880246546,NA,NA,NA,NA,NA
WK196915,Wijk 15,2008,4.055259616432219,-0.047005234711465685,NA,NA,NA,NA,NA
WK196915,Wijk 15,2012,4.096729336557907,-0.005535514585778537,NA,NA,NA,NA,NA
WK196915,Wijk 15,2014,4.132124830958184,0.029859979814499157,0.04358471809528546,0.09080903322718223,0.05141039682364241,-0.19140953609539024,0.035465367763779
WK196915,Wijk 15,2016,4.14013657623819,0.0378717250945039,NA,NA,NA,NA,NA
WK196915,Wijk 15,2018,4.153800082073222,0.05153523092953699,0.041852724660600825,0.09224547188031851,0.052442445672225016,-0.19218305231773095,0.05717764103412326
WK196915,Wijk 15,2020,4.136473356775404,0.03420850563171938,0.031623607683032164,0.1001346376963947,0.04697724417631029,-0.19141079003726041,0.046883806113242346
WK196915,Wijk 15,2022,4.132819939090723,0.030555087947037606,0.01746047386983942,0.1033366352565208,0.04378208461410624,-0.19109452919636338,0.05707042340293424
WK196916,Wijk 16,2002,4.1301389644538995,0.027874113310214582,NA,NA,NA,NA,NA
WK196916,Wijk 16,2008,4.094385717845284,-0.007879133298402256,NA,NA,NA,NA,NA
WK196916,Wijk 16,2012,4.1161252423957,0.013860391252015554,NA,NA,NA,NA,NA
WK196916,Wijk 16,2014,4.123992362864808,0.021727511721122347,0.024843184023203017,0.10830274730436154,0.06800423795570285,-0.22059892281238624,0.041176265250240936
WK196916,Wijk 16,2016,4.114621311926862,0.012356460783177139,NA,NA,NA,NA,NA
WK196916,Wijk 16,2018,4.128383318769969,0.02611846762628388,0.028599133044588596,0.10421380769352326,0.0715500016805105,-0.21929207458877417,0.04104759979643539
WK196916,Wijk 16,2020,4.125684021096126,0.023419169952441227,0.013431527855864154,0.11083099640468001,0.06811970610550933,-0.21726739214708637,0.048304331733473815
WK196916,Wijk 16,2022,4.143859207208243,0.04159435606455794,0.007081664489090048,0.11503608687900826,0.06820722408325214,-0.22787785279125874,0.07914723340446593
WK196917,Wijk 17,2002,4.189469191758918,0.08720434061523273,NA,NA,NA,NA,NA
WK196917,Wijk 17,2008,4.166121715986508,0.06385686484282245,NA,NA,NA,NA,NA
WK196917,Wijk 17,2012,4.194615857605405,0.09235100646172022,NA,NA,NA,NA,NA
WK196917,Wijk 17,2014,4.203177578573695,0.10091272743001006,0.019333141704097993,0.07742408695078161,0.0625813847743843,-0.11606400706149542,0.057638121062241296
WK196917,Wijk 17,2016,4.22855185408427,0.1262870029405845,NA,NA,NA,NA,NA
WK196917,Wijk 17,2018,4.226643809126608,0.12437895798292195,0.025492058425800858,0.09515456832410274,0.06257341748829978,-0.11920473864230283,0.06036365238702108
WK196917,Wijk 17,2020,4.2047333591555445,0.10246850801185904,0.01565656384195257,0.08696462741491227,0.05482421260142819,-0.11564650338173567,0.06066960753530147
WK196917,Wijk 17,2022,4.197772666871596,0.09550781572791038,-0.018982952105830463,0.11506945964248934,0.05492749985984699,-0.1199001341866053,0.06439394251800958
WK197000,Dokkum,2002,4.055124159026907,-0.047140692116778224,NA,NA,NA,NA,NA
WK197000,Dokkum,2008,4.072870027725125,-0.029394823418559972,NA,NA,NA,NA,NA
WK197000,Dokkum,2012,4.086309026984296,-0.015955824159389564,NA,NA,NA,NA,NA
WK197000,Dokkum,2014,4.117702244461019,0.0154373933173338,0.057360838095333155,0.049498890426796116,0.021640291919737285,-0.11626369372946639,0.0032010666049333532
WK197000,Dokkum,2016,4.142370886256809,0.04010603511312329,NA,NA,NA,NA,NA
WK197000,Dokkum,2018,4.108270438809484,0.006005587665799141,0.04771463114208159,0.05756445715890464,0.023798852452292622,-0.13594439205849504,0.01287203897101503
WK197000,Dokkum,2020,4.101778214960115,-4.8663618357014214e-4,0.0469374641326403,0.053525044309424306,0.021163726391520993,-0.1266229797948259,0.004510108777669852
WK197000,Dokkum,2022,4.128049576719079,0.02578472557539347,0.047131156786421734,0.06390695000539179,0.017905660190727823,-0.1275313469380226,0.02437230553087446
WK197001,Metslawier,2002,4.129319397936655,0.02705454679296921,NA,NA,NA,NA,NA
WK197001,Metslawier,2008,4.1527439043482985,0.05047905320461311,NA,NA,NA,NA,NA
WK197001,Metslawier,2012,4.135368028514278,0.033103177370592575,NA,NA,NA,NA,NA
WK197001,Metslawier,2014,4.162619402713036,0.060354551569350524,0.04872327920310217,0.11516617973802482,0.08489623371219286,-0.2491717666275166,0.060740625543546985
WK197001,Metslawier,2016,4.165989283333054,0.06372443218936828,NA,NA,NA,NA,NA
WK197001,Metslawier,2018,4.120966222117407,0.018701370973721952,0.04438656017389952,0.1202246654434755,0.09081319271693242,-0.25533665370794334,0.018613606347357606
WK197001,Metslawier,2020,4.140887643430118,0.038622792286433345,0.032182835673277774,0.12726090740316173,0.07709181348898364,-0.24330086097050269,0.04538809669151256
WK197001,Metslawier,2022,4.182132043359752,0.07986719221606749,0.03678929307118243,0.14005606202222762,0.07619426213446068,-0.24606802623977744,0.07289560122797396
WK197002,Ee - Zuidoost,2002,4.146216657667433,0.0439518065237481,NA,NA,NA,NA,NA
WK197002,Ee - Zuidoost,2008,4.1399524841895685,0.0376876330458833,NA,NA,NA,NA,NA
WK197002,Ee - Zuidoost,2012,4.122293918214977,0.020029067071291744,NA,NA,NA,NA,NA
WK197002,Ee - Zuidoost,2014,4.102542842690375,2.7799154668916855e-4,0.03210918464852421,0.08715596843999149,0.08728333104387542,-0.26478099851411074,0.05851050592840849
WK197002,Ee - Zuidoost,2016,4.168941765153041,0.06667691400935555,NA,NA,NA,NA,NA
WK197002,Ee - Zuidoost,2018,4.130943302976545,0.0286784518328602,0.027723359707586444,0.10103767423312618,0.08944229656429191,-0.2688193087903539,0.07929443011820929
WK197002,Ee - Zuidoost,2020,4.117911655963259,0.01564680481957324,0.01505917821787341,0.09918577501215378,0.07614655084575213,-0.25770222226714457,0.08295752301093827
WK197002,Ee - Zuidoost,2022,4.1406395522295165,0.038374701085831034,0.017052706705010842,0.1133618825150452,0.07272205593437939,-0.2553202570657622,0.0905583129971576
WK197003,Anjum - Noordoost,2002,4.143675475095749,0.04141062395206409,NA,NA,NA,NA,NA
WK197003,Anjum - Noordoost,2008,4.136234539236315,0.03396968809263001,NA,NA,NA,NA,NA
WK197003,Anjum - Noordoost,2012,4.155093184060175,0.05282833291648945,NA,NA,NA,NA,NA
WK197003,Anjum - Noordoost,2014,4.1305326464761976,0.02826779533251271,0.05898923092120352,0.09672247650232588,0.0838772771556839,-0.2573437933588864,0.0460226041121855
WK197003,Anjum - Noordoost,2016,4.157200205104361,0.05493535396067482,NA,NA,NA,NA,NA
WK197003,Anjum - Noordoost,2018,4.1671010425879285,0.06483619144424328,0.05217938836819091,0.1105651789552768,0.08644526877213683,-0.24805296289361795,0.06369931824225641
WK197003,Anjum - Noordoost,2020,4.134833343579169,0.03256849243548354,0.036973199814731045,0.1094561556319679,0.07932083547292895,-0.24597509238339635,0.05279339389925179
WK197003,Anjum - Noordoost,2022,4.186983799674115,0.08471894853043002,0.046188731450928146,0.12061611423303367,0.07523354709302892,-0.24765147092921994,0.09033202668265894
WK197004,Oosternijkerk - Noordwest,2002,4.196109427278403,0.09384457613471707,NA,NA,NA,NA,NA
WK197004,Oosternijkerk - Noordwest,2008,4.237371959296114,0.1351071081524296,NA,NA,NA,NA,NA
WK197004,Oosternijkerk - Noordwest,2012,4.209454953504371,0.10719010236068524,NA,NA,NA,NA,NA
WK197004,Oosternijkerk - Noordwest,2014,4.15320966203375,0.05094481089006486,0.060791930351854324,0.10696211420903316,0.08204566372703788,-0.27296160756504007,0.0741067101671793
WK197004,Oosternijkerk - Noordwest,2016,4.181413108747342,0.07914825760365625,NA,NA,NA,NA,NA
WK197004,Oosternijkerk - Noordwest,2018,4.155490810068113,0.05322595892442884,0.04911893008760115,0.11878989297931483,0.08548929437076166,-0.27424154197567474,0.07406938346242564
WK197004,Oosternijkerk - Noordwest,2020,4.157644082406856,0.05537923126317093,0.03882675077925691,0.12431171347072267,0.07744179675569245,-0.2610031305628083,0.0758021008203069
WK197004,Oosternijkerk - Noordwest,2022,4.168734328744579,0.06646947760089308,0.04301205210414747,0.13822249295407216,0.07473163525921561,-0.26504368764324304,0.07554698492670062
WK197005,Ternaard,2002,4.1305445701869,0.02827971904321444,NA,NA,NA,NA,NA
WK197005,Ternaard,2008,4.1088060526116665,0.006541201467980948,NA,NA,NA,NA,NA
WK197005,Ternaard,2012,4.107592568738613,0.005327717594927272,NA,NA,NA,NA,NA
WK197005,Ternaard,2014,4.084607793106004,-0.017657058037681347,0.0657941507818277,0.08201928032324664,0.07924925290864232,-0.2763400331320592,0.031620291080660855
WK197005,Ternaard,2016,4.130816117028301,0.028551265884615984,NA,NA,NA,NA,NA
WK197005,Ternaard,2018,4.147586030856954,0.04532117971326877,0.06882701777059508,0.11102004684064329,0.08683309125729245,-0.27889869446740306,0.057539718312140685
WK197005,Ternaard,2020,4.126239855645159,0.023975004501474443,0.055874442841072965,0.09534169304363226,0.07368927106469597,-0.26353893340630263,0.06260853095837565
WK197005,Ternaard,2022,4.1513207031282455,0.04905585198456091,0.05381352840453824,0.11781792741615657,0.07090628441641132,-0.2653203712102616,0.07183848295771612
WK197006,Holwerd,2002,4.078855307655173,-0.02340954348851208,NA,NA,NA,NA,NA
WK197006,Holwerd,2008,4.080585787613761,-0.021679063529923496,NA,NA,NA,NA,NA
WK197006,Holwerd,2012,4.095927117528497,-0.00633773361518812,NA,NA,NA,NA,NA
WK197006,Holwerd,2014,4.0875638638837515,-0.0147009872599343,0.023620065988634475,0.06273431914868118,0.06972964062478335,-0.20768356648144576,0.036898553459412155
WK197006,Holwerd,2016,4.118493064139236,0.0162282129955509,NA,NA,NA,NA,NA
WK197006,Holwerd,2018,4.107365192879312,0.005100341735626867,0.03034378592991636,0.06643310382670907,0.0744417001374616,-0.20576605835190187,0.03964781019344144
WK197006,Holwerd,2020,4.087696208036235,-0.01456864310745047,0.0151817657913552,0.0624594325073776,0.06244207282176937,-0.20923276337988816,0.054580849151935264
WK197006,Holwerd,2022,4.107551802835174,0.005286951691489196,0.013154691867722276,0.09088647685822018,0.059827517185805285,-0.21818654837449514,0.05960481415423628
WK197007,Hantum,2002,4.188004612565893,0.08573976142220797,NA,NA,NA,NA,NA
WK197007,Hantum,2008,4.169435994762047,0.06717114361836213,NA,NA,NA,NA,NA
WK197007,Hantum,2012,4.171193716812634,0.06892886566894883,NA,NA,NA,NA,NA
WK197007,Hantum,2014,4.165008238533131,0.06274338738944601,0.03001974631593423,0.11736870041622148,0.10000417625354845,-0.2712045880496662,0.08655535245340787
WK197007,Hantum,2016,4.194158269699616,0.09189341855593088,NA,NA,NA,NA,NA
WK197007,Hantum,2018,4.153136478679296,0.05087162753561057,0.033153620832469165,0.11137601122056197,0.09851222282969029,-0.28124419271540696,0.08907396536829587
WK197007,Hantum,2020,4.136237805502109,0.033972954358423485,0.01344257953262569,0.11230871834041255,0.09382433843727606,-0.27031233015439565,0.08470964820250453
WK197007,Hantum,2022,4.1670916475779745,0.06482679643428887,0.013509228103568744,0.1399925282045344,0.08771657441389372,-0.27021179783573496,0.09382026354802675
WK197008,Wijk 08 Bouwstreek,2002,4.002637111319174,-0.09962773982451066,NA,NA,NA,NA,NA
WK197008,Wijk 08 Bouwstreek,2008,4.030207890034434,-0.0720569611092512,NA,NA,NA,NA,NA
WK197008,Wijk 08 Bouwstreek,2012,4.035578542308445,-0.06668630883524002,NA,NA,NA,NA,NA
WK197008,Wijk 08 Bouwstreek,2014,4.056799303216847,-0.04546554792683849,0.008644658508753423,0.06831834773931411,0.05022364513156528,-0.2099205224166816,0.03726832311021009
WK197008,Wijk 08 Bouwstreek,2016,4.092861353136395,-0.009403498007290362,NA,NA,NA,NA,NA
WK197008,Wijk 08 Bouwstreek,2018,4.071403184997445,-0.03086166614624074,0.009305122216883689,0.07627467764144286,0.054699614907651906,-0.22086556527160797,0.0497244843593885
WK197008,Wijk 08 Bouwstreek,2020,4.056252374082876,-0.046012477060809166,-0.0015254419481221823,0.07601241825095853,0.05838093563871115,-0.2190448601334495,0.04016447113109258
WK197008,Wijk 08 Bouwstreek,2022,4.051435770690388,-0.050829080453297565,-0.01644894051128863,0.08077395356144504,0.050949219665412875,-0.23144194001309634,0.06533862684422923
WK197009,Wijk 09 Zuidwest,2002,4.049035021607741,-0.053229829535943685,NA,NA,NA,NA,NA
WK197009,Wijk 09 Zuidwest,2008,4.0663434736669855,-0.035921377476700135,NA,NA,NA,NA,NA
WK197009,Wijk 09 Zuidwest,2012,4.057067102310651,-0.045197748833034505,NA,NA,NA,NA,NA
WK197009,Wijk 09 Zuidwest,2014,4.087178759910721,-0.015086091232963918,0.03522464078492641,0.059880795546375785,0.049252315290263346,-0.17972095448706601,0.020277111632536298
WK197009,Wijk 09 Zuidwest,2016,4.125990615299667,0.023725764155981828,NA,NA,NA,NA,NA
WK197009,Wijk 09 Zuidwest,2018,4.093238463594625,-0.00902638754906019,0.02717299624254281,0.07582268094027907,0.04827289345730612,-0.18502499273926412,0.0247300345500757
WK197009,Wijk 09 Zuidwest,2020,4.058703903177631,-0.04356094796605397,0.018802847322578652,0.07154035269605295,0.04764565870950083,-0.19414453932790166,0.012594732633715034
WK197009,Wijk 09 Zuidwest,2022,4.080646279393234,-0.021618571750451402,0.02320266893650537,0.04162864508563292,0.03951918385361155,-0.18557976746847474,0.05961069784227322
WK197010,Wijk 10,2002,4.096646731880652,-0.005618119263033997,NA,NA,NA,NA,NA
WK197010,Wijk 10,2008,4.090430265169396,-0.011834585974288868,NA,NA,NA,NA,NA
WK197010,Wijk 10,2012,4.095083063734002,-0.007181787409683614,NA,NA,NA,NA,NA
WK197010,Wijk 10,2014,4.196293715615703,0.09402886447201862,0.03643306185012838,0.11100950661107453,0.08325768384742006,-0.2306583147342875,0.09398692689768283
WK197010,Wijk 10,2016,4.238273933181809,0.13600908203812365,NA,NA,NA,NA,NA
WK197010,Wijk 10,2018,4.205630158931676,0.10336530778799141,0.0384662716651447,0.114561460406567,0.0929693444601848,-0.23778981431999172,0.09515804557608629
WK197010,Wijk 10,2020,4.148695639362903,0.04643078821921756,0.021915542422285623,0.09496726439631659,0.08439081883503588,-0.23778677014942554,0.0829439327150047
WK197010,Wijk 10,2022,4.183373332115189,0.0811084809715037,0.019505150192078567,0.10581460887911429,0.07106784457732417,-0.22045427687439204,0.10517515419737838
WK197011,Wijk 11 Kollum,2002,4.181232179889342,0.07896732874565664,NA,NA,NA,NA,NA
WK197011,Wijk 11 Kollum,2008,4.158200317365945,0.05593546622225985,NA,NA,NA,NA,NA
WK197011,Wijk 11 Kollum,2012,4.158363605145918,0.056098754002232985,NA,NA,NA,NA,NA
WK197011,Wijk 11 Kollum,2014,4.137651019304959,0.03538616816127416,0.06297368224277007,0.06672514338764181,0.0400020732589927,-0.15712478005002986,0.022810049321899166
WK197011,Wijk 11 Kollum,2016,4.169382265380403,0.06711741423671685,NA,NA,NA,NA,NA
WK197011,Wijk 11 Kollum,2018,4.137817364721017,0.03555251357733147,0.05449844115255604,0.08811646696306055,0.04001721089084037,-0.16583104205583868,0.018751436626712928
WK197011,Wijk 11 Kollum,2020,4.15914386775736,0.05687901661367426,0.05191493147273041,0.0985725605647674,0.033816608466079486,-0.14450293363285435,0.017077849742951044
WK197011,Wijk 11 Kollum,2022,4.143809858326892,0.04154500718320759,0.05351662903104718,0.0877478219489348,0.031014383681985922,-0.15490639800448938,0.024172570525728774
WK197012,Wijk 12 Oost,2002,4.066392135572132,-0.035872715571553686,NA,NA,NA,NA,NA
WK197012,Wijk 12 Oost,2008,4.078407238375326,-0.023857612768359314,NA,NA,NA,NA,NA
WK197012,Wijk 12 Oost,2012,4.0739310677955975,-0.02833378334808729,NA,NA,NA,NA,NA
WK197012,Wijk 12 Oost,2014,4.096696107472766,-0.005568743670919348,0.03744007236505764,0.07935001411157597,0.09062682889981227,-0.25572128739524175,0.042735628347876274
WK197012,Wijk 12 Oost,2016,4.1169367940503285,0.014671942906643021,NA,NA,NA,NA,NA
WK197012,Wijk 12 Oost,2018,4.144181550168416,0.04191669902473099,0.035475051070297386,0.11363273602825451,0.08638781835955904,-0.25835034140377033,0.06477143497039008
WK197012,Wijk 12 Oost,2020,4.133777630217308,0.03151277907362342,0.023239506426966042,0.10920499230450924,0.07972217949443712,-0.2533409291404772,0.07268702998818798
WK197012,Wijk 12 Oost,2022,4.1282586427452355,0.0259937916015504,0.021994045123134187,0.096640321960557607,0.08552978059676453,-0.25205381927024073,0.07388346319133453
WK197013,Wijk 13 Noordwest,2002,4.162844404748037,0.060579553604351875,NA,NA,NA,NA,NA
WK197013,Wijk 13 Noordwest,2008,4.166411308928272,0.0641464577845877,NA,NA,NA,NA,NA
WK197013,Wijk 13 Noordwest,2012,4.1793415776950456,0.0770767265513601,NA,NA,NA,NA,NA
WK197013,Wijk 13 Noordwest,2014,4.163558945408945,0.06129409426525978,0.049019871923367896,0.10581243215811216,0.09575252894087212,-0.23359802843273408,0.04430728967564141
WK197013,Wijk 13 Noordwest,2016,4.183246045498495,0.08098119435481001,NA,NA,NA,NA,NA
WK197013,Wijk 13 Noordwest,2018,4.189847733798425,0.0875828826547396,0.04710121332874884,0.12136966697326562,0.09779603104918132,-0.23837269102768624,0.05968866233122977
WK197013,Wijk 13 Noordwest,2020,4.1856638023387385,0.08339895119505311,0.03514610123570418,0.1240699559065694,0.07954453962395208,-0.22264401064739486,0.06728236507622197
WK197013,Wijk 13 Noordwest,2022,4.176900219411661,0.07463536826797607,0.037420513399840497,0.10518710637216647,0.0882235848863019,-0.232707068269544,0.07651123187921098
WK197014,Wijk 14 Zuidwest,2002,4.1208485480493495,0.018583696905663947,NA,NA,NA,NA,NA
WK197014,Wijk 14 Zuidwest,2008,4.130602022424452,0.028337171280766304,NA,NA,NA,NA,NA
WK197014,Wijk 14 Zuidwest,2012,4.101623979511337,-6.408716323483369e-4,NA,NA,NA,NA,NA
WK197014,Wijk 14 Zuidwest,2014,4.106337406526619,0.0040725553829338125,0.047775290161802444,0.06361916207544263,0.06421277479130848,-0.20551399703725404,0.03397932539163401
WK197014,Wijk 14 Zuidwest,2016,4.0962630705124985,-0.006001780631187035,NA,NA,NA,NA,NA
WK197014,Wijk 14 Zuidwest,2018,4.1019398567396435,-3.2499440404194194e-4,0.038167712052113986,0.07267398610179812,0.06400791361085902,-0.21375904731641704,0.03858444114760372
WK197014,Wijk 14 Zuidwest,2020,4.106919934676685,0.004655083533000262,0.030801010578900632,0.08317860807043582,0.060462310357989935,-0.2046032071228208,0.034816361648494366
WK197014,Wijk 14 Zuidwest,2022,4.080724899335869,-0.02153995180781613,0.03030007158575443,0.0497288323025954,0.06443632918946376,-0.21494139244476854,0.04893620755913852
WK197801,Wijk01-Arkel,2002,4.123374637704229,0.021109786560543967,NA,NA,NA,NA,NA
WK197801,Wijk01-Arkel,2008,4.1230250517746905,0.02076020063100477,NA,NA,NA,NA,NA
WK197801,Wijk01-Arkel,2012,4.121796196250318,0.01953134510663233,NA,NA,NA,NA,NA
WK197801,Wijk01-Arkel,2014,4.1110567276594505,0.00879187651576583,-0.002970025108562565,0.07063842732523412,0.03852510023555208,-0.11205114900854836,0.01464952307209025
WK197801,Wijk01-Arkel,2016,4.152457769873986,0.05019291873030056,NA,NA,NA,NA,NA
WK197801,Wijk01-Arkel,2018,4.128937220065392,0.026672368921706876,-0.00856130587597885,0.06970389815238993,0.03146854921802794,-0.08296962186895528,0.017030849296222807
WK197801,Wijk01-Arkel,2020,4.161809482061015,0.059544630917329595,-0.0033508189890867003,0.07615510640309651,0.02984203030714358,-0.061530818283124886,0.018429131479300778
WK197801,Wijk01-Arkel,2022,4.120626220511485,0.018361369367799824,0.0026992827854828505,0.07035183842173248,0.023898598544230078,-0.10127677544280436,0.022688425059158454
WK197802,Wijk02-Bleskensgraaf ca,2002,4.04607733240286,-0.05618751874082507,NA,NA,NA,NA,NA
WK197802,Wijk02-Bleskensgraaf ca,2008,4.0232565567337755,-0.0790082944099101,NA,NA,NA,NA,NA
WK197802,Wijk02-Bleskensgraaf ca,2012,4.024031885623857,-0.07823296551982856,NA,NA,NA,NA,NA
WK197802,Wijk02-Bleskensgraaf ca,2014,4.068936333486343,-0.03332851765734199,-0.005838780477216002,0.08084350599405547,0.051950507751280885,-0.16553578833681268,0.005252037411350097
WK197802,Wijk02-Bleskensgraaf ca,2016,4.091959224741625,-0.01030562640205912,NA,NA,NA,NA,NA
WK197802,Wijk02-Bleskensgraaf ca,2018,4.095123535945474,-0.007141315198211437,-0.018893520590711366,0.09699336181902897,0.047799470102293136,-0.15045292002523938,0.017412293496416913
WK197802,Wijk02-Bleskensgraaf ca,2020,4.076666932837498,-0.025597918306186948,-0.015307103760414964,0.09196774832167048,0.03778722765509494,-0.13681555910461948,-0.003230231417918201
WK197802,Wijk02-Bleskensgraaf ca,2022,4.110399182587554,0.008134331443868251,-0.011669193624639513,0.10875915167218413,0.04058412098193396,-0.14891946809660914,0.01937972051099861
WK197803,Wijk03-Brandwijk,2002,4.082366219034849,-0.019898632108835614,NA,NA,NA,NA,NA
WK197803,Wijk03-Brandwijk,2008,4.108866771260004,0.006601920116318684,NA,NA,NA,NA,NA
WK197803,Wijk03-Brandwijk,2012,4.08952031320402,-0.012744537939665382,NA,NA,NA,NA,NA
WK197803,Wijk03-Brandwijk,2014,4.1270386483770185,0.024773797233333627,0.021108973072965075,0.08794788659968963,0.06441446728888826,-0.19955630761690238,0.050858777888692655
WK197803,Wijk03-Brandwijk,2016,4.104745432780561,0.0024805816368760674,NA,NA,NA,NA,NA
WK197803,Wijk03-Brandwijk,2018,4.144287900915282,0.04202304977159681,0.020581786223405132,0.10313793135867176,0.06722166344726445,-0.19702153148629592,0.04810320022855119
WK197803,Wijk03-Brandwijk,2020,4.1500398123167175,0.047774961173031656,0.010408968419925363,0.10771584306857146,0.05279561619577499,-0.17629524754012993,0.05314978102888943
WK197803,Wijk03-Brandwijk,2022,4.11706943469078,0.014804583547094416,0.00851929250021623,0.09594512585244704,0.05578260414285114,-0.19136458630246037,0.0459221473540401
WK197804,Wijk04-Giessenburg,2002,4.15820669731253,0.05594184616884509,NA,NA,NA,NA,NA
WK197804,Wijk04-Giessenburg,2008,4.1320907089277235,0.029825857784038408,NA,NA,NA,NA,NA
WK197804,Wijk04-Giessenburg,2012,4.146725091552929,0.04446024040924386,NA,NA,NA,NA,NA
WK197804,Wijk04-Giessenburg,2014,4.165757271856178,0.06349242071249289,-0.016724911836622215,0.11915600256366396,0.07037003513190301,-0.13635566491095297,0.027046959764500826
WK197804,Wijk04-Giessenburg,2016,4.174460630544427,0.07219577940074176,NA,NA,NA,NA,NA
WK197804,Wijk04-Giessenburg,2018,4.1448566850814155,0.04259183393773061,-0.021216913478630455,0.1031922498561937,0.06261716047753876,-0.13242214950531422,0.030421486587942574
WK197804,Wijk04-Giessenburg,2020,4.166299677977433,0.06403482683374805,-0.01568114598302865,0.10340155114591464,0.059922724539194366,-0.11580880176597882,0.03220049889764627
WK197804,Wijk04-Giessenburg,2022,4.138135006088048,0.03587015494436341,-0.016476264902033955,0.09929110164618173,0.05443638878245426,-0.14074483561925707,0.03936376503701813
WK197805,Wijk05-Goudriaan,2002,4.122987967846097,0.02072311670241171,NA,NA,NA,NA,NA
WK197805,Wijk05-Goudriaan,2008,4.0780445549903295,-0.024220296153355223,NA,NA,NA,NA,NA
WK197805,Wijk05-Goudriaan,2012,4.118846657982558,0.016581806838872275,NA,NA,NA,NA,NA
WK197805,Wijk05-Goudriaan,2014,4.16057545924925,0.058310608105564606,0.015549059333986074,0.10212143344427282,0.08024797865113165,-0.19488377655014405,0.05527591322631786
WK197805,Wijk05-Goudriaan,2016,4.128992461893299,0.026727610749613995,NA,NA,NA,NA,NA
WK197805,Wijk05-Goudriaan,2018,4.163348050710621,0.061083199566935545,0.009843452846292542,0.10309442338150224,0.07577166670652548,-0.181734086494784,0.05410774312739896
WK197805,Wijk05-Goudriaan,2020,4.173726634850569,0.07146178370688369,0.008724192741797943,0.1035196619533609,0.07038322925485135,-0.1722793782572136,0.061114078014086824
WK197805,Wijk05-Goudriaan,2022,4.175595518349964,0.07333066720627897,0.020849321597239796,0.10567615615076006,0.06835090023196472,-0.18306762266331308,0.06152191188962727
WK197806,Wijk06-Groot-Ammers,2002,4.016824256712206,-0.08544059443147892,NA,NA,NA,NA,NA
WK197806,Wijk06-Groot-Ammers,2008,4.024488014740999,-0.07777683640268562,NA,NA,NA,NA,NA
WK197806,Wijk06-Groot-Ammers,2012,4.035564136874308,-0.0667007142693766,NA,NA,NA,NA,NA
WK197806,Wijk06-Groot-Ammers,2014,4.083467243581447,-0.018797607562237785,-0.0026828659530280267,0.06112448533119568,0.042586719863502036,-0.15798216175054416,0.038156214946636395
WK197806,Wijk06-Groot-Ammers,2016,4.099865178349045,-0.00239967279464029,NA,NA,NA,NA,NA
WK197806,Wijk06-Groot-Ammers,2018,4.093576057349094,-0.008688793794590616,-0.008099143469494988,0.06876749556974956,0.04380178101104787,-0.15142981367118435,0.03827088676529101
WK197806,Wijk06-Groot-Ammers,2020,4.102679849637755,4.149984940699996e-4,-3.429169371930924e-4,0.06841376296885093,0.04017359944723879,-0.1419822443365574,0.03415279735173048
WK197806,Wijk06-Groot-Ammers,2022,4.09508313913943,-0.007181712004255715,-0.0024337033198849976,0.08238602756310086,0.02890942593327566,-0.15124218945532997,0.035198727274582446
WK197807,Wijk07-Hoogblokland,2002,4.178690283406919,0.0764254322632332,NA,NA,NA,NA,NA
WK197807,Wijk07-Hoogblokland,2008,4.135074408087717,0.032809556944032245,NA,NA,NA,NA,NA
WK197807,Wijk07-Hoogblokland,2012,4.127345643452525,0.025080792308840295,NA,NA,NA,NA,NA
WK197807,Wijk07-Hoogblokland,2014,4.135479814082868,0.0332149629391829,-0.020368929363264725,0.11935786268973143,0.08354408320313197,-0.16851672189231137,0.019198668301895372
WK197807,Wijk07-Hoogblokland,2016,4.147068820152426,0.04480396900874094,NA,NA,NA,NA,NA
WK197807,Wijk07-Hoogblokland,2018,4.155988674413035,0.05372382326935013,-0.018462939063377756,0.11331729428514965,0.07906658834937587,-0.14972993275122148,0.029532812449423507
WK197807,Wijk07-Hoogblokland,2020,4.167486970736145,0.06522211959246017,-0.02128620165907821,0.11871412782315048,0.06804322599346391,-0.13619243251863303,0.03594339995355681
WK197807,Wijk07-Hoogblokland,2022,4.126790849920519,0.024525998776833667,-0.019938489332339,0.09853505515468303,0.06727044407805056,-0.1610331503016532,0.03969213917809202
WK197808,Wijk08-Hoornaar,2002,4.119322943966221,0.017058092822535457,NA,NA,NA,NA,NA
WK197808,Wijk08-Hoornaar,2008,4.116106320243523,0.013841469099837831,NA,NA,NA,NA,NA
WK197808,Wijk08-Hoornaar,2012,4.148938754655749,0.04667390351206343,NA,NA,NA,NA,NA
WK197808,Wijk08-Hoornaar,2014,4.163472265372012,0.06120741422832725,0.009715215167962312,0.10392826481984414,0.06673977380742524,-0.14641425301527816,0.027238413448373397
WK197808,Wijk08-Hoornaar,2016,4.156497607622019,0.05423275647833367,NA,NA,NA,NA,NA
WK197808,Wijk08-Hoornaar,2018,4.191468890218028,0.08920403907434245,0.005517020390144073,0.11332072513095104,0.07025060110875825,-0.12684505662690215,0.026960749071390924
WK197808,Wijk08-Hoornaar,2020,4.190082527864213,0.08781767672052794,-2.8092022893457994e-4,0.11592076078399936,0.060256499404709146,-0.11617908145372685,0.028100418214480657
WK197808,Wijk08-Hoornaar,2022,4.153591129759349,0.05132627861566289,-3.9367992916251475e-4,0.10556781480763373,0.05100330897231256,-0.13929138893172086,0.034440223696599735
WK197809,Wijk09-Kinderdijk,2002,4.179597523687356,0.07733267254367071,NA,NA,NA,NA,NA
WK197809,Wijk09-Kinderdijk,2008,4.139841249434748,0.03757639829106299,NA,NA,NA,NA,NA
WK197809,Wijk09-Kinderdijk,2012,4.179240307980153,0.07697545683646705,NA,NA,NA,NA,NA
WK197809,Wijk09-Kinderdijk,2014,4.193615894405822,0.09135104326213576,0.04951501248924635,0.04574371974586056,0.06702530536234849,-0.09558522346015522,0.024652229124835133
WK197809,Wijk09-Kinderdijk,2016,4.182817659372814,0.08055280822912883,NA,NA,NA,NA,NA
WK197809,Wijk09-Kinderdijk,2018,4.246548321214726,0.14428347007104103,0.0493989466614492,0.12047052322128443,0.07444418031754661,-0.10103827109410812,0.0010080909648686163
WK197809,Wijk09-Kinderdijk,2020,4.29545758413081,0.19319273298712555,0.05230895424783934,0.11747359413805718,0.04888556288448922,-0.09322055870424457,0.06774518042098415
WK197809,Wijk09-Kinderdijk,2022,4.286578105912685,0.1843132547689997,0.047881853046737054,0.11373782110553847,0.05085559143813198,-0.09269360374455625,0.0645315929231482
WK197810,Wijk10-Langerak,2002,4.0101938639936066,-0.09207098715007873,NA,NA,NA,NA,NA
WK197810,Wijk10-Langerak,2008,4.051931713635227,-0.050333137508457644,NA,NA,NA,NA,NA
WK197810,Wijk10-Langerak,2012,4.06682139569978,-0.03544345544390589,NA,NA,NA,NA,NA
WK197810,Wijk10-Langerak,2014,4.098944846167792,-0.0033200049758930076,0.01219150492605221,0.06257594100401812,0.03583982846166655,-0.1502755575072584,0.03634827813962826
WK197810,Wijk10-Langerak,2016,4.050670700923342,-0.051594150220344165,NA,NA,NA,NA,NA
WK197810,Wijk10-Langerak,2018,4.08451066236364,-0.01775418878004476,0.015461391154007938,0.04816389734221443,0.03532985026251798,-0.15012044550891762,0.03341111797013222
WK197810,Wijk10-Langerak,2020,4.0851622388501365,-0.017102612293549178,0.019792355741363617,0.04681261311550113,0.035103780409545586,-0.14698242408686252,0.02817106252690276
WK197810,Wijk10-Langerak,2022,4.116251171632543,0.013986320488857552,0.020842409733380075,0.0784933510008102,0.026662340281449256,-0.15063305265613727,0.038621272129355066
WK197811,Wijk11-Molenaarsgraaf,2002,4.0642670332050885,-0.03799781793859672,NA,NA,NA,NA,NA
WK197811,Wijk11-Molenaarsgraaf,2008,4.063900921062535,-0.038363930081150195,NA,NA,NA,NA,NA
WK197811,Wijk11-Molenaarsgraaf,2012,4.058910249795868,-0.04335460134781771,NA,NA,NA,NA,NA
WK197811,Wijk11-Molenaarsgraaf,2014,4.121241956587104,0.018977105443418893,-0.007170553164533675,0.10505035926954662,0.06466369454437697,-0.18789693114243836,0.04433053593646709
WK197811,Wijk11-Molenaarsgraaf,2016,4.079250162992881,-0.023014688150804322,NA,NA,NA,NA,NA
WK197811,Wijk11-Molenaarsgraaf,2018,4.125854112438506,0.02358926129482064,-0.005947347888063482,0.1185103740155806,0.05572258135982667,-0.1841539247537626,0.03945757856123921
WK197811,Wijk11-Molenaarsgraaf,2020,4.151481090562086,0.049216239418400955,-0.005962450068002582,0.11332066821693788,0.059602425902372906,-0.1623104041636597,0.04456599953075211
WK197811,Wijk11-Molenaarsgraaf,2022,4.120811398919506,0.018546547775821313,5.429895877034067e-4,0.0927669064037684,0.06132838080589032,-0.17828255911776666,0.04219083009622555
WK197812,Wijk12-Nieuw-Lekkerland,2002,3.928564794584582,-0.17370005655910362,NA,NA,NA,NA,NA
WK197812,Wijk12-Nieuw-Lekkerland,2008,3.9454247774757008,-0.15684007366798441,NA,NA,NA,NA,NA
WK197812,Wijk12-Nieuw-Lekkerland,2012,3.962232666237367,-0.14003218490631825,NA,NA,NA,NA,NA
WK197812,Wijk12-Nieuw-Lekkerland,2014,3.996848460550557,-0.1054163905931281,-0.008671195787667094,0.04934174414857766,0.014337765289971471,-0.1411666043896077,-0.019258099854402636
WK197812,Wijk12-Nieuw-Lekkerland,2016,4.025702436693035,-0.07656241445065019,NA,NA,NA,NA,NA
WK197812,Wijk12-Nieuw-Lekkerland,2018,4.022619634790997,-0.07964521635268772,-0.009889759573654656,0.0709799556593055,0.011330523135507465,-0.14293070390460694,-0.009135231669239375
WK197812,Wijk12-Nieuw-Lekkerland,2020,4.026481963960134,-0.07578288718355079,-0.008929926926873947,0.07476013145707298,0.008767652055167722,-0.1361735865950988,-0.014207157173819034
WK197812,Wijk12-Nieuw-Lekkerland,2022,4.001946480402559,-0.10031837074112608,-0.01614656438317568,0.06163593420336672,0.010055232468512358,-0.15488968944861764,-9.73283581212098e-4
WK197813,Wijk13-Nieuwpoort,2002,4.174489672176017,0.07222482103233226,NA,NA,NA,NA,NA
WK197813,Wijk13-Nieuwpoort,2008,4.163297747962278,0.06103289681859248,NA,NA,NA,NA,NA
WK197813,Wijk13-Nieuwpoort,2012,4.1717014984609415,0.0694366473172566,NA,NA,NA,NA,NA
WK197813,Wijk13-Nieuwpoort,2014,4.1261917001229715,0.02392684897928679,0.0017766008091022558,0.06406523108618035,0.041765492638266864,-0.11723990076182583,0.03355942520756286
WK197813,Wijk13-Nieuwpoort,2016,4.181187558542905,0.07892270739921955,NA,NA,NA,NA,NA
WK197813,Wijk13-Nieuwpoort,2018,4.117689048845352,0.01542419770166684,0.0076082974750345525,0.047927124458759796,0.03989099685101226,-0.11365251923885203,0.03365029815571194
WK197813,Wijk13-Nieuwpoort,2020,4.15999288400299,0.057728032859304314,0.011872420279038322,0.08083900464621199,0.039750690271609095,-0.10966324229402948,0.03492915995647405
WK197813,Wijk13-Nieuwpoort,2022,4.161402032003433,0.05913718085974723,0.004667690084825817,0.10311431517458157,0.029050936850266905,-0.11337259530163094,0.035676834051703486
WK197814,Wijk14-Noordeloos,2002,4.196765147043138,0.0945002958994522,NA,NA,NA,NA,NA
WK197814,Wijk14-Noordeloos,2008,4.1704155631891515,0.06815071204546674,NA,NA,NA,NA,NA
WK197814,Wijk14-Noordeloos,2012,4.169942457522324,0.06767760637863839,NA,NA,NA,NA,NA
WK197814,Wijk14-Noordeloos,2014,4.198790639621707,0.09652578847802229,0.004301319017459462,0.11756464606468517,0.08598263115362412,-0.1565037451469784,0.04518093738923163
WK197814,Wijk14-Noordeloos,2016,4.230679548029576,0.1284146968858907,NA,NA,NA,NA,NA
WK197814,Wijk14-Noordeloos,2018,4.198260631048451,0.0959957799047662,0.0037131231092162025,0.11240508258430551,0.07671464496971592,-0.1459118320859183,0.049074761327446585
WK197814,Wijk14-Noordeloos,2020,4.192519059566509,0.09025420842282353,-4.335729867837194e-4,0.10786143424624979,0.0694473022012146,-0.13706203608986786,0.05044108105201049
WK197814,Wijk14-Noordeloos,2022,4.172363403158545,0.07009855201485948,0.0065686888104316875,0.1033904456351829,0.06079157273998608,-0.15541017420631145,0.05475801903556999
WK197815,Wijk15-Ottoland,2002,4.15742147769455,0.055156626550864674,NA,NA,NA,NA,NA
WK197815,Wijk15-Ottoland,2008,4.172363477970376,0.07009862682669012,NA,NA,NA,NA,NA
WK197815,Wijk15-Ottoland,2012,4.1606117552689446,0.058346904125259495,NA,NA,NA,NA,NA
WK197815,Wijk15-Ottoland,2014,4.171431533486226,0.06916668234254088,0.015335972815857414,0.10746493262017603,0.1031110704663805,-0.20688347438870294,0.05013818082882955
WK197815,Wijk15-Ottoland,2016,4.19302313233887,0.09075828119518434,NA,NA,NA,NA,NA
WK197815,Wijk15-Ottoland,2018,4.1657405627615836,0.06347571161789888,0.016170865048977735,0.10806256052293445,0.0877368002375576,-0.19944148572855194,0.050946971536980766
WK197815,Wijk15-Ottoland,2020,4.157132537219737,0.05486768607605139,0.006591206953815616,0.11607811602328154,0.0742391892489232,-0.19246869614676226,0.05042786999679302
WK197815,Wijk15-Ottoland,2022,4.172161275775977,0.06989642463229179,0.016057727168489272,0.11744178607407518,0.07628555926842408,-0.20193874287586067,0.062050094997163706
WK197816,Wijk16-Oud-Alblas,2002,4.092362139692758,-0.009902711450926608,NA,NA,NA,NA,NA
WK197816,Wijk16-Oud-Alblas,2008,4.0814323733109585,-0.020832477832726404,NA,NA,NA,NA,NA
WK197816,Wijk16-Oud-Alblas,2012,4.070299568438596,-0.03196528270508888,NA,NA,NA,NA,NA
WK197816,Wijk16-Oud-Alblas,2014,4.125481554072989,0.023216702929304413,-0.03867686411279769,0.08889920622044549,0.057844772781951166,-0.1179328474872435,0.03308243552694862
WK197816,Wijk16-Oud-Alblas,2016,4.147341400044191,0.04507654890050545,NA,NA,NA,NA,NA
WK197816,Wijk16-Oud-Alblas,2018,4.132477974461214,0.03021312331752873,-0.03301021564202861,0.08785832061609673,0.052638527075047466,-0.11026137156920714,0.032987862837619945
WK197816,Wijk16-Oud-Alblas,2020,4.152528116447449,0.05026326530376436,-0.029937256257552263,0.09523278065086313,0.046316325181649215,-0.09576448852279777,0.034415904251601744
WK197816,Wijk16-Oud-Alblas,2022,4.1533009887560945,0.05103613761240918,-0.020861550355041388,0.0842485852129798,0.048478715834945625,-0.09799065981299238,0.03716104673251724
WK197817,Wijk17-Schelluinen,2002,4.112678768121181,0.010413916977495644,NA,NA,NA,NA,NA
WK197817,Wijk17-Schelluinen,2008,4.1336548066793695,0.031389955535684265,NA,NA,NA,NA,NA
WK197817,Wijk17-Schelluinen,2012,4.154934408672113,0.05266955752842826,NA,NA,NA,NA,NA
WK197817,Wijk17-Schelluinen,2014,4.14345370703888,0.04118885589519546,-0.03737963840257147,0.07781396339269818,0.08204437359390528,-0.09677300622708591,0.01548316353824908
WK197817,Wijk17-Schelluinen,2016,4.183715911598141,0.081451060454456,NA,NA,NA,NA,NA
WK197817,Wijk17-Schelluinen,2018,4.174703767442496,0.07243891629881062,-0.034270230878533314,0.08777429547364354,0.07698640804371584,-0.07375603273189897,0.015704476391883288
WK197817,Wijk17-Schelluinen,2020,4.191129959036415,0.08886510789272911,-0.03096915774932628,0.10210029987811438,0.0698447207204478,-0.06596736402529406,0.013856609068787005
WK197817,Wijk17-Schelluinen,2022,4.142103809089771,0.039838957946085836,-0.035021894669754805,0.0841220175173647,0.0609319074877919,-0.09528340442623832,0.025090332036922073
WK197818,Wijk18-Streefkerk,2002,4.041493405789332,-0.060771445354353165,NA,NA,NA,NA,NA
WK197818,Wijk18-Streefkerk,2008,4.065229005914221,-0.03703584522946467,NA,NA,NA,NA,NA
WK197818,Wijk18-Streefkerk,2012,4.047163154790945,-0.05510169635274043,NA,NA,NA,NA,NA
WK197818,Wijk18-Streefkerk,2014,4.083077995225276,-0.019186855918409518,0.012036813121770398,0.08293123434774449,0.05222556394436655,-0.19711176563172897,0.03073129829943779
WK197818,Wijk18-Streefkerk,2016,4.096748582462424,-0.005516268681261533,NA,NA,NA,NA,NA
WK197818,Wijk18-Streefkerk,2018,4.076716060344649,-0.02554879079903602,0.006804794579143952,0.08098436727073315,0.052971961611595064,-0.19476961806498563,0.02845970380447716
WK197818,Wijk18-Streefkerk,2020,4.0925359513264175,-0.009728899817267664,0.013385425119262231,0.08149791841902237,0.04649188773302795,-0.18179271694615823,0.03068858585757773
WK197818,Wijk18-Streefkerk,2022,4.05720858267156,-0.045056268472125384,0.008943045159282058,0.07230027656242094,0.03463741150413594,-0.19575150965195087,0.03481450795398626
WK197819,Wijk19-Waal,2002,4.127969608511039,0.02570475736735435,NA,NA,NA,NA,NA
WK197819,Wijk19-Waal,2008,4.260738153734308,0.15847330259062295,NA,NA,NA,NA,NA
WK197819,Wijk19-Waal,2012,4.257311961494494,0.15504711035080873,NA,NA,NA,NA,NA
WK197819,Wijk19-Waal,2014,4.323443136275793,0.22117828513210705,0.038561445602214625,0.08584693233875111,0.16753349815492388,-0.19938110128864628,0.1286175103248637
WK197819,Wijk19-Waal,2016,4.344149918127032,0.24188506698334633,NA,NA,NA,NA,NA
WK197819,Wijk19-Waal,2018,4.364662505818122,0.2623976546744373,0.04766893049955942,0.12396812801010565,0.16461049400713737,-0.19949438869338426,0.12564449085101911
WK197819,Wijk19-Waal,2020,4.303261480742722,0.2009966295990364,0.05381482667763762,0.09585991140797763,0.13103378097507773,-0.1950925199317706,0.11538063047011389
WK197819,Wijk19-Waal,2022,4.307554344831266,0.20528949368758165,0.04955668830207012,0.11871710879857639,0.12603869454941127,-0.2003698616239008,0.11134686366142406
WK197820,Wijk20-Wijngaarden,2002,4.163783010846165,0.061518159702480466,NA,NA,NA,NA,NA
WK197820,Wijk20-Wijngaarden,2008,4.152803494593928,0.050538643450242816,NA,NA,NA,NA,NA
WK197820,Wijk20-Wijngaarden,2012,4.153065793896225,0.05080094275253984,NA,NA,NA,NA,NA
WK197820,Wijk20-Wijngaarden,2014,4.1746358361956135,0.07237098505192907,-0.024463532942151575,0.1131263053815247,0.0793253731547618,-0.1464211244169842,0.05080396387477811
WK197820,Wijk20-Wijngaarden,2016,4.1791047419215595,0.07683989077787437,NA,NA,NA,NA,NA
WK197820,Wijk20-Wijngaarden,2018,4.191924224160302,0.08965937301661664,-0.016567675953751075,0.10869144076787887,0.0870487389196852,-0.14048663371770817,0.05097350300051157
WK197820,Wijk20-Wijngaarden,2020,4.167645197221272,0.0653803460775868,-0.028165030465989376,0.10907355107461077,0.0663785065284082,-0.1338206706344075,0.05191398957496451
WK197820,Wijk20-Wijngaarden,2022,4.165123053479053,0.06285820233536765,-0.028532112787007687,0.11375799802187567,0.06727661846349207,-0.14496259734479436,0.05531829598180167
WK197901,Delfzijl-Centrum,2002,4.031762997057939,-0.07050185408574654,NA,NA,NA,NA,NA
WK197901,Delfzijl-Centrum,2008,4.003142867922951,-0.09912198322073405,NA,NA,NA,NA,NA
WK197901,Delfzijl-Centrum,2012,4.007714653884721,-0.0945501972589642,NA,NA,NA,NA,NA
WK197901,Delfzijl-Centrum,2014,4.003098691711732,-0.0991661594319534,0.0912831594565263,-0.08199653098221975,0.002119763345413998,-0.07637926503136443,-0.03419328622030973
WK197901,Delfzijl-Centrum,2016,3.963605046656294,-0.13865980448739107,NA,NA,NA,NA,NA
WK197901,Delfzijl-Centrum,2018,3.946649911743509,-0.15561493940017654,0.09296206154836009,-0.11825341961888404,-0.008705266188794088,-0.07239775925785123,-0.04922055588300753
WK197901,Delfzijl-Centrum,2020,3.9332408902265863,-0.16902396091709881,0.09050559882967181,-0.16127152827420818,-0.014273453161753543,-0.041617253153824633,-0.04236732515698458
WK197901,Delfzijl-Centrum,2022,4.004131339410559,-0.09813351173312543,0.0923096226619168,-0.10818029982879913,-0.016597425448363578,-0.043123853719609265,-0.022541555398270564
WK197902,West,2002,4.115665144128734,0.013400292985048901,NA,NA,NA,NA,NA
WK197902,West,2008,4.1302857806743365,0.028020929530651197,NA,NA,NA,NA,NA
WK197902,West,2012,4.117189223154236,0.014924372010551,NA,NA,NA,NA,NA
WK197902,West,2014,4.116587029923406,0.014322178779720906,0.02989724269558388,0.05055106540918131,0.04107981189077293,-0.1088591108223907,0.0016531696065732314
WK197902,West,2016,4.1365267017277825,0.03426185058409714,NA,NA,NA,NA,NA
WK197902,West,2018,4.100517408527854,-0.001747442615830565,0.027334813918249656,0.049582513611306694,0.03196427620337499,-0.10596272199067253,-0.0046663243580896425
WK197902,West,2020,4.085073748554125,-0.017191102589560497,0.019753853827065855,0.050490003761647036,0.028357656913691638,-0.10724684441105066,-0.008545772680914672
WK197902,West,2022,4.100406334308507,-0.0018585168351789984,0.02139850710562119,0.05345705914080937,0.026907005544640122,-0.11105975772520642,0.007438669098956502
WK197903,Farmsum,2002,4.110723924073822,0.00845907293013674,NA,NA,NA,NA,NA
WK197903,Farmsum,2008,4.094056562557235,-0.008208288586449845,NA,NA,NA,NA,NA
WK197903,Farmsum,2012,4.156327048600885,0.054062197457199694,NA,NA,NA,NA,NA
WK197903,Farmsum,2014,4.108119239216259,0.005854388072573622,0.031512097068286934,0.04295565546803106,0.04132714864058394,-0.13475031207574897,0.024809798971420372
WK197903,Farmsum,2016,4.145242708113517,0.042977856969831515,NA,NA,NA,NA,NA
WK197903,Farmsum,2018,4.077512510262466,-0.024752340881220008,0.02501436338465843,0.01609130753694227,0.03568747132720041,-0.12934079512011404,0.027795311990092556
WK197903,Farmsum,2020,4.06195296091677,-0.04031189022691551,0.01774481037625574,0.012906697793731738,0.026903416246871162,-0.11862601273041619,0.020759198086641766
WK197903,Farmsum,2022,4.031377796983428,-0.07088705416025766,0.015449406828443837,0.003061357240538926,0.027174237661320825,-0.12490288340552934,0.008330827514967835
WK197904,Tuikwerd,2002,3.9125948476217776,-0.18967000352190788,NA,NA,NA,NA,NA
WK197904,Tuikwerd,2008,3.894507328528394,-0.20775752261529135,NA,NA,NA,NA,NA
WK197904,Tuikwerd,2012,3.903590037530421,-0.19867481361326433,NA,NA,NA,NA,NA
WK197904,Tuikwerd,2014,3.918682935144405,-0.18358191599928003,0.052970879313590874,-0.05551926758468531,0.011920766536254283,-0.18067632877353615,-0.012277965490903982
WK197904,Tuikwerd,2016,3.9395363105274743,-0.16272854061621123,NA,NA,NA,NA,NA
WK197904,Tuikwerd,2018,3.9012228466621144,-0.2010420044815707,0.05076569469848456,-0.06910989922780723,0.003960677380777681,-0.17898045313312028,-0.007678024199905693
WK197904,Tuikwerd,2020,3.893915018055475,-0.20834983308820984,0.042795720793842945,-0.06732678758355076,0.0038187358947944297,-0.1780333504216604,-0.009604151771636345
WK197904,Tuikwerd,2022,3.850057953451773,-0.2522068976919116,0.040173285728289806,-0.10404529298913603,-0.004755135215228051,-0.18915799328108088,0.0055782380652432
WK197905,Fivelzigt,2002,4.199540267846094,0.097275416702408593,NA,NA,NA,NA,NA
WK197905,Fivelzigt,2008,4.148736409579984,0.046471558436299146,NA,NA,NA,NA,NA
WK197905,Fivelzigt,2012,4.155291193673647,0.05302634252996214,NA,NA,NA,NA,NA
WK197905,Fivelzigt,2014,4.1673286607548965,0.06506380961121187,0.04911094393685833,0.07130832682729704,0.05526670040458592,-0.14310814197081204,0.03248598041328237
WK197905,Fivelzigt,2016,4.166805984058385,0.06454113291470016,NA,NA,NA,NA,NA
WK197905,Fivelzigt,2018,4.154854536437372,0.052589685293687044,0.04435969722780094,0.07480895985211262,0.05425719080087153,-0.1409545050970876,0.02011834250998927
WK197905,Fivelzigt,2020,4.135852537386091,0.0335876862424059,0.039237475032441294,0.05299370350480628,0.05184473244145236,-0.14394094779994707,0.03345272306365271
WK197905,Fivelzigt,2022,4.076298697745074,-0.02596615339861101,0.045524221106062905,0.009876753961442023,0.038586245180151336,-0.1490619241407277,0.02910855049446012
WK197906,Noord,2002,3.896769497378649,-0.20549535376503636,NA,NA,NA,NA,NA
WK197906,Noord,2008,3.899971099362125,-0.20229375178156034,NA,NA,NA,NA,NA
WK197906,Noord,2012,3.948514695815113,-0.15375015532857206,NA,NA,NA,NA,NA
WK197906,Noord,2014,3.9721570972848217,-0.13010775385886372,0.06930916957417631,-0.030196027758496613,-0.01303381041586801,-0.1437759012579243,-0.012411184000751347
WK197906,Noord,2016,3.9682827428970686,-0.13398210824661677,NA,NA,NA,NA,NA
WK197906,Noord,2018,3.922561538917262,-0.17970331222642366,0.0648953538549333,-0.07345296139369159,-0.00893132048410238,-0.1426962657563811,-0.019518118447182126
WK197906,Noord,2020,3.9158304717217356,-0.1864343794219496,0.060975085122445156,-0.09288634829613172,-0.010567246830505583,-0.13615564042013664,-0.007800228997621096
WK197906,Noord,2022,3.8942674695729966,-0.2079973815706883,0.06678405191176268,-0.10502071541198336,-0.01637385433143132,-0.14356753282487975,-0.009819330914156852
WK197907,Buitengebied Noord-Bierum,2002,4.112667047123637,0.010402195979951432,NA,NA,NA,NA,NA
WK197907,Buitengebied Noord-Bierum,2008,4.109039341336845,0.006774490193160078,NA,NA,NA,NA,NA
WK197907,Buitengebied Noord-Bierum,2012,4.126488082282467,0.024223231138782293,NA,NA,NA,NA,NA
WK197907,Buitengebied Noord-Bierum,2014,4.1406614844013845,0.03839663325769946,0.025338735311249284,0.08327984679397259,0.07723578888888834,-0.23624366626793916,0.08878592853152813
WK197907,Buitengebied Noord-Bierum,2016,4.124524336014014,0.02225948487032901,NA,NA,NA,NA,NA
WK197907,Buitengebied Noord-Bierum,2018,4.128063488126188,0.025798636982503217,0.026516688706854225,0.0711858847173965,0.07434931660688875,-0.2359063260876222,0.08965307303898565
WK197907,Buitengebied Noord-Bierum,2020,4.115709603590341,0.01344475244665551,0.00853070500716189,0.08266959116265699,0.0650321575104875,-0.22899547381855673,0.08620777258490556
WK197907,Buitengebied Noord-Bierum,2022,4.081020314357155,-0.021244536786530405,-0.016095557374111096,0.07813167578072529,0.06546641180920007,-0.2386281491136751,0.08988108211133017
WK197908,Oosterhorn,2002,3.7386866489720014,-0.36357820217168374,NA,NA,NA,NA,NA
WK197908,Oosterhorn,2008,3.7664837380743634,-0.33578111306932157,NA,NA,NA,NA,NA
WK197908,Oosterhorn,2012,3.7723099817499364,-0.3299548693937491,NA,NA,NA,NA,NA
WK197908,Oosterhorn,2014,4.007471402797217,-0.09479344834646852,-0.3097769141532976,0.13017415575317853,0.07878469469128979,-0.10943644605164,0.11546106141400046
WK197908,Oosterhorn,2016,3.7904539616610724,-0.31181088948261254,NA,NA,NA,NA,NA
WK197908,Oosterhorn,2018,3.6072337455490504,-0.495031105594635,-0.42762220080852664,-0.043175856274761615,0.016763656387595915,-0.12015347164410776,0.07915676674516481
WK197908,Oosterhorn,2020,3.8169930257429243,-0.2852718254007606,-0.4409023378334653,0.11735048311889189,0.035682863107718975,-0.07827791802791713,0.08087508423401078
WK197908,Oosterhorn,2022,3.6979662465063554,-0.40429860463733025,-0.5550198398089438,0.11396177945480647,0.03690226524710455,-0.08958730070340719,0.08944449117310932
WK197909,Buitengebied Zuid-Termunten,2002,4.124603461941246,0.02233861079756031,NA,NA,NA,NA,NA
WK197909,Buitengebied Zuid-Termunten,2008,4.121534481186714,0.01926963004302892,NA,NA,NA,NA,NA
WK197909,Buitengebied Zuid-Termunten,2012,4.12563526397327,0.023370412829584658,NA,NA,NA,NA,NA
WK197909,Buitengebied Zuid-Termunten,2014,4.158824383842809,0.056559532699124275,0.04507033725235286,0.08071200645479323,0.078747524225573,-0.20986701735903907,0.061896682125444
WK197909,Buitengebied Zuid-Termunten,2016,4.133671067251119,0.03140621610743374,NA,NA,NA,NA,NA
WK197909,Buitengebied Zuid-Termunten,2018,4.166118056282056,0.06385320513837184,0.04626117217352818,0.08119840964484387,0.0774237890764325,-0.20778237750646422,0.06675221175003124
WK197909,Buitengebied Zuid-Termunten,2020,4.134757865815064,0.03249301467137784,0.03141669749343785,0.08073570731077477,0.05652369722251555,-0.20544919905370582,0.06926611169835523
WK197909,Buitengebied Zuid-Termunten,2022,4.128081130833724,0.025816279690039287,0.03264975636353038,0.07910939268438226,0.05710507487562398,-0.20962355681481656,0.06657561258131893
WK197910,Tussengebied,2002,4.129361149933222,0.027096298789536455,NA,NA,NA,NA,NA
WK197910,Tussengebied,2008,4.131367690043328,0.029102838899643046,NA,NA,NA,NA,NA
WK197910,Tussengebied,2012,4.238235589847901,0.1359707387042155,NA,NA,NA,NA,NA
WK197910,Tussengebied,2014,4.252859703119623,0.1505948519759377,0.09993579610329512,0.027422066234206056,0.07817523477956168,-0.11432646105052757,0.05938821590940213
WK197910,Tussengebied,2016,4.183024530015032,0.08075967887134716,NA,NA,NA,NA,NA
WK197910,Tussengebied,2018,4.227932119185211,0.12566726804152584,0.09511688348383524,-0.0014072880770727436,0.08655156546592052,-0.11524655831386788,0.06065266548271042
WK197910,Tussengebied,2020,4.143377895929002,0.041113044785316966,0.0962777876173706,-0.05956386620263959,0.06934278587525428,-0.11484962842571456,0.04990596592104568
WK197910,Tussengebied,2022,4.30404252099894,0.2017776698552547,0.1061279374239873,0.0910498271044616,0.07397764537005336,-0.11811551476230309,0.04873777471905544
WK197911,Appingedam-Centrum,2002,4.100186085671023,-0.0020787654726624055,NA,NA,NA,NA,NA
WK197911,Appingedam-Centrum,2008,4.070165407303918,-0.032099443839767205,NA,NA,NA,NA,NA
WK197911,Appingedam-Centrum,2012,4.104786990026975,0.0025221388832891135,NA,NA,NA,NA,NA
WK197911,Appingedam-Centrum,2014,4.138369591272406,0.03610474012872045,0.033262860939659175,0.03190247471016503,0.012314905038910988,-0.07294283955740406,0.03156733899738908
WK197911,Appingedam-Centrum,2016,4.113963726226336,0.011698875082650483,NA,NA,NA,NA,NA
WK197911,Appingedam-Centrum,2018,4.098791018102071,-0.003473833041614489,0.01934651987220648,0.010738425048098353,0.007367972240782888,-0.07456146596923507,0.03363471576653258
WK197911,Appingedam-Centrum,2020,4.1216425789504925,0.019377727806807087,0.02219757540731789,0.01610015805926505,0.017400441916227208,-0.06660416224607973,0.030283714670076428
WK197911,Appingedam-Centrum,2022,4.114926513429288,0.012661662285602445,0.018839062148036035,0.022415448361054417,0.006912696781597181,-0.07125256191963382,0.035747016914548325
WK197912,Appingedam-Oost,2002,4.002625873352865,-0.09963897779082069,NA,NA,NA,NA,NA
WK197912,Appingedam-Oost,2008,3.996590007632181,-0.105674843511504,NA,NA,NA,NA,NA
WK197912,Appingedam-Oost,2012,4.035861592027544,-0.06640325911614126,NA,NA,NA,NA,NA
WK197912,Appingedam-Oost,2014,4.028828572843642,-0.07343627830004325,0.02762145094632568,0.014486503232312,-0.006959047267817458,-0.1134493839493153,0.004864198738451562
WK197912,Appingedam-Oost,2016,4.022423870209746,-0.07984098093393874,NA,NA,NA,NA,NA
WK197912,Appingedam-Oost,2018,3.9997974132398424,-0.10246743790384277,0.02240996183611097,6.359074450359773e-4,-0.00713426503354506,-0.11338372381807461,-0.004995318333370328
WK197912,Appingedam-Oost,2020,4.0062863632053425,-0.09597848793834257,0.02063737085299412,-0.005513640735707026,-0.0010353103390592967,-0.10726324592403338,-0.0028036617925372475
WK197912,Appingedam-Oost,2022,4.033771768065222,-0.0684930830784629,0.01992236016702534,0.0254014080892592,-0.008613318509687416,-0.11085522695003344,0.005651694124973158
WK197913,Appingedam-West,2002,4.1060397155768005,0.003774864433115644,NA,NA,NA,NA,NA
WK197913,Appingedam-West,2008,4.109045868280532,0.006781017136846776,NA,NA,NA,NA,NA
WK197913,Appingedam-West,2012,4.130008450948614,0.027743599804928677,NA,NA,NA,NA,NA
WK197913,Appingedam-West,2014,4.126772385649886,0.024507534506201335,0.019724079866223217,0.06589875413468885,0.03815983857196762,-0.12465923904276714,0.025384100976088512
WK197913,Appingedam-West,2016,4.134076522792916,0.03181167164923054,NA,NA,NA,NA,NA
WK197913,Appingedam-West,2018,4.129034534695359,0.026769683551674237,0.017316303877928388,0.07061246008234358,0.037533787572512536,-0.126663651662902,0.02797078368179145
WK197913,Appingedam-West,2020,4.113955643938615,0.011690792794930094,0.009488517095412959,0.045164210681986956,0.041998611028108215,-0.120349255488694,0.03538870947811575
WK197913,Appingedam-West,2022,4.144600943039107,0.042336091895421576,9.763326149765631e-4,0.08936945834421589,0.034928673861322694,-0.12401728118908723,0.041078908263993366
WK197914,Buitengebied Noord-Appingedam,2002,4.192263754890184,0.08999890374649873,NA,NA,NA,NA,NA
WK197914,Buitengebied Noord-Appingedam,2008,4.22801848190392,0.12575363076023452,NA,NA,NA,NA,NA
WK197914,Buitengebied Noord-Appingedam,2012,4.226594154424669,0.12432930328098357,NA,NA,NA,NA,NA
WK197914,Buitengebied Noord-Appingedam,2014,4.217521759950427,0.11525690880674118,-0.013931968357454267,0.09184962983920733,0.08373414702186048,-0.19123091910100318,0.14483601940413046
WK197914,Buitengebied Noord-Appingedam,2016,4.244616073963384,0.14235122281969836,NA,NA,NA,NA,NA
WK197914,Buitengebied Noord-Appingedam,2018,4.235121839906541,0.1328569887628564,0.004164355322993502,0.09634525649917965,0.09160697164390863,-0.19479117622031858,0.1355315815170929
WK197914,Buitengebied Noord-Appingedam,2020,4.258504495807009,0.15623964466332396,-0.018050330273892027,0.08756137240579832,0.1605506004751359,-0.18935357995286844,0.11553158200914988
WK197914,Buitengebied Noord-Appingedam,2022,4.289594994253592,0.1873301431099067,-0.05636268627531273,0.12834774419862147,0.16035257343825635,-0.19292954790142802,0.14792205964976937
WK197915,Buitengebied Zuid-Appingedam,2002,4.203644311398084,0.10137946025439835,NA,NA,NA,NA,NA
WK197915,Buitengebied Zuid-Appingedam,2008,4.1700715627968385,0.06780671165315305,NA,NA,NA,NA,NA
WK197915,Buitengebied Zuid-Appingedam,2012,4.243359147939723,0.14109429679603766,NA,NA,NA,NA,NA
WK197915,Buitengebied Zuid-Appingedam,2014,4.259626303526698,0.15736145238301336,-0.060387365076136366,0.13074838608055142,0.1370317508616988,-0.203840011336323,0.15380869185322202
WK197915,Buitengebied Zuid-Appingedam,2016,4.142960665660151,0.04069581451646654,NA,NA,NA,NA,NA
WK197915,Buitengebied Zuid-Appingedam,2018,4.2189947959920495,0.11672994484836469,-0.037646703233760494,0.10756874585262911,0.10843114110040038,-0.2039961681453214,0.14237292927441658
WK197915,Buitengebied Zuid-Appingedam,2020,4.197940033147711,0.09567518200402629,-0.0762285119668304,0.09826341432243263,0.12632125187188722,-0.20075784311548928,0.14807687089202573
WK197915,Buitengebied Zuid-Appingedam,2022,4.1586132201140185,0.056348368970332935,-0.09938131334954999,0.10466953931179121,0.11252925420499613,-0.2028666431881594,0.14139753199125465
WK197916,Buitengebied Noord-Loppersum,2002,4.142084353354956,0.039819502211270806,NA,NA,NA,NA,NA
WK197916,Buitengebied Noord-Loppersum,2008,4.121124944861289,0.01886009371760336,NA,NA,NA,NA,NA
WK197916,Buitengebied Noord-Loppersum,2012,4.1466713646127795,0.04440651346909442,NA,NA,NA,NA,NA
WK197916,Buitengebied Noord-Loppersum,2014,4.157945078365908,0.05568022722222333,0.01622822536800027,0.09447794105912417,0.0640846650301211,-0.16809415635574435,0.04898355212072186
WK197916,Buitengebied Noord-Loppersum,2016,4.175342106201666,0.07307725505798031,NA,NA,NA,NA,NA
WK197916,Buitengebied Noord-Loppersum,2018,4.166722048019285,0.06445719687559916,0.022134322757924076,0.09721350641254305,0.06239512898750391,-0.1679988468951126,0.050713085612740426
WK197916,Buitengebied Noord-Loppersum,2020,4.153415997494098,0.051151146350412305,0.01405846044301856,0.0939447205518801,0.06858562340043921,-0.17357208764176754,0.0481344295968417
WK197916,Buitengebied Noord-Loppersum,2022,4.143554364043277,0.041289512899591714,0.00906444428263759,0.10193891895682772,0.05571861805763744,-0.17583894799561825,0.05040647959810697
WK197917,Buitengebied Noord-Stedum,2002,4.034106644471456,-0.06815820667222919,NA,NA,NA,NA,NA
WK197917,Buitengebied Noord-Stedum,2008,4.0149575867722485,-0.0873072643714371,NA,NA,NA,NA,NA
WK197917,Buitengebied Noord-Stedum,2012,4.0331153373721635,-0.0691495137715213,NA,NA,NA,NA,NA
WK197917,Buitengebied Noord-Stedum,2014,4.104495695094855,0.002230843951169137,4.597717378286312e-4,0.09225212757272254,0.0810481357779823,-0.24573802514575446,0.07420883400838983
WK197917,Buitengebied Noord-Stedum,2016,4.113133673418583,0.010868822274897163,NA,NA,NA,NA,NA
WK197917,Buitengebied Noord-Stedum,2018,4.125666055032288,0.023401203888603006,0.011832997642713332,0.10762164615876209,0.07436740636089302,-0.24523383513000005,0.07481298885623427
WK197917,Buitengebied Noord-Stedum,2020,4.122374155052914,0.020109303909229072,-0.00595094297038892,0.10641109318988971,0.08067402371025005,-0.24239746488325736,0.08137259486273532
WK197917,Buitengebied Noord-Stedum,2022,4.094102217942328,-0.008162633201358092,-0.03818053080125602,0.11405851383381863,0.07667850492358678,-0.2460154466180904,0.0852963254605827
WK197918,Buitengebied Noord-Middelstum,2002,4.042520648408097,-0.05974420273558802,NA,NA,NA,NA,NA
WK197918,Buitengebied Noord-Middelstum,2008,4.0350023357274525,-0.06726251541623292,NA,NA,NA,NA,NA
WK197918,Buitengebied Noord-Middelstum,2012,4.065470527551276,-0.03679432359240933,NA,NA,NA,NA,NA
WK197918,Buitengebied Noord-Middelstum,2014,4.104580649491747,0.002315798348062023,0.031411686089670175,0.07547042885092442,0.04859180127395574,-0.18584042666617961,0.032682308799691064
WK197918,Buitengebied Noord-Middelstum,2016,4.100551490628237,-0.0017133605154484326,NA,NA,NA,NA,NA
WK197918,Buitengebied Noord-Middelstum,2018,4.107049322854286,0.004784471710601003,0.03998306707314997,0.07272193811260172,0.05227810866483157,-0.1875008087754578,0.027302166635475272
WK197918,Buitengebied Noord-Middelstum,2020,4.11266783361907,0.010402982475384653,0.0285770555150636,0.06863200331623463,0.05422936702753852,-0.18541424953959065,0.044378806156138255
WK197918,Buitengebied Noord-Middelstum,2022,4.134207341275375,0.03194249013168967,0.01705718940496936,0.08332385508614264,0.046172833345000136,-0.1730013547759505,0.05838996707152775
WK197919,Buitengebied Noord-'t Zandt,2002,4.064780721277608,-0.0374841298660769,NA,NA,NA,NA,NA
WK197919,Buitengebied Noord-'t Zandt,2008,4.056816078915075,-0.04544877222860997,NA,NA,NA,NA,NA
WK197919,Buitengebied Noord-'t Zandt,2012,4.071855942936836,-0.03040890820684885,NA,NA,NA,NA,NA
WK197919,Buitengebied Noord-'t Zandt,2014,4.119608581443936,0.017343730300251096,0.005627808549610552,0.08901441348266778,0.09348751176693822,-0.2609091013703767,0.09012309787141097
WK197919,Buitengebied Noord-'t Zandt,2016,4.109761528168679,0.007496677024994486,NA,NA,NA,NA,NA
WK197919,Buitengebied Noord-'t Zandt,2018,4.109737846306287,0.007472995162601848,0.016385644395899072,0.08382499427400793,0.08567953844739766,-0.25813054539431385,0.07971336343961079
WK197919,Buitengebied Noord-'t Zandt,2020,4.105916097305446,0.0036512461617609114,0.0018730988554683918,0.09443668149835618,0.08178475907433143,-0.26002994174492616,0.08558664847853077
WK197919,Buitengebied Noord-'t Zandt,2022,4.07925248407807,-0.02301236706561443,-0.023904631196403937,0.09671995149951333,0.07146780392733937,-0.26333412323179567,0.09603863193573219
WK198001,Oudkarspel,2002,4.128970957669563,0.026706106525877144,NA,NA,NA,NA,NA
WK198001,Oudkarspel,2008,4.113240102934135,0.0109752517904504,NA,NA,NA,NA,NA
WK198001,Oudkarspel,2012,4.087251682208665,-0.015013168935020417,NA,NA,NA,NA,NA
WK198001,Oudkarspel,2014,4.124009440185603,0.021744589041917173,0.006320482103643601,0.04320354045685918,0.041758600249480554,-0.12063174530517502,0.05109371153710862
WK198001,Oudkarspel,2016,4.141358604671404,0.03909375352771923,NA,NA,NA,NA,NA
WK198001,Oudkarspel,2018,4.1317984341804115,0.029533583036726513,-0.009398511071841534,0.06620779239424368,0.0391948975719318,-0.11955016577251883,0.05307956991491111
WK198001,Oudkarspel,2020,4.128526020900622,0.02626116975693663,-0.008239947801831841,0.059407727525629825,0.039509594214697887,-0.117748794666349,0.05333259048478949
WK198001,Oudkarspel,2022,4.136808881620309,0.03454403047662296,-0.0028387831907102307,0.06698121493322039,0.037639889052213604,-0.11935078796414028,0.05211249764603926
WK198002,Noord-Scharwoude,2002,4.065180627083801,-0.037084224059884575,NA,NA,NA,NA,NA
WK198002,Noord-Scharwoude,2008,4.049410636600008,-0.05285421454367751,NA,NA,NA,NA,NA
WK198002,Noord-Scharwoude,2012,4.062821910098084,-0.03944294104560114,NA,NA,NA,NA,NA
WK198002,Noord-Scharwoude,2014,4.095713944262972,-0.006550906880713652,0.02157635467697069,0.02420285328935024,0.014536456205154105,-0.0829424008076629,0.01607582975547388
WK198002,Noord-Scharwoude,2016,4.100787113346262,-0.0014777377974235547,NA,NA,NA,NA,NA
WK198002,Noord-Scharwoude,2018,4.111060540268758,0.008795689125072713,0.00104468869290211,0.0415081947009832,0.014884770223729513,-0.08285072836566189,0.03420876387311955
WK198002,Noord-Scharwoude,2020,4.1008761482439064,-0.0013887028997786367,0.00606679768484577,0.03715412475696281,0.0123181519345864,-0.07782892350165807,0.02090114622548414
WK198002,Noord-Scharwoude,2022,4.109770334745067,0.0075054836013816574,0.006621905713486241,0.04291718630146984,0.00920110108004854,-0.08257593485769052,0.0313412253640673
WK198003,Zuid-Scharwoude,2002,4.109210651088042,0.006945799944357009,NA,NA,NA,NA,NA
WK198003,Zuid-Scharwoude,2008,4.118685396013665,0.016420544869979844,NA,NA,NA,NA,NA
WK198003,Zuid-Scharwoude,2012,4.133741817648005,0.03147696650431916,NA,NA,NA,NA,NA
WK198003,Zuid-Scharwoude,2014,4.174235799287966,0.07197094814428139,0.04329357736611499,0.0318347955175625,0.04150575892951029,-0.07619366250941129,0.031530478840504646
WK198003,Zuid-Scharwoude,2016,4.185418395276821,0.08315354413313641,NA,NA,NA,NA,NA
WK198003,Zuid-Scharwoude,2018,4.181758581638362,0.07949373049467724,0.025248802677280805,0.05465322681549305,0.04014162849721762,-0.07913376549091646,0.03858383799560196
WK198003,Zuid-Scharwoude,2020,4.1755192207361755,0.07325436959249057,0.02543925169708301,0.0525655742378501,0.03580377075498813,-0.07769846027708034,0.03714423317964934
WK198003,Zuid-Scharwoude,2022,4.179384775022999,0.0771199238793136,0.022087484294061953,0.06006452472117232,0.03594342478928067,-0.08266234620068184,0.04168683627548021
WK198004,Broek op Langedijk,2002,4.186671730448883,0.08440687930519776,NA,NA,NA,NA,NA
WK198004,Broek op Langedijk,2008,4.224751700577026,0.12248684943334022,NA,NA,NA,NA,NA
WK198004,Broek op Langedijk,2012,4.232235711330223,0.12997086018653797,NA,NA,NA,NA,NA
WK198004,Broek op Langedijk,2014,4.257913190010988,0.15564833886730198,0.03405692066174307,0.06153299634149661,0.04681765638460097,-0.031341896472465915,0.04458266195192697
WK198004,Broek op Langedijk,2016,4.238427188238206,0.13616233709452127,NA,NA,NA,NA,NA
WK198004,Broek op Langedijk,2018,4.221763085561774,0.1194982344180889,0.02094330503393474,0.05580519706172947,0.040690558891947316,-0.04240718788875413,0.044466361319231255
WK198004,Broek op Langedijk,2020,4.2461761090481165,0.1439112579044308,0.025799456246301276,0.06045027663061607,0.039882901946407395,-0.03125342090536774,0.049032043986473484
WK198004,Broek op Langedijk,2022,4.2392217581484815,0.13695690700479596,0.02636223858787702,0.06387813743347526,0.03827176149062543,-0.039422198592030194,0.04786696808484812
WK198005,Sint-Pancras,2002,4.1303368792420265,0.028072028098341507,NA,NA,NA,NA,NA
WK198005,Sint-Pancras,2008,4.098683632969058,-0.003581218174627897,NA,NA,NA,NA,NA
WK198005,Sint-Pancras,2012,4.11373286026762,0.011468009123934761,NA,NA,NA,NA,NA
WK198005,Sint-Pancras,2014,4.156851981799593,0.054587130655907604,-0.002783704571830125,0.03521760249729286,0.035107855164233474,-0.05056932838949093,0.037614705955702044
WK198005,Sint-Pancras,2016,4.174875927268266,0.07261107612458044,NA,NA,NA,NA,NA
WK198005,Sint-Pancras,2018,4.16997938966898,0.06771453852529552,-0.015960612794506293,0.061163325627071795,0.034247698544572255,-0.048353219547941285,0.03661734669609879
WK198005,Sint-Pancras,2020,4.1918056926091785,0.08954084146549351,-0.008249580947496098,0.061986964996513065,0.0334144342678912,-0.03670174753837983,0.0390907706869649
WK198005,Sint-Pancras,2022,4.188731087373447,0.0864662362297618,-0.009198466780358891,0.0714944661189143,0.03356627763387689,-0.04925106860402667,0.03985502786135594
WK198006,Koedijk,2002,4.214950833269315,0.11268598212562993,NA,NA,NA,NA,NA
WK198006,Koedijk,2008,4.164187607846839,0.06192275670315396,NA,NA,NA,NA,NA
WK198006,Koedijk,2012,4.176262292635562,0.07399744149187767,NA,NA,NA,NA,NA
WK198006,Koedijk,2014,4.2535928403879675,0.1513279892442829,-0.015156582246591202,0.08217550866526699,0.08693772910427318,-0.1298989492042247,0.12727028292555853
WK198006,Koedijk,2016,4.278794385692749,0.1765295345490642,NA,NA,NA,NA,NA
WK198006,Koedijk,2018,4.28987164010575,0.18760678896206465,-0.023493468349080504,0.10825802278218184,0.10194677533207623,-0.12603638331860403,0.12693184251549078
WK198006,Koedijk,2020,4.270670738071647,0.1684058869279625,-0.014083316656952463,0.09229468041797648,0.08444999887086928,-0.11832899714588417,0.12407352144195301
WK198006,Koedijk,2022,4.280765054543805,0.17850020340011935,-0.007106512792371177,0.13086664501484696,0.08106657421522247,-0.12499926344104156,0.09867276040346211
WK198010,Schrijverswijk,2002,3.963783852686457,-0.1384809984572285,NA,NA,NA,NA,NA
WK198010,Schrijverswijk,2008,3.989087669379504,-0.11317718176418155,NA,NA,NA,NA,NA
WK198010,Schrijverswijk,2012,4.00662955615565,-0.09563529498803548,NA,NA,NA,NA,NA
WK198010,Schrijverswijk,2014,4.052270920908775,-0.04999393023490952,0.020705984458396616,-0.040163296637568006,-0.010380548922275837,-0.003423357009948511,-0.01673271212351413
WK198010,Schrijverswijk,2016,4.081394852685734,-0.020869998457951525,NA,NA,NA,NA,NA
WK198010,Schrijverswijk,2018,4.087330421813808,-0.014934429329877425,0.007413438195198815,-0.0033523279233778143,-0.007014358552008053,-0.006549191659335796,-0.005431989390354889
WK198010,Schrijverswijk,2020,4.102226316152911,-3.853499077444008e-5,0.01240922600731932,-0.00274384063884366,-0.008774171879282497,0.008749796344205312,-0.009679544824173278
WK198010,Schrijverswijk,2022,4.110532919762147,0.008268068618462144,0.016292282915135126,1.6491267865859e-4,-0.00905036626763267,0.008787605951675827,-0.007926366659374932
WK198011,Schilderswijk,2002,3.9725128904498805,-0.1297519606938046,NA,NA,NA,NA,NA
WK198011,Schilderswijk,2008,3.971834946724096,-0.13042990441958938,NA,NA,NA,NA,NA
WK198011,Schilderswijk,2012,3.9810647562284665,-0.12120009491521849,NA,NA,NA,NA,NA
WK198011,Schilderswijk,2014,4.0117985578477535,-0.09046629329593163,9.073281695403213e-4,-0.009663263623590794,0.011774365770286647,-0.079051575498107,-0.014433148114061082
WK198011,Schilderswijk,2016,4.047693200977838,-0.05457165016584793,NA,NA,NA,NA,NA
WK198011,Schilderswijk,2018,4.063215202158112,-0.03904964898557342,1.661885298810588e-4,0.036807790320833256,0.01514149771916929,-0.07549679702832657,-0.015668328527130713
WK198011,Schilderswijk,2020,4.100808291862668,-0.0014565592810172328,0.007881719016486516,0.04648898165415487,0.014292234500695403,-0.06256678510718415,-0.007552709345170163
WK198011,Schilderswijk,2022,4.107707439416838,0.005442588273152491,0.010115659301561762,0.05230098156621992,0.0180147440849491,-0.06991067482501198,-0.005078121854566596
WK198012,Planetenwijk,2002,4.024284365337799,-0.07798048580588668,NA,NA,NA,NA,NA
WK198012,Planetenwijk,2008,4.049317631266916,-0.05294721987676907,NA,NA,NA,NA,NA
WK198012,Planetenwijk,2012,4.067434109165304,-0.0348307419783807,NA,NA,NA,NA,NA
WK198012,Planetenwijk,2014,4.0946506948325165,-0.007614156311168517,-0.0017790143812159932,-9.636416310869108e-4,0.02028698767363243,-0.021899888082239753,-0.003258599890258567
WK198012,Planetenwijk,2016,4.096770379908544,-0.005494471235141391,NA,NA,NA,NA,NA
WK198012,Planetenwijk,2018,4.096370135122878,-0.005894716020807671,-0.01572890809372235,0.02513523932170426,0.016979751030066322,-0.02481345323340594,-0.007467345045450226
WK198012,Planetenwijk,2020,4.129181449058967,0.02691659791528159,1.0872572111770435e-4,0.03056771803964979,0.01776448445432353,-0.010661889087139245,-0.010862441212670437
WK198012,Planetenwijk,2022,4.1652697048072325,0.06300485366354709,0.0029533501088183493,0.05348808493195645,0.02077604503068296,-0.009593421798337573,-0.004619204609573381
WK198013,Bomen- Recreatiewijk,2002,3.973950022096068,-0.12831482904761715,NA,NA,NA,NA,NA
WK198013,Bomen- Recreatiewijk,2008,3.990692047456503,-0.11157280368718257,NA,NA,NA,NA,NA
WK198013,Bomen- Recreatiewijk,2012,4.012815352926963,-0.08944949821672259,NA,NA,NA,NA,NA
WK198013,Bomen- Recreatiewijk,2014,4.075796721342654,-0.026468129801031998,0.035986700680106544,-0.021897124643596312,0.003455721294094634,-0.029118713161234957,-0.014894713970402169
WK198013,Bomen- Recreatiewijk,2016,4.088493642008451,-0.01377120913523464,NA,NA,NA,NA,NA
WK198013,Bomen- Recreatiewijk,2018,4.089909785177919,-0.01235506596576716,0.02286785462017591,0.002901663046646844,0.003951159410191513,-0.028289603607486734,-0.01378613943529493
WK198013,Bomen- Recreatiewijk,2020,4.138899035318887,0.03663418417520166,0.02685364841038783,0.023477443779239875,7.265927335700712e-4,-0.016654797916558457,0.0022312971685620503
WK198013,Bomen- Recreatiewijk,2022,4.151480553758861,0.049215702615176375,0.03016631535946058,0.033488402205389324,0.0035469836761990153,-0.020949639992514327,0.0029636413666414476
WK198014,Heemradenwijk,2002,4.015831688107526,-0.0864331630361599,NA,NA,NA,NA,NA
WK198014,Heemradenwijk,2008,4.006079098456305,-0.09618575268738087,NA,NA,NA,NA,NA
WK198014,Heemradenwijk,2012,4.025696322768509,-0.0765685283751759,NA,NA,NA,NA,NA
WK198014,Heemradenwijk,2014,4.079211380140683,-0.02305347100300248,0.023442785980669317,-0.020013890317908598,0.01478507175592874,-0.04356014908945102,0.0022927106677588316
WK198014,Heemradenwijk,2016,4.113275250072286,0.011010398928600834,NA,NA,NA,NA,NA
WK198014,Heemradenwijk,2018,4.094306229522359,-0.00795862162132634,0.013014216969268237,-7.330300424331935e-4,0.013689363558842997,-0.03897298935514792,0.0050438172481431795
WK198014,Heemradenwijk,2020,4.1402693923752185,0.03800454123153264,0.021566815387103935,0.017451770912593957,0.009879769608469941,-0.020425354037620868,0.009531539360985402
WK198014,Heemradenwijk,2022,4.142103670048251,0.03983881890456635,0.02422592734911016,0.028200335027510254,0.01172100950646853,-0.029002140085008545,0.004693687106485659
WK198015,Edelstenenwijk,2002,3.9846206292687416,-0.11764422187494382,NA,NA,NA,NA,NA
WK198015,Edelstenenwijk,2008,4.014279887468121,-0.08798496367556448,NA,NA,NA,NA,NA
WK198015,Edelstenenwijk,2012,4.0307905200253025,-0.07147433111838315,NA,NA,NA,NA,NA
WK198015,Edelstenenwijk,2014,4.074918130399041,-0.02734672074464409,0.013582423886989868,-0.024306000290315256,0.018750912540095692,-0.013045834818557906,-0.022328222062856742
WK198015,Edelstenenwijk,2016,4.090738822638109,-0.011526028505576186,NA,NA,NA,NA,NA
WK198015,Edelstenenwijk,2018,4.116261519717383,0.013996668573697933,-0.0015542659617927195,0.01759574839346346,0.014092840061975637,-0.015005224324489419,-0.0011324295954593376
WK198015,Edelstenenwijk,2020,4.153466346188996,0.051201495045310436,0.007658910295280689,0.03132770281708505,0.012273228431951111,-0.0036744305819720424,0.003616084082965384
WK198015,Edelstenenwijk,2022,4.094640513028491,-0.007624338115194709,0.007030727578145152,-0.0389943470615095,0.013803808227685475,-0.00838020367627903,0.018915676816762938
WK198016,Molenwijk,2002,3.9654524808464187,-0.13681237029726653,NA,NA,NA,NA,NA
WK198016,Molenwijk,2008,3.982733812722985,-0.11953103842070013,NA,NA,NA,NA,NA
WK198016,Molenwijk,2012,4.023559316179731,-0.07870553496395409,NA,NA,NA,NA,NA
WK198016,Molenwijk,2014,4.048733826423736,-0.05353102471994927,0.025386363051691074,-0.040417768016610636,-0.0014538916305062931,-0.004124270931930122,-0.032921457192593616
WK198016,Molenwijk,2016,4.072856184802624,-0.029408666341061176,NA,NA,NA,NA,NA
WK198016,Molenwijk,2018,4.092041028067031,-0.010223823076653815,0.006995644479062323,0.005317958840489866,-0.0049153661027882545,-0.00365259545631894,-0.01396946483709911
WK198016,Molenwijk,2020,4.122125033046126,0.019860181902441543,0.012326969400067573,0.024781609903997408,-0.005555126753423006,0.007653521739371927,-0.019346792387572573
WK198016,Molenwijk,2022,4.063393710995099,-0.038871140148586204,0.011743115753893444,-0.049982619719726215,-0.0036149670398951212,0.0015607718908832995,0.0014225589662581347
WK198017,Rivierenwijk,2002,3.8041095465764942,-0.2981553045671909,NA,NA,NA,NA,NA
WK198017,Rivierenwijk,2008,3.828532612329888,-0.2737322388137972,NA,NA,NA,NA,NA
WK198017,Rivierenwijk,2012,3.838758411628155,-0.26350643951553027,NA,NA,NA,NA,NA
WK198017,Rivierenwijk,2014,3.883545003290171,-0.2187198478535145,0.016268204692451414,-0.09934755063013828,-0.03455977332511323,-0.027295238164628536,-0.07378549042608612
WK198017,Rivierenwijk,2016,3.8764258123242112,-0.2258390388194738,NA,NA,NA,NA,NA
WK198017,Rivierenwijk,2018,3.9269089554139027,-0.17535589572978283,-0.0016367170500845513,-0.0491235444305151,-0.03754307683526718,-0.03588255530906216,-0.0511700021048541
WK198017,Rivierenwijk,2020,3.9412608662569055,-0.16100398488677975,0.0041751033689554455,-0.048862610889616374,-0.036461220591206975,-0.030801904130545756,-0.04905335264436637
WK198017,Rivierenwijk,2022,3.859113056699247,-0.24315179444443816,0.0055517175344607225,-0.1344132983967817,-0.033771395621445786,-0.03511511417784036,-0.04540370378283131
WK198018,Stadshart,2002,4.032049392217233,-0.070215458926453,NA,NA,NA,NA,NA
WK198018,Stadshart,2008,4.056055744241775,-0.04620910690191057,NA,NA,NA,NA,NA
WK198018,Stadshart,2012,4.092075787102396,-0.010189064041289693,NA,NA,NA,NA,NA
WK198018,Stadshart,2014,4.08766143615994,-0.01460341498374601,0.02244160663131192,-0.03325065369116987,-8.110242324243502e-4,0.015145670388738115,-0.018129014080202146
WK198018,Stadshart,2016,4.118205056720632,0.01594020557694726,NA,NA,NA,NA,NA
WK198018,Stadshart,2018,4.124144219729502,0.021879368585817602,0.009051476310281607,-0.003563914981510247,0.0015622262248100552,0.020450602272508812,-0.005621021240272868
WK198018,Stadshart,2020,4.1874525043520885,0.08518765320840309,0.023716573214164607,0.026327778105484718,0.0018835529623466218,0.03326735594132242,-7.607014915613614e-6
WK198018,Stadshart,2022,4.0841921520266435,-0.018072699117041704,0.022288365054480043,-0.04752795791939982,-5.842861203115753e-4,0.016748346657340783,-0.008997166789151438
WK198019,Broekhorn,2002,4.035273223647693,-0.06699162749599179,NA,NA,NA,NA,NA
WK198019,Broekhorn,2008,4.059564805146556,-0.042700045997129794,NA,NA,NA,NA,NA
WK198019,Broekhorn,2012,4.087382637318054,-0.014882213825631098,NA,NA,NA,NA,NA
WK198019,Broekhorn,2014,4.284097493653646,0.18183264250996045,-0.024168329976551425,0.02955854455397224,0.18355154248493577,-0.04820176883414735,0.04109265428175099
WK198019,Broekhorn,2016,4.381971149245976,0.2797062981022903,NA,NA,NA,NA,NA
WK198019,Broekhorn,2018,4.246331564407151,0.14406671326346554,0.026382120775378787,0.04190191585676189,0.07362515291721423,-0.02556341084918696,0.02772093456329727
WK198019,Broekhorn,2020,4.226252754203545,0.12398790305985899,0.0032606189464145763,0.05110031609899809,0.07475770753740063,-0.03093258944021878,0.025801849917264034
WK198019,Broekhorn,2022,4.21775662327067,0.11549177212698497,-0.011797821818746803,0.06772036264300728,0.09397479933224127,-0.05178399556925787,0.017378427539740858
WK198020,Bedrijventerrein Heerhugowaard,2002,4.417537611296388,0.31527276015270295,NA,NA,NA,NA,NA
WK198020,Bedrijventerrein Heerhugowaard,2008,4.46475543494149,0.36249058379780547,NA,NA,NA,NA,NA
WK198020,Bedrijventerrein Heerhugowaard,2012,4.293705382785211,0.19144053164152558,NA,NA,NA,NA,NA
WK198020,Bedrijventerrein Heerhugowaard,2014,4.064213962510124,-0.0380508886335609,-0.09987539963252175,-0.018533295338976578,0.1282141281983591,-0.0984542814390205,0.05059795957859867
WK198020,Bedrijventerrein Heerhugowaard,2016,4.156739055018224,0.05447420387453826,NA,NA,NA,NA,NA
WK198020,Bedrijventerrein Heerhugowaard,2018,4.051714895176303,-0.050549955967382064,-0.10761119475361099,0.006265605414261067,0.10171879137226598,-0.09094182029668463,0.040018662296386204
WK198020,Bedrijventerrein Heerhugowaard,2020,3.998091325692942,-0.10417352545074311,-0.08956358050654509,-0.026508652342308477,0.046646882740079054,-0.061591698419132354,0.02684352307716344
WK198020,Bedrijventerrein Heerhugowaard,2022,3.976333388055399,-0.1259314630882865,-0.10393620584911038,0.039204239484111475,0.06298608957944105,-0.07158678177825742,-0.05259880452447135
WK198021,Butterhuizen,2002,4.087301539893374,-0.014963311250311435,NA,NA,NA,NA,NA
WK198021,Butterhuizen,2008,4.02028735925939,-0.0819774918842947,NA,NA,NA,NA,NA
WK198021,Butterhuizen,2012,4.071307264667807,-0.030957586475878585,NA,NA,NA,NA,NA
WK198021,Butterhuizen,2014,4.062981389333304,-0.03928346181038163,-0.0062163364356078174,0.006343827269631254,0.012681942903636731,-0.06372094531055432,0.01162804976251231
WK198021,Butterhuizen,2016,4.037517910714979,-0.06474694042870555,NA,NA,NA,NA,NA
WK198021,Butterhuizen,2018,4.0698487423980145,-0.03241610874567034,-0.009998519259745103,0.02240150424735895,0.015395387709144514,-0.06789367609765364,0.007679194655224655
WK198021,Butterhuizen,2020,4.065691618842296,-0.036573232301388946,-0.00465701413343986,-0.0053787725655277,0.016629071736291197,-0.0569695052472515,0.013802987908538646
WK198021,Butterhuizen,2022,4.11592730751122,0.013662456367534801,-0.015364882838496232,0.05444133814492023,0.018717791090858065,-0.06024064323948066,0.016108853209733116
WK198022,Oostertocht,2002,4.054336706162415,-0.047928144981270335,NA,NA,NA,NA,NA
WK198022,Oostertocht,2008,4.0559369617898895,-0.046327889353796184,NA,NA,NA,NA,NA
WK198022,Oostertocht,2012,4.039481234934508,-0.06278361620917737,NA,NA,NA,NA,NA
WK198022,Oostertocht,2014,4.089689373328372,-0.01257547781531321,0.027311908756431004,0.03038329164230241,-0.003415070003717347,-0.05730724483569945,-0.009548363374630064
WK198022,Oostertocht,2016,4.068039370151037,-0.034225480992648896,NA,NA,NA,NA,NA
WK198022,Oostertocht,2018,4.050061505665415,-0.05220334547826999,0.014515694529770588,0.015189353048704553,-0.011587143637639798,-0.06934257213824475,-9.786772808608342e-4
WK198022,Oostertocht,2020,4.056678283796136,-0.045586567347549296,0.017989806458725856,0.02385157708019342,-0.013830440630263993,-0.06552415335270692,-0.008073356903497966
WK198022,Oostertocht,2022,4.077104374715194,-0.025160476428491185,0.013775412132614961,0.033074540561600696,-0.0063109429359573975,-0.07222266337038975,0.006523177183640054
WK198023,Zuidwijk,2002,4.044266018920297,-0.05799883222338871,NA,NA,NA,NA,NA
WK198023,Zuidwijk,2008,4.078923801678765,-0.02334104946491984,NA,NA,NA,NA,NA
WK198023,Zuidwijk,2012,4.114914240141124,0.012649388997438496,NA,NA,NA,NA,NA
WK198023,Zuidwijk,2014,4.094620172989336,-0.007644678154349994,0.03432548927856184,0.0062945694227892245,0.017705555470672048,-0.049078151789972616,-0.01689214053640078
WK198023,Zuidwijk,2016,4.06776331080193,-0.03450154034175514,NA,NA,NA,NA,NA
WK198023,Zuidwijk,2018,4.074283240376643,-0.027981610767042066,0.022686223183308662,0.024169065396159966,0.002740365885183219,-0.07042839715221628,-0.0071488680794779946
WK198023,Zuidwijk,2020,4.074898946486048,-0.02736590465763665,0.02646490953102416,0.021734492790328446,-2.8825846545724404e-4,-0.06946718860706261,-0.005809859906469655
WK198023,Zuidwijk,2022,4.086299516173385,-0.015965334970300196,0.018762178989951455,0.025666985637408785,0.0067075189513068414,-0.07265048917830938,0.005548470629341918
WK198024,Huygenhoek,2002,4.049767188032906,-0.05249766311077915,NA,NA,NA,NA,NA
WK198024,Huygenhoek,2008,4.073822044597697,-0.028442806545988415,NA,NA,NA,NA,NA
WK198024,Huygenhoek,2012,4.107632577342786,0.005367726199100228,NA,NA,NA,NA,NA
WK198024,Huygenhoek,2014,4.10712270219375,0.004857851050064266,0.026914427478900438,0.035435794248577776,0.0476864801539694,-0.07435072573779873,-0.030828125093584822
WK198024,Huygenhoek,2016,4.097363390876687,-0.004901460266998308,NA,NA,NA,NA,NA
WK198024,Huygenhoek,2018,4.0907783204746115,-0.011486530669074157,0.011859246754933118,0.03932406183174,0.034585602113364984,-0.08694041155737622,-0.01031502981173634
WK198024,Huygenhoek,2020,4.091882968041967,-0.010381883101718673,0.015371357391970554,0.03442957511184984,0.023203004942136052,-0.0791703170428665,-0.004215503504808873
WK198024,Huygenhoek,2022,4.111621772444133,0.00935692130044806,0.013580113269604765,0.042003810442184306,0.035529433081286116,-0.08634972814869941,0.004593292656072022
WK198025,Stad van de Zon,2002,3.9758546558910344,-0.12641019525265068,NA,NA,NA,NA,NA
WK198025,Stad van de Zon,2008,3.9503916451175205,-0.15187320602616444,NA,NA,NA,NA,NA
WK198025,Stad van de Zon,2012,4.056913736933279,-0.045351114210406725,NA,NA,NA,NA,NA
WK198025,Stad van de Zon,2014,4.024933818192993,-0.07733103295069249,1.3507669750462112e-4,0.011708924863987417,0.02149322571478889,-0.08505211553936755,-0.02561614468760615
WK198025,Stad van de Zon,2016,4.050654846062992,-0.051610005080693494,NA,NA,NA,NA,NA
WK198025,Stad van de Zon,2018,4.037265670420021,-0.06499918072366435,-0.003740880946030197,0.026604932364488645,0.010719228629066302,-0.09098835673078605,-0.007594104040403327
WK198025,Stad van de Zon,2020,4.022689920185927,-0.07957493095775758,-0.0038220501635063352,0.019211931020395565,-0.003858016843919109,-0.08281748416554575,-0.008289310805182224
WK198025,Stad van de Zon,2022,4.053126409568028,-0.04913844157565715,-0.022409544693334175,0.045140820721208084,0.006956658330112777,-0.08603155389423839,0.007205177960594215
WK198026,De Draai,2002,4.013045653410812,-0.0892191977328739,NA,NA,NA,NA,NA
WK198026,De Draai,2008,4.0354699911049225,-0.06679486003876269,NA,NA,NA,NA,NA
WK198026,De Draai,2012,3.9961856476490687,-0.10607920349461633,NA,NA,NA,NA,NA
WK198026,De Draai,2014,4.162271495354777,0.06000664421109232,0.0032889623241682867,0.054282459528724195,0.08745403096014645,-0.12067443444385807,0.03565562584191109
WK198026,De Draai,2016,4.148938536879252,0.046673685735567114,NA,NA,NA,NA,NA
WK198026,De Draai,2018,4.196457830123909,0.0941929789802236,0.010065541973073341,0.05961795418470116,0.10603068211528603,-0.10966351460995916,0.028142315317122007
WK198026,De Draai,2020,4.165708881063958,0.06344402992027338,0.0026971107694129318,0.06165178137720175,0.08405945805192838,-0.11154375069042706,0.026579430412157188
WK198026,De Draai,2022,4.170733871161408,0.06846902001772247,0.005427352223528024,0.06685617583806877,0.07994263480605733,-0.11106901081164205,0.027311867961710156
WK198027,De Noord,2002,4.096077372191158,-0.00618747895252679,NA,NA,NA,NA,NA
WK198027,De Noord,2008,4.070071767971575,-0.032193083172110545,NA,NA,NA,NA,NA
WK198027,De Noord,2012,4.132038725669193,0.029773874525507785,NA,NA,NA,NA,NA
WK198027,De Noord,2014,4.1172723296028195,0.01500747845913406,-0.021856785668916832,0.0677582521415337,0.08046793058489089,-0.15289468085081617,0.041532762252442165
WK198027,De Noord,2016,4.096819587153999,-0.0054452639896859275,NA,NA,NA,NA,NA
WK198027,De Noord,2018,4.11426543374343,0.012000582599745567,-0.027207949511648604,0.07337587394798419,0.07740944768616471,-0.1531365222698337,0.041559732747078644
WK198027,De Noord,2020,4.09774331163908,-0.004521539504605337,-0.02627594101865395,0.053325491887968146,0.07175722388151612,-0.14523581686131976,0.041907502605883794
WK198027,De Noord,2022,4.146277222895972,0.04401237175228742,-0.04099249177381845,0.104462253928851,0.07459446153925985,-0.14590470266416017,0.05185285072215492
WK198028,t Kruis,2002,4.143400351922662,0.04113550077897757,NA,NA,NA,NA,NA
WK198028,t Kruis,2008,4.140587810767785,0.038322959624100754,NA,NA,NA,NA,NA
WK198028,t Kruis,2012,4.164888806184363,0.06262395504067794,NA,NA,NA,NA,NA
WK198028,t Kruis,2014,4.202237885016733,0.09997303387304787,0.003823096387688501,0.03401702053531384,0.08248078462165993,-0.07181224889908885,0.05146438122747417
WK198028,t Kruis,2016,4.212136631135123,0.10987177999143775,NA,NA,NA,NA,NA
WK198028,t Kruis,2018,4.220399145022871,0.11813429387918588,-0.010480931246806371,0.06528905745295234,0.08229052234339808,-0.07770938162732419,0.05874502695696582
WK198028,t Kruis,2020,4.217247589181766,0.1149827380380802,-0.011165916226694467,0.06855349154647675,0.06833486680352187,-0.07065564914792045,0.059915945062696305
WK198028,t Kruis,2022,4.184962969641938,0.08269811849825277,-0.008431719301738803,0.03763757495439116,0.06928267079628297,-0.0734174979320824,0.05762708998139964
WK198201,Velp,2002,4.139217339178031,0.03695248803434588,NA,NA,NA,NA,NA
WK198201,Velp,2008,4.199623180417658,0.09735832927397214,NA,NA,NA,NA,NA
WK198201,Velp,2012,4.186274129860349,0.08400927871666389,NA,NA,NA,NA,NA
WK198201,Velp,2014,4.231349506983938,0.12908465584025286,-0.011047286221685805,0.0760255558016121,0.08408437361208361,-0.10861995005409449,0.08864196270233717
WK198201,Velp,2016,4.210017714624244,0.10775286348055907,NA,NA,NA,NA,NA
WK198201,Velp,2018,4.242547287370726,0.1402824362270412,-0.0017366278658570242,0.08208634844212799,0.08575999391266952,-0.10640409933143852,0.08057682106953896
WK198201,Velp,2020,4.239996472108946,0.13773162096526081,-0.0010274829476301737,0.08545370062196656,0.07998132178521744,-0.10448821228045826,0.07781229378616511
WK198201,Velp,2022,4.222399547310207,0.12013469616652181,-0.004234101749989275,0.09337720367757389,0.06574368471792244,-0.10811676825729558,0.07336467777830996
WK198202,Grave,2002,3.9896258716845434,-0.11263897945914196,NA,NA,NA,NA,NA
WK198202,Grave,2008,4.012413243098721,-0.089851608044964,NA,NA,NA,NA,NA
WK198202,Grave,2012,4.041995073011419,-0.06026977813226643,NA,NA,NA,NA,NA
WK198202,Grave,2014,4.039790845686227,-0.06247400545745877,5.478982607631617e-4,-3.331513828190042e-4,0.015958732921481363,-0.0860036304915886,0.007356145234704028
WK198202,Grave,2016,4.018253407692192,-0.08401144345149363,NA,NA,NA,NA,NA
WK198202,Grave,2018,4.07662988120568,-0.025634969938005396,0.003042347134161496,0.02518568971895064,0.011144138999818571,-0.0780305323215399,0.013023386530603582
WK198202,Grave,2020,4.10107009000849,-0.001194761135194837,0.008962540337492749,0.03591283486676407,0.013004521149348929,-0.06754004932371556,0.00846539183491467
WK198202,Grave,2022,4.1082462068748065,0.0059813557311206534,0.014860826219747008,0.04363456239121814,0.012538930071606403,-0.07774913756674641,0.012696174615295219
WK198203,Escharen,2002,4.189499458266154,0.08723460712246958,NA,NA,NA,NA,NA
WK198203,Escharen,2008,4.150733081268552,0.04846823012486666,NA,NA,NA,NA,NA
WK198203,Escharen,2012,4.136018695897321,0.03375384475363594,NA,NA,NA,NA,NA
WK198203,Escharen,2014,4.18335875872299,0.081093907579305,0.004902710191186747,0.06061482686889364,0.08450363643144528,-0.13035941849431087,0.06143215258208997
WK198203,Escharen,2016,4.1862951263390045,0.08403027519531883,NA,NA,NA,NA,NA
WK198203,Escharen,2018,4.21897901367025,0.11671416252656437,0.01165998154409607,0.0839941917312767,0.08151700540815453,-0.12486538120202155,0.06440836504505841
WK198203,Escharen,2020,4.217729033239081,0.11546418209539565,0.014961938944775823,0.08439398592552637,0.08173367546752665,-0.12052671126406653,0.054901293021633074
WK198203,Escharen,2022,4.220973242740404,0.11870839159671846,0.02019897987444877,0.0991632230976302,0.07304138018994165,-0.12524123400871293,0.05154604244341052
WK198204,Gassel,2002,4.118056571643897,0.015791720500211825,NA,NA,NA,NA,NA
WK198204,Gassel,2008,4.110604895176611,0.008340044032926148,NA,NA,NA,NA,NA
WK198204,Gassel,2012,4.148160200229604,0.04589534908591963,NA,NA,NA,NA,NA
WK198204,Gassel,2014,4.146319135293435,0.04405428414974984,-0.01807223363429517,0.07798924429795683,0.08140960353258679,-0.16270503118270005,0.0654327011362011
WK198204,Gassel,2016,4.100509985860517,-0.0017548652831679578,NA,NA,NA,NA,NA
WK198204,Gassel,2018,4.143809980054765,0.041545128911080205,-0.011593695804137442,0.08072510932844003,0.08180950085267816,-0.17575162868495278,0.06635584321905191
WK198204,Gassel,2020,4.153892940523422,0.05162808937973674,-0.008256192278210854,0.09257633935815618,0.08056736852976185,-0.17231348359650633,0.059054057366535705
WK198204,Gassel,2022,4.138552546870304,0.03628769572661922,-0.007454426267335785,0.09542848819017304,0.07620465629625921,-0.1797365734055317,0.05184555091305421
WK198205,Linden,2002,4.336866904950722,0.23460205380703658,NA,NA,NA,NA,NA
WK198205,Linden,2008,4.305192995408305,0.2029281442646198,NA,NA,NA,NA,NA
WK198205,Linden,2012,4.29340156672969,0.19113671558600465,NA,NA,NA,NA,NA
WK198205,Linden,2014,4.264173594888626,0.16190874374494074,0.033123861712123434,0.08075202729219608,0.10480372793714123,-0.15081772654239767,0.09404685334587726
WK198205,Linden,2016,4.219835756064545,0.11757090492086,NA,NA,NA,NA,NA
WK198205,Linden,2018,4.219413533308365,0.1171486821646796,0.04325441603344491,0.06359016155177641,0.09655163904631814,-0.17708550683164617,0.09083797236478602
WK198205,Linden,2020,4.227539326438474,0.12527447529478855,0.04353796212994725,0.07830068877036775,0.08876069509471098,-0.17527139225323596,0.08994652155299808
WK198205,Linden,2022,4.24857259808613,0.1463077469424451,0.04277717077537242,0.10204253359969903,0.0800473738497788,-0.17501852052300965,0.09645918924060404
WK198206,Katwijk,2002,4.122028156537449,0.01976330539376317,NA,NA,NA,NA,NA
WK198206,Katwijk,2008,4.169438698513294,0.06717384736960857,NA,NA,NA,NA,NA
WK198206,Katwijk,2012,4.216531393402125,0.11426654225843948,NA,NA,NA,NA,NA
WK198206,Katwijk,2014,4.198415477992931,0.0961506268492457,-0.030625007895555154,0.08180649784999387,0.10422221556733985,-0.12896640786197552,0.06971332918944234
WK198206,Katwijk,2016,4.255556163373077,0.15329131222939224,NA,NA,NA,NA,NA
WK198206,Katwijk,2018,4.197563762223813,0.09529891108012668,-0.015206132088609018,0.07578741376695501,0.09922563961745884,-0.13838321971349268,0.07387520949781419
WK198206,Katwijk,2020,4.197111580197548,0.094846729053863,-0.011241873682224074,0.07382850703650067,0.09500299076114503,-0.13387661869598363,0.0711337236344248
WK198206,Katwijk,2022,4.226669805059178,0.1244049539154923,-0.01539002873343461,0.11267233243233307,0.09164734017336731,-0.12984613363769695,0.06532144368092324
WK198207,Beers,2002,4.196321316957872,0.0940564658141863,NA,NA,NA,NA,NA
WK198207,Beers,2008,4.151803320406572,0.04953846926288654,NA,NA,NA,NA,NA
WK198207,Beers,2012,4.149791767353452,0.04752691620976732,NA,NA,NA,NA,NA
WK198207,Beers,2014,4.117654329250925,0.015389478107239672,-0.03449802001749512,0.07836950881614543,0.07640171893536653,-0.15317236405477294,0.04828863442799554
WK198207,Beers,2016,4.118829500416443,0.016564649272757883,NA,NA,NA,NA,NA
WK198207,Beers,2018,4.122875718007582,0.020610866863896963,-0.03327517944757046,0.09017044630183849,0.0686757634998465,-0.15902300636163585,0.054062842871418035
WK198207,Beers,2020,4.10973922436159,0.007474373217904804,-0.03636040069844161,0.078849155229224,0.06002537373085285,-0.15107725356771973,0.05603749852398905
WK198207,Beers,2022,4.124496335011263,0.022231483867578002,-0.03305207348119477,0.0884497219952099,0.05475826090923594,-0.1507915969661079,0.06286717141043452
WK198208,Cuijk,2002,3.9227673421332656,-0.17949750901041958,NA,NA,NA,NA,NA
WK198208,Cuijk,2008,3.9661576579645494,-0.13610719317913558,NA,NA,NA,NA,NA
WK198208,Cuijk,2012,3.9864967147613726,-0.11576813638231266,NA,NA,NA,NA,NA
WK198208,Cuijk,2014,4.017428406944778,-0.08483644419890682,-0.0037849958345030875,-0.0062680294451643356,0.0067038323012825595,-0.08499501820783423,0.0035077669873119564
WK198208,Cuijk,2016,4.031946469324745,-0.07031838181894001,NA,NA,NA,NA,NA
WK198208,Cuijk,2018,4.024477833258908,-0.07778701788477678,-0.011664225952001657,-0.006981451449250942,0.006886228463122843,-0.07995490435002642,0.013927335403379114
WK198208,Cuijk,2020,4.029344902101191,-0.07291994904249416,-0.006947469782139184,-0.013718283822578224,0.003022683352778511,-0.0633426080732346,0.008065729282679074
WK198208,Cuijk,2022,4.098262549371878,-0.004002301771806895,0.00436938749129516,0.019005855612284992,0.007286393951922355,-0.053443364609186285,0.018779425781876607
WK198209,Langenboom,2002,4.165664096273234,0.06339924512954856,NA,NA,NA,NA,NA
WK198209,Langenboom,2008,4.141746458146032,0.039481607002346555,NA,NA,NA,NA,NA
WK198209,Langenboom,2012,4.15249609286721,0.05023124172352466,NA,NA,NA,NA,NA
WK198209,Langenboom,2014,4.148245891292516,0.045981040148831205,0.002790526219323425,0.0817959397336157,0.09723408676686401,-0.18436603488159203,0.04852652231061985
WK198209,Langenboom,2016,4.116207725426004,0.013942874282318309,NA,NA,NA,NA,NA
WK198209,Langenboom,2018,4.152018544812703,0.049753693669018245,0.004445014699887078,0.09424348000672643,0.09365236847915955,-0.1939239600789716,0.05133679056221654
WK198209,Langenboom,2020,4.165100785782334,0.06283593463864855,0.006208521147454313,0.11229473265826982,0.08496811302519762,-0.19127821855621974,0.05064278636394618
WK198209,Langenboom,2022,4.164113739511345,0.0618488883676594,0.019612980935502376,0.1063016854819057,0.08287487449075812,-0.19687019267033684,0.04992954012982975
WK198210,Mill,2002,4.143376209043387,0.04111135789970129,NA,NA,NA,NA,NA
WK198210,Mill,2008,4.1516328074114774,0.04936795626779241,NA,NA,NA,NA,NA
WK198210,Mill,2012,4.159567195216686,0.05730234407300077,NA,NA,NA,NA,NA
WK198210,Mill,2014,4.120044263375898,0.01777941223221327,-0.012675036513148176,0.04580677065121653,0.07090126060104074,-0.13105564308649165,0.044802060579595536
WK198210,Mill,2016,4.11483278825531,0.012567937111624686,NA,NA,NA,NA,NA
WK198210,Mill,2018,4.145939579713835,0.043674728570150284,-0.008791944932835867,0.0673607259949573,0.06664299206468133,-0.12566822802636754,0.04413118346971479
WK198210,Mill,2020,4.144087870254703,0.04182301911101689,-0.005522508731918202,0.07147188267678983,0.05929799694235581,-0.12386703313296565,0.040442681356754794
WK198210,Mill,2022,4.1551598330260004,0.052894981882315076,-0.0013804545232597367,0.07793045967905135,0.05521024750848239,-0.12245088237586006,0.043585611593900855
WK198211,Vianen,2002,4.149118623399243,0.046853772255558104,NA,NA,NA,NA,NA
WK198211,Vianen,2008,4.160686834291499,0.0584219831478135,NA,NA,NA,NA,NA
WK198211,Vianen,2012,4.15996329051704,0.05769843937335523,NA,NA,NA,NA,NA
WK198211,Vianen,2014,4.143120438097958,0.04085558695427281,-0.03960595843831574,0.07907025665284965,0.08616539376920976,-0.13175247840967938,0.046978373380208216
WK198211,Vianen,2016,4.180636874146017,0.07837202300233152,NA,NA,NA,NA,NA
WK198211,Vianen,2018,4.17125126811085,0.06898641696716444,-0.02504726726478002,0.097919137470691,0.08446094738264986,-0.13781891510700126,0.04947251448560464
WK198211,Vianen,2020,4.166916915897184,0.06465206475349987,-0.022393965863688723,0.09133754149779007,0.07675830008321811,-0.1278800363002007,0.04683022533638077
WK198211,Vianen,2022,4.1837523573762345,0.08148750623254905,-0.02093499986282956,0.10123189456065106,0.0721969318904197,-0.12075309862920953,0.049746778273517166
WK198212,Sint Agatha,2002,4.140152398061231,0.03788754691754574,NA,NA,NA,NA,NA
WK198212,Sint Agatha,2008,4.134284577880771,0.03201972673708594,NA,NA,NA,NA,NA
WK198212,Sint Agatha,2012,4.1364148588062,0.0341500076625147,NA,NA,NA,NA,NA
WK198212,Sint Agatha,2014,4.191865071648436,0.08960022050475022,-0.01390819684086709,0.10732227491210541,0.09361179222515591,-0.16423748752277836,0.06681183773113403
WK198212,Sint Agatha,2016,4.191140924855382,0.08887607371169687,NA,NA,NA,NA,NA
WK198212,Sint Agatha,2018,4.169143524600732,0.06687867345704643,-0.010169018232151952,0.07746186806519789,0.0821987700452351,-0.15349218197637832,0.07087923555514329
WK198212,Sint Agatha,2020,4.204913635781721,0.10264878463803594,-0.014776364244975037,0.08289921188917894,0.08923442813631034,-0.1411014738912131,0.0863929827487345
WK198212,Sint Agatha,2022,4.220687459042846,0.11842260789916075,-0.0038157688987896245,0.09004356360897428,0.08030201403395329,-0.13761590063320855,0.08950869978823107
WK198213,Haps,2002,4.130056431705623,0.02779158056193844,NA,NA,NA,NA,NA
WK198213,Haps,2008,4.124149503184772,0.021884652041086722,NA,NA,NA,NA,NA
WK198213,Haps,2012,4.120354946297626,0.018090095153941325,NA,NA,NA,NA,NA
WK198213,Haps,2014,4.132682487811883,0.030417636668198,-0.02718859159699524,0.07201023691921095,0.07413820274483056,-0.1484411716647735,0.05989896026592497
WK198213,Haps,2016,4.130023765705208,0.027758914561522265,NA,NA,NA,NA,NA
WK198213,Haps,2018,4.130475879766014,0.028211028622328757,-0.02825752978175157,0.07747749893913901,0.06565552903393711,-0.14657061640069302,0.05990614683169693
WK198213,Haps,2020,4.13893920607526,0.03667435493157464,-0.022918500568163132,0.07388342268540957,0.053196765616155495,-0.12701155230273914,0.059524219500911635
WK198213,Haps,2022,4.1586436770657595,0.05637882592207449,-0.01507661518722301,0.08667128147894237,0.04928182375634724,-0.12568534475946194,0.06118768063346956
WK198214,Oeffelt,2002,4.161692154094884,0.05942730295119915,NA,NA,NA,NA,NA
WK198214,Oeffelt,2008,4.151793881407826,0.049529030264140836,NA,NA,NA,NA,NA
WK198214,Oeffelt,2012,4.185659722835172,0.08339487169148749,NA,NA,NA,NA,NA
WK198214,Oeffelt,2014,4.1649624952781235,0.06269764413443865,-0.02124209571684535,0.08161679361098825,0.07772516840551896,-0.12419153149124561,0.048789309326022115
WK198214,Oeffelt,2016,4.192975687280938,0.09071083613725175,NA,NA,NA,NA,NA
WK198214,Oeffelt,2018,4.182584746694911,0.08031989555122591,-0.015454011335090518,0.09179074035460438,0.07515422550467978,-0.12024979930813445,0.04907874033516645
WK198214,Oeffelt,2020,4.21421992261297,0.11195507146928449,-0.010170698692465464,0.11651924340954047,0.07539537835368244,-0.11691282096614332,0.047123969364670046
WK198214,Oeffelt,2022,4.167039886759893,0.06477503561620764,-0.0021074514004336556,0.05742179029601654,0.0691175666909323,-0.11588089734355003,0.05622402737324221
WK198215,Sint Hubert,2002,4.121428279827077,0.019163428683391496,NA,NA,NA,NA,NA
WK198215,Sint Hubert,2008,4.134255574274285,0.03199072313059976,NA,NA,NA,NA,NA
WK198215,Sint Hubert,2012,4.114792932612979,0.01252808146929367,NA,NA,NA,NA,NA
WK198215,Sint Hubert,2014,4.101814005561378,-4.5084558230712587e-4,-0.03125929532397809,0.06000164254900441,0.07254998234255096,-0.1555003868155087,0.05375721166562397
WK198215,Sint Hubert,2016,4.069677377008156,-0.03258747413552908,NA,NA,NA,NA,NA
WK198215,Sint Hubert,2018,4.122597921981272,0.020333070837587026,-0.030518568289506127,0.07294411923726882,0.07379994748675953,-0.15218221029895945,0.056289782702023956
WK198215,Sint Hubert,2020,4.111455904313437,0.00919105316975103,-0.03009548749758613,0.0693030914167575,0.06331013118315838,-0.1479292861854847,0.05460260425290572
WK198215,Sint Hubert,2022,4.112050346725163,0.009785495581477817,-0.02509392798327763,0.06399142530583371,0.05734155946911375,-0.1444352924204979,0.05798173121030556
WK198216,Wilbertoord,2002,4.112046003938666,0.009781152794980126,NA,NA,NA,NA,NA
WK198216,Wilbertoord,2008,4.075846884482034,-0.026417966661652022,NA,NA,NA,NA,NA
WK198216,Wilbertoord,2012,4.095683135000356,-0.006581716143328864,NA,NA,NA,NA,NA
WK198216,Wilbertoord,2014,4.072752997702958,-0.029511853440727397,-0.03211860008140204,0.08138873495130383,0.08671560243133822,-0.21458491464752022,0.04908732390555254
WK198216,Wilbertoord,2016,4.09798375262579,-0.004281098517895282,NA,NA,NA,NA,NA
WK198216,Wilbertoord,2018,4.1074652394755455,0.005200388331860517,-0.004622740844273949,0.08500524135684909,0.08948603297234764,-0.2136426593154643,0.04897451416240175
WK198216,Wilbertoord,2020,4.103056822950461,7.919718067755122e-4,-0.003681093224167804,0.0962308151609862,0.07932317388981998,-0.21160633457723985,0.040525410557376726
WK198216,Wilbertoord,2022,4.102567153823362,3.0230267967610826e-4,4.6633696616705676e-4,0.09589810623140638,0.07527076502047018,-0.2126354709436199,0.04130256540525207
WK198217,Wanroij,2002,4.09260958642754,-0.009655264716145306,NA,NA,NA,NA,NA
WK198217,Wanroij,2008,4.082181266388992,-0.02008358475469387,NA,NA,NA,NA,NA
WK198217,Wanroij,2012,4.1301684210269585,0.027903569883273017,NA,NA,NA,NA,NA
WK198217,Wanroij,2014,4.122701347961756,0.020436496818069933,-0.01758216077351387,0.0755246239444246,0.07995185806362781,-0.1795711705895501,0.062113346173081244
WK198217,Wanroij,2016,4.19141119092502,0.08914633978133542,NA,NA,NA,NA,NA
WK198217,Wanroij,2018,4.168826915084272,0.06656206394058593,-0.015670039043073843,0.11270351494943437,0.0827956181698991,-0.17475946256597422,0.06149243243030025
WK198217,Wanroij,2020,4.17215005495533,0.06988520381164537,-0.01062903444290151,0.09840326102733861,0.0831904245283437,-0.16367208379251086,0.06259263649137516
WK198217,Wanroij,2022,4.1496657857760635,0.04740093463237779,-0.014153807630361392,0.09443464596406413,0.07946781516679195,-0.17299666266787228,0.06064894379975506
WK198218,Rijkevoort,2002,4.130325717475607,0.02806086633192187,NA,NA,NA,NA,NA
WK198218,Rijkevoort,2008,4.13727351023906,0.03500865909537518,NA,NA,NA,NA,NA
WK198218,Rijkevoort,2012,4.1394137813102425,0.0371489301665574,NA,NA,NA,NA,NA
WK198218,Rijkevoort,2014,4.10635496371261,0.004090112568924406,-0.042591094603283246,0.07993229006471195,0.09212320116346077,-0.1760583745613404,0.05068409050537505
WK198218,Rijkevoort,2016,4.102067884970261,-1.9696617342329636e-4,NA,NA,NA,NA,NA
WK198218,Rijkevoort,2018,4.1287681763220165,0.02650332517833129,-0.03590768137223624,0.10702142601797049,0.08537164084795912,-0.17647444526775513,0.04649238495239273
WK198218,Rijkevoort,2020,4.1541790889426276,0.05191423779894288,-0.024925396177557773,0.12210899692410494,0.0784019222563098,-0.17098381036231886,0.047312525158404485
WK198218,Rijkevoort,2022,4.130788156753273,0.028523305609587803,-0.026494049354624096,0.08686384923208679,0.07385133343607722,-0.17312244888300982,0.06742462117905744
WK198219,Beugen,2002,4.18141845032733,0.07915359918364506,NA,NA,NA,NA,NA
WK198219,Beugen,2008,4.160127547448618,0.0578626963049326,NA,NA,NA,NA,NA
WK198219,Beugen,2012,4.17219556523811,0.06993071409442483,NA,NA,NA,NA,NA
WK198219,Beugen,2014,4.171400779692085,0.06913592854839996,-0.02426230621917415,0.08424177863310858,0.09377052808933099,-0.15306190550938906,0.06844783355452334
WK198219,Beugen,2016,4.179925909837735,0.07766105869404967,NA,NA,NA,NA,NA
WK198219,Beugen,2018,4.151802563716783,0.04953771257309686,-0.02036755217606234,0.08100147947521781,0.07858133772769059,-0.1554630081408829,0.06578545568713344
WK198219,Beugen,2020,4.196117220393691,0.09385236925000533,-0.021969111364973412,0.12311466018793937,0.08067029723157841,-0.15162751565451527,0.06366403884997586
WK198219,Beugen,2022,4.191436189329016,0.08917133818533103,-0.010307954000938362,0.08793462068503967,0.07569916782204668,-0.14606032118689605,0.08190582486607875
WK198220,Landhorst,2002,4.06035817017489,-0.04190668096879533,NA,NA,NA,NA,NA
WK198220,Landhorst,2008,4.0582319136422935,-0.04403293750139189,NA,NA,NA,NA,NA
WK198220,Landhorst,2012,4.093398334569118,-0.008866516574567797,NA,NA,NA,NA,NA
WK198220,Landhorst,2014,4.085011039504379,-0.01725381163930613,-0.017254054356069633,0.09372414617356745,0.10598760220550583,-0.25469150126970913,0.054979995607399
WK198220,Landhorst,2016,4.113283256983487,0.011018405839802407,NA,NA,NA,NA,NA
WK198220,Landhorst,2018,4.127430631615151,0.025165780471465983,-0.003044914264872069,0.10841307292978199,0.10814806025451189,-0.24413102470025974,0.05578058625230366
WK198220,Landhorst,2020,4.12223607388299,0.01997122273930526,-0.0034572037113321263,0.11040351771733223,0.09340007896995357,-0.23835022807265002,0.057975057836001355
WK198220,Landhorst,2022,4.130274307653675,0.028009456509989348,0.006686794142663278,0.1073433321382976,0.09299540988135298,-0.2406097033565237,0.06159362370419889
WK198221,Ledeacker,2002,4.056526279947179,-0.04573857119650549,NA,NA,NA,NA,NA
WK198221,Ledeacker,2008,4.002341172987614,-0.09992367815607102,NA,NA,NA,NA,NA
WK198221,Ledeacker,2012,4.102421780679446,1.5692953576041212e-4,NA,NA,NA,NA,NA
WK198221,Ledeacker,2014,4.141021611970175,0.038756760826490155,-0.01032744861929041,0.05906891880398307,0.10256052041447636,-0.18995791084119565,0.0774126810685164
WK198221,Ledeacker,2016,4.184384118331964,0.082119267188279,NA,NA,NA,NA,NA
WK198221,Ledeacker,2018,4.185275420457818,0.08301056931413232,-0.008603467495309868,0.10167241113875786,0.10468788474688552,-0.1905962529699771,0.07584999389377566
WK198221,Ledeacker,2020,4.147424069361394,0.04515921821770817,-0.02859168860873177,0.09095380912360239,0.0832119637718154,-0.17590813899812335,0.07549327292914532
WK198221,Ledeacker,2022,4.166029654649954,0.06376480350626831,0.0021744844448717132,0.09040404263723915,0.07756338079482178,-0.18227070757553346,0.07589360320486882
WK198222,Boxmeer,2002,4.047215879752615,-0.05504897139106988,NA,NA,NA,NA,NA
WK198222,Boxmeer,2008,4.0200589985847754,-0.08220585255890914,NA,NA,NA,NA,NA
WK198222,Boxmeer,2012,4.059405267909241,-0.04285958323444395,NA,NA,NA,NA,NA
WK198222,Boxmeer,2014,4.0603819262594545,-0.041882924884231024,-0.01711311330083346,0.018800894537509195,0.01097242796666225,-0.0679016856473339,0.013358551559764613
WK198222,Boxmeer,2016,4.090918244001979,-0.011346607141706277,NA,NA,NA,NA,NA
WK198222,Boxmeer,2018,4.092934688516989,-0.009330162626696623,-0.015840747560177858,0.04859204421156129,0.0143589216628812,-0.07390001642330046,0.017459635482338916
WK198222,Boxmeer,2020,4.0995402418505025,-0.0027246092931830137,-0.013383562400118735,0.05480073793605231,0.015457487242178049,-0.06987594841837677,0.010276676347081874
WK198222,Boxmeer,2022,4.090949878889012,-0.01131497225467289,-0.009531948776629736,0.03161553410197253,0.003792990666734579,-0.06178580406029788,0.024594255813547353
WK198223,Sint Anthonis,2002,4.068823067537756,-0.0334417836059295,NA,NA,NA,NA,NA
WK198223,Sint Anthonis,2008,4.033640177533076,-0.06862467361060834,NA,NA,NA,NA,NA
WK198223,Sint Anthonis,2012,4.086235319867027,-0.016029531276658425,NA,NA,NA,NA,NA
WK198223,Sint Anthonis,2014,4.088762893476168,-0.013501957667517401,-0.008447587954473361,0.053122302960079686,0.06569720031311935,-0.17372986922006384,0.049855996233820525
WK198223,Sint Anthonis,2016,4.137962268703941,0.035697417560255434,NA,NA,NA,NA,NA
WK198223,Sint Anthonis,2018,4.12365149524144,0.021386644097754422,-0.010644339439928457,0.08747612862391456,0.06421589365053523,-0.1675865492767906,0.047925510540023405
WK198223,Sint Anthonis,2020,4.122155319730899,0.01989046858721359,-0.012979119494502454,0.07842786501947151,0.05965241483636922,-0.15126362697521722,0.046052935201092264
WK198223,Sint Anthonis,2022,4.120069320943559,0.017804469799873903,-0.007288309784198066,0.07887416797935344,0.0574943333505372,-0.15975153791823882,0.04847581617241988
WK198224,Sambeek,2002,4.161517319245954,0.05925246810226913,NA,NA,NA,NA,NA
WK198224,Sambeek,2008,4.113420155285356,0.011155304141670097,NA,NA,NA,NA,NA
WK198224,Sambeek,2012,4.145700410764859,0.04343555962117408,NA,NA,NA,NA,NA
WK198224,Sambeek,2014,4.15596196715978,0.053697116016094934,-0.01501404636254894,0.07644251355381236,0.08037994375169853,-0.1389928732218114,0.05088157829494418
WK198224,Sambeek,2016,4.168746839089084,0.06648198794539856,NA,NA,NA,NA,NA
WK198224,Sambeek,2018,4.172406798068435,0.07014194692474957,-0.012353243657998579,0.09348078652268028,0.07785210580509636,-0.1381848361716952,0.04934713442666647
WK198224,Sambeek,2020,4.198648127042665,0.09638327589897985,-0.006172869272961828,0.11725598348290936,0.07684026875262838,-0.1423814748749168,0.05084136781132049
WK198224,Sambeek,2022,4.165003931144697,0.06273908000101196,-0.004313704893546462,0.07097073277365978,0.07480920178711797,-0.1395467402001232,0.06081959053390358
WK198225,Oploo,2002,4.145200595279958,0.04293574413627216,NA,NA,NA,NA,NA
WK198225,Oploo,2008,4.082289384099583,-0.019975467044102815,NA,NA,NA,NA,NA
WK198225,Oploo,2012,4.104605523291751,0.0023406721480660093,NA,NA,NA,NA,NA
WK198225,Oploo,2014,4.1268559071848,0.024591056041114286,-0.0026010410172157498,0.074972476580583855,0.08666928666447703,-0.20091783884922668,0.06646817266249563
WK198225,Oploo,2016,4.183384657134029,0.08111980599034377,NA,NA,NA,NA,NA
WK198225,Oploo,2018,4.160152341573928,0.05788749043024299,2.039822698708072e-4,0.09674413178127776,0.08315425166331368,-0.19084211676596946,0.06862724148174995
WK198225,Oploo,2020,4.174483534901191,0.0722186837575059,0.003419930953196946,0.09916496748466684,0.07982625498300322,-0.1749932456953379,0.06480077603197655
WK198225,Oploo,2022,4.160067743180589,0.05780289203690376,0.00576453472472622,0.08531058990230658,0.08075104845624409,-0.18671080839987256,0.07268752735349916
WK198226,Stevensbeek,2002,4.062377597401905,-0.039887253741780176,NA,NA,NA,NA,NA
WK198226,Stevensbeek,2008,4.0949772806533415,-0.007287570490343627,NA,NA,NA,NA,NA
WK198226,Stevensbeek,2012,4.1523190630894575,0.050054211945772045,NA,NA,NA,NA,NA
WK198226,Stevensbeek,2014,4.128950817628601,0.026685966484915793,-0.013999341286683809,0.07363906955642442,0.09924510811341906,-0.19168842130081454,0.05948955140257033
WK198226,Stevensbeek,2016,4.179761535045459,0.07749668390177389,NA,NA,NA,NA,NA
WK198226,Stevensbeek,2018,4.1878982053449025,0.08563335420121714,-0.0012765254503261333,0.10627774341449961,0.10518373634029586,-0.18549677113121515,0.060945171027962694
WK198226,Stevensbeek,2020,4.138438239016325,0.03617338787263954,-0.016660031782424874,0.09029794474828355,0.08473500604705071,-0.18154948489249395,0.05934995375222391
WK198226,Stevensbeek,2022,4.132595724450129,0.030330873306443167,0.008708652295805785,0.08082077006680512,0.07831567924143928,-0.1944377899439542,0.05692356164634685
WK198227,Vortum-Mullem,2002,4.262664915073259,0.160400063929574,NA,NA,NA,NA,NA
WK198227,Vortum-Mullem,2008,4.224023684950487,0.12175883380680234,NA,NA,NA,NA,NA
WK198227,Vortum-Mullem,2012,4.21106156924531,0.10879671810162488,NA,NA,NA,NA,NA
WK198227,Vortum-Mullem,2014,4.196587338449933,0.09432248730624829,-0.020502117880418322,0.11212641212377823,0.13943639031616042,-0.20719537064736637,0.07045717339409413
WK198227,Vortum-Mullem,2016,4.185707849119515,0.0834429979758295,NA,NA,NA,NA,NA
WK198227,Vortum-Mullem,2018,4.169077958295565,0.06681310715187959,-0.02149881295102445,0.0946742760324918,0.12542258037558654,-0.20590494754556404,0.0741200112403896
WK198227,Vortum-Mullem,2020,4.124600109107612,0.02233525796392658,-0.02399670665414011,0.08229851349572082,0.10156856696506869,-0.21007262887068975,0.07253751302796668
WK198227,Vortum-Mullem,2022,4.156929029977257,0.05466417883357164,-0.01962454114247261,0.08759693667193336,0.0997389625173521,-0.2057515383510054,0.09270435913776398
WK198228,Groeningen,2002,4.199020382874741,0.09675553173105579,NA,NA,NA,NA,NA
WK198228,Groeningen,2008,4.187525456290158,0.08526060514647212,NA,NA,NA,NA,NA
WK198228,Groeningen,2012,4.199700071564888,0.09743522042120278,NA,NA,NA,NA,NA
WK198228,Groeningen,2014,4.2300045011219805,0.12773964997829548,-0.02631409746295581,0.10944028456040474,0.1310887348885424,-0.1813817583078305,0.09490648630013435
WK198228,Groeningen,2016,4.2350612054958585,0.1327963543521729,NA,NA,NA,NA,NA
WK198228,Groeningen,2018,4.236802283653995,0.13453743251031078,-0.02310010021096202,0.1109094330779954,0.14257948981431018,-0.191451365562166,0.09559997539113285
WK198228,Groeningen,2020,4.172300717040629,0.07003586589694386,-0.015837307730404874,0.07985734169571383,0.10522032879970769,-0.18998976310094734,0.09078526623287436
WK198228,Groeningen,2022,4.1981027309058865,0.0958378797622017,-0.01341382884661542,0.09145111454059143,0.1020717164923154,-0.19277270265825075,0.10850158023416091
WK198229,Westerbeek,2002,4.123564888922245,0.02130003777856001,NA,NA,NA,NA,NA
WK198229,Westerbeek,2008,4.0914349212862575,-0.010829929857427797,NA,NA,NA,NA,NA
WK198229,Westerbeek,2012,4.1739365874837295,0.0716717363400445,NA,NA,NA,NA,NA
WK198229,Westerbeek,2014,4.139027703921928,0.036762852778242885,-0.009208495063913788,0.08314091743799319,0.13168956461724662,-0.24276363658342476,0.07390450237034148
WK198229,Westerbeek,2016,4.223834471046995,0.12156961990331022,NA,NA,NA,NA,NA
WK198229,Westerbeek,2018,4.199515418546503,0.09725056740281787,-4.54429925757158e-4,0.11041080323715556,0.13937093443590612,-0.22835131293450275,0.07627457259001577
WK198229,Westerbeek,2020,4.166080119726088,0.06381526858240252,-0.002602744937177724,0.11829741502645556,0.09864349125769739,-0.223219258613815,0.07269636584924198
WK198229,Westerbeek,2022,4.143744359873426,0.0414795087297406,0.005729322199813746,0.09749884045661808,0.09255017506084735,-0.2243182826427995,0.0700194536552606
WK198230,Overloon,2002,4.235537249361068,0.1332723982173824,NA,NA,NA,NA,NA
WK198230,Overloon,2008,4.220761795470281,0.11849694432659627,NA,NA,NA,NA,NA
WK198230,Overloon,2012,4.207472559746793,0.10520770860310778,NA,NA,NA,NA,NA
WK198230,Overloon,2014,4.1646902339307115,0.06242538278702595,0.002806849869276706,0.0759256142295325,0.07519489417327513,-0.13478750045095395,0.04328552496589527
WK198230,Overloon,2016,4.187968971748983,0.08570412060529833,NA,NA,NA,NA,NA
WK198230,Overloon,2018,4.198041031679388,0.09577618053570305,0.00704745839418346,0.09367709367603264,0.06545763145171672,-0.11444278746616769,0.04403678447993763
WK198230,Overloon,2020,4.136239430721008,0.03397457957732287,0.009298588742635774,0.05950539268047399,0.05268147821827306,-0.12226329437018903,0.034752414306128784
WK198230,Overloon,2022,4.1667078221107,0.06444297096701454,0.014487808888824366,0.07223894425631266,0.05112186940302645,-0.12556971400475006,0.05216406242360082
WK198231,Vierlingsbeek,2002,4.073695155604103,-0.028569695539582537,NA,NA,NA,NA,NA
WK198231,Vierlingsbeek,2008,4.0967230758765725,-0.005541775267112469,NA,NA,NA,NA,NA
WK198231,Vierlingsbeek,2012,4.116686877607562,0.014422026463877259,NA,NA,NA,NA,NA
WK198231,Vierlingsbeek,2014,4.131939698311119,0.029674847167433942,-0.00973692310122909,0.0706575220001001,0.06740900979180167,-0.13991142306710236,0.041256661543863336
WK198231,Vierlingsbeek,2016,4.12249391253106,0.020229061387374892,NA,NA,NA,NA,NA
WK198231,Vierlingsbeek,2018,4.11349605536125,0.011231204217564546,-0.0065927582472776365,0.07345024070583826,0.06408277943827845,-0.16152445458589787,0.04181539690662312
WK198231,Vierlingsbeek,2020,4.109737575788943,0.007472724645257288,-7.93813767855157e-4,0.07197615835318145,0.04966707900308336,-0.1560560184500069,0.042679319506854274
WK198231,Vierlingsbeek,2022,4.084981372593853,-0.017283478549832317,0.00412756858075854,0.04330379244706707,0.05074752223748971,-0.16721563122866945,0.05175326941352154
WK198232,Holthees,2002,4.12332345474742,0.021058603603734485,NA,NA,NA,NA,NA
WK198232,Holthees,2008,4.137747722405522,0.03548287126183708,NA,NA,NA,NA,NA
WK198232,Holthees,2012,4.149132668707448,0.046867817563763126,NA,NA,NA,NA,NA
WK198232,Holthees,2014,4.16225502684508,0.05999017570139508,-0.02625832661155916,0.10224987964945996,0.10546432086556252,-0.1868968217784866,0.0654311235764181
WK198232,Holthees,2016,4.141486911294028,0.03922206015034286,NA,NA,NA,NA,NA
WK198232,Holthees,2018,4.1848813992315845,0.0826165480878995,-0.023275511842880143,0.10948099313315014,0.10642491288098405,-0.17359096526067008,0.06357711917731536
WK198232,Holthees,2020,4.143818681791557,0.0415538306478716,-0.020888398476857487,0.08246155815903022,0.09069875944247227,-0.17230154873585032,0.06158346025907658
WK198232,Holthees,2022,4.118111576891915,0.015846725748230487,-0.025990186641304223,0.05629136842380244,0.08678499488967746,-0.17478227098668603,0.07354282006274045
WK198233,Maashees,2002,4.0827426699897815,-0.019522181153903872,NA,NA,NA,NA,NA
WK198233,Maashees,2008,4.107426859946508,0.005162008802822958,NA,NA,NA,NA,NA
WK198233,Maashees,2012,4.125301949669914,0.023037098526228678,NA,NA,NA,NA,NA
WK198233,Maashees,2014,4.088622948233358,-0.013641902910327951,0.0024654813038559402,0.08425827694497029,0.08065617713168964,-0.21430834085336542,0.03328650256252124
WK198233,Maashees,2016,4.142600160386418,0.04033530924273234,NA,NA,NA,NA,NA
WK198233,Maashees,2018,4.103885931885659,0.0016210807419739385,0.004941340543253837,0.09346454162367224,0.0750344822344135,-0.20632905158041304,0.03450976792104713
WK198233,Maashees,2020,4.090446509867137,-0.011818341276548112,0.004242646224350344,0.08334902320067447,0.06876644005382658,-0.20160421663639058,0.03342776588099075
WK198233,Maashees,2022,4.0898612234342595,-0.012403627709425274,0.01021787578591457,0.06889270591690512,0.0645523882756535,-0.21038408160434072,0.05431748391644195
WK199101,Uden,2002,4.056754833035422,-0.045510018108264036,NA,NA,NA,NA,NA
WK199101,Uden,2008,4.08834728918148,-0.013917561962204993,NA,NA,NA,NA,NA
WK199101,Uden,2012,4.084224690145243,-0.01804016099844198,NA,NA,NA,NA,NA
WK199101,Uden,2014,4.093971651331469,-0.0082931998122172,-0.01084024883839565,0.014968051008770576,0.014148792233491865,-0.033485396403160644,0.006915602187076383
WK199101,Uden,2016,4.130718459139095,0.028453607995409233,NA,NA,NA,NA,NA
WK199101,Uden,2018,4.163945399170756,0.06168054802707111,-0.008103026309848002,0.02326385526064246,0.013541684309164689,0.013680229147119782,0.019297805619991875
WK199101,Uden,2020,4.16579673163595,0.063531880492265,-0.0034062163020539267,0.022269859578450766,0.012520081553183805,0.017954928681794574,0.014193226980889505
WK199101,Uden,2022,4.180672108914928,0.07840725777124322,0.002027420893014053,0.023679844456986236,0.014717761948269317,0.014907097636008448,0.023075132836964867
WK199102,Volkel,2002,4.140278324941711,0.03801347379802572,NA,NA,NA,NA,NA
WK199102,Volkel,2008,4.156064034459186,0.05379918331550146,NA,NA,NA,NA,NA
WK199102,Volkel,2012,4.179927398824973,0.07766254768128732,NA,NA,NA,NA,NA
WK199102,Volkel,2014,4.2051828553189,0.10291800417521457,-0.01940896430666733,0.09796664481702151,0.06963194571663986,-0.09093257676234145,0.045660954710561634
WK199102,Volkel,2016,4.2057942731611755,0.1035294220174906,NA,NA,NA,NA,NA
WK199102,Volkel,2018,4.209508058211078,0.10724320706739289,-0.034056500840599524,0.09135931498322707,0.06991696690405101,-0.06403041168421439,0.04405383770492848
WK199102,Volkel,2020,4.218615331423535,0.11635048027984933,-0.030406640626111252,0.09537654995040835,0.06417249986383905,-0.05233596017793848,0.03954403126965139
WK199102,Volkel,2022,4.195932801388059,0.09366795024437408,-0.02981656218070588,0.08187230711921975,0.061663720175033236,-0.07097897043202252,0.0509274555628492
WK199103,Odiliapeel,2002,4.119258879108328,0.01699402796464197,NA,NA,NA,NA,NA
WK199103,Odiliapeel,2008,4.115774101163969,0.013509250020283562,NA,NA,NA,NA,NA
WK199103,Odiliapeel,2012,4.1356949411465385,0.033430090002853435,NA,NA,NA,NA,NA
WK199103,Odiliapeel,2014,4.139411464676892,0.037146613533206134,-0.014395059821861188,0.08166373636632969,0.08402957508540716,-0.15981411801527362,0.04566247991860385
WK199103,Odiliapeel,2016,4.121919089716759,0.01965423857307323,NA,NA,NA,NA,NA
WK199103,Odiliapeel,2018,4.1527474110236025,0.05048255987991719,-0.010433455115078804,0.0790526870310838,0.08123517498472808,-0.14302456146165446,0.043652714440838264
WK199103,Odiliapeel,2020,4.158866035964366,0.056601184820680536,-0.011314107031491738,0.08370894301739214,0.06891711127144934,-0.12867381160553773,0.04396304916886825
WK199103,Odiliapeel,2022,4.148392853701006,0.04612800255732143,-0.008709494327657066,0.10162460041186844,0.06701143005525986,-0.15662928476739918,0.04283075118524908
WK199104,Schaijk,2002,4.055291268631892,-0.04697358251179239,NA,NA,NA,NA,NA
WK199104,Schaijk,2008,4.0759500645751165,-0.02631478656856818,NA,NA,NA,NA,NA
WK199104,Schaijk,2012,4.1080247636540435,0.005759912510358511,NA,NA,NA,NA,NA
WK199104,Schaijk,2014,4.1087638894909455,0.006499038347260182,-0.017338542022068925,0.045496216778160084,0.06667364584557971,-0.13303272182392042,0.04470043956950946
WK199104,Schaijk,2016,4.129913394252374,0.02764854310868825,NA,NA,NA,NA,NA
WK199104,Schaijk,2018,4.144500959652094,0.04223610850840847,-0.008057428151494198,0.07275006819224905,0.06519475527591444,-0.1319732895187625,0.044322002710501344
WK199104,Schaijk,2020,4.153926842586184,0.051661991442498695,-0.004184276051009815,0.07628309180717402,0.05950563076110474,-0.12137499436235437,0.041432539287583815
WK199104,Schaijk,2022,4.159217781775721,0.0569529306320364,-0.003025131592150141,0.08397386219545394,0.058565826950520414,-0.1333253792424917,0.05076375232070362
WK199105,Reek,2002,4.0966162312563235,-0.005648619887361066,NA,NA,NA,NA,NA
WK199105,Reek,2008,4.087426740623854,-0.014838110519831204,NA,NA,NA,NA,NA
WK199105,Reek,2012,4.114872612420599,0.01260776127691391,NA,NA,NA,NA,NA
WK199105,Reek,2014,4.1074084417193815,0.005143590575696055,-0.017466418900028296,0.056456662533162824,0.07772736669234942,-0.1582983803967269,0.0467243606469387
WK199105,Reek,2016,4.163045721498924,0.06078087035523846,NA,NA,NA,NA,NA
WK199105,Reek,2018,4.170332894944076,0.06806804380039082,0.00220231170298798,0.08587224878019162,0.0743644192628644,-0.14463367662716903,0.05026274068151556
WK199105,Reek,2020,4.166712642202268,0.06444779105858249,0.005569410133253226,0.07396398736831279,0.07114233595913483,-0.13871854473120251,0.05249060232908394
WK199105,Reek,2022,4.168690147197406,0.06642529605372056,0.010113105852461952,0.07669341726644599,0.0672675224382837,-0.14549061515498654,0.057841865651515195
WK199106,Zeeland,2002,4.055541640809717,-0.046723210333968285,NA,NA,NA,NA,NA
WK199106,Zeeland,2008,4.070199717249495,-0.03206513389418997,NA,NA,NA,NA,NA
WK199106,Zeeland,2012,4.113448092516243,0.01118324137255687,NA,NA,NA,NA,NA
WK199106,Zeeland,2014,4.127030322741677,0.02476547159799241,-0.009152383027628375,0.05652221481362981,0.0785623895196599,-0.14911906103660452,0.0479523113289353
WK199106,Zeeland,2016,4.163193520965976,0.06092866982229071,NA,NA,NA,NA,NA
WK199106,Zeeland,2018,4.172115533808314,0.06985068266462806,-0.004135441630238708,0.07977421680716255,0.07957227625807033,-0.13345274126219747,0.04809237249183102
WK199106,Zeeland,2020,4.181041939061871,0.07877708791818591,-0.0016807777054309513,0.08277089831037626,0.07063542501637886,-0.12101251891262987,0.04806406120949134
WK199106,Zeeland,2022,4.180440253241055,0.07817540209736956,0.005415736865132485,0.08544509688451556,0.07048289889269509,-0.1358713114239883,0.05270298087901444
